100	-0.04471	0.0	0.999999998426	1.57372293977e-09	0.0
104	-0.03376	0.0	0.832206281673	0.167793718327	3.81344065344e-18
105	-0.03772	0.0	0.0	1.0	0.0
107	-0.03882	0.0	0.0	1.0	0.0
11	-0.09922	1.0	0.0	0.0	0.0
113	-0.04563	1.0	0.0	0.0	0.0
114	-0.006724	0.0	0.0	1.0	0.0
115	0.003408	1.0	0.0	0.0	0.0
116	0.04297	4.28653049702e-112	0.999901148418	9.8851581691e-05	0.0
117	0.04184	0.0	1.0	0.0	0.0
118	0.07066	0.0	1.0	0.0	0.0
119	0.102	0.0	0.0	0.0	1.0
121	0.1148	0.0	0.0	0.0	1.0
125	0.1967	0.0	0.0	0.0	1.0
126	0.4865	0.0	1.0	0.0	0.0
127	0.6284	0.0	0.0	0.0	1.0
128	2.263	0.0	1.0	0.0	4.35006609925e-14
165	-0.08289	0.0	1.0	0.0	0.0
166	-0.1052	0.0	0.999999991148	0.0	8.85163556586e-09
167	-0.165	0.0	1.0	0.0	0.0
168	-0.1374	0.0	0.0	0.0	1.0
17	-0.1297	1.0	0.0	0.0	0.0
170	-0.1009	0.0	0.0	1.0	0.0
172	-0.08351	0.0	1.0	0.0	0.0
175	-0.09612	0.0	1.0	0.0	0.0
176	-0.06541	0.0	0.0	1.0	0.0
178	-0.06469	0.0	0.0	1.0	0.0
189	-0.02523	0.0	0.0	1.0	0.0
190	-0.02278	0.346320421483	0.0	0.653679578517	0.0
191	-0.02477	0.0	0.0	1.0	0.0
192	-0.02141	0.0	0.0	1.0	0.0
193	-0.02606	1.0	0.0	0.0	0.0
194	-0.009172	0.993471562796	0.0	0.00652843720443	0.0
195	-0.007996	1.0	0.0	0.0	0.0
196	0.01667	1.0	0.0	0.0	0.0
197	0.02037	0.00284552669441	0.0	0.997154473306	0.0
198	0.05373	1.0	0.0	1.09407265492e-17	0.0
199	0.07163	1.0	0.0	0.0	0.0
200	0.1034	0.0	0.0	1.0	0.0
201	0.07136	1.0	0.0	0.0	0.0
202	0.02611	0.473948455219	0.0	0.526051544781	0.0
206	-0.004626	0.794485668821	0.0	0.205514331179	0.0
207	0.002077	1.0	0.0	0.0	0.0
208	-0.01593	0.00596010173625	0.0	0.994039898264	0.0
211	-0.01726	0.0	0.0	1.0	0.0
23	-0.08965	0.545909722166	0.0	0.454090277834	0.0
24	-0.07855	0.0	0.0	1.0	0.0
25	-0.08582	1.0	0.0	0.0	0.0
26	-0.08868	0.0	0.0	1.0	0.0
39	-0.07484	0.0	1.0	0.0	0.0
40	-0.05993	0.0	0.00155682891657	0.0	0.998443171083
41	-0.03975	0.0	1.0	0.0	0.0
42	-0.01525	0.0	0.985287572949	0.0	0.0147124270512
43	-0.0271	0.0	1.0	0.0	0.0
45	-0.03708	0.0	0.523828739501	0.0	0.476171260499
46	-0.04094	0.0	1.0	0.0	0.0
47	-0.02094	0.0	0.0	0.0	1.0
48	-0.02567	0.0	0.464862577837	0.0	0.535137422163
49	-0.04132	0.0	1.0	0.0	0.0
53	-0.05744	0.0	0.0	0.0	1.0
54	-0.03541	0.0	0.432332249343	0.0	0.567667750657
6	-0.06661	0.0	0.0	1.0	0.0
61	-0.06771	0.0	1.0	0.0	0.0
62	-0.04969	0.0	2.69738059357e-58	0.0	1.0
63	-0.04984	0.0	0.0	0.0	1.0
64	-0.06181	0.0	0.0	0.0	1.0
65	-0.05757	0.0	1.0	0.0	0.0
66	-0.05504	0.0	1.0	0.0	0.0
67	-0.0597	0.0	0.0	0.0	1.0
68	-0.06469	0.0	1.0	0.0	0.0
69	-0.05561	0.0	1.0	0.0	0.0
7	-0.08534	0.0	1.0	0.0	0.0
70	-0.05399	0.0	0.0	0.0	1.0
72	-0.05864	0.0	0.0	0.0	1.0
73	-0.05264	0.0	0.0	0.0	1.0
74	-0.05402	0.0	0.921200324564	0.0	0.0787996754358
76	-0.0588	0.0	0.495513497573	0.0	0.504486502427
79	-0.05296	0.0	0.0	1.0	0.0
80	-0.05289	0.892916555677	0.0	0.107083444323	0.0
84	-0.1198	0.0	0.0	1.0	0.0
86	-0.1005	0.0	1.0	0.0	0.0
90	-0.05825	0.0	1.0	0.0	0.0
91	-0.0566	0.0	0.0	0.432748661659	0.567251338341
92	-0.06402	0.0	0.000523643737495	0.0	0.999476356263
94	-0.04886	0.0	1.0	2.85611877908e-109	0.0
95	-0.04981	0.0	0.99942537039	0.0	0.000574629610194
97	-0.04537	0.0	0.360063451117	0.639936548883	0.0
98	-0.04111	0.0	0.968548251091	1.24555522617e-10	0.031451748784
99	-0.04372	0.0	0.000706908318447	0.999293091682	0.0