100	-0.04592	0.0	0.975173734572	0.0248262654276	0.0
104	-0.03444	3.74687614452e-05	0.56097968919	0.429620587918	0.00936225413061
105	-0.03868	0.0	0.0	1.0	0.0
107	-0.04036	0.0	0.0	1.0	0.0
11	-0.08528	1.0	0.0	0.0	0.0
113	-0.04594	1.0	0.0	0.0	0.0
114	-0.01195	0.0	0.0	1.0	0.0
115	-0.009269	1.0	0.0	0.0	0.0
116	0.03308	0.588629272562	0.41137071375	1.36884097235e-08	0.0
117	0.01947	0.0	1.0	0.0	0.0
118	0.04942	0.0	1.0	0.0	0.0
119	0.07441	0.0	0.997874708234	0.0	0.00212529176648
121	0.08849	0.0	0.0	0.0	1.0
125	0.192	0.0	0.0	0.0	1.0
126	0.4981	0.0	1.0	0.0	0.0
127	0.6267	0.0	0.0	0.0	1.0
128	2.263	0.0	0.989565903149	0.0	0.0104340968515
165	-0.09448	0.0	1.0	0.0	0.0
166	-0.1232	0.0	0.992723700108	0.0	0.00727629989191
167	-0.1708	0.0	1.0	0.0	0.0
168	-0.1193	0.0	0.0	0.0	1.0
17	-0.1217	1.0	0.0	0.0	0.0
170	-0.1081	0.0	0.0	1.0	0.0
172	-0.07185	0.0	1.0	0.0	0.0
175	-0.08087	0.0	1.0	0.0	0.0
176	-0.05464	0.0	0.0	1.0	0.0
178	-0.054	0.0	0.0	1.0	0.0
189	-0.02733	0.0	0.0	1.0	0.0
190	-0.0251	0.502625022261	0.0	0.497374977739	0.0
191	-0.027	0.0	0.0	1.0	0.0
192	-0.02417	0.0	0.0	1.0	0.0
193	-0.02878	0.99955693438	0.0	0.000443065620352	0.0
194	-0.01382	0.955220867521	0.0	0.0447791324795	0.0
195	-0.01331	1.0	0.0	0.0	0.0
196	0.008292	1.0	0.0	0.0	0.0
197	0.0107	0.516963483714	0.0	0.483036516286	0.0
198	0.03825	1.0	0.0	2.43768381142e-46	0.0
199	0.05571	1.0	0.0	0.0	0.0
200	0.08628	0.176620311058	0.0	0.823379688942	0.0
201	0.07007	1.0	0.0	5.54970837549e-135	0.0
202	0.03273	0.414369489779	0.0	0.585630510221	0.0
206	-0.004554	0.646058398551	0.0	0.353941601449	0.0
207	-0.0008653	1.0	0.0	0.0	0.0
208	-0.01726	0.0532066110878	0.0	0.946793388912	0.0
211	-0.01928	2.33305405009e-17	0.0	1.0	0.0
23	-0.08912	0.499039245771	0.0	0.500960754229	0.0
24	-0.07904	0.0	0.0	1.0	0.0
25	-0.08706	1.0	0.0	0.0	0.0
26	-0.09065	0.0	0.0	1.0	0.0
39	-0.08676	0.0	1.0	0.0	0.0
40	-0.07286	0.0	0.392434753863	0.0	0.607565246137
41	-0.04454	0.0	1.0	0.0	0.0
42	-0.008792	0.0	0.603798509752	0.0	0.396201490248
43	-0.02136	0.0	1.0	0.0	0.0
45	-0.03211	0.0	0.534497753246	0.0	0.465502246754
46	-0.03753	0.0	0.999941527902	0.0	5.84720984963e-05
47	-0.01275	0.0	0.0	0.0	1.0
48	-0.01873	0.0	0.479510550017	0.0	0.520489449983
49	-0.03912	0.0	1.0	0.0	0.0
53	-0.06502	0.0	0.0	0.0	1.0
54	-0.04262	0.0	0.522057693706	0.0	0.477942306294
6	-0.06629	0.0	0.0	1.0	0.0
61	-0.06522	0.0	1.0	0.0	0.0
62	-0.05524	0.0	0.0310164493831	0.0	0.968983550617
63	-0.05602	0.0	0.0	0.0	1.0
64	-0.06883	0.0	0.0	0.0	1.0
65	-0.06322	0.0	1.0	0.0	0.0
66	-0.05956	0.0	1.0	0.0	1.70390713267e-24
67	-0.06433	0.0	0.0	0.0	1.0
68	-0.06953	0.0	1.0	0.0	0.0
69	-0.05897	0.0	0.999999999704	0.0	2.96446690155e-10
7	-0.08278	0.0	1.0	0.0	0.0
70	-0.05644	0.0	0.0	0.0	1.0
72	-0.06104	0.0	0.0	0.0	1.0
73	-0.05401	0.0	0.0	0.0	1.0
74	-0.05495	0.0	0.785166821743	0.0	0.214833178257
76	-0.05909	0.0	0.545357275442	0.0	0.454642724558
79	-0.05381	0.0	0.0	1.0	0.0
80	-0.0541	0.81466972664	0.0	0.18533027336	0.0
84	-0.1216	0.0	0.0	1.0	0.0
86	-0.101	0.0	1.0	5.20443539806e-87	0.0
90	-0.05913	0.0	1.0	0.0	0.0
91	-0.05776	0.0	0.0	0.426465594991	0.573534405009
92	-0.06541	0.0	0.0801100044765	0.0	0.919889995523
94	-0.05024	0.0	0.958912195331	0.0410878046694	0.0
95	-0.05123	0.0	0.927702296644	0.0	0.0722977033561
97	-0.04671	0.0	0.413864677564	0.586135322436	0.0
98	-0.04233	0.0	0.974916107307	0.00359702712377	0.0214868655695
99	-0.0449	0.0	0.0246208379237	0.975379162076	0.0