-82.552144328	0.612886929893
-23.3968306007	0.312409538501
-56.4921824139	0.455800576763
-27.4480936615	0.323103849091
-21.9471941558	0.305314636202
-17.8872486488	0.294198534441
-31.8521203792	0.344855588145
-19.2858417327	0.302149007849
-4.26623617945	0.255555651733
-30.2391288419	0.340596706581
-23.3809597717	0.312568975613
-45.6397739639	0.400520393794
-5.44765137372	0.258385493649
-40.0039321598	0.381024309459
-16.0131937938	0.287340331325
-31.130368942	0.344406283456
-23.2722037395	0.310047473103
-18.6740980833	0.294810940904
-43.6282856046	0.392714239104
-43.1035875515	0.389347886849
-28.5878012284	0.335338283356
-18.8698817886	0.299821219167
13.3757520619	0.208320578995
-36.685805318	0.364074668335
6.22317243373	0.226194054999
6.59897973228	0.226448073774
-3.4612915285	0.253256816077
-15.7289408716	0.28998413151
-47.823725623	0.406547076752
-15.5570603065	0.288113596429
-12.2514352661	0.274779212152
-30.0919773368	0.339014800159
-8.0785725684	0.265354990325
-26.4338736617	0.326098340848
-56.1775209055	0.455237689242
-1.22868192933	0.244619471489
-61.6394906785	0.483738930099
20.3230835178	0.193335270831
-7.99340494447	0.266307057007
-76.3053017352	0.573545907549
-8.90752987398	0.268790504124
17.6952901356	0.19934777452
-20.7319403829	0.30451414212
20.5972269432	0.191918302901
-18.1715299772	0.291830182222
-61.2733830267	0.483209925525
-44.6408531936	0.401376043337
-27.5253072047	0.331140516566
-19.8196561021	0.303607527761
-10.6436890229	0.274192749052
-12.5200248456	0.279324555356
-1.92768490993	0.246403178647
-75.821461949	0.567441886847
12.9370884887	0.209374533701
16.7684987543	0.200208960537
-27.0424235879	0.329319495166
-43.3523726038	0.390872840738
17.8858184079	0.199202557441
-2.75522577339	0.251073042342
-31.0919609079	0.344303353639
5.51166351643	0.228663968762
-19.1743874575	0.296664539297
18.1885473654	0.19839400784
41.0167340417	0.151896572414
19.8777886083	0.193592915369
39.4365341443	0.154658554119
-57.0403001897	0.460859465107
-23.847489915	0.310434003343
-11.1969051789	0.268090293072
-27.1352762159	0.329003712181
-0.673702673167	0.244107539563
15.170184331	0.205165073505
-11.2206936096	0.275723948651
-6.58239199522	0.261153023545
-30.0505090772	0.332968723722
-15.4053437649	0.282690377434
4.1986769342	0.230880919628
-27.5855414164	0.325908606161
-0.505430113638	0.239530682779
-7.23233271481	0.260694538387
-23.1998495084	0.315431021638
-0.549486675134	0.241067799912
4.64967654098	0.229082094954
-2.67796488018	0.248253006709
0.586851072451	0.241798291213
-8.72239692588	0.268065764428
-8.04550719818	0.262327152853
-16.5864307109	0.281310731149
-3.64632170214	0.252543600263
26.0546187953	0.178894516475
-45.6041822763	0.404472792334
19.6988920648	0.195056592774
-0.658641866167	0.243831818883
9.2167406787	0.218485919408
-3.90614685946	0.242961250829
70.5000217295	0.108762721573
-52.8442060184	0.437829641579
13.7240055556	0.20749911836
5.29378898467	0.228881993684
-27.6619719967	0.330139548596
-33.0170637341	0.348976670592
5.998379405	0.226619464959
-19.0015969624	0.292541722225
-15.2000491007	0.288318120115
-23.3820865242	0.315118238845
0.503738000336	0.235752497527
45.4277005438	0.144831469999
-14.9296474973	0.287623193351
-33.2657552861	0.352668867032
-48.5126968312	0.41967933761
12.9581829086	0.209155138443
-25.2346068416	0.316471026808
61.6784845376	0.121048011168
16.8456789317	0.200858119816
33.9903656157	0.16475741866
53.7329558913	0.132514442742
74.7277808709	0.10382925694
-20.6995790694	0.298603533946
1.81558779737	0.233586379639
2.28449137703	0.230638873989
-9.25146948949	0.268781998688
-20.1240666525	0.297038201883
11.8336675866	0.212982913419
-7.53391114285	0.261517381621
-31.627162723	0.346587778853
-5.17326967858	0.253441986896
88.6504180423	0.089116542361
-9.94877245982	0.263238805622
39.657572438	0.154381493568
64.8582575871	0.115860081024
81.1029351788	0.0967652296574
89.226297483	0.0884335123446
86.0350678598	0.0917946433128
85.6426747861	0.0923034263698
81.4044318979	0.0967902491984
83.0042018143	0.0950424593031
74.0409376425	0.105154878017
85.5489610633	0.0923594995025
76.9363236309	0.101807343581
86.9859634914	0.0908532712345
75.517058174	0.103427168327
89.1651718711	0.0886253049373
79.4446083992	0.0989113367711
91.3184780474	0.0864610785737
76.7713049789	0.102002583754
92.0964399025	0.0856704532462
76.3387038211	0.10251570153
96.5204469846	0.0814394299621
73.3671599784	0.106004134206
101.347064781	0.0770049174272
69.0552609578	0.11103346112
102.499148197	0.0760096397809
81.2309883723	0.0970482253996
94.4387313296	0.0831886177251
54.6543446643	0.130534532536
102.436264974	0.0760384799172
91.30616275	0.0866164924726
101.114300992	0.0772297021146
82.771062147	0.0953165118734
97.3271328829	0.0805100652751
67.5945033084	0.112674020266
97.6243873238	0.080180455329
97.3094015059	0.0804158598027
95.5989967378	0.0819843546314
83.1892327235	0.0947089454431
21.7709641503	0.190053633837
22.6238033272	0.187649619741
-3.00546509666	0.241175113763
-3.09645744423	0.241189453309
27.0192224124	0.178975117503
10.8459614057	0.214287128828
10.2463547909	0.21466920555
-7.58577603329	0.262235971959
52.2851130904	0.134648673992
7.33698025198	0.214323931359
-8.32108702112	0.258579116378
-26.3443049626	0.324949447621
20.1264189582	0.19249918534
1.64615061839	0.228239335937
-17.6742395774	0.29560908867
5.42707130417	0.225091834423
16.3264323405	0.200522453346
-17.2295996799	0.284831247361
54.5603926079	0.130176980009
-5.44896696241	0.256194055971
28.4326268211	0.175316868694
13.5583953313	0.200467268089
45.5537227011	0.145147732845
-1.77786914022	0.247453337737
55.1555373371	0.130349998413
-2.04154422202	0.242882878389
6.29342228029	0.220991118457
14.0947241305	0.206512182482
11.4633526556	0.205416232895
46.2026594159	0.142324088332
18.570578868	0.196447708807
34.4125662562	0.164387645601
4.20805857076	0.222209489943
47.7378769404	0.141166423113
6.41018815179	0.216507135165
16.1036274136	0.194707664916
63.268952738	0.118638860481
-26.2974839287	0.320748875832
12.6123917892	0.203758637527
-18.0424416259	0.288886348813
25.3587110503	0.181843689726
-19.7721604053	0.296810452744
-3.14006292432	0.244213231979
58.1211399322	0.125996018034
-13.99490698	0.282398158376
8.17862956926	0.220487339765
3.69080572286	0.230415823669
7.93724320792	0.215435204838
-19.6209341682	0.296794444754
-12.2693171088	0.272658464261
56.3522143179	0.128413231615
40.6399588531	0.152606338665
-5.18895509421	0.250078334714
-9.65820683413	0.264338762413
45.7234254763	0.144856768996
49.9886808589	0.136742194589
-13.7226968844	0.278492090962
46.6818999106	0.143124991216
92.5713796231	0.0853405461458
13.9221574969	0.206286058936
-17.549516268	0.290993865693
33.4954573285	0.165525161055
64.4283258816	0.115936832611
-7.66215375519	0.263622059598
30.1762731711	0.168414644931
-3.22426849686	0.244265189639
115.23827794	0.065813618481
2.50981602729	0.228103336824
-21.1429551131	0.303362186594
38.6841420685	0.156059622135
-1.41757663227	0.246797663688
57.7092012579	0.125773911453
4.93189467783	0.223513897905
22.4674236287	0.18678613673
-25.1948937238	0.317209614288
2.62269129178	0.235291404517
9.14003971027	0.213681368295
-0.382008263786	0.237001763177
66.8491728611	0.112874741269
13.5377517114	0.201462619628
6.24147128599	0.220326939971
-13.7642614361	0.280740725258
64.1036154786	0.116388819221
0.642700897292	0.235808103461
43.2570694729	0.146459965297
44.2059875741	0.146971984302
6.53870225212	0.220707173733
20.4924475527	0.187974913935
44.1992154481	0.147421830144
71.1307789563	0.109026235276
14.1322053948	0.204119190799
4.9314241537	0.22637421863
72.7373092717	0.105858185428
46.5905076244	0.143359986867
10.6820718708	0.208713608744
1.12711725456	0.234267514889
28.3599215943	0.175763154319
71.0336739045	0.107743703918
38.988066577	0.156067878636
0.545342925345	0.233788281475
35.6034306591	0.162332770011
-1.70732573368	0.241325654081
89.3013188424	0.0891765931322
68.2669137026	0.111016885257
-3.04254393447	0.245313639698
15.8894707669	0.196459305047
22.8786075824	0.186913306446
60.0097773321	0.12359926306
68.5761804249	0.110905306615
60.1232766427	0.123424067436
-1.40731821669	0.240038128159
64.1257903218	0.116631342152
22.6102597875	0.187016256992
5.66155126718	0.222020380204
-13.275607961	0.277804888851
17.0300673317	0.196050707744
56.8278134261	0.125723403312
41.0852957503	0.149436380781
8.79606451945	0.213325824331
23.4882871934	0.185718796591
-8.17908916105	0.261217204163
3.29812046253	0.227328634899
48.3861237182	0.140346200191
23.8371233757	0.179457612668
87.2646484748	0.0902110968106
18.4856829424	0.195245617344
10.8301883161	0.211040498371
27.2973019915	0.172703319517
46.1435606404	0.143238111066
107.984361805	0.0711014973704
23.1756304628	0.182271276961
54.5477011758	0.13079705505
107.839424327	0.0715134302875
80.8199285718	0.098107893565
41.893262534	0.149827286532
16.5453087012	0.196604340473
109.33324373	0.070261819612
17.8831568461	0.198378674562
29.6415415674	0.169816796294
36.3767884342	0.159255882804
5.57738007897	0.22194177266
3.44887482778	0.227354545367
31.8074688385	0.165433631441
10.1621497529	0.211317671006
-6.55912026384	0.255634896772
55.7832443106	0.126876836616
-0.0390256714059	0.238817280519
1.04191097683	0.23535474127
1.59370471547	0.231350079068
-7.61917043938	0.262850286169
-2.54906517416	0.247073572216
25.6156463243	0.178000641599
54.9381421587	0.130086796094
66.0955650061	0.114786993705
17.2679747535	0.199574695303
51.5876805398	0.134249797501
72.0902374693	0.106911184176
1.58155520992	0.2319061946
-3.40734928612	0.246675631215
101.762764036	0.0775240471937
36.0495785663	0.161173090879
98.0964517802	0.0804977676634
0.509483781862	0.234349811625
12.6784181318	0.203348368973
11.757060183	0.205756768758
3.43066469694	0.227672539649
3.10667461094	0.228209615002
26.8581985423	0.175157934105
27.2914736547	0.177884505558
-10.0662639857	0.266978148071
8.75830056671	0.216319463995
20.4853673107	0.190515003995
112.126768835	0.0679977863847
91.9853030736	0.0855852597714
20.4780648708	0.188397565789
26.6539639886	0.175986599551
91.4162841121	0.0872198966043
64.188408583	0.115562164609
4.27475962316	0.226516627656
43.7865172491	0.144949998364
29.4033012485	0.172626832583
46.2543500917	0.144006166812
114.727161368	0.0668895954588
49.8266494807	0.136973476379
83.6736556619	0.0943565068722
96.1952130585	0.0808759935727
49.8833052981	0.135493668495
9.2785489142	0.213497344783
93.504451389	0.0845875603243
37.4778039661	0.155227596927
14.4444061487	0.200236224939
105.538035717	0.073629991112
25.135807413	0.17797992465
27.2964724896	0.172892405883
118.922138604	0.0638110912398
3.50171218969	0.227480196181
96.4537937902	0.0823997124105
70.0249779673	0.110487341017
74.40321101	0.103349410106
35.5948291129	0.159367059096
38.6503317014	0.153407461128
56.4787703988	0.125783072744
47.4695208544	0.139220110273
14.0636915514	0.20139963279
100.855504851	0.0766882631827
0.744514490623	0.233208565144
87.5585122821	0.0891648286765
31.7424651006	0.165735541981
29.1009223713	0.169811686614
33.035764128	0.163998945832
52.6486798563	0.132069388626
108.468638282	0.0720016420637
92.4192336914	0.0856125844305
17.3701517475	0.19348396403
23.6902813671	0.180355664182
33.5057624602	0.163297518251
87.3957567078	0.0899033076332
45.9001103521	0.144234632446
46.4801520082	0.142655022535
55.3323397177	0.130009531093
49.3774502847	0.138913079254
48.3916177721	0.140539364189
56.0932422606	0.126349271547
47.9555927964	0.139517793521
5.36915190358	0.224767445691
41.2252707425	0.148630376341
63.6818871666	0.116154146713
36.2427853514	0.156854818771
6.68549641429	0.218762503648
53.8231206577	0.129626190091
46.1885461736	0.140969495642
20.4004843402	0.192055244981
44.7484126126	0.145750191657
44.5446127799	0.144323271836
54.2462729167	0.129058640213
95.8844964211	0.0811034620075
40.6141588209	0.150804192525
52.8148745059	0.131375390543
11.7362780074	0.205871595395
108.758165411	0.0712345136179
78.6189329197	0.0984027074047
45.722951964	0.142364778065
83.2013747743	0.0934302234862
14.8611531489	0.202423504551
45.4272215572	0.142931645386
26.6835618744	0.178126648257
84.9465321294	0.0918468172016
68.8257097259	0.109682146802
52.1212298222	0.132134832037
52.5169148411	0.131589746028
48.9429043045	0.137139815276
93.4981846411	0.08373604055
103.372855666	0.0762047105217
52.5582144569	0.133655748421
130.993163401	0.0548234748549
67.762694398	0.110801250931
37.2744192296	0.15543326879
54.2574032654	0.12917576184
47.5354760419	0.139084573993
54.6808619442	0.128382093044
88.3528954381	0.088077109448
76.8859046998	0.102358436172
98.8924475923	0.0785763797527
83.8771582866	0.0948229489546
73.1894475575	0.104457349197
62.2131814119	0.120325162889
118.866620301	0.0627877406912
64.5264289829	0.114831408468
77.175801643	0.100560409907
74.8597650158	0.102430462189
72.5193337357	0.105662717293
62.3885389736	0.117568403266
108.520709362	0.0713647926189
109.47605679	0.0710501935375
45.4809551736	0.142338699847
103.863415367	0.0742127587122
30.4861555882	0.168152939052
112.287893943	0.0676702019191
36.0393452004	0.158898814419
101.205938157	0.0764432761266
59.872591593	0.123115328099
56.2142231409	0.126439189532
66.4213011309	0.115090417418
110.802708609	0.0692366684529
82.5699982839	0.0946064692005
54.8999813827	0.128451128777
66.1027467593	0.11341279731
51.7524176577	0.133167456394
89.9709015474	0.0884456415837
116.587193088	0.0646973316246
96.8810008054	0.0801220024321
79.3819929369	0.0978222048906
96.2928796434	0.0806159761323
90.4449143571	0.0864808945452
101.31088693	0.0770170299878
30.7668628264	0.169908143756
59.3227979096	0.121701362025
100.287618299	0.0785719272867
134.706985706	0.052637524884
67.6264248583	0.110892670581
98.2228496816	0.079990141017
82.5985073131	0.0959170165764
62.4525897089	0.117720628907
94.3513733331	0.0840456560068
64.0509514734	0.117856921525
125.162385488	0.0585814124289
73.2981627793	0.105201912462
64.5894455883	0.116964690669
66.2520168695	0.114920218412
11.732246978	0.209366070697
68.9506771976	0.109758663503
68.2135642076	0.11204044809
64.2380762903	0.11534077823
54.1820456581	0.129383299615
106.697803137	0.071790775798
105.743330241	0.0738639680494
45.1109244319	0.145321032423
69.6632001154	0.109609197174
130.020639759	0.055988108445
119.769942375	0.0630043027016
4.86088448383	0.226199932901
65.2345149051	0.116154897148
136.148137759	0.0517268370758
108.558464042	0.0704572048062
57.6430369045	0.124324465702
65.9955825957	0.112993178459
74.3939531676	0.10377733721
49.9284270926	0.135551360745
123.969627448	0.0590902286145
50.5816139102	0.134042409364
56.8393737107	0.125515175081
80.4138976794	0.0983006618479
40.021817619	0.153451110212
24.1333416792	0.179641477755
114.629809475	0.0667900994428
96.8077562422	0.081705219584
48.9646559434	0.137551198023
70.7511111538	0.107636609157
48.0020834223	0.139261239232
68.1208222676	0.110264843352
67.3996566394	0.111312840189
64.2736844562	0.115358156972
55.0706274792	0.128526097126
57.4989434911	0.124906943513
60.1554927676	0.121107026271
40.6381203868	0.151574841559
64.8999460281	0.114656770543
63.3020357225	0.119115830253
70.3271956821	0.107565397814
68.6446653213	0.110209255094
70.8854312678	0.106958131667
67.8487995011	0.110876920795
26.250931144	0.175670052157
97.9741430138	0.0791248550931
109.54767905	0.0704532499539
83.4899214918	0.0948154365911
82.9814118591	0.0943489885536
66.038016464	0.112837454834
70.9831287378	0.108326790129
70.4987114439	0.109446366851
108.934847724	0.0699347809866
93.399355283	0.0833350444038
79.2467034025	0.0996683685908
55.3693287086	0.126892505903
113.278388585	0.0671999102109
113.713178831	0.0671074455854
122.5043146	0.0600473415156
78.8768980719	0.0985993667071
81.9800957443	0.0947583589133
65.7707892112	0.113339138454
39.6415972857	0.15123462168
94.4535900885	0.0836987928769
60.5077962733	0.120298666362
72.5948337372	0.107321873807
82.2176853442	0.0960512136003
98.7697028822	0.07834610649
71.1212556064	0.106841453446
68.842585998	0.109353589389
58.3026757298	0.123767568282
47.59078543	0.139908579362
60.8011674045	0.120173547476
58.3103225423	0.123572084039
57.3133301065	0.125074574203
60.4511760323	0.12068476838
57.3300862851	0.125156166266
41.1222862801	0.150754527994
63.0601728675	0.117129565936
70.3875487542	0.107462904182
76.4756077763	0.100402017137
63.4459299001	0.116650524718
51.804391787	0.132781804161
102.171347652	0.0753773010144
68.4723761081	0.109947921232
66.9888447408	0.111694023588
101.529653773	0.0760308525906
68.9177412423	0.110004146153
81.3318101468	0.095255082413
60.5491182038	0.12082366734
75.6980850213	0.101610723095
64.5388667808	0.114885290089
72.4962744153	0.105085567362
61.6426224484	0.118151408851
83.5116025661	0.0931236316967
73.9581740967	0.10409773186
45.191885311	0.142051764722
72.6470696416	0.104860510916
101.459809481	0.0766913646903
48.6467220798	0.13972930841
73.8623612627	0.103435463564
95.1223003459	0.0826223024798
91.8248085858	0.0862599743041
121.299957776	0.0611978273105
82.9670022278	0.0941484990345
80.3038954968	0.096844602141
138.462905493	0.0507588604257
78.5311052521	0.100549276647
76.0737210462	0.103233601134
75.5733878743	0.101923853127
100.898966456	0.0777763290795
32.6580511262	0.166507227165
112.903694047	0.06724473413
48.2412439553	0.139049441216
142.4199286	0.0486143384317
82.7665093135	0.0943690296851
122.750839163	0.0602274791112
40.4528041448	0.153148616076
135.521250034	0.0527409674196
106.025695726	0.0734663222887
118.812955438	0.0630500268171
118.713814962	0.0636335992717
60.4142524183	0.119698305934
73.8306366409	0.105402983181
151.146673612	0.0440142824077
145.851557326	0.0467308366731
67.655759569	0.111484625619
39.9279175383	0.152209875356
50.7057737271	0.133313307089
61.8715340133	0.11831989053
137.427489524	0.0510913511311
84.7633666808	0.0924112362932
55.0651927288	0.128678855357
82.2398298629	0.0945972095309
73.5158730228	0.103835585867
116.627318588	0.064437706237
137.095559983	0.0514244998479
112.004547018	0.0684137163049
67.0578530832	0.112463128712
47.7500090505	0.139813678805
107.214828501	0.0724038471254
113.268990439	0.0677027320846
120.75695762	0.0619270801945
87.6270503768	0.0889776393312
109.374488953	0.0697718901257
75.382998321	0.101575183922
79.8042763108	0.0970645267688
63.4736066208	0.115521977139
70.2050182556	0.107651930066
100.245247336	0.0778206308671
116.545237001	0.06457278481
103.854035946	0.0743487229471
118.578003015	0.0634317242498
109.160728749	0.0700894667338
103.565403175	0.0745903704913
142.945664732	0.0482142778247
132.99488234	0.0537964955995
141.323861791	0.0493113605539
92.7404594317	0.0845182056449
109.517842486	0.0700333640344
72.1168667481	0.106384102834
117.707820025	0.0639325017352
116.386219673	0.0652127866863
66.756272228	0.112400618792
64.1947002274	0.11554050854
69.8875413649	0.108127964692
66.781489801	0.112315141137
111.375458287	0.0692860748484
105.51437936	0.0731230985311
85.0179103221	0.0915653338525
100.935983051	0.076625856246
66.3488620654	0.112897859676
167.794423239	0.0365773604123
104.4381969	0.0736180575738
70.8685776631	0.107648929727
136.330204045	0.0519366632611
84.4053976312	0.09404061029
108.388351135	0.0708428897712
69.6424663597	0.10898152294
97.9864321963	0.0790228311487
158.304332052	0.040661879954
67.6706625464	0.111264925943
123.290686909	0.0600674241487
110.513397994	0.0699719179623
100.63984942	0.0777243713414
92.943102555	0.084396933951
105.189884386	0.074512286585
128.783448127	0.0565129088151
86.4866594382	0.0901508102424
152.455222368	0.0436296306762
71.9426329574	0.105588254988
105.375678517	0.0728496061501
130.128035826	0.0556940696162
88.5270878053	0.0899806297528
94.5375968479	0.0822083762466
79.9762699813	0.0970279661951
116.231590319	0.065529020691
136.391434444	0.0521730490398
92.1415992017	0.0845886893017
162.092901358	0.0391927739948
133.442428603	0.0539328087348
147.627864814	0.0461157682909
88.3994118813	0.0896723120767
124.378915565	0.0598264459829
105.476055325	0.0740688489673
82.2445605997	0.0948449958738
123.44871817	0.0604327222459
142.173168705	0.048674095173
124.676839147	0.059820692283
73.660534604	0.103650216586
165.356747937	0.0376898426583
95.1665277246	0.081874468904
88.0902826852	0.0901784401864
157.099067079	0.0415008400498
139.965689844	0.0498736579789
107.951984354	0.0721648876668
133.048424566	0.0538544786089
100.056025926	0.0773373620301
138.04802029	0.0515051126683
68.4256278671	0.110267439758
137.102713805	0.0517621870837
89.8334653536	0.0887704050689
100.930513042	0.0766574033742
163.645585759	0.0383985657454
90.2613726563	0.0880707455375
106.201340201	0.0725316096684
179.234571935	0.0323834006427
99.3863628436	0.0784746755152
170.972681759	0.0356094122183
129.746027647	0.0560157712956
134.782817248	0.0534736086477
112.02803767	0.0679188685623
104.226409383	0.0755596537832
91.872514611	0.0850781602539
128.734089682	0.0571892448787
106.297985788	0.072911754203
143.38831946	0.0485374584103
109.940932622	0.069969671841
182.491329389	0.031252515924
107.661759576	0.0716126796726
192.458568652	0.0279387975477
117.123177574	0.0643439785631
103.106844271	0.0764977533677
98.8487519192	0.0802437311689
138.873546318	0.0510827532525
127.431502225	0.0581039602871
122.770357014	0.060386147013
184.35369087	0.0306020461431
103.771165947	0.0743659289341
158.440850429	0.0406823733632
92.7300060915	0.0840901237717
131.492172697	0.055370043769
133.733223908	0.0534792273505
181.85526237	0.0314794435173
117.006445261	0.064206742758
162.568933931	0.0388728277808
98.4471004548	0.0787215231481
151.55612432	0.0441149052377
132.931351931	0.0540283321955
88.9412241318	0.0896937455495
179.144186557	0.0325120865321
101.138127098	0.0764326774202
91.8364352744	0.0849187731419
164.011009434	0.0384437352416
126.344831851	0.0588531363646
124.302344197	0.060135665002
169.01499551	0.0362820491384
113.135596821	0.0672336850181
114.170092402	0.0675263261638
128.057157721	0.0569023098433
156.652078253	0.0415565343963
139.095355978	0.0503770150405
106.934413197	0.0731816203754
132.779032875	0.0542242379345
185.867793813	0.0300677521087
136.822620102	0.05173300277
155.926518333	0.0418097474735
110.825164761	0.0686884809345
165.884642295	0.0375254025767
116.649545575	0.0644761684058
154.612239102	0.0425696771692
147.582971043	0.0458530315108
146.986412539	0.0463797921166
131.728324629	0.0549963412321
177.288272397	0.0330878630302
159.775463057	0.0400267328406
134.697493845	0.0530836192264
164.070225385	0.0382137145248
139.957982314	0.0500735751586
132.675363819	0.0544224156649
177.926364112	0.0328287485102
189.288885155	0.0289322027712
152.048293029	0.0437966022096
146.714940738	0.0464617484075
151.216246598	0.0441345892802
171.212200377	0.0354263979759
138.033880916	0.0514280407482
163.367164076	0.0385555868738
131.081095233	0.0552021442802
157.376534812	0.0413272325032
148.272172302	0.0455915843053
140.258896254	0.0500007564564
165.874138647	0.0375616161583
167.926709064	0.036750952645
175.605815865	0.0336657225957
151.955900756	0.0439050943245
149.587490561	0.0450820863632
163.617231089	0.0384329212359
130.055685119	0.0557334759103
163.514533255	0.0384265879524
132.368494728	0.0544974261954
152.08596156	0.0436156529801
137.607600324	0.0512462748277
148.020111589	0.0457040359075
163.247039467	0.0385393140281
171.544063049	0.0351846682423
173.261819236	0.0345282193421
154.125858289	0.0428066999923
156.193027029	0.041946469683
166.337892213	0.0372466796518
149.981844457	0.0448754517895
129.693333549	0.0560569616731
171.422033287	0.0352033384315
165.624136028	0.0375599521575
113.611131452	0.0678549232073
175.379756719	0.0336871698451
126.682766925	0.0586508184858
173.373286312	0.0346059914966
149.158706554	0.0454914000133
159.554362279	0.0404290182945
154.568856762	0.0424772647758
165.679168626	0.0375323288141
122.131666516	0.060632531116
133.595196515	0.0537270529776
130.259408159	0.0555999735108
146.334808047	0.0466536110698
122.026567063	0.0606784491835
140.133630068	0.0503429608668
122.860045433	0.0600532386184
139.077684227	0.0509542419578
135.326584791	0.0524970265749
178.925970124	0.0325391767626
162.235582887	0.0389427339425
151.400328314	0.0441809751554
106.164362994	0.0721148438259
159.622112872	0.0400914934234
124.602956194	0.0590942813999
109.812416284	0.0709819797392
151.106296812	0.0440020667425
118.07792332	0.0645950885099
157.266267942	0.0410692885951
122.487990486	0.0614486905671
125.945257522	0.0583160848001
119.168683098	0.0638755139656
171.408989049	0.0352049850075
129.360765831	0.0569105850873
191.119811349	0.028342620388
150.804748463	0.0446186757621
134.04246016	0.0533486757239
183.369854027	0.0309535447072
146.080993015	0.0470289907748
150.225407145	0.0444436846509
134.621537516	0.053623736263
120.013632975	0.0631681699149
112.303192474	0.0690160232208
110.481860391	0.0704472876322
133.96358986	0.0539036183188
131.343086275	0.0556458681952
167.141892384	0.0370502335448
148.161571775	0.0457924034091
164.347431439	0.0382367277169
132.538128367	0.054916430918
151.614216089	0.0439522954938
115.822983057	0.0662846862182
166.528836448	0.0373904842717
114.337738432	0.0674536559411
151.798141182	0.0438332776329
117.396874081	0.0650343432728
164.378992673	0.0383311576579
110.625303704	0.0701284513772
179.467632381	0.0321911501515
122.048436173	0.0617013727051
151.207779722	0.0441291569881
115.944108259	0.0660392524027
143.029217604	0.048241596131
114.149737189	0.0675844920049
169.739243924	0.0357713545073
124.096775266	0.0602789321242
165.701451644	0.0373729849747
122.822581758	0.0612829359366
146.315349146	0.0465428191384
125.238839036	0.0595997514279
143.957969996	0.047587527032
134.473392662	0.0537261339683
170.140841878	0.0356186719561
133.8281232	0.0540562610985
171.171082791	0.0353760702621
134.719442803	0.05356866777
161.689053533	0.0390826694306
148.538608077	0.0458187562245
140.808556498	0.0493776368402
154.203181794	0.0430021959318
143.914158202	0.0476678445867
162.245609036	0.0392818982853
156.306095576	0.0415936247765
143.060062548	0.0487325221695
157.62101069	0.040899905241
154.841287266	0.0426669175403
155.757405911	0.0417483532242
139.351246973	0.0507963097124
154.510025133	0.0423853220103
152.969149854	0.0435643455423
144.953242331	0.0472453511129
144.423127874	0.0478796930037
142.828549841	0.0483025532286
138.998858888	0.0509386080549
143.220967727	0.0481307642431
147.07433811	0.0465033630377
177.567739771	0.0328546738005
153.778315274	0.0431250425551
158.116655654	0.0407099500756
163.395953434	0.0387195208042
155.821748266	0.0417847056542
190.099093795	0.0287232767831
155.367822523	0.0422485743318
176.623453764	0.033363058565
167.373487906	0.0367583833862
184.067348202	0.0307502372031
186.63324476	0.0297929803772
156.530289638	0.0417101854218
175.670077184	0.0335752812207
184.504257486	0.0306064539872
153.783070632	0.0430189318238
197.335197951	0.0264657256287
182.90900788	0.031029008457
198.809919303	0.0260434848243
189.08502319	0.0290040559199
177.658650118	0.0330053573562
154.665584413	0.0425049404223
181.693030718	0.0314569465144
164.717812821	0.0378772775896
175.769518857	0.0337145466436
172.439948082	0.0348350006108
179.597778176	0.0321870936193
179.67879534	0.0322222051171
190.560051845	0.0285313405838
159.468705028	0.0403127011459
176.954956189	0.0332355967241
159.453632938	0.0401392820093
169.849338055	0.0359618533185
160.890458182	0.0395191450338
187.947569915	0.0293520341712
185.449660496	0.0301695669124
163.428633617	0.0384855899927
153.06204409	0.0431302773316
185.407510856	0.0301898002018
155.222541063	0.0420280415903
186.261198754	0.0298913752825
164.047959731	0.0381909802242
183.463157281	0.0309339142936
162.822904709	0.0385922877478
170.814602283	0.0356077463697
158.096366202	0.0406541231584
175.337891027	0.033847533937
147.837485333	0.0456155969583
194.832513116	0.0272200007046
140.652301863	0.0493697399153
188.259310927	0.0292801901202
150.090640346	0.0444357410079
184.966024255	0.0304296387718
147.435636445	0.0458259702507
157.577181629	0.0412060541965
141.835175088	0.0487301818738
183.394140712	0.0308833255863
143.415026305	0.0478726921635
198.409535487	0.0261747684619
160.776000687	0.0394823014848
174.629311089	0.034157699723
163.993096935	0.0380721364766
181.31407133	0.0317049350559
159.58403411	0.0399699405467
175.882724031	0.0336837677225
163.814533825	0.0381795476963
200.509837971	0.025544125746
169.218728447	0.0360374430648
197.927225076	0.0263375711932
183.336691292	0.0308311557268
194.037530116	0.027514193972
184.912715934	0.0303036643747
161.804612517	0.0394189069573
160.873201332	0.0394453083159
174.952573198	0.0340425987727
164.3815461	0.0381870549874
159.783144758	0.0402923903869
175.85197489	0.0335885474581
170.034343845	0.0359540927336
196.016021862	0.0268544645246
164.060843113	0.0384386031681
184.624723878	0.0304413262844
157.97018461	0.0411472917844
170.873764154	0.0355594768181
172.62107766	0.0349527057547
163.906734599	0.038386121585
169.329834249	0.0362839308083
170.701786638	0.035463308547
164.377863754	0.0383386111624
185.164579897	0.0302174278591
158.02117393	0.0411405735982
186.201853533	0.0298884899733
176.639420131	0.0334391152953
175.162963992	0.033921213806
190.212463799	0.0286851236898
180.901952495	0.0318108501654
177.302122095	0.0331605621042
197.657587066	0.026365704239
177.674174375	0.0330289219212
190.033536828	0.0287446545118
182.826655056	0.031165431098
175.615922553	0.033657118833
180.915523651	0.0318000911982
180.26072266	0.0319798411374
204.667389086	0.0243779299778
201.949784279	0.0251303501868
183.805164486	0.0308478279329
194.890142978	0.0272141889895
194.62330664	0.0272802626412
193.403084629	0.0276870205836
197.367841108	0.0264812464173
206.17999148	0.0239639991533
189.864845413	0.0288150757942
198.453590505	0.0261563423627
187.053850071	0.0297387580919
191.239084717	0.0283705849936
203.373276328	0.0247410433564
204.75723185	0.024355235376
205.811121357	0.0240997154988
202.59423924	0.0249831413044
178.977419757	0.0324701068261
191.809021174	0.0281350349464
179.034550272	0.0324260136155
182.939997713	0.0311012001147
208.775917727	0.0232665255915
202.029599454	0.0251116864999
200.4849503	0.0255679462609
183.900418148	0.0306721691509
199.568086275	0.0258343711013
183.176774961	0.0309147166369
199.06451828	0.0259812433913
196.397185137	0.0267285702225
208.350468582	0.0233746772794
197.958209254	0.0262608957768
197.999213081	0.0262960271187
175.989095521	0.0335942868131
183.254853444	0.0310311012654
175.176528944	0.0339011850119
200.940341808	0.0254565376359
181.105284862	0.0316206192809
211.310623811	0.0226104776479
198.055297696	0.0262194846684
194.68689814	0.0272971753465
195.028090599	0.0271538434701
195.444858674	0.0270684445623
183.080482168	0.0309575817896
189.773094385	0.0288348818663
194.53139719	0.027291453022
207.438486562	0.0236136901881
205.784905204	0.024066295222
182.891539781	0.0311520062952
203.879742477	0.0246295856593
188.743368331	0.0291909246016
189.64321925	0.0288832221621
195.929106845	0.0268954353922
208.870072051	0.0232391845174
187.025410626	0.0297343291361
208.294671761	0.0234389993865
187.267231787	0.0296538091781
184.542517047	0.0305685786224
196.201500459	0.0268090480813
192.990492881	0.0278117689854
195.973236194	0.0269085244775
202.873162941	0.024864498388
187.700786417	0.0295118822687
193.049397383	0.0277904019399
206.280808038	0.0239422075234
189.95432813	0.0287772525871
211.638323733	0.0225128428841
204.598307446	0.0243895058331
194.418288633	0.0273753212498
210.228997814	0.0229181897445
200.180575701	0.0256508193346
190.096910673	0.0287330534832
212.751466913	0.0222323700624
211.15405331	0.0226401771262
208.491734777	0.023375795057
212.545846818	0.0223313731814
190.646413893	0.0285172556452
212.147895969	0.0224375733362
194.647609549	0.0272797882453
205.854686374	0.0240473012435
212.810560322	0.0222236411092
211.114396842	0.0226965196111
212.252793264	0.0223602361633
202.99918334	0.0248529811318
205.414428507	0.0241686349083
198.975843734	0.0259880511872
213.742398252	0.02198880267
210.731035527	0.0227607018138
201.206106709	0.025348920444
203.434563358	0.0247188306193
194.835259644	0.0272417669118
207.87269231	0.0234949964273
210.197619463	0.0229140252336
204.688645481	0.0243734394225
211.806044176	0.0224743433708
206.613215988	0.0238489174367
207.206188906	0.0236814128152
200.468675764	0.0255362467478
204.284788688	0.0244791552778
208.095554877	0.0234463269263
211.234767845	0.0226442459895
205.607010914	0.0241300278804
198.121880374	0.0262540225074
193.581927213	0.0275712987353
202.597819298	0.024961709406
199.803195812	0.0257426985023
211.607917525	0.0225256862593
210.358050877	0.0228865845201
207.078120596	0.0237161437445
206.806272349	0.0238097340745
203.67526839	0.0246479574615
205.307822259	0.0242147666649
210.629340674	0.0227667416417
216.064331592	0.0214221418557
199.756632476	0.0257674643785
209.987771148	0.0229657949479
191.562524334	0.0282600341044
202.1673434	0.0250823827714
212.357956078	0.0223571736153
216.419896731	0.0213351703854
199.284902674	0.0259124925673
217.030142146	0.0211898847887
203.351087245	0.0247489462441
199.520113963	0.0258395303021
206.783405333	0.0238063823388
217.627693412	0.0210495990454
205.409234522	0.0241671364694
206.796907561	0.0237980319374
206.823732165	0.0237803882243
213.822212552	0.0219886720142
209.690820731	0.0230308991286
204.106464001	0.0245281859493
205.509328535	0.0241497175823
207.135174226	0.023697362698
212.301369612	0.0223770541381
214.797588625	0.0217513328919
206.918677224	0.0237602128886
202.330139152	0.025028426709
197.879025619	0.0263212575769
204.739671985	0.0243714883406
209.092732204	0.0232068591761
192.961186392	0.0278135771545
203.479830022	0.0247235160957
196.572385196	0.0267149879136
206.307933701	0.0239503426721
207.29219844	0.0236631966462
210.627140734	0.0227894878936
205.694018862	0.024119511056
204.447528304	0.0244533306415
196.377604573	0.0267741621591
200.878921734	0.0254402315753
215.074923671	0.0216917581028
198.319218794	0.026213774721
196.01583017	0.0268852673104
191.641378255	0.0282496925981
198.736317284	0.0260749666757
202.591275029	0.02496083323
198.609498215	0.0261337597267
206.401420243	0.0238987111309
197.952990829	0.0263135810242
198.38229696	0.0261697883302
200.294379101	0.0256530822958
190.686247521	0.0285376545831
187.764309271	0.0294080196896
184.422877588	0.0305722574303
197.132162865	0.0265468237749
212.617506324	0.022304101878
209.21452949	0.0231527517946
202.651826733	0.0249459864878
200.718620169	0.0254784201078
192.728063163	0.0278679136229
215.326852432	0.0216007052296
197.925556812	0.0262924721036
190.796972058	0.0285190637529
191.476901313	0.0282271257315
201.898064894	0.0251768474243
215.670614967	0.0215470663659
211.040187796	0.0226686096042
192.240046809	0.0280319201781
204.03706719	0.0245544734639
164.087965723	0.0383554653313
218.167407599	0.0209359298069
210.749647669	0.022757975413
198.291136928	0.0262143224504
196.946476054	0.0265876511156
202.181444992	0.025070995221
203.276853442	0.0247808458877
200.838761566	0.0254738046802
209.119891724	0.0231913036586
203.374112109	0.0247273083154
169.54505575	0.0361846846541
197.290499729	0.026519296707
199.852098902	0.0257268883852
198.824445302	0.0260404224547
212.52762157	0.0223199762217
211.180157159	0.022647242459
202.812418494	0.0248914364681
217.081344543	0.0211641525164
216.163022798	0.0213987637007
216.934005375	0.0212012659967
209.804380146	0.0230105974554
200.868828038	0.0254353484286
201.087062557	0.0253931295403
197.237090589	0.0265015319485
195.192513194	0.0271149860192
202.574848027	0.0249963426928
202.564029226	0.0249576362993
206.933918377	0.0237875260081
212.335533366	0.0223636322591
205.063412163	0.0242636372078
203.731219367	0.0246472991848
200.517009859	0.0255434478734
202.869399633	0.0249093462914
190.173886015	0.0286828754237
190.607739305	0.0285307225078
197.184212648	0.0265046245491
205.925924674	0.0240190571178
198.965375965	0.0259937758118
206.371318644	0.0239583283941
212.908172874	0.0221983809561
199.993503259	0.0256756548124
193.188981381	0.0277157131822
197.651235937	0.02636868953
199.361805153	0.0258849612435
194.180023949	0.0274259024011
201.189856285	0.0253623860285
200.612695852	0.0254827069155
205.857475249	0.0240316859932
201.096137022	0.0253398100107
196.310775072	0.0267735486485
200.419946599	0.0255482728227
202.415332399	0.0250313602346
212.306239998	0.0223608725068
211.236123236	0.0226379834317
208.064007819	0.0234352168546
209.580559575	0.0230643044093
212.656061514	0.0222670297836
204.454072302	0.0244506421798
215.917591877	0.0214891749062
219.72067337	0.0205592246978
211.552067449	0.0225647871414
216.89896491	0.0212617531743
217.90543777	0.0209955528887
212.843180575	0.0222395903981
218.254283513	0.0209067148407
218.607933512	0.0208420749917
215.610192988	0.0215616402906
207.54892997	0.0235992572815
210.276824999	0.0228921876172
216.608442432	0.0213114103666
208.294141929	0.0234132107844
214.766383939	0.0217572771069
212.851388768	0.0222357751067
212.547260253	0.0223113439822
209.499496209	0.0231025659585
218.342490228	0.020875144927
211.386836962	0.0226175112973
214.496046076	0.0218395386345
217.831700851	0.0210165023725
217.08974666	0.0211832767683
208.37465584	0.0233933752646
213.489242381	0.0220705724387
213.308823626	0.0221217839772
219.296688209	0.0206534575628
217.447878844	0.0211334714483
216.362110145	0.0213864142045
207.762689457	0.0235462493282
208.166434768	0.0234410946329
216.642630232	0.0213397373877
220.498463265	0.0203809563489
213.455149877	0.0220926831296
211.325019827	0.0226249806068
220.409468467	0.0204008469369
220.132268424	0.020482598107
216.363795119	0.0213827915782
210.142559415	0.0229265850222
209.264942164	0.023151089956
213.702442269	0.0220244731411
216.125152329	0.0214279337478
211.051078823	0.0227062072812
211.586081981	0.022552389121
212.174431808	0.0224307341387
214.16224486	0.0219004532424
214.744232393	0.0217651729272
205.628741767	0.0241287755455
214.607737253	0.0218230293705
215.179472014	0.0216864821766
219.544473174	0.0206103833235
214.468644609	0.0218486850939
214.136635599	0.0219108430247
217.279239996	0.021185807663
221.007775566	0.0202774801101
215.880310168	0.0215034850454
209.798518919	0.0230106486818
210.066738568	0.0229505582406
215.657140389	0.0215335145275
216.026765791	0.0214474292111
212.379213172	0.0223629690901
212.567285056	0.0223064436643
212.244910276	0.0223953480858
217.303204663	0.0211524066298
217.67969802	0.021079023877
211.348612715	0.0226216068002
213.515699383	0.0220759071626
216.456559819	0.0213435806652
213.367924623	0.0221064860144
212.759362068	0.0222810679276
212.758460786	0.0222618423378
211.126622734	0.0227001287625
206.118701406	0.024016878499
207.385808905	0.023666395854
202.47840768	0.0250163233701
214.834792785	0.0217712368423
209.801934361	0.0230492276058
212.758991302	0.022265460902
216.653803568	0.0213353219904
219.384838097	0.0206632742973
214.023808478	0.0219669186623
211.305169856	0.0226785854129
224.048121777	0.019588783979
217.720364248	0.0210385049365
222.591749606	0.0199019663164
215.698615084	0.0215520150675
217.934344026	0.0209924594852
213.992475827	0.0219719725766
220.500769276	0.020384553155
215.185947232	0.021679495385
222.864550411	0.0198878591708
219.251153454	0.0207108781004
224.892444361	0.0193967004551
217.928433869	0.0210027742378
223.678276117	0.0197048684347
221.231442397	0.0202283481751
223.435717317	0.0197478951394
225.194191564	0.0193494635607
223.370536081	0.0197549009115
219.684709004	0.0205961620323
221.57731145	0.0201577399898
225.806531036	0.0192463122206
227.938213991	0.0187476433834
222.205232513	0.0200254679622
223.487649694	0.0197169771832
225.120415062	0.019370422545
217.210834283	0.0211792309123
212.131899403	0.0224351804324
216.463449546	0.0213616359001
213.926013147	0.0220149119046
214.157623513	0.021925616763
217.163693662	0.0212246019263
213.544617655	0.0220788693689
217.415903831	0.0211553612215
210.427608142	0.0228828576639
217.427603953	0.0211504265544
217.315221111	0.0212100035202
220.114888713	0.0204933500942
217.356154888	0.021174280521
219.079706925	0.0207367803313
223.426504165	0.0197690282753
219.663075545	0.0206195553282
219.72546633	0.0205954402104
219.287053276	0.0206951011145
223.74685037	0.0196938238368
228.690758962	0.0186047222968
226.506795475	0.0190603865143
228.533900111	0.0186546781143
229.622599028	0.0183977191722
230.311428044	0.0182840683318
232.61099442	0.017821227803
226.38113491	0.0190928689791
230.209458474	0.0182756588122
229.546551364	0.0184182932487
230.524353585	0.0182330451419
230.139523079	0.0182962660305
229.643790072	0.0184153139637
230.524025365	0.0182198509036
231.204547124	0.018068533999
227.948149737	0.018765986205
230.296405065	0.0182615416722
230.118576535	0.0183231942981
231.355543699	0.0180454389847
229.574246249	0.0184295159266
231.945819135	0.0179252680283
232.110909123	0.0178831702692
228.308892033	0.0186924531368
232.822932345	0.0177432358636
233.187243921	0.0177059282477
231.673862424	0.0179756930136
231.125977422	0.0181057916355
233.05386556	0.0177334569225
233.508277042	0.0176047250444
228.381748062	0.0186790576668
227.950641123	0.0187687505677
233.129860529	0.017706485866
232.009498419	0.0179168788926
232.357105918	0.0178709896668
231.823652996	0.0179679779484
229.669936621	0.0184214431694
227.337013324	0.0189208085577
230.009361374	0.0183554767421
230.975968304	0.0181623788235
231.334715535	0.0180742005196
229.600802298	0.018431036386
222.244537729	0.0200567450158
212.330952634	0.0224113272371
221.028090768	0.020299952755
212.993995537	0.0222235943543
227.627626649	0.0188808791177
224.464799965	0.0195623042012
203.764279274	0.0246709848014
224.972614113	0.0194172730787
228.244231875	0.0187045245026
217.094412165	0.0212120007268
217.658442909	0.0211114284909
230.930172876	0.0181367460336
224.867895606	0.01942287768
227.335869233	0.0189070897494
222.944626927	0.0198759480027
223.92413275	0.0196240579191
221.305676683	0.0202161144891
218.730784411	0.0208202163566
222.132381078	0.0200352642918
221.380000231	0.0202329642964
222.945720948	0.0198700244784
219.690307972	0.0206407402796
221.762726852	0.020131710182
217.008757128	0.0212575289103
220.384336788	0.0204824858864
217.327563812	0.0212055849807
215.024192185	0.0217514587743
219.562525364	0.0206353327987
216.260624513	0.0214321824274
230.842669936	0.0181418141821
225.145580834	0.0193471637146
223.521681343	0.019717280669
224.816123092	0.0194611562525
219.779592093	0.0205869090647
224.984744961	0.0193877512333
223.212325673	0.0197730227925
229.931373851	0.0183237930008
226.400872197	0.0191138405022
224.843572036	0.0194415697978
224.146436175	0.0195911457799
223.987164025	0.0196261365874
228.090420517	0.018754315117
229.00247405	0.0185266756278
223.95228883	0.01965750381
228.508259577	0.018664696795
227.405206689	0.0188610040097
228.662016236	0.01859501302
228.035440361	0.0187414654401
230.184705025	0.0182751151864
231.791548484	0.0179443306757
231.047804962	0.0181134265921
229.786067233	0.0183566896549
228.732506036	0.0186201090654
228.122018949	0.0187091352942
227.410597169	0.0189010645171
229.12197221	0.0185050517675
227.921790925	0.0187888196196
226.336294684	0.0191303860644
230.179371723	0.0183182730405
229.120214737	0.0185006083232
228.661869755	0.0186224447752
229.410449386	0.018486549185
229.664631949	0.0184238396691
231.470663264	0.0180281726681
231.397066632	0.0180451335546
232.212604929	0.0178571921679
232.074295045	0.0178791592079
231.880834481	0.0179632955867
231.208148427	0.0181032711501
229.74005236	0.0184069697598
229.425257898	0.0184673312763
228.965220752	0.0185678746214
230.642160799	0.0182176922611
231.238318284	0.0180934335623
232.074901703	0.0179196948043
232.83256075	0.0177328139327
230.640807157	0.0181905473129
231.409938341	0.0180346326574
230.996431464	0.0181311410816
231.47242821	0.0180266777281
231.345537181	0.0180648546853
231.722448457	0.0179739938057
231.898476158	0.0179282570359
229.889079065	0.018366165894
232.240253391	0.0178597963375
229.674697256	0.0184078817008
230.560266787	0.018237178698
229.995274139	0.0183561615635
229.216385278	0.018509455804
231.907907268	0.0179491210223
232.611308818	0.0177777226455
230.665141715	0.0182106333677
230.181170424	0.0183130788787
232.445816229	0.0178116481954
231.167131104	0.0180818699528
232.012007949	0.0179236556652
232.879347584	0.0177338107957
231.392418832	0.0180455943412
232.339521076	0.0178656018576
232.905361825	0.0177224290617
231.210364417	0.0180979318829
233.258214255	0.0176551071346
231.287362746	0.0180587018937
232.174685991	0.0179016824363
233.375922069	0.0176300854264
231.03943411	0.0181184959556
230.902122517	0.01814613279
231.225483923	0.0180806812295
231.232942784	0.018086421019
232.177671798	0.0178865432805
231.69999688	0.0179701824317
230.173872668	0.0183192392193
232.385759411	0.0178335138773
230.825360847	0.0181547938957
229.888863742	0.0183831939958
232.061113249	0.0178981480413
230.921958621	0.0181344922797
229.957382887	0.0183531297847
231.757009484	0.0179635167327
229.223918452	0.0185017702763
231.177109767	0.018080525904
228.51321839	0.0186479430636
227.955621924	0.0187941105555
229.64297428	0.0184168655048
230.218408553	0.0182885749445
228.674739773	0.0186058392816
227.348773127	0.0189072285217
226.363724631	0.0191384581599
226.09872747	0.0191922541394
227.869853716	0.0188071762292
229.467584906	0.0184436482197
227.703879775	0.0188139346111
227.056314827	0.018979632781
228.613308011	0.0186179429796
227.530865656	0.0188407938028
226.57836501	0.0190800792255
228.43610757	0.018644778744
227.116563736	0.0189286168002
226.141777779	0.0191653194174
228.021410665	0.0187502029529
226.130719616	0.0191593147889
227.172587385	0.0189217355239
225.271721409	0.0193460233948
226.958070537	0.0189689928005
225.278387306	0.0193288945133
224.663644142	0.019501521446
226.723539599	0.0190196822071
224.604503141	0.0194929569386
226.253889671	0.0191232338172
225.516067958	0.0192824238544
226.114807431	0.0191476596029
225.080047415	0.0193923156499
224.492975867	0.0195254266729
225.407509756	0.01930381591
224.300532675	0.0195642888745
225.996470945	0.0191921755474
225.996333214	0.0191756890707
225.314056304	0.0193465908378
225.091552127	0.0193951937539
225.206913436	0.0193769975079
225.771282262	0.0192461316837
227.551347503	0.0188461513904
226.105903431	0.0191731227333
228.251910746	0.0186985639894
228.517297403	0.0186368623278
226.984761138	0.0189936102817
227.905278926	0.0187698550532
227.337536384	0.0188957667628
227.119463397	0.0189422908672
226.194920794	0.0191429683972
226.710917773	0.0190228391816
226.800734232	0.0189976329903
225.831095312	0.01922867785
226.150840867	0.0191515014444
225.561795472	0.0193120367531
227.249627193	0.0189057430456
226.748540245	0.0190108452367
226.579783814	0.0190580486127
227.274799716	0.0188954593751
226.256112016	0.0191451182251
226.998230117	0.0189815862
228.29068967	0.0187036768032
228.368433878	0.0186749278822
228.784121706	0.0185776080113
229.825907535	0.0183472655343
228.914267449	0.0185496399763
227.906609322	0.0187553576479
229.508505492	0.0184612555485
227.398177231	0.0189157882619
228.395987751	0.018676360528
229.413531367	0.0184533570066
229.182951874	0.018496852041
228.599508631	0.0186485830433
229.329367238	0.0184941259325
229.223039013	0.0185193805514
230.2713368	0.0182613579424
229.360922322	0.0184611051251
229.688766553	0.0183879749031
228.906245599	0.0185967592452
229.363153677	0.0184983366589
229.480329912	0.0184690868804
230.02124518	0.0183167284809
228.73228028	0.0186057524311
229.862040074	0.0183481783656
229.067004537	0.0185487681399
229.502427068	0.0184690044272
229.537516528	0.0184520016295
230.658901611	0.018189522056
229.773174591	0.0183758728068
229.592085538	0.0184100301803
229.39975925	0.0184680766132
230.558280987	0.0182123721252
229.205968538	0.0185059064428
229.792438194	0.0183714935051
229.164150651	0.0185268399194
230.592191881	0.0182008764874
229.341469173	0.0184724603235
230.723482581	0.0181836653488
229.724905083	0.0183883515138
230.411860215	0.0182676484247
229.88846203	0.018357567818
230.626533612	0.0181880455306
229.941841964	0.0183583142148
230.704265394	0.0181830298631
229.950263834	0.0183521703317
230.723692965	0.0181805387465
230.197499723	0.0182891879717
230.636907095	0.0181904841767
229.981437969	0.0183421290953
230.358187402	0.0182841412436
230.271127669	0.0182827337413
230.383187477	0.0182576439145
229.690467811	0.018431127587
230.552103844	0.0182527856895
230.410635197	0.0182528935225
230.513303655	0.0182187260996
229.961814964	0.0183610927358
230.206198959	0.0183262919184
230.229938058	0.0183085437895
230.352682024	0.0182789025532
230.089886363	0.0183418424589
230.353477026	0.0182889467713
230.0952874	0.0183438746193
230.343621734	0.0182766611683
230.458661476	0.018236294272
230.156413967	0.0182929593755
230.000860297	0.0183467140117
230.479367967	0.0182385730424
230.043576075	0.0183258665359
229.779103922	0.0183786384504
230.09477079	0.0183114605405
230.100899025	0.0183162463437
230.112014826	0.0183101836354
229.594414573	0.0184158229804
230.171051339	0.0182950046697
229.905525551	0.0183516655508
230.176427311	0.0182953151775
229.668809554	0.0183984630139
230.185367144	0.0182918039428
229.572272724	0.0184273212825
230.164594928	0.0182978755405
229.191837163	0.0184950858547
230.218375314	0.0182845979078
229.433384749	0.0184399972832
230.245750978	0.0182787957519
229.210868893	0.0184870875376
230.232642223	0.0182795192378
228.973916943	0.01854821461
230.248871697	0.0182739528228
228.989151676	0.0185403073088
230.071529564	0.0183151458029
228.819320672	0.0185888430001
230.252515383	0.0182735793328
228.779437659	0.0185770448825
230.017423794	0.0183398403927
228.678775075	0.0186301292617
230.261669941	0.0182711810285
229.004311979	0.01853325894
229.899772839	0.0183661583563
228.482785738	0.0186747723053
229.806767352	0.0183970820142
229.204243548	0.0184961079516
229.94137374	0.0183309681888
229.015749418	0.0185344373722
230.032979285	0.0183127372408
228.838745685	0.0185717008171
230.006438191	0.0183195196793
228.650943877	0.0186166605995
230.018931825	0.0183245780885
229.019126117	0.0185324522706
229.922726086	0.0183373668342
229.257712927	0.0184834070161
229.97382374	0.018330956791
229.365872789	0.0184708204502
229.96312761	0.0183402541136
229.569523363	0.0184167605984
230.192324666	0.0182780228134
229.322345284	0.0184765466244
230.364496862	0.018245044177
229.163149507	0.0185037525345
230.150609909	0.0182900417299
229.281429144	0.0184775887126
230.168959691	0.0182850782102
229.438505126	0.018442836443
230.119613589	0.0183015858991
229.390796363	0.0184536473499
229.942584065	0.0183374370851
229.5733974	0.0184268888207
230.354940587	0.0182497942449
229.5609237	0.0184231733031
230.224383802	0.0182750639351
229.488868846	0.0184308181417
230.123197164	0.0182995416312
230.000823507	0.018323400348
229.914981681	0.0183460648168
230.023644248	0.0183209733984
229.965763522	0.0183330921996
229.801686068	0.0183683232189
229.912191732	0.018345060331
229.679718455	0.018395509827
229.889639513	0.0183500652864
229.832505972	0.0183598801542
229.542303037	0.0184211132919
229.503207722	0.0184298713814
229.449940887	0.0184415000908
229.257973201	0.0184835604305
229.438814386	0.0184456308611
229.370841976	0.0184602432432
231.224887036	0.0180834374414
235.618419967	0.0172201182226
240.366068017	0.0163261861045
244.321070585	0.0156190599998
247.628151495	0.0150595298604
250.519152736	0.0145778118862
253.147529371	0.014163278735
255.079949288	0.0138641287917
256.998009882	0.0135707443216
258.182440429	0.0134009461688
259.209766213	0.0132411535533
260.164156232	0.0131072213798
260.892854509	0.0129954585608
261.762426896	0.0128751345758
262.303460564	0.0128085060209
262.432887274	0.0127962309437
263.172539748	0.0126952699847
263.396850833	0.0126633330173
263.698895228	0.0126178813295
263.877790126	0.012586007672
264.01505675	0.0125684034317
264.048032683	0.0125643264927
263.589104151	0.0126329506187
263.687560021	0.012616553424
263.427283529	0.0126490496615
263.383442326	0.0126586478035
263.003554107	0.0127089229339
262.840889663	0.0127388206114
262.714800426	0.0127549985777
262.387564732	0.0127982643959
262.290594024	0.0128160807389
262.028708017	0.0128593151102
261.699503932	0.012899754164
261.317815408	0.0129615230555
261.077924588	0.0129961699456
260.789692599	0.0130335644802
260.2732693	0.0131073260729
259.671028933	0.0131910478298
259.213796274	0.0132545020158
259.207678784	0.0132463606672
259.310400721	0.0132286391531
259.067344216	0.013260759674
258.606946846	0.013329347475
258.482420011	0.0133460617922
258.037223412	0.0134124743074
257.605617747	0.013473058367
257.295762423	0.0134978896119
256.964809402	0.013530392188
256.745632014	0.0135622877719
256.159049246	0.0136439481915
255.512171304	0.0137328994267
254.981264705	0.0137975767412
255.249850613	0.013765113348
257.177069605	0.0134671613164