6	0.0	0.0	1.0	0.0
7	0.0	1.0	0.0	0.0
11	1.0	0.0	0.0	0.0
17	1.0	0.0	0.0	0.0
23	0.49562485155	0.0	0.50437514845	0.0
24	0.0	0.0	1.0	0.0
25	1.0	0.0	0.0	0.0
26	0.0	0.0	1.0	0.0
39	0.0	1.0	0.0	0.0
40	0.0	0.00835045274327	0.0	0.991649547257
41	0.0	1.0	0.0	0.0
42	0.0	0.516450792574	0.0	0.483549207426
43	0.0	1.0	0.0	0.0
45	0.0	0.483962384191	0.0	0.516037615809
46	0.0	0.999999999996	0.0	4.25772650718e-12
47	0.0	0.0	0.0	1.0
48	0.0	0.488747438369	0.0	0.511252561631
49	0.0	1.0	0.0	0.0
53	0.0	0.0	0.0	1.0
54	0.0	0.464639598765	0.0	0.535360401235
61	0.0	1.0	0.0	0.0
62	0.0	8.33347461451e-05	0.0	0.999916665254
63	0.0	0.0	0.0	1.0
64	0.0	0.0	0.0	1.0
65	0.0	1.0	0.0	0.0
66	0.0	1.0	0.0	7.46934159466e-185
67	0.0	0.0	0.0	1.0
68	0.0	1.0	0.0	0.0
69	0.0	1.0	0.0	0.0
70	0.0	0.0	0.0	1.0
72	0.0	0.0	0.0	1.0
73	0.0	0.0	0.0	1.0
74	0.0	0.785624782911	0.0	0.214375217089
76	0.0	0.48129517666	0.0	0.51870482334
79	0.0	0.0	1.0	0.0
80	0.780045696588	0.0	0.219954303412	0.0
84	0.0	0.0	1.0	0.0
86	0.0	1.0	0.0	0.0
90	0.0	1.0	0.0	0.0
91	0.0	0.0	0.595388848054	0.404611151946
92	0.0	0.0370057561901	0.0	0.96299424381
94	0.0	0.995291915041	0.00470808495934	0.0
95	0.0	0.993143302603	0.0	0.00685669739741
97	0.0	0.374270618647	0.625729381353	0.0
98	0.0	0.971863859168	0.00539145995047	0.0227446808816
99	0.0	0.00213855255888	0.997861447441	0.0
100	0.0	0.999996730543	3.2694570453e-06	0.0
104	1.04392016322e-46	0.606721825864	0.392793067711	0.000485106424871
105	0.0	0.0	1.0	0.0
107	0.0	0.0	1.0	0.0
113	1.0	0.0	0.0	0.0
114	0.0	0.0	1.0	0.0
115	0.999999999933	0.0	6.68865476299e-11	0.0
116	1.78639167778e-291	0.98770332127	0.0122966787302	0.0
117	0.0	1.0	0.0	0.0
118	0.0	1.0	0.0	0.0
119	0.0	0.000758542337096	0.0	0.999241457663
121	0.0	0.0	0.0	1.0
125	0.0	0.0	0.0	1.0
126	0.0	1.0	0.0	0.0
127	0.0	0.0	0.0	1.0
128	0.0	0.977996929636	0.0	0.0220030703643
165	0.0	1.0	0.0	0.0
166	0.0	0.979968049052	0.0	0.0200319509485
167	0.0	1.0	0.0	0.0
168	0.0	0.0	0.0	1.0
170	0.0	0.0	1.0	0.0
172	0.0	1.0	0.0	0.0
175	0.0	1.0	0.0	0.0
176	0.0	0.0	1.0	0.0
178	0.0	0.0	1.0	0.0
189	0.0	0.0	1.0	0.0
190	0.289132259964	0.0	0.710867740036	0.0
191	0.0	0.0	1.0	0.0
192	0.0	0.0	1.0	0.0
193	1.0	0.0	9.04709992759e-18	0.0
194	0.988341846871	0.0	0.0116581531293	0.0
195	1.0	0.0	0.0	0.0
196	1.0	0.0	0.0	0.0
197	0.0426876236568	0.0	0.957312376343	0.0
198	0.999997423314	0.0	2.57668648063e-06	0.0
199	1.0	0.0	0.0	0.0
200	5.74825076846e-58	0.0	1.0	0.0
201	1.0	0.0	0.0	0.0
202	0.48595755777	0.0	0.51404244223	0.0
206	0.739914877023	0.0	0.260085122977	0.0
207	1.0	0.0	0.0	0.0
208	0.00115080842597	0.0	0.998849191574	0.0
211	1.43281589794e-166	0.0	1.0	0.0
