-67.2530684479	0.517659899417
3.80593957251	0.232332226523
-18.8511588084	0.300394592764
-64.581644978	0.502173603
51.5527870086	0.13567376434
-3.76982004324	0.25265332451
-3.70475994642	0.253148559079
37.5251703016	0.156987596407
29.8058038985	0.16787434448
4.46394376657	0.223681549018
26.675481673	0.172821532776
4.28363462121	0.230360858721
16.5316224673	0.197736109128
-26.1486024715	0.326346458179
-6.18580344384	0.259336583959
57.0359510835	0.127840308141
-30.8090600975	0.343223083478
-20.0258376803	0.304550874837
-42.9491236618	0.394253082768
-39.9780300974	0.381309700917
25.696137142	0.181568778742
-50.8280414527	0.430467472455
-50.4592738111	0.428697419588
-58.9905853417	0.471497521855
76.5450156547	0.102987888588
66.0195998499	0.11429636769
-1.48597674777	0.246680059015
-18.1140486632	0.29757096233
-0.243062670008	0.242243579772
0.236822210385	0.234432635226
14.2941256292	0.199164955413
12.962744919	0.207265583408
-0.624861036036	0.23939299092
56.1122804104	0.129231058383
19.7128424496	0.187150541806
-4.9930657275	0.255439051388
-9.57917537582	0.261107134832
47.45191102	0.142138878368
38.1485956939	0.153945541281
-20.3922391595	0.305557397254
-13.0654992734	0.278466630699
43.73423213	0.143480724618
17.72829936	0.194046364213
-39.2874119321	0.374108773945
12.6814588751	0.205574325887
-19.8396038528	0.2969570069
28.2124432478	0.176613797824
30.7494439804	0.16451234904
-8.46582657719	0.267182519611
-11.4200314743	0.276281487128
29.1083646341	0.166949537768
27.1072665937	0.178236785912
28.1330626646	0.176405457546
7.36886771678	0.217926713511
33.7924963703	0.163678843095
14.122711423	0.202281595231
-60.2891443903	0.476611492509
103.838403551	0.0758686724761
13.6002673083	0.20346947091
35.7801176495	0.155510724721
-3.26715555569	0.25005401657
-11.2361285325	0.272352829096
-6.19651208812	0.260420551902
25.9596574701	0.181023877624
8.29201501849	0.220786602842
80.8168824714	0.0981889918021
63.0790590237	0.118791317654
19.3029010471	0.195362209083
14.6880503738	0.204668044713
-7.50391808421	0.264333565807
28.8477441926	0.175197314832
81.1961239807	0.0976022324447
61.2297127508	0.122101040949
-10.9924860578	0.274845351311
21.8509879359	0.189755771418
63.1547948558	0.119410931582
31.4867295147	0.170318689899
-0.506525594198	0.244005376114
14.5021304262	0.205670189644
51.1773457956	0.136196480981
60.3985440424	0.123057794256
35.3792933767	0.162926321135
46.4303613288	0.14376514992
53.2322922877	0.133413579367
86.6958742644	0.0919310681546
47.1088446853	0.142878884358
68.717178825	0.112186820399
85.9081579933	0.0927360770862
28.7422428853	0.175653198066
81.3148752316	0.0975038868545
64.0014135859	0.118098590926
41.7631594755	0.151718834786
61.1186206515	0.122251505839
62.6800654394	0.120061111308
85.6038439462	0.0930398337783
80.5177402821	0.0984504682474
57.6189285303	0.127074857103
108.891007655	0.0717388535448
76.0744764768	0.103423382038
61.1848236534	0.122116682456
107.388637259	0.0729433181887
107.311181097	0.0730207990806
58.4101537393	0.126034861963
77.3057528662	0.101983687482
46.2153466072	0.143971005806
113.875875407	0.0678422619029
72.6438037211	0.107545293359
74.5771276689	0.105224211871
91.5348788853	0.0870617008048
71.7888615242	0.108409985246
97.2955087684	0.0816811689098
63.1071775061	0.11958180905
72.812082617	0.10713230653
95.4718350947	0.0833335574366
98.8358917303	0.0802628232312
66.4362321303	0.11526074666
78.6798963016	0.100533566839
51.808352077	0.135263369666
40.9511972592	0.152737551622
68.3547947112	0.112559594223
86.9114183974	0.0916718168303
95.6593126987	0.0831639300399
101.393234198	0.0780008062291
100.055230033	0.0791666837362
99.4626884508	0.0797133647538
99.9916938948	0.079245735356
94.0819884627	0.08463364015
74.9493819171	0.104646096802
95.4133727303	0.0833961712892
72.3656917751	0.107673818536
69.3746168574	0.11130331737
65.3064485835	0.116428556671
21.4746510113	0.189966180269
16.2771565807	0.201274586974
27.1623863925	0.178057767241
3.03919013132	0.233037294263
-18.4118492818	0.296836907423
-19.8374722094	0.300207278039
65.035806678	0.116810348177
8.82090413672	0.218726030887
-0.33308089596	0.2426573132
47.0435860061	0.142928895501
16.3825324199	0.196864501853
10.3297638177	0.209670526815
13.2021355529	0.205341614638
-14.500242427	0.277614274027
25.2554834144	0.176575383275
-20.8194875271	0.306974541257
0.0362391668654	0.237526118462
73.3865526816	0.10668908372
121.992410878	0.061881776855
20.1295254617	0.187867410245
26.3154075367	0.180466712938
-13.6526002269	0.283333859337
119.925141271	0.0628786837807
104.920195608	0.0745725009087
20.8564991556	0.191572997755
-16.3171612348	0.290382726531
112.61714135	0.0678267824401
-0.711408475851	0.244092356489
14.2847960585	0.205167864803
20.7905173985	0.186709266273
45.9837352149	0.144417613576
51.6467767875	0.132566965864
-1.61745544093	0.243530302054
10.7871341354	0.211860881964
-20.4581284815	0.306001558503
9.90740949062	0.21698458783
79.4250874261	0.097262914465
82.0768494259	0.094319317342
28.331513426	0.169288201926
0.201692554352	0.238974846841
0.475780344841	0.234472068313
51.439354755	0.135936960374
22.9440141974	0.187397263619
105.338334044	0.0745817617605
-14.9714127088	0.287507975466
42.4972145125	0.148982686233
66.7853708851	0.114848446766
0.729069209867	0.240461910164
65.3379874146	0.116663968518
33.1841563537	0.16644829221
46.5671222558	0.143563373469
120.752676592	0.0627845109684
7.63401025444	0.219778262757
46.5124657305	0.140406513996
116.770351153	0.0656811013109
-1.47204004037	0.246789885153
15.0457998709	0.204953994315
35.8260722031	0.157168159696
36.185589619	0.154692453663
21.2909026508	0.184648541481
99.6432691004	0.0796097609312
57.821787733	0.126590865586
13.4319052236	0.20585403446
47.563743514	0.141827655301
63.2135483145	0.119376198575
18.0848657633	0.197429229296
32.2687772497	0.168483432946
12.3889154816	0.20915569933
32.531732557	0.167693753135
14.0148846813	0.207278707416
10.2149964337	0.214597392093
33.4443689659	0.1636973384
-9.04145645941	0.266244250324
13.61418147	0.200181241775
-9.90575505079	0.268444177748
70.4900655107	0.1099590613
3.71943139983	0.232778031884
-12.8137093345	0.278268464066
21.1296172128	0.184016446357
-10.1425891814	0.266636445787
96.7103614853	0.0822085380381
25.5974340875	0.181634288466
17.6556166505	0.198840821777
-17.6275593008	0.296143041144
140.273498368	0.0503618453633
183.694546324	0.0308231723585
35.9697606976	0.15566277531
21.3772378273	0.186956146866
98.018065543	0.0790292965985
39.0968387118	0.153122189641
30.1235717618	0.171868781549
85.4375657903	0.0932550972689
67.6227358619	0.112281037885
11.5170777448	0.207277858343
-16.9981243235	0.288770182238
19.0640609885	0.195335256567
41.9270332598	0.148006064786
49.2560623572	0.136053970828
67.6007208156	0.113568344127
62.9206334945	0.119587716569
-6.84750732939	0.254602558801
15.6371212574	0.200906113671
54.5397792144	0.129886452524
25.3952413136	0.176416480285
17.649718163	0.192393243395
5.26587694182	0.222359522234
96.0394135852	0.082902051147
90.2488162118	0.0884631774346
22.423326346	0.182097159711
57.8609251627	0.126777367206
4.53001151218	0.229966924281
87.5006971419	0.091135794284
82.5883158571	0.096290402406
53.9714383238	0.129355279801
12.1858218853	0.21015844153
44.8418850274	0.14171253522
10.8696311791	0.211069079157
37.9032936381	0.157791441294
32.9916803771	0.160945778613
93.5073874248	0.0852723029149
98.3544236444	0.079067230156
11.6603805649	0.206734052207
55.0134299964	0.13050316821
52.3706557916	0.131693774197
48.9908364224	0.139629642867
32.3463964819	0.162296299885
67.263724691	0.111931317846
15.7348208078	0.19761385365
46.1611807598	0.144192115857
8.70307829297	0.215505397282
135.341371056	0.053211868798
13.6017408303	0.204639686921
13.2369843262	0.206176389317
28.6241689185	0.172345638805
52.1231934156	0.131730769445
59.4636277133	0.124249547697
62.5971552354	0.120185242839
73.7951651108	0.105849442835
34.5804076342	0.157905576066
21.8683662242	0.18531879068
28.7462289673	0.174651019222
73.6228464475	0.106198785451
78.7569411317	0.0988767249572
64.5682663033	0.117480374569
56.4875775739	0.125648139709
48.2952590347	0.137097334726
54.6888434968	0.12848296374
48.5244407142	0.1360602328
21.2421878092	0.187502107995
31.0292241413	0.170270807574
90.0529984659	0.0885664276687
13.6508563946	0.206408938273
-8.65629046538	0.266063067152
140.970246121	0.0496851661998
73.580964319	0.104280902414
25.9891480549	0.174534611357
159.889890884	0.039886472386
29.709651579	0.168662661339
152.379327061	0.0437558929769
59.1898297484	0.124879580196
35.6727451891	0.160604856516
49.8701849567	0.134414982305
60.0217948039	0.123675015578
136.240589376	0.0526574192569
32.9581197721	0.161285396236
199.321381356	0.0258949795034
49.3456665562	0.139383429611
62.7767188481	0.117168656436
29.6445458786	0.166851306369
31.5915675186	0.164002090184
16.4053298394	0.196839905515
5.13736370705	0.227311210073
51.2842026574	0.133247254324
30.4404664671	0.168638935001
13.1277447242	0.20639039091
133.288784208	0.0545069684683
20.2772910416	0.191568094794
99.4000590473	0.079864531292
38.3764051753	0.151585179403
29.3773516141	0.16870487812
111.979272587	0.0693527119636
130.194171478	0.056458067773
66.319980183	0.112431707356
21.1655545561	0.183511101271
73.9939879242	0.105821493298
68.152020112	0.112865647593
24.2030096617	0.184054285362
27.7121006287	0.177529167344
134.344314083	0.0538201053921
54.125831969	0.128165835152
23.2437415264	0.185297023552
55.5777714925	0.127003123457
144.331791902	0.0475649149516
41.308777032	0.151843516141
56.0466697393	0.125971425047
15.8809014023	0.197113800847
154.509844145	0.0428366811968
129.880963521	0.0566322115863
62.7211326018	0.11905948669
18.1758291795	0.195393523969
54.3476541946	0.131387659558
42.0483204021	0.149600860698
30.8476129135	0.165858292077
199.310066501	0.0258628859963
20.6941187853	0.18987275893
79.4167588643	0.0975277877082
32.8215277926	0.161637825425
32.3961662268	0.162460345557
25.1047675297	0.178962594296
99.1397759256	0.0796388039964
39.9120870214	0.148724082375
29.084205958	0.16974467378
161.432290839	0.0395717864714
101.24100379	0.0781540813685
39.5575200685	0.152240172996
23.2396571414	0.183366601877
27.8146722444	0.170277176747
24.5618017837	0.180389627025
85.1489415738	0.0935666995679
83.3064221993	0.0954839315527
30.5119420757	0.166501370734
27.9160818946	0.172052699699
123.007726861	0.0612251137463
24.6588289063	0.17948389631
14.0916482827	0.199733281433
69.5039139856	0.10842631827
28.274619366	0.171075198491
107.081811104	0.0719238601004
32.4517074587	0.168057735395
94.1364049053	0.0825026174595
165.305008495	0.0377757770366
26.5448715125	0.179100106309
84.92874487	0.093817958023
119.788090153	0.0624665221062
12.2296649167	0.209319504005
116.974632465	0.063944285906
61.6892596731	0.121181813957
13.4311732502	0.206610509477
178.119000174	0.0328816224871
99.4401137835	0.0798066180159
41.2793315626	0.146539572775
152.52377071	0.0432429785161
24.2128551686	0.183276120576
48.6269870211	0.140473053318
114.271745662	0.0675853612325
85.5294963636	0.0927864351768
142.993436433	0.0487853750538
26.018572092	0.175736246764
95.8537800847	0.0830620031323
98.4273916862	0.0786186153423
49.1921782438	0.136612603039
51.8905856	0.130672091095
33.0330049451	0.161228988276
132.796257032	0.0537649252385
33.2129549182	0.160477470944
29.615662286	0.16913803642
94.0094734622	0.0847794005564
34.2683330721	0.158856379788
45.991885152	0.139294826474
81.049644723	0.0956247619796
44.4973074492	0.141433756588
28.3014554842	0.172446740409
167.406036346	0.0370232101515
32.9212135798	0.16099235175
28.1498648564	0.172306046401
106.558821711	0.0718715958647
122.301476888	0.0606097223749
34.3884261204	0.1587852762
115.566672856	0.0651477435746
18.8221007395	0.194060677374
145.1161381	0.0476149803121
66.7278353597	0.111844887489
92.160826718	0.0847066571093
177.333648198	0.0331811168676
34.6756406164	0.157905277232
48.2140040416	0.135950593594
68.6350584801	0.112217788172
48.2115251566	0.140616641199
42.8956988474	0.149201666898
57.0108618389	0.127569752672
44.8281834105	0.145993190904
107.085480151	0.0731922730625
16.7194889803	0.199643230009
46.3408195195	0.143556818925
27.2618984759	0.177434087803
65.3570259435	0.116335440231
25.550214069	0.181038531077
49.2634415155	0.138995885434
39.7426850006	0.154483064813
45.6420473377	0.144714666794
42.2895159062	0.15025104799
49.859930035	0.138122890425
38.4976542785	0.15675808568
47.4195446028	0.14194196355
37.3597993275	0.15882090495
38.5582100897	0.156624936897
46.1838688761	0.143894717927
31.0384343566	0.170337511673
32.3745861563	0.167625214383
28.2864305873	0.175741633463
139.332973703	0.050863948137
62.8900713745	0.116842055992
101.644329577	0.077803244658
63.3199069378	0.11916870408
23.1824204296	0.185892959877
26.0800001602	0.179789778505
108.217540582	0.0722967159535
55.2703114095	0.130119299671
43.7795652799	0.14780414305
18.2482918319	0.195483832785
88.0590909595	0.0885614022721
109.908622561	0.0709674273626
57.2492313736	0.124764348032
113.851240592	0.0678503439067
30.5299380344	0.166944947484
56.5734482674	0.124501885237
196.658156614	0.0266680715914
23.5505775467	0.18579609915
61.7985938951	0.118269360945
81.121421858	0.0964848953824
26.6091822778	0.178518859131
210.542399677	0.0227508364742
62.4636913808	0.116983662585
40.6785133463	0.14887237158
145.182404709	0.0469871219837
42.0838313984	0.150974694254
69.4366039606	0.109316923546
144.524298409	0.0471327035509
101.233804325	0.0782293706489
115.740130858	0.0664141937514
192.036173352	0.0281293992467
99.8510867572	0.0787741671183
60.1361792137	0.123285091429
73.5829490434	0.106364262166
93.6991660777	0.0830431613573
54.6317363081	0.131020408266
67.009991609	0.113019289527
66.7219513087	0.112061501459
58.1699938725	0.12274305266
79.988424467	0.0989673772478
110.030732441	0.0708425200765
130.778548138	0.0558561579234
67.8039903485	0.110352248471
53.0631991712	0.130841599129
46.185039362	0.139121747399
59.8570900332	0.12004756377
100.822465514	0.0779484129079
137.153157089	0.0512405737969
74.7232087202	0.104935674247
115.253000606	0.0653704560061
71.7386467603	0.106367337857
79.166386361	0.100050855381
83.2896359788	0.0955474333812
62.0454531517	0.120703770152
73.7245872373	0.106110094607
51.9070779661	0.134972633134
123.236380427	0.0610441857452
59.0436634983	0.124785199923
123.452735219	0.0607041803064
170.584356438	0.0357824340602
153.746430619	0.0430517134125
121.857759323	0.061232877035
73.8885948604	0.105926286322
180.036616791	0.032185034386
84.4528408958	0.0926759091086
74.1531056842	0.103779239971
70.8103030206	0.106876816705
96.0781347066	0.080766188395
70.5135334938	0.107065242102
89.0548164467	0.0895788885106
74.9939092921	0.10223689614
65.3758624469	0.113627584221
118.579042691	0.0628279427723
74.6987779685	0.105093477658
168.068865665	0.0367077820107
73.5944625023	0.103507777127
49.444286473	0.134555667964
121.882683592	0.061989151741
74.3464151859	0.102684699851
91.1778782591	0.0874811561419
64.9966236313	0.114127544311
98.5288140393	0.0806437993752
183.547382727	0.0308170843942
103.0080032	0.0748143239026
99.2367295492	0.079999023784
102.610859567	0.0750725731602
74.5275278532	0.102679653733
72.2469248605	0.105035914262
64.9854351816	0.113652288787
155.606077582	0.0417579016742
78.4616087084	0.0985212600901
146.473693806	0.0465793486608
130.735913036	0.0555281047564
126.52828655	0.0575235265074
115.425456532	0.0650941998499
151.499339306	0.0440183552867
43.2195909885	0.148808193183
125.641980147	0.0582949340483
186.560284309	0.0298730638273
157.768571449	0.0409849037462
100.075244329	0.0792310120904
109.010044119	0.0716846453579
95.1529188329	0.0837039692988
173.748979322	0.0345601194269
84.7503670706	0.0940253697284
128.769910065	0.0572986650154
77.4977865329	0.101760694435
125.387462089	0.0591744790868
92.6304239945	0.0839947695185
114.403673876	0.0674429169486
145.155816757	0.0476356846343
193.945464567	0.0274860763304
200.629905486	0.0255411150778
125.048224602	0.0597099909687
131.374327404	0.0556519097585
149.321024704	0.0454030799969
110.763619297	0.0693424531724
119.307856694	0.0637987983229
105.605525905	0.0739679471956
185.260694484	0.03033539339
106.292701978	0.0733913979058
102.855805243	0.0747983166801
137.403037901	0.0518995682143
84.0836777366	0.0928502988667
109.886902326	0.0694980844659
115.849301379	0.0663052606694
160.38890874	0.0401278613161
114.605445518	0.0672849032382
92.0994688054	0.0866042276115
101.008386631	0.0784246513879
88.2290171901	0.0904503313336
135.189583169	0.0530378610199
158.657184915	0.0404381789461
162.159929188	0.0389183385899
111.017130633	0.0700711004648
150.861874314	0.044039787764
149.056274294	0.0455900657986
146.203813328	0.0463473404978
73.4813535978	0.104849651904
183.851088319	0.0308445693287
232.836756496	0.0176828032948
133.796316853	0.0541627366341
199.484020216	0.0258114593575
137.624877119	0.0513959929837
82.9191057899	0.0934052723819
128.936878706	0.0572350277018
166.834653159	0.0373174964664
108.855616563	0.071817246015
87.6894615524	0.0892502902223
202.703163485	0.0248843933026
115.107238088	0.0655267723639
78.9623737885	0.0977226016016
191.367533834	0.028303508819
77.4373445765	0.100133990743
155.410310745	0.0423542203531
87.6689139293	0.0889519331396
113.543622433	0.0680993866466
113.376236798	0.0667404726956
137.292203218	0.051861156207
164.215570445	0.0380803347204
96.8640755587	0.0821405897231
106.219604764	0.0726639215001
196.071374424	0.0268178944829
105.247767374	0.0729231487916
135.624112147	0.0521217997751
107.990426516	0.0725132746771
129.238611202	0.0559737828301
126.411801002	0.0586181201307
100.866315034	0.0766856101618
95.8829954553	0.080694455467
101.849928913	0.0760210690657
226.130178277	0.0191217791827
97.4747421075	0.0792988925892
188.785774201	0.0291166155493
111.755532269	0.0681449740733
188.892554453	0.029117445264
114.567493081	0.0659276861321
136.029467887	0.0519044664293
130.493933977	0.0551542357599
86.5379428288	0.0895617006901
120.3908341	0.0617100230159
149.325130076	0.0452191720067
142.93578462	0.048816715543
141.344012741	0.049743974343
159.804941006	0.0401217089682
133.468835976	0.0537763451857
73.6110459955	0.103809069876
94.3878820787	0.0820513792814
119.279861115	0.0624642325404
129.202600879	0.0570150847022
101.1004301	0.0783087404427
79.6140311566	0.099465668603
135.56183114	0.0530916084284
174.272590718	0.0342237657364
139.026948266	0.0503093662772
151.930864328	0.0436232820144
125.422831653	0.0588488738903
124.93049045	0.0588056924215
120.161467629	0.061999960915
77.9287280062	0.0994167292955
167.344709776	0.0368560323508
102.686683534	0.0752779662634
181.616396293	0.0315724899794
112.30919302	0.0676751862214
147.193878405	0.0463949331278
151.830140241	0.0440873882469
156.560977498	0.0418682918705
83.6721008979	0.0950285678683
183.699324309	0.0308842303074
166.066348582	0.0373570613272
222.977886213	0.0198028614477
94.5138635953	0.0843176690481
111.683887235	0.0695738929555
137.887881277	0.0508706703526
208.797298683	0.0232446142992
205.508284204	0.0241038983867
114.595848888	0.0672631802593
140.080270349	0.0496860154615
130.079706127	0.0564570024226
174.912447455	0.0340628595524
134.370655027	0.0536891996838
199.133791492	0.0259368506839
111.75386823	0.0678655186349
162.258278031	0.0391942112833
142.84900654	0.0481985824356
98.4706804778	0.0806594593243
140.603782565	0.0501082432376
170.004956651	0.0359726344386
211.133075219	0.0226106053735
157.183927035	0.0414425049393
87.0119343684	0.0898921486413
148.142489386	0.0454455919069
110.125557542	0.0690576131487
169.548865476	0.0359938000309
150.262422177	0.0446449266171
157.55306663	0.0412127021979
202.576559144	0.0249148912792
148.90323788	0.0451944810613
149.565864053	0.04476500801
85.1981042207	0.0909030292454
107.58585795	0.0711364257983
144.202835021	0.0474883640485
160.178101244	0.0402075287264
220.996043156	0.0202902892304
141.826307148	0.0494632079391
227.78036123	0.0187148879782
157.61988029	0.0410440124953
152.093143122	0.0438028355926
94.6242439469	0.081676840061
133.972287988	0.0534625858313
136.154626109	0.0523499031156
173.800780655	0.0344805919638
190.751741453	0.0285330430793
160.369325728	0.0400863138987
151.249318621	0.0443215851243
186.333314569	0.0299283358475
233.470738572	0.0175859745634
193.16050928	0.0277555036473
127.971682515	0.0569841901626
210.001308241	0.0228892099902
183.99458295	0.0307373630838
168.935461425	0.0364030925076
214.006624044	0.0218929193014
233.203990599	0.017622195779
151.067954274	0.0444692327465
203.266311007	0.0247217878574
221.828133758	0.0200439610642
164.07564843	0.0384253629685
199.908111674	0.0257159118769
146.066945671	0.046657924069
162.661770716	0.0390257852134
151.129848715	0.0440756924447
151.61752469	0.0441033502364
178.044283114	0.0328411295604
223.448349362	0.0196866219949
186.639202678	0.0298716991293
189.463395913	0.0289238789842
170.285989512	0.0357719283383
168.049869616	0.0367739418774
154.226109994	0.042607350236
210.909652241	0.022684752733
155.770521741	0.041919485204
221.203997491	0.0201660428654
145.634929857	0.0471145533561
165.380986322	0.0378881474178
169.933751233	0.0359134640299
159.42981948	0.0405627590799
215.465757602	0.0215417711756
203.256831634	0.0247143697147
220.714100669	0.020242441881
174.179703278	0.0343575288808
151.732443039	0.0439562477433
143.748241405	0.0479980088101
178.788132781	0.0326018863344
187.993607525	0.0293910890059
182.560871281	0.031291436103
159.212198441	0.0404723008221
178.321310144	0.032793159274
159.582767104	0.0402555633907
216.443031591	0.0212771781335
177.984721178	0.0329052011696
199.090556235	0.0259292450048
230.717332089	0.0180823136822
179.119835807	0.0325177525468
206.724278065	0.0237807146187
151.597700202	0.0442282838558
230.610002671	0.0181772842839
196.101188637	0.0268149763834
209.02207779	0.0231548972911
206.18538386	0.0239387183309
184.225682224	0.0306756259377
227.06935725	0.018861042983
179.855624935	0.0322208531497
143.624095451	0.0484809722762
133.238540405	0.0545293980605
136.252371858	0.0526461744095
170.443129578	0.0357930694192
137.499498621	0.0519276507432
203.90920705	0.0245568992067
152.485404169	0.0437612529152
138.571653983	0.0513259037495
224.300163469	0.0195347840752
198.091108417	0.0262508543421
206.517571	0.0238296460924
168.054731732	0.0368135881046
173.378820133	0.0346399113492
146.00615008	0.0471560091982
213.265019078	0.0220872360008
192.389734161	0.0279727973382
193.204922764	0.0277173003836
187.38328377	0.0296063787889
160.245123679	0.0398841137484
196.854460115	0.0266175255285
193.814740196	0.0275444672759
217.86001504	0.0209617665208
154.984700434	0.0423524105318
205.197792685	0.0242038773002
184.742217688	0.0304934295906
182.86261708	0.0311342960687
156.318193178	0.041669269296
185.955818793	0.0300566399604
183.09930002	0.031064331722
169.244956901	0.0362905115257
227.465236457	0.0188240329492
189.159110119	0.0290285516728
162.784546906	0.0389980943879
237.260241076	0.0168377684188
193.893858497	0.027538296171
230.671783863	0.018151339841
222.837868018	0.0198390505944
149.486801561	0.0453397938982
192.585264317	0.0279049386083
226.410091589	0.0190070566592
146.79654497	0.0467327064086
223.168194912	0.019726193033
153.190637261	0.0435010520602
189.536364624	0.0289255799234
179.732304354	0.0322405673966
167.939472351	0.0366728076172
162.113387568	0.0393250260098
159.683762372	0.0401209681474
179.834059462	0.0322183828829
188.094263034	0.0293898778004
199.10207925	0.0258983186854
143.314474429	0.0480499300583
161.095660041	0.0397810465704
189.919414775	0.0287573997593
170.084095354	0.0359094814595
137.996892768	0.0508256313023
137.097615662	0.05148142399
181.429126585	0.0316685924023
203.868033817	0.0245710856509
184.741545035	0.0305194191332
191.927026496	0.0281403503844
233.186200412	0.0176478057269
229.1473614	0.0184680779707
147.251364977	0.0460254133127
177.48064981	0.0330686545495
131.050543092	0.0549001769721
190.082127842	0.0286999901795
218.984511274	0.0206673602506
180.810676694	0.0318705581875
178.615921921	0.0326577595536
215.443071998	0.02151619511
198.134119248	0.0262718051162
144.812974941	0.0472559435931
198.326443994	0.0261269445835
165.708946546	0.0376118060002
165.236403841	0.0379229332509
164.15154465	0.0382279921566
163.755607228	0.0386708233703
215.294092803	0.0215760843639
157.480638573	0.0414494546142
199.689940463	0.0257924723788
211.688451731	0.0224817617624
209.308016503	0.0231153484677
181.218491116	0.0317462303515
149.944300699	0.0450716880851
172.698943409	0.0348235069592
165.05312422	0.0380211827291
131.440865495	0.0556465414632
163.376885499	0.0385839499188
187.681053096	0.0295010396369
161.707899685	0.0393746700324
199.051460858	0.0259367200995
154.304032301	0.0429892198885
213.333492085	0.0220464850027
188.572242457	0.0291760969158
157.755287473	0.0409387679508
166.473395728	0.0372351125536
237.773112958	0.0167709393874
181.59505908	0.0315623482456
186.857192528	0.0297693234129
168.031201669	0.0367424388928
163.405308505	0.0387472386457
176.769635529	0.0332665992103
166.069465284	0.0376767219529
178.02608991	0.0328553464874
179.360331678	0.0324218361711
179.729763424	0.0322205319667
157.924594261	0.0412668491099
201.41666581	0.0252844254578
205.377757605	0.0241264199753
181.755575067	0.0315393027865
188.174868309	0.0293143085284
139.994649298	0.0498158072096
187.712359623	0.0294991706504
172.313590395	0.0349415389921
176.252434634	0.0334652194688
159.10028508	0.0403523679465
154.80869617	0.0423983562508
160.30438532	0.0398322458407
175.802381689	0.0336917710043
201.15864138	0.0253587444846
206.734557098	0.023790601635
162.552385086	0.0390105632324
175.98605155	0.0335640631528
184.618792891	0.0305345169614
216.812484563	0.0211964842462
182.369697253	0.0312511806056
189.543233028	0.028891495666
217.149115765	0.0211061083978
181.130452032	0.0317739075346
223.410909539	0.0197097657541
192.479480671	0.0279493495515
226.272360651	0.0190867080166
196.888910234	0.0265764940251
182.216860945	0.0313419251944
230.510100478	0.0181362285846
209.344349402	0.0230994656216
193.752509186	0.0275542769084
188.278421152	0.029308462618
213.598599047	0.0220049326256
192.012772367	0.028116843912
174.199395654	0.0343603522453
206.395683741	0.0238804048748
197.908938284	0.0262845401297
166.606539933	0.037365571232
183.080474971	0.0310943000613
178.918139536	0.0325491270071
193.580839126	0.0276362334143
192.39728548	0.0279559246188
188.243429826	0.0293648734201
203.748864481	0.0246223315991
210.836889891	0.022684752786
191.273568206	0.0283117639298
213.642693739	0.0220233855243
198.592026033	0.026045282641
219.780512471	0.0205355813956
198.385072407	0.0261271631383
201.445403382	0.025280994304
233.878978171	0.0175233154286
221.550066152	0.0201112290991
206.588055109	0.0238137485804
202.632594628	0.0249270997305
222.335874824	0.0199570336667
237.550653164	0.0168115849663
221.715551333	0.020078188486
223.565058093	0.0196873621553
194.985509333	0.0271652294366
239.0773198	0.0165271251386
219.68860258	0.0205305698663
216.543779996	0.0212573804187
202.431434422	0.0249679526211
159.703369294	0.0401267123717
196.665134147	0.0266574062504
209.304127897	0.0231203019073
211.731763782	0.0224598060553
224.274033519	0.0194998929184
229.712733415	0.0183236328234
218.585329032	0.0207752887016
236.592558015	0.0169864567162
193.735587843	0.0275291687106
220.35768092	0.0203669100909
183.215156389	0.0309834268922
228.712398563	0.0185419224438
161.664214707	0.039307272581
198.912240364	0.0259421478078
200.398680637	0.0255418725929
198.226312772	0.0261750590983
208.335124747	0.0233738515382
222.975158106	0.0197571671584
227.308880361	0.0188564733933
210.465460026	0.0227733246059
218.553103489	0.0208086819474
207.728976005	0.0234916366573
214.669433936	0.0217469651501
203.768539755	0.0245578039747
227.987025839	0.0186916402851
197.743896391	0.0263102195662
210.600692006	0.022788296146
179.235624815	0.0324054292737
200.859458351	0.0254009025699
159.839699632	0.0401992890097
198.222105655	0.0261843935467
223.504202384	0.0196994318148
236.4288708	0.017013440579
200.51442387	0.0255188941855
225.214405258	0.0193497359752
206.270193011	0.0239094001632
187.900654548	0.0294076292962
206.960978518	0.0237105132543
229.603400428	0.018356316242
200.587220002	0.0254885919787
213.96670104	0.0219027608322
222.472528383	0.019923402789
221.307116674	0.0201579588857
221.236421546	0.0201768681023
235.794018734	0.0171503652308
232.024851961	0.0179113570783
170.962555312	0.0355179586952
211.864621012	0.0224166665753
211.336209672	0.022555783905
216.858700613	0.0212017085675
221.091487852	0.0201879181375
214.01676326	0.021890478583
206.849798148	0.0237572633502
172.253580837	0.03512997859
203.449346256	0.0246859882655
212.108069352	0.0223832307574
220.355662743	0.0203722546707
227.237123018	0.0188631932695
177.938716695	0.0328702373743
189.902456803	0.0287905931393
202.546007358	0.0249331889982
222.674583994	0.019859262024
198.28414124	0.0262002364605
212.501150979	0.0222884827182
200.325734273	0.025557402315
197.540068673	0.0263793798216
196.495829601	0.0266890869167
210.973311033	0.0226695610299
185.399871773	0.0303133239434
192.872302257	0.0278505585932
221.298194743	0.0201531340263
235.267250206	0.0171988717023
213.766465338	0.0219581790635
226.297154649	0.019071506502
189.125952528	0.0290702098621
197.354967635	0.0264754343241
213.715110614	0.0219652128769
235.601939991	0.0171948474108
210.301717277	0.022868649088
237.075646193	0.0169075048278
237.182308349	0.0168700130368
227.841056342	0.0187306753216
222.074425984	0.0199970054084
228.401898563	0.018608973838
222.324574657	0.0199398120555
242.961577916	0.0157906911877
239.170969742	0.0164851399423
234.729258575	0.0173405750592
235.837126376	0.0171240184696
211.976896609	0.0223811803088
215.797837218	0.0214322186423
216.033094496	0.0213963646354
211.346485867	0.0225453326237
230.560421375	0.0181825312085
223.605923958	0.019623768847
221.879172658	0.0200040891272
216.568737318	0.0212539143793
206.425062525	0.0238336969789
204.586844743	0.024349111008
190.455532247	0.0285588583754
214.532871468	0.0217884082899
203.882847015	0.0245582162338
197.390556414	0.0263841008707
184.058857146	0.0306859974017
202.36823984	0.0249435361809
226.53785741	0.0189777042154
211.260829369	0.022590556123
196.344318533	0.0267346026939
208.120345303	0.02341173629
199.351072565	0.0258190652412
227.739711601	0.0187353972072
213.953246027	0.0218985717743
243.14325431	0.0157662641767
238.205094852	0.0166443926366
239.085251353	0.016551432887
228.906562141	0.0185324130296
222.802299534	0.019816497667
228.575552937	0.0185836017666
219.268126157	0.0206254611172
228.517614845	0.018595395159
226.140473957	0.019096424081
236.448410741	0.0169818109879
233.109400559	0.0176579610885
234.046536935	0.0174811797212
226.056331498	0.0191135084113
231.335976687	0.0180275518415
226.161488385	0.019088777094
226.549400622	0.0189602182573
233.066581336	0.0176569552318
211.039481936	0.0226642398771
228.893458441	0.0185087761122
237.699703006	0.0167432663393
232.975192026	0.017669709763
194.779609775	0.0272219170777
228.46353426	0.0185848721797
210.721572869	0.0227184792725
210.955434982	0.0227293002596
203.009602593	0.0247944585921
231.407219319	0.0180327520029
245.765113201	0.0153496455329
236.405699372	0.0170092393294
239.085678985	0.0165064116734
222.049731572	0.0199778342465
241.843479732	0.0159930665353
220.814684606	0.0202609551865
233.689432876	0.017539302844
223.077809691	0.0197739900453
240.943440841	0.0161713488465
242.486751815	0.0158915758727
238.247244977	0.0166989259253
221.655173054	0.0200837563028
229.300468124	0.0184047889003
229.885116196	0.0183196781692
216.095374281	0.0213632745224
235.893911457	0.0171246923097
229.057739036	0.0185182490669
230.754834539	0.0181422452447
213.410769715	0.0220447316291
217.965184477	0.0209451635556
218.24221858	0.0208847728936
230.279837968	0.018230059509
223.878033412	0.0195762547895
232.791557788	0.0177353855014
219.315865439	0.020623653681
224.602091067	0.0194450606778
220.638114118	0.0203146502344
225.153514204	0.0193257823651
210.318910728	0.0227975081283
234.925953532	0.0172945360664
223.756474829	0.0196126692313
230.517852576	0.0181937314671
218.828295296	0.0207184682461
219.35014754	0.0206169085785
219.089531226	0.0206516796178
236.338950756	0.01702147742
234.192555623	0.0174420048743
232.682596195	0.017747472188
238.260662419	0.0166424084528
227.204882519	0.0188667838777
239.797496049	0.0163794104347
239.433143221	0.0164603489175
239.662726451	0.0163963474975
243.101733608	0.0158090076044
247.836274081	0.0149939235065
229.796352952	0.018315299464
235.729078282	0.0171348068092
237.239472096	0.0168523905449
240.409825351	0.0162831242101
244.397315393	0.0155319556277
244.688886087	0.015522759224
229.239099832	0.018427782572
242.55258482	0.0158635993065
242.604385275	0.0158782537898
227.981500365	0.0187034652736
237.455934989	0.0167981111756
238.668751867	0.0166008455016
232.334506208	0.0177977310008
233.62691825	0.0175605712671
235.215401266	0.0172656290561
233.118482975	0.0176685501892
235.64445439	0.0171821004623
236.575328595	0.0169889034133
224.970015746	0.0193826866281
232.392130119	0.0177758727592
213.939948417	0.0219175770508
233.681529959	0.0175080098572
243.284254608	0.0157528884861
243.512804924	0.0156974310861
232.246696908	0.0178654787174
246.48950904	0.0151851906236
243.245020479	0.0157881247531
244.468982323	0.0155300353896
246.061608741	0.0153122693445
248.126658049	0.0149108984433
235.236627758	0.0172754700761
236.129472111	0.0170811691141
234.462402978	0.0174240908297
238.699524297	0.0165632270657
236.326141192	0.0170320550556
249.956643886	0.0146432448513
248.619651471	0.0148469019867
243.901187611	0.0156366299756
245.279869496	0.0154020452148
248.303288637	0.014910290286
246.83982093	0.0151498563666
242.011023429	0.0160049414437
248.857510897	0.0148008632225
243.051193033	0.0158138139515
246.391688297	0.0152158475977
234.922024616	0.0173155864397
247.787197817	0.015001381506
233.574383676	0.0175745514481
242.120997977	0.0159728712297
236.767976594	0.0169698616054
235.325579768	0.0172123910133
234.8248781	0.0173613825173
227.018189939	0.0188781108502
227.603256972	0.0188173788615
215.977112381	0.0213916444852
228.89614352	0.0185307173365
215.026085825	0.0216549670284
225.065240325	0.0193529796286
246.078314539	0.0152730993205
212.157133695	0.0223370922027
238.576509456	0.0166138206122
248.659505831	0.0148199690201
249.592722544	0.0146986734384
239.903051551	0.0163613482587
238.607344939	0.0165789004971
243.090076519	0.0157835871815
239.611371359	0.0164212472813
241.729872925	0.0160187589526
246.145986224	0.0152626919097
238.307088759	0.0166562186824
241.159645153	0.0161564096276
247.017415803	0.0151005245841
245.971669381	0.0152907971466
249.094362837	0.0147708868752
245.318665636	0.0153904670897
247.047360995	0.0151011114211
243.921631467	0.0156285779246
248.005651614	0.0149494811303
243.391025525	0.0157226291672
245.419594252	0.0153781072123
237.422340977	0.0168015946661
246.965746564	0.0151140013481
243.520482324	0.0157032372164
244.679799613	0.0155209571124
240.049491413	0.0163169903309
241.721570208	0.0160409560326
240.718672084	0.0161957214465
240.399668006	0.0162801986213
243.051144536	0.0157916892962
236.322991943	0.0170215802107
237.668583127	0.0167684361912
236.553936928	0.016980252704
245.089799751	0.0154645595612
246.533289204	0.0151748131492
243.983472143	0.0156364845651
245.886209868	0.0152884334882
244.543562864	0.0155414064575
244.995936576	0.0154396708614
240.362722863	0.0162706996037
243.319806345	0.01574485867
242.563232449	0.0158703984596
243.293239569	0.0157695031354
243.548423367	0.0156887990212
245.858359197	0.015307803176
245.27724867	0.0153863109825
242.74922289	0.0158550348746
250.250284467	0.0145837807375
247.927792708	0.0149584123172
247.135521214	0.0150939337872
242.694542804	0.0158503546931
246.507864969	0.0152064401828
248.757109685	0.0147952532125
244.012052505	0.0156543843034
247.224923389	0.0150588895153
241.794771579	0.0160401227808
244.166596152	0.0156193376195
243.85324852	0.0156975872499
246.854366746	0.015131391684
237.951184121	0.0167641699674
240.632841792	0.0162227972347
245.47198569	0.0153841616179
250.392194712	0.0145631441444
249.013891229	0.014782409039
249.800173209	0.0146494359096
248.84089606	0.0148082817466
250.638438673	0.01451762595
251.668126073	0.0143618041183
251.869935299	0.0143238603747
244.10127499	0.0155899354739
249.432816005	0.0147006827536
246.744477787	0.0151602916552
252.022983972	0.0143061715007
247.718308871	0.014979783349
249.350075094	0.0147227650855
246.084169091	0.0152562429974
249.646025491	0.0146828296421
246.603742883	0.0151684024061
244.549597527	0.015519896751
246.976565808	0.0151066628674
251.096471057	0.0144358685463
246.762163823	0.0151423747565
249.089481397	0.0147703818121
247.639711244	0.0149911505139
249.320190492	0.0147302585488
249.453895965	0.0147036208932
246.511708622	0.0151825999589
247.475287743	0.0150226507652
251.832650299	0.0142984434663
245.748004321	0.0153249364749
248.129204877	0.0149171787161
251.829754823	0.0143003770098
251.91349256	0.0142997002345
252.307159759	0.0142320008785
250.578571529	0.0145113705399
246.877939299	0.0151463606816
246.027653934	0.0152755134272
251.708996694	0.0143303752766
252.501299804	0.014226424858
249.269128453	0.0147525393593
251.11459019	0.0144321861464
248.349053074	0.014912639739
252.662509478	0.0141745723841
245.430566408	0.015422254003
249.346172807	0.0147184277267
250.165212694	0.0146045223952
249.928620748	0.0146248872234
245.92184536	0.0152867617091
247.693005916	0.014979091908
251.245544912	0.0144043808884
248.152142854	0.0149099287062
250.191900231	0.0145923160929
247.745572432	0.014996887705
248.66139942	0.0148352029878
248.678935477	0.0148582262795
252.625374024	0.0142157986913
250.565219215	0.0145420878016
253.955871331	0.0139809408129
252.30049035	0.0142497840456
252.651142904	0.0141908295749
253.546347361	0.0140411554259
250.106701459	0.0146124344615
248.325958274	0.0149242304296
253.581316631	0.0140664488708
252.289508538	0.0142716998904
250.708712041	0.014500596519
252.888258256	0.0141747040198
249.378705492	0.0147292568631
253.99726041	0.0139703854111
252.383325793	0.0142468795775
252.949043882	0.0141578947601
253.277392142	0.014119685376
253.969920623	0.0140158837672
252.051963399	0.0143023702836
254.224368003	0.0139618796658
250.616771513	0.0145483205072
253.92237154	0.0140168471424
250.740129337	0.0145591031324
253.855274665	0.0140153793649
250.575997035	0.0145466412617
248.43954766	0.0148786265932
249.125554321	0.0147649603555
232.725431887	0.0177559085651
244.77783487	0.0155202307169
248.978818861	0.0148020786095
244.40712247	0.0155562714994
245.40688602	0.0154009011269
247.854064052	0.0149885820194
248.014481538	0.0149713360454
250.552181296	0.014538230682
245.912946256	0.0153206478232
245.323543311	0.0153887562126
246.81140213	0.0151385074602
250.130151562	0.0146108461296
246.23094504	0.0152544028321
248.699939858	0.014826302539
248.338129437	0.0148817682993
250.076204089	0.0146055889697
252.100663351	0.0142617433205
245.503498966	0.0153669318231
249.96623141	0.0146075398784
247.481670477	0.0150278111794
248.920039523	0.0147993367891
250.660321438	0.0145060314923
249.910808885	0.0146312884715
251.555251863	0.0143494230206
246.831689647	0.0151399342045
245.779956346	0.0153174418149
246.47957252	0.0151996411221
250.912801565	0.0144913025645
253.563986126	0.0140411599223
249.687426415	0.0146629873664
250.185579879	0.0145951573649
250.905357821	0.0144670366389
252.264771038	0.0142275243678
249.308431523	0.014737740401
252.069688903	0.0142763833895
248.067238902	0.0149442491417
250.983111164	0.0144716801337
248.884809451	0.0148168406442
250.762728844	0.0144683358175
246.806831516	0.0151669266435
247.842957529	0.0149738366728
247.422348909	0.0150636179711
248.593726794	0.0148232665747
247.582028782	0.0150295638854
248.585203167	0.0148357840483
244.851310712	0.0155163335669
247.658542645	0.0150104657021
243.817270088	0.015689928514
248.748400678	0.014812508854
248.036633455	0.0149820247708
242.403102865	0.0159248489453
246.153496891	0.0152758368193
249.209247917	0.0147314088823
244.086794401	0.0156253892736
247.338936383	0.015035698631
246.754360505	0.0151622323328
245.87395283	0.0152738743471
250.217833064	0.0146242677045
243.854955407	0.0156687122644
246.58298566	0.0152311798016
247.082902099	0.0151049297394
246.608350195	0.0152325437913
250.279030724	0.0145476978224
245.833020216	0.0153375708768
250.547291148	0.0145193633977
246.363399515	0.0152481886109
248.005845984	0.0149175703592
246.247155891	0.0152719565748
246.618536819	0.0151825868034
250.349742265	0.0146037424524
248.23589883	0.0149200331895
247.479965438	0.0150832968421
250.784326028	0.0144721761176
250.709024985	0.0145398178219
250.272478182	0.014590758196
248.358519236	0.0149362512295
250.206634971	0.0145751196722
250.907415665	0.0145125819141
249.0992529	0.014776508077
249.285586515	0.014797361124
254.270968296	0.0139555618026
252.797524058	0.0142082946424
255.66828956	0.0137419554236
249.581344669	0.0147207563131
253.239853578	0.0141227753852
253.020397228	0.014168644791
253.636206198	0.0140528481202
253.010723864	0.0141683360226
255.132568711	0.0138324165423
252.936758136	0.0142033741395
256.207538687	0.0136518234809
254.565266853	0.0139315561272
256.619997876	0.013622613234
252.753586187	0.0142107899177
255.194078149	0.0138311881153
251.104066579	0.0145053685165
253.782392393	0.014046892198
251.237130449	0.0144603865791
252.624298303	0.0142151385237
250.697694721	0.0145376063445
254.916008301	0.0138418197651
251.348472025	0.0144333776129
253.930688863	0.01400531537
250.374745334	0.0145820085531
253.27171787	0.0141095536042
251.659651609	0.0144143836699
254.500063538	0.0139297522577
253.046968915	0.0141807667967
252.833300949	0.0141735688649
252.651763631	0.0142562688544
254.459089389	0.0139289717916
253.457130209	0.0141078898138
256.22139882	0.0136535720437
253.491259436	0.01408923214
256.632430467	0.0136045569829
255.486432188	0.0137929245922
256.764148007	0.013589243969
255.892243378	0.0137352841729
255.65306481	0.0137680175521
254.958655513	0.0138680946393
256.466644932	0.0136536730099
255.887369475	0.0137450683885
256.666409875	0.0136322522653
254.82448102	0.0139012286212
256.810521474	0.0135842774569
255.581491031	0.0137671227486
257.029627842	0.0135465139218
255.670236136	0.0137772778814
255.697295788	0.01375672698
254.359023707	0.013973753092
256.800935158	0.0135918505744
255.290339339	0.0138188953225
256.143128978	0.0136964887793
255.143189044	0.0138427553151
256.678074264	0.0136110251871
254.467132887	0.0139524172576
257.147019205	0.0135261554724
254.974176291	0.0138684455952
256.811782991	0.0135882031029
253.442029016	0.0141186957069
256.756336872	0.013594611607
255.657351386	0.0137874127226
256.500134973	0.0136315392636
256.08502097	0.0137146331067
254.925891601	0.0138746539624
255.815267495	0.0137536980975
256.227230943	0.0136894430822
255.954459031	0.0137399857792
256.096996224	0.0137001422777
254.447240986	0.0139608738917
256.694036555	0.0136069891695
255.476908055	0.0138027871976
256.636690393	0.0136121935453
256.0077756	0.0137238783237
255.88637455	0.0137346773301
255.171611991	0.013854302582
256.381372156	0.0136601036395
254.555143468	0.0139432721309
256.468491038	0.0136536666755
255.73768169	0.0137651079255
256.434480578	0.0136604829786
253.979567291	0.0140313350305
255.272845136	0.0138236392623
254.010308459	0.0140247251808
256.631294405	0.0136286344779
254.512773351	0.0139494858032
256.546488224	0.0136396647058
253.863929877	0.0140631469939
256.952358443	0.0135592030821
256.063748318	0.0137196356548
256.023028897	0.0137103802743
256.108543869	0.0137133279408
256.564710668	0.0136396725636
255.836960028	0.013749414892
255.729117127	0.0137513897622
255.680570252	0.0137698834552
255.877972897	0.0137235486435
255.100180795	0.0138521371688
256.392600601	0.0136537836171
255.39868725	0.0138060972698
256.9087027	0.0135783278331
255.133940264	0.0138487897022
256.628900912	0.0136096283164
256.134434871	0.0136961835847
256.057429206	0.0137022433226
255.762948071	0.0137523527261
256.818545791	0.0135922817307
255.022423514	0.0138819070176
256.857990629	0.0135826686975
255.352985653	0.0138235474835
256.837392715	0.0135931514686
255.122105346	0.0138575644438
256.89680999	0.0135809897325
255.109784339	0.0138624630373
257.496845282	0.0134695501077
256.80296111	0.0135816490674
258.21798852	0.0133502232758
257.640523765	0.0134511202737
258.583538121	0.0132964348136
258.105451899	0.0133827076423
258.366917463	0.0133278386989
257.538805981	0.0134615076029
259.813817967	0.0131052454669
259.284598339	0.0131961795428
259.124922892	0.013202495576
259.454186537	0.0131716644518
260.483757469	0.0130006519938
260.139258246	0.0130621474351
260.118726027	0.0130594309859
260.438709332	0.0130399265833
260.094938655	0.0130733144333
259.945853137	0.0131106099206
260.712202717	0.012992016399
260.590387311	0.0130123394659
261.057509953	0.0129402342755
259.979566398	0.0130967816368
260.894137047	0.0129526085969
260.868477715	0.0129726336606
261.201751011	0.0128996964933
261.659767432	0.0128616674011
261.316754098	0.0128990567215
261.646269073	0.0128590435987
261.475634795	0.0128730403733
261.828848436	0.0128293699206
261.835477455	0.0128245111862
261.351712469	0.012895123712
261.996752513	0.0127969656111
262.287784274	0.0127704703622
262.36462258	0.0127585943363
261.866376269	0.0128309447788
262.880360982	0.0126925931659
262.801182671	0.0127058014396
263.926274244	0.0125478675469
262.749812215	0.01271550735
264.719117658	0.0124457853485
263.686129978	0.0125867797121
264.710427869	0.0124375099397
263.21931086	0.0126515683975
265.109165698	0.0123821312451
262.895338008	0.0127036519136
265.167322964	0.0123741960615
264.343817895	0.0124994228223
265.782164363	0.0122918217732
263.332509678	0.0126367677126
265.61459253	0.012312560008
263.361365031	0.0126362793971
265.94721505	0.0122605142149
264.336851895	0.0124979219063
266.211248105	0.0122251137509
264.942991186	0.0124227944766
266.815124661	0.0121537637502
264.461037558	0.0124893540376
266.4817593	0.0121929679582
264.74966258	0.0124465260715
266.678245975	0.0121678139588
264.800287331	0.0124341308556
266.504330265	0.0121903265957
264.67755466	0.0124522860818
266.746629652	0.0121543505716
264.168245212	0.0125110696487
267.045272854	0.012105546674
264.470220685	0.0124699136933
267.213023299	0.0120837222317
265.418767408	0.0123546873605
267.357494685	0.012082176041
265.398959769	0.012350658271
267.165033324	0.0121067555504
264.872527505	0.0124303264245
267.440751044	0.0120711387236
265.34644518	0.0123568873589
267.262809436	0.0120831473617
266.154079447	0.0122493963929
267.204928775	0.01209572064
265.329062121	0.0123713944342
267.477811643	0.0120629442873
265.581136897	0.0123369565624
267.451176083	0.0120682450567
266.169964096	0.0122546868653
267.430734645	0.0120739621684
266.007328011	0.0122659588757
267.558437199	0.0120434248613
265.992418646	0.0122660786446
267.376422181	0.0120761551088
266.047079441	0.0122539901712
268.0061696	0.0119762623707
266.795374389	0.0121544181497
268.09731595	0.0119564545861
267.08943813	0.0121090896688
267.591556478	0.0120243132713
267.164331135	0.0120961304916
267.300106784	0.0120677441922
267.173108277	0.0121105989147
267.894266439	0.0119950995669
267.057576957	0.0121085464917
267.871827708	0.011992500641
267.169745281	0.0121011154644
268.916297747	0.0118473705021
267.880865831	0.0120002337221
267.592655227	0.0120210924393
267.346305823	0.0120664579497
267.415149128	0.0120418901481
267.885790074	0.0119937567576
268.408359032	0.0119147714751
267.341595819	0.0120693689049
268.345885977	0.0119197872679
268.038440667	0.0119819966641
267.959197935	0.0119778647647
268.233965224	0.0119487148389
267.821624004	0.0119908686924
267.496426494	0.0120421347497
268.209747664	0.0119354499221
267.533477119	0.0120317645315
267.792627366	0.0119955137623
267.951669366	0.0119774361929
267.251272367	0.0120513060645
267.935505092	0.0119829891975
267.450641697	0.012038447675
267.473039726	0.0120533591407
267.77955647	0.0119868261996
267.961308446	0.0119769222704
267.244970219	0.012063474788
268.153019847	0.0119272361935
267.400376995	0.0120297380783
267.4556097	0.0120375452559
266.010741131	0.0122238094341
267.630028349	0.0120143987166
268.740215285	0.0118688647121
267.878824443	0.0119833790444
267.360299353	0.0120384768311
267.394967792	0.0120351432104
269.128244487	0.0118137690265
268.862681249	0.0118545484115
269.158978829	0.0118046624631
267.753840599	0.0119867184725
269.563283615	0.0117514998092
268.243176766	0.0119174130655
268.930360976	0.0118382151609
268.20576343	0.0119231130157
268.15253573	0.0119258404188
267.941677391	0.0119494260218
268.418791162	0.0118930833799
267.603745014	0.011998474893
268.72033979	0.0118464413264
268.848970485	0.0118337736925
269.097909575	0.0118113104742
268.2154071	0.0119121099152
268.951437136	0.0118272742309
268.963903933	0.0118170409108
269.413388495	0.0117612478009
269.355741005	0.0117657771911
269.509518874	0.0117556315899
269.450531654	0.0117519650497
269.851499299	0.0117098954572
270.063773249	0.0116760463147
269.898449756	0.0116941076902
270.092380202	0.011677214043
269.867047629	0.0116965128571
270.290629991	0.0116508915617
270.451280833	0.011627101777
270.654226417	0.0116039894156
270.492730279	0.0116298378497
270.391885715	0.0116340472665
270.557539959	0.0116177774658
270.86294548	0.011577790602
270.539469617	0.0116273759486
270.81630423	0.0115901744321
270.493578375	0.0116356037697
270.719896819	0.0116047568022
270.625745888	0.0116134722685
270.841660051	0.0115876680216
270.596780768	0.0116248204786
270.645208316	0.0116243167429
271.062764841	0.0115794840048
270.917027527	0.011599313303
271.04508527	0.0115782615445
271.236988696	0.011552508606
270.753876475	0.0116220421836
270.91413946	0.0116009191385
271.009039037	0.0115882062279
271.319882319	0.0115454031365
270.862238166	0.0116098907509
271.445429133	0.0115275245041
270.962266369	0.0115970849155
271.361434821	0.0115412949392
271.246388204	0.0115522346529
271.415813854	0.0115286665912
271.214284084	0.0115545806549
271.17414419	0.0115670786934
271.344438142	0.0115397849387
271.272248787	0.0115536799286
271.310428156	0.0115429936138
271.293109484	0.0115521605163
271.315787825	0.0115484648774
271.392999785	0.0115393041392
271.202053261	0.0115655530412
271.408735238	0.0115377579231
271.475423919	0.0115246867782
271.472310912	0.0115292443665
271.478586655	0.0115236106797
271.53862891	0.0115205699517
271.354869291	0.0115454587079
271.48699005	0.0115280488132
271.434364794	0.0115339509256
271.702868374	0.0114977434942
271.512425602	0.0115191761325
271.554835403	0.0115198934882
271.579284261	0.0115122910592
271.736349055	0.0114939886796
271.388634509	0.0115416385876
271.643206466	0.0115077742057
271.60260982	0.0115107261294
271.76585614	0.0114900900005
271.635460053	0.0115041406211
271.804641747	0.0114816284979
271.571748178	0.0115167262991
271.858847544	0.0114768927436
271.661664897	0.0115049808283
271.856391235	0.0114763462587
271.714426635	0.0114943789749
271.862247022	0.0114756304846
271.733227814	0.0114927314252
273.887310433	0.0112199917881
275.308708074	0.0110441261728
276.496477743	0.0108956107571
277.4758431	0.0107751926163
278.38889322	0.0106722796464
279.295105939	0.0105665025343
280.048327137	0.0104731954602
280.832115169	0.010388052392
282.007673614	0.010252238171
282.842942461	0.0101555723853
283.388998893	0.0100947443507
283.893128702	0.010037295867
284.397574534	0.00998203423288
284.905241797	0.00992299605069
285.661619425	0.00983507148476
286.173972433	0.0097788772509
286.555913632	0.00973678834132
286.977300627	0.0096935504118
287.31253737	0.00965996761698
287.676454736	0.00961927255437
288.110305302	0.00957143191583
288.805064697	0.00949155034857
289.082372006	0.00946704464179
289.170571937	0.00945533846419
289.779175723	0.00938912091661
290.008502962	0.00936714323914
290.052180869	0.00935991329938
290.431273574	0.00932053402185
290.253055342	0.00934085543436
289.988593573	0.00936968464507
290.14595515	0.00935079337142
289.717927333	0.00939495143464
289.311059541	0.00943894238176
288.912856625	0.0094810112696
288.225550327	0.00955791650713
287.613885195	0.00962370076812
287.040857616	0.00968374182473
286.168698384	0.00977933982153
285.296993525	0.0098804623235
284.445419911	0.00997241532448
283.610114949	0.0100686198667
282.761518769	0.0101670287309
282.025213422	0.0102517124352
281.466809288	0.0103135108018
280.918518082	0.0103781835027
280.237708408	0.0104599281539
279.797650969	0.0105091464443
279.197280622	0.010583635413
278.994975295	0.010603859061
278.682680734	0.010640215677
278.21099446	0.0107002287261
277.976277548	0.0107283858842
277.941767783	0.0107326443681
291.796155758	0.00918632235556