100	-0.04407	0.0	0.985434466536	0.0145655334644	0.0
104	-0.03325	2.51699704281e-39	0.562020920797	0.398002328632	0.0399767505709
105	-0.03719	0.0	0.0	1.0	0.0
107	-0.03845	0.0	0.0	1.0	0.0
11	-0.1009	1.0	0.0	0.0	0.0
113	-0.04479	1.0	0.0	0.0	0.0
114	-0.004307	0.0	0.0	1.0	0.0
115	0.01237	1.0	0.0	3.54405164432e-16	0.0
116	0.05023	5.08922583916e-287	0.94083798667	0.0591620133298	0.0
117	0.02801	0.0	1.0	0.0	0.0
118	0.05943	0.0	1.0	0.0	0.0
119	0.08849	0.0	0.00487811479478	0.0	0.995121885205
121	0.09532	0.0	0.0	0.0	1.0
125	0.1774	0.0	0.0	0.0	1.0
126	0.4896	0.0	1.0	0.0	0.0
127	0.6288	0.0	0.0	0.0	1.0
128	2.291	0.0	0.00209448153789	0.0	0.997905518462
165	-0.0906	0.0	1.0	0.0	0.0
166	-0.08358	0.0	0.306058201167	0.0	0.693941798833
167	-0.1062	0.0	0.0	0.0	1.0
168	-0.1052	0.0	0.0	0.0	1.0
17	-0.1332	1.0	0.0	0.0	0.0
170	-0.08022	0.0	0.0	1.0	0.0
172	-0.07529	0.0	1.0	0.0	0.0
175	-0.08339	0.0	1.0	0.0	0.0
176	-0.0601	0.0	0.0	1.0	0.0
178	-0.06134	0.0	0.0	1.0	0.0
189	-0.02434	0.0	0.0	1.0	0.0
190	-0.02197	0.457213341736	0.0	0.542786658264	0.0
191	-0.02403	0.0	0.0	1.0	0.0
192	-0.02059	0.0	0.0	1.0	0.0
193	-0.02527	0.998796679873	0.0	0.0012033201274	0.0
194	-0.007993	0.934107051667	0.0	0.0658929483326	0.0
195	-0.006707	1.0	0.0	0.0	0.0
196	0.01843	1.0	0.0	0.0	0.0
197	0.0225	0.0329908881891	0.0	0.967009111811	0.0
198	0.05728	0.997088110388	0.0	0.00291188961239	0.0
199	0.07429	1.0	0.0	0.0	0.0
200	0.1076	1.12556162396e-261	0.0	1.0	0.0
201	0.07003	1.0	0.0	1.50135931798e-297	0.0
202	0.02256	0.514677909714	0.0	0.485322090286	0.0
206	-0.006052	0.78441584554	0.0	0.21558415446	0.0
207	0.001725	1.0	0.0	0.0	0.0
208	-0.01655	0.00858319601534	0.0	0.991416803985	0.0
211	-0.01738	2.15908249848e-28	0.0	1.0	0.0
23	-0.09185	0.495730405146	0.0	0.504269594854	0.0
24	-0.08021	0.0	0.0	1.0	0.0
25	-0.08684	1.0	0.0	0.0	0.0
26	-0.08903	0.0	0.0	1.0	0.0
39	-0.07809	0.0	1.0	0.0	0.0
40	-0.0615	0.0	0.0669632168994	0.0	0.933036783101
41	-0.03713	0.0	1.0	0.0	0.0
42	-0.01698	0.0	0.972271221006	0.0	0.0277287789942
43	-0.02458	0.0	1.0	0.0	0.0
45	-0.03184	0.0	0.506125614874	0.0	0.493874385126
46	-0.03765	0.0	0.999709499569	0.0	0.000290500430708
47	-0.02194	0.0	0.0	0.0	1.0
48	-0.02633	0.0	0.443612296722	0.0	0.556387703278
49	-0.04249	0.0	1.0	0.0	0.0
53	-0.06722	0.0	0.0	0.0	1.0
54	-0.0579	0.0	0.597724016495	0.0	0.402275983505
6	-0.06628	0.0	0.0	1.0	0.0
61	-0.06272	0.0	1.0	0.0	0.0
62	-0.05855	0.0	0.0146953849906	0.0	0.985304615009
63	-0.05936	0.0	0.0	0.0	1.0
64	-0.07197	0.0	0.0	0.0	1.0
65	-0.06579	0.0	1.0	0.0	0.0
66	-0.06178	0.0	1.0	0.0	1.43345938815e-158
67	-0.06606	0.0	0.0	0.0	1.0
68	-0.0706	0.0	1.0	0.0	0.0
69	-0.06	0.0	1.0	0.0	9.80944250016e-196
7	-0.08471	0.0	1.0	0.0	0.0
70	-0.05722	0.0	0.0	0.0	1.0
72	-0.06065	0.0	0.0	0.0	1.0
73	-0.05358	0.0	0.0	0.0	1.0
74	-0.05394	0.0	0.756247450905	0.0	0.243752549095
76	-0.05621	0.0	0.555697899361	0.0	0.444302100639
79	-0.05152	0.0	0.0	1.0	0.0
80	-0.05215	0.757386441892	0.0	0.242613558108	0.0
84	-0.1189	0.0	0.0	1.0	0.0
86	-0.09956	0.0	1.0	2.55439561663e-47	0.0
90	-0.05725	0.0	1.0	0.0	0.0
91	-0.05573	0.0	0.0	0.552452772802	0.447547227198
92	-0.0631	0.0	0.0240343295396	0.0	0.97596567046
94	-0.04811	0.0	0.999210370377	0.000789629622938	0.0
95	-0.04912	0.0	0.915237231522	0.0	0.0847627684783
97	-0.04469	0.0	0.334756279263	0.665243720737	0.0
98	-0.04054	0.0	0.980253260097	0.00344298099277	0.0163037589098
99	-0.0431	0.0	0.0185465127751	0.981453487225	0.0