-80.3589479374	0.598013483237
-16.8757073505	0.290437349355
-68.527652352	0.521434501933
-60.0363259828	0.471195772775
-14.0852423023	0.282124907024
-1.74995666222	0.245743714805
-70.151562473	0.53409794973
-14.0226512682	0.283573133772
-33.8148152889	0.353762971264
-49.3698954701	0.423002462547
-51.1033961243	0.431302566021
-29.5725060491	0.337138337155
2.13471783188	0.237746996887
-6.16684834794	0.260380090261
-17.1984395065	0.295172809675
6.53496266231	0.225234139294
-22.247497468	0.311484150047
0.988965904188	0.239589569834
-41.9400397735	0.387997662478
-16.6137083484	0.28852397471
-57.244850711	0.461162451646
-33.7009610534	0.34251407281
-24.7528642224	0.320261790601
-61.6200700624	0.485996936532
-74.2804646299	0.555716672302
-27.9349277892	0.327707638752
-13.9349140186	0.284567238379
9.57397772253	0.217493260735
-29.424862136	0.327880933582
-24.8189572819	0.319930170205
-26.0050658593	0.325896563353
-38.781215505	0.375996654026
6.26332125093	0.226107912113
-20.0373457959	0.301474290215
32.9930753406	0.166691764921
-47.6875052545	0.414931340183
-17.2127326048	0.29433447665
-20.7562504562	0.298503098911
-33.4126122217	0.35378384668
-7.2108711818	0.260105261851
-22.9095905426	0.314446859647
-15.2190625065	0.288416365958
48.3927180563	0.140237688149
-0.616137485593	0.244047191585
13.4763666353	0.209420892322
-10.3755742824	0.271601634949
-70.5904465627	0.536511185296
-74.4820750301	0.562060947639
-79.8472672753	0.59641889627
-71.4239951149	0.54132489823
-77.5526976971	0.581380680017
-75.0747566284	0.564846622514
-78.3177384098	0.586850540585
-67.4999358208	0.518389260783
-77.4180392836	0.580999693308
-76.6879107533	0.575659632749
-73.5688550038	0.55634984743
-75.8019325135	0.569683937387
-43.3869941416	0.393047222058
-2.57975550181	0.244923280986
13.9881075541	0.206513888182
-64.3820300308	0.501251611552
-36.6076967503	0.360988046746
13.4797136191	0.208130147537
20.5639692737	0.192246729721
-42.1503465152	0.382171524835
-3.1620082936	0.239152858718
-24.8485937401	0.321482459898
-23.4512018908	0.316537286773
-52.3196634236	0.43528419104
-13.384084812	0.282817773316
-52.2585361107	0.437614110521
-11.1245689983	0.27502546503
-12.4946995716	0.269100483448
7.07007538242	0.223698586055
-1.0009319121	0.245944332746
1.1811249371	0.23907128054
26.2884682337	0.17859155859
12.4216765552	0.207968169138
-54.0041821189	0.443244858982
-27.2928618859	0.319435816836
21.7086459039	0.189391549304
-30.3622627693	0.333255774117
25.1636806624	0.182174649996
1.83726519832	0.232893688449
-11.889916241	0.272486972951
12.3669316522	0.2091385185
46.2424338811	0.143840991384
-2.45873835777	0.23865130969
24.4941009772	0.182116948788
9.93494092086	0.212764780339
34.6229866593	0.162445198585
7.5682939679	0.218030880626
12.7905579356	0.206207017118
4.98343334231	0.226826761414
39.4085031273	0.154543121755
21.5149363059	0.187605173798
30.5583839035	0.170495557744
53.1910446672	0.132836931572
61.6038197545	0.120350124892
53.1422597348	0.132645668073
74.988746913	0.1036112641
79.8215497214	0.0982260646495
81.1783415978	0.0968025991412
79.6578509199	0.0984797769494
61.3160602165	0.120794199859
55.2014255477	0.129538834219
54.8337483544	0.130064945171
41.6680348422	0.151110861666
69.3986429141	0.110334945296
78.1839383995	0.100000732824
70.9868622423	0.1083221538
73.3272691349	0.105516493527
60.3125677382	0.12206708424
50.9065931198	0.135980965451
78.4960539514	0.0995948152839
73.0632822849	0.105894831804
51.2782895267	0.135375537265
79.3448741135	0.0986275528397
63.4987754428	0.117756171558
49.0098524989	0.13890173175
83.1071229784	0.0947198258289
61.4980178137	0.120729216925
76.4301378995	0.102050379311
55.1637707939	0.129608234242
64.8360975046	0.116090024172
57.4221825917	0.126367551882
62.9142423608	0.118820823026
58.1173584516	0.125432427249
63.4506840292	0.118146602555
55.5521638919	0.129234754019
64.6651084673	0.116707578066
60.95930875	0.121731050297
88.9098852295	0.0887054332193
90.9506779379	0.08663228503
87.5012931183	0.0900698300108
89.7847077809	0.0877955868034
86.9302959174	0.0906740665837
88.6420678515	0.0888916767699
89.4121234059	0.0881500099553
91.1827235729	0.0864075635932
88.1772436288	0.0893551135068
92.6258185738	0.0849755047131
91.9366736135	0.0855880861168
92.5618501711	0.0850020531719
89.9284667021	0.0875168520962
87.3847001457	0.0900265089725
77.9073091581	0.100040238844
52.6849752197	0.132484102302
28.2742401554	0.173859537811
21.4259209962	0.190561166386
37.4387515728	0.157325501546
39.2938759314	0.153831078517
16.6982403552	0.196976403035
47.1366709984	0.142539326848
-10.9373262253	0.274884791205
27.1849461616	0.178840027304
7.98330495807	0.222374055827
-28.2468045861	0.328675372836
-5.34810450898	0.249333804611
-2.4812299824	0.250162394544
-2.02322744194	0.239073288776
19.1338700287	0.192088601205
-1.91148723965	0.238929036681
46.7592759904	0.141966330383
2.85209141232	0.232171894346
21.7540638406	0.189796145739
-17.0108429288	0.293007280715
-7.40294116266	0.256608953382
66.6300842043	0.113833531412
39.9723590289	0.153235278494
-29.8992552987	0.338333832365
-12.1352440961	0.271556276131
25.9607742135	0.179053044886
5.2110029123	0.220688080155
0.0151719497985	0.236383145864
1.26097591366	0.234025477978
13.1683740687	0.209184003195
8.84126417714	0.219181318744
48.5591367646	0.140456052216
85.3258829789	0.0921505958492
13.9972768507	0.19988927962
63.0169014172	0.119056232431
27.165231029	0.175202225226
-1.28690237675	0.245866490644
-13.1148197663	0.277826013556
30.3450695203	0.171752054527
51.1319019083	0.135380271416
16.9883994426	0.197756034776
-5.82412628301	0.252941655085
23.9120633599	0.182234443236
39.4650073926	0.152671805828
-4.45245015951	0.255184664213
-2.30167189484	0.241331912992
9.34894564589	0.209920107409
-17.5705981592	0.294427301797
12.117913302	0.21126129687
-15.5338394902	0.283711054779
-3.92874095574	0.249968429471
7.04339011778	0.216228805802
58.6375002017	0.124747699091
22.487374838	0.185272970064
-5.23032889778	0.254636500692
0.592091761533	0.232916624544
-16.2690523703	0.284113287983
1.49518583384	0.233641899409
44.9420930204	0.146172982142
50.721687042	0.136102175774
-4.2663563728	0.247799567997
8.43159363314	0.221088783255
30.0473030486	0.170649687107
-22.923780811	0.308018586325
3.14013483791	0.231726390371
43.2748762933	0.148918236519
96.9297195011	0.0807030477174
16.5096837962	0.196400896473
79.1811747369	0.0988959758307
9.6606770766	0.20875527496
29.9008478269	0.173340723206
-16.7144257524	0.28334469126
40.4883123217	0.151099987072
-9.28360567822	0.261861507903
22.630638158	0.185522935568
38.3066795201	0.157409992071
74.6054505712	0.104876219151
27.4893239378	0.176511340787
-6.80913861821	0.25558054941
34.7994781086	0.16355361867
49.4107265019	0.138663163764
10.126346134	0.216746021415
5.23703559369	0.219340053495
4.23062504146	0.225133665838
29.4110809048	0.173713974314
62.3439577441	0.118413664694
2.22867646053	0.228870159162
13.5095764793	0.200593150362
3.43097532291	0.225736909877
8.92924454331	0.214866735753
17.5038640334	0.199265993413
-16.666503211	0.286190897431
65.5604720803	0.116178604162
37.1002253235	0.159039432963
-11.7627294026	0.271355734381
80.9128166478	0.0979148032613
14.992021387	0.20133374299
24.2046515399	0.182522485301
26.0833894986	0.180367804207
9.58298054694	0.217107364097
10.9434674127	0.206136562852
44.978833734	0.143395767612
11.3074315765	0.213914776303
3.0795904886	0.232023537156
61.0063330074	0.122103425395
4.51965828943	0.222984955884
18.7373666659	0.189209336815
7.17343022375	0.222899906152
39.0700397464	0.156109968444
76.2384162155	0.10309161843
3.53347694907	0.23058781251
1.31004695558	0.232111928291
45.4725752904	0.145194751663
117.926759329	0.0640586632437
6.50582783238	0.223774876613
2.31846286813	0.227864967352
23.107972191	0.18521107652
-2.59811581118	0.242974316706
42.9825619614	0.1492587574
89.031703501	0.0892991106946
46.2456287647	0.143886711471
49.5731279461	0.137945977499
23.4434542425	0.181197979466
10.4038077001	0.208696976717
1.81384482352	0.233333728502
98.2249300537	0.0798202337504
7.81926246383	0.22110265051
11.9152842086	0.204617192141
9.64033574431	0.213436113874
27.1975261146	0.177931773203
63.101895268	0.118911588552
60.1269298462	0.123291525297
23.1804221072	0.18566242285
4.69077905186	0.223486387061
70.901904525	0.108726049679
98.2668035531	0.0801301725038
4.45181490255	0.228518708299
87.4995588257	0.0902870801009
14.8383281873	0.203556187956
7.92806373696	0.218805725191
56.7866370329	0.12721099501
86.9330251249	0.0913166144392
14.2544820379	0.199651170947
61.0383216355	0.122106277191
13.3756599167	0.20798451376
77.9700197421	0.100513802144
28.7270868598	0.171322877736
49.6499483539	0.136268681387
7.98941625335	0.214388435393
30.6037265908	0.168273937728
32.4238153594	0.165007057439
-4.37221842556	0.249221181612
-0.211403058641	0.236831360092
109.645163811	0.0702521914664
37.4817184703	0.156706463916
121.33548568	0.0613542618374
23.043455627	0.18102099075
85.3861616129	0.0916598407953
63.2538713763	0.116920621611
30.1122806906	0.171145785875
26.8317268776	0.177460812388
4.71079187911	0.227678039693
11.3247828436	0.210237653854
1.95576925216	0.228914026084
37.0985394981	0.156462189551
-2.31091373002	0.24380710525
69.2167699454	0.111596077167
5.41797564317	0.22154177546
78.4186260183	0.099813281993
6.131519866	0.220618802538
53.6241889024	0.12991332026
8.35586495479	0.216194998278
25.387212713	0.180168224427
11.1984405474	0.206574967182
9.37186255186	0.211380127663
60.0432535829	0.121689399488
0.825789261962	0.237045767744
3.41762636814	0.227415473229
91.421649778	0.0854320840262
66.7020445353	0.112193685975
10.2064307479	0.214839594732
18.5834790166	0.190157676342
66.1639892175	0.114150421586
10.6710397065	0.210594775849
28.2360736799	0.174296506677
27.0660765102	0.173233299085
13.8861755591	0.204115962724
74.8635739465	0.104216969608
1.49959349876	0.232880343392
53.5614257636	0.132433545541
90.847819933	0.0874409477285
2.28178554897	0.235021893595
2.36182283614	0.230445910422
26.556014702	0.179056381713
53.4597422948	0.130146203571
72.2985223882	0.107769216665
69.1693618461	0.111676261625
36.3963252922	0.158446656155
6.12828773356	0.220891100096
93.3351193826	0.0834405870257
12.5169445098	0.208388575246
48.9462772426	0.139497290753
42.3442446448	0.149616753305
12.6004362907	0.204481314201
6.70350108782	0.220722705465
-2.67872633878	0.244180626241
39.5073111898	0.154908155233
19.1453757553	0.19311336194
34.5158760679	0.164099863057
113.49795802	0.0669008331237
16.6606988186	0.19897152539
54.1816004586	0.129578019389
0.58659176784	0.236046291942
16.9210513973	0.193654835533
65.7831111746	0.113287777592
51.8679875496	0.134989140433
59.1430932574	0.124619071783
18.5603753448	0.193271724913
80.7664790524	0.0970953914284
21.9574359583	0.183216966073
29.5987787315	0.173588308607
66.1811112296	0.115193503388
78.4123851167	0.0987489904468
90.2264941835	0.086704179662
52.2024508573	0.132199778885
71.5896621118	0.108649463724
24.9311113453	0.180784203337
102.757542649	0.0757072887671
109.303976931	0.0700465267671
0.528302963427	0.233823127554
11.0276886346	0.209559842912
65.9411673551	0.114270317622
49.7170474355	0.138349682149
10.9679818916	0.208851313236
98.6129790468	0.080214299804
35.3989164627	0.159607784787
1.55299084201	0.235245602349
108.467625844	0.0719502736129
13.7392576409	0.203321860957
25.7564758854	0.175798459013
32.9896442882	0.166112170605
14.576333865	0.199362896565
105.601014856	0.0739719220629
20.562819817	0.188477248508
30.3016132406	0.167413391093
20.8868273945	0.186210619756
26.9765441741	0.176382825873
59.2631979578	0.122004749671
15.6086759838	0.198661085279
47.4833798166	0.139053559487
119.252388527	0.0630352583684
39.5515242981	0.151256657523
55.6837121173	0.129348169378
28.7307781083	0.17187873087
59.9246015487	0.12107068214
92.6869781797	0.0844019656137
58.4414793971	0.125580841117
48.8517724521	0.139923379502
59.4580486918	0.124255804292
56.8130966801	0.127924091692
73.9110689712	0.105794864326
96.218011847	0.0820502348373
29.7569654524	0.171170950331
89.1828378402	0.0893858216177
24.2695265129	0.178905853786
29.8513411521	0.170396958959
127.185892541	0.0573762668737
42.5921665703	0.148465436612
8.10363387393	0.21663730961
27.0021962305	0.173544866714
112.12558212	0.0689580219453
53.5345008062	0.131476790442
124.308316256	0.0591373228078
54.1701120393	0.129248004232
60.4001938029	0.120356945753
33.7978062237	0.161064298697
10.3354120886	0.210583596201
134.519550488	0.0531229378549
60.3073359126	0.123204813591
120.475415173	0.062745594219
69.4533767231	0.110715577321
77.0133939869	0.100055314482
95.3695898454	0.0830369580761
90.5388646035	0.0860087313149
48.6765152745	0.137431842208
102.715012342	0.0751321486539
87.5939458308	0.0909709277504
102.781801688	0.0766102114956
57.6198530588	0.126853114683
39.408410457	0.153263299617
68.1992976768	0.111276457889
109.217469916	0.0713476841516
110.831723587	0.0700221882463
54.2953349565	0.130861999834
114.923326478	0.0659924303749
68.7892573792	0.110139390007
97.797972396	0.0803139904053
32.6579460411	0.165521338637
58.6461085551	0.122600185307
142.354140504	0.0483268055953
35.4503960723	0.159009506069
51.1755309671	0.134381216876
47.3065016043	0.139197272688
67.4671207391	0.111831170312
96.7683823842	0.0815611148398
132.861825797	0.0542886743378
86.4386003112	0.089863125033
108.974942935	0.0715193281311
33.2583298597	0.164221173491
63.962111531	0.115612923384
64.0753674266	0.117808602004
120.803823795	0.0625017528732
70.3259580487	0.107637759835
19.4421414556	0.190437533561
69.2385421853	0.109158149492
59.7324512603	0.122383121543
24.4062358626	0.182514138043
103.346144397	0.0758014963635
101.441564258	0.0777566693207
120.562838118	0.0623544822406
54.9732337362	0.127889812296
47.9935909732	0.138906931612
124.452159506	0.0593259894391
83.3493895914	0.0952520946588
87.3609034939	0.091195443324
94.85823473	0.0836107046616
63.7437589173	0.115696021413
77.3041033871	0.101834183131
127.366166664	0.0575874925223
119.810982658	0.0627037200342
108.551178664	0.0711718964069
79.3891145699	0.0994227529831
134.226891353	0.0530770039272
103.093758232	0.0764529459107
107.216510365	0.0729000541469
102.732397027	0.0767402323119
82.3241147884	0.0962205925397
112.939985881	0.0683109385525
116.881962745	0.0654094087355
125.067934375	0.0591415800023
49.8222713343	0.138151308692
118.750912116	0.0640033361815
67.4009627017	0.113458038373
82.7441780829	0.0958892661775
94.5623151181	0.0823371483722
59.1405211877	0.124694629028
58.5188066545	0.123040339074
121.731263459	0.0618222851622
111.584067165	0.0694146284037
106.485539725	0.0735557561455
60.7445001353	0.119617864628
81.0757380305	0.097718152878
138.304739594	0.0512300616225
100.133532423	0.077029423194
115.119278801	0.0667238024578
138.701270753	0.0505360559824
59.9062945091	0.121066366983
61.1656566244	0.120903290039
87.0131404008	0.0902907333847
107.391392308	0.0713396527892
136.648651867	0.0521155197283
25.7621601077	0.178800942877
60.7295539044	0.12226609532
114.84889165	0.0655066602658
90.7069518101	0.0877887721486
77.2033821049	0.100152333465
37.2604814365	0.155520417531
55.5837696814	0.126790345594
52.0694020713	0.131745685148
30.0810306246	0.167994398458
44.0003436176	0.143604489586
112.012368848	0.0685853153304
85.5744997623	0.0930003519938
42.8085430304	0.148372293107
27.0528183485	0.173254422297
80.9406622284	0.0977377750053
40.2483546804	0.151957306099
122.8888643	0.0603317153688
106.663709874	0.0730563006002
124.081816801	0.0594514294286
70.4184241838	0.107399321367
95.0514425565	0.0833735432834
115.460195393	0.0661612507844
48.7225203928	0.136501114182
58.0692048741	0.125021795173
110.91273519	0.0695906675657
63.8179777064	0.118131205203
60.8481376444	0.121880750661
154.986588905	0.0423366889447
57.7941315332	0.125715441474
128.252296001	0.0575045169266
145.634341785	0.0469343262434
58.3442971917	0.125019940998
53.6150549668	0.129453894046
142.049842809	0.0489686442762
88.8192639436	0.0876650034349
158.850375091	0.0403776516209
37.725004241	0.156359600705
31.566529088	0.168025148414
82.7111927069	0.0938700381097
71.7374269474	0.105752535821
49.0828246391	0.137326362489
135.29994881	0.0523785239874
52.9898799425	0.132665363797
102.741535351	0.0758866481827
25.662218451	0.178473623257
51.3882431232	0.132858230644
94.0370224106	0.0841154859531
131.540175981	0.0552282260961
63.156434983	0.116607867708
49.5106809331	0.135463175095
69.7319533086	0.108116347696
34.5609083167	0.159713369053
82.5794903215	0.0958180201481
95.9128186741	0.0826183246682
52.1851578071	0.133598652363
53.8533649692	0.131388857466
47.4442755251	0.140687261056
44.6200226515	0.144944257097
59.9739445497	0.122891237372
53.1822679849	0.130976392361
72.2621114966	0.107306939986
98.7491287422	0.080050864431
56.4900373726	0.127501138966
35.0148975219	0.161545242672
109.470238685	0.0699185401467
54.2900833317	0.129365140502
159.179590238	0.0403945497132
57.4399122694	0.126148820165
42.3720403462	0.149477674162
50.9028232937	0.136170461042
55.2130354312	0.130256257377
65.0986490583	0.116717323771
115.705537091	0.0649548666379
73.8631205923	0.103365137316
57.0073488784	0.124489825444
76.3809056463	0.100615698573
43.6286347938	0.145333937047
58.489300896	0.122410655248
52.8985554994	0.131159878385
72.4577263989	0.105034053538
66.9972157547	0.114009517381
78.9039974367	0.0979597439575
125.186071576	0.0588525634957
129.435866978	0.0563414933654
79.3148425215	0.0974634211818
99.5868455913	0.0780132352523
137.880408768	0.0514853630988
100.016699222	0.078922528246
102.933761932	0.0748687441288
141.232557078	0.0495811068
120.957075491	0.062308373306
151.976343518	0.0435499777658
111.960115735	0.0682688777645
128.02907651	0.0573265784082
111.973312863	0.0677401736386
66.6732022084	0.111976455148
50.6741440343	0.133672594456
68.6754927915	0.109415127621
112.331674125	0.0675209574417
118.87617232	0.0629119904481
65.2475085376	0.113959935743
63.611217159	0.115779313381
79.8942755937	0.0969653435867
51.8990066717	0.133035210087
129.760738672	0.055734611498
97.7364581249	0.0795627645785
79.0524013863	0.0982040808345
143.54599642	0.048072656799
132.753591517	0.054202605169
117.401581038	0.0640691947458
150.913289717	0.044278381849
60.7933073992	0.122350170617
104.43957928	0.0735335708975
99.3697219858	0.0785174645235
171.606009056	0.0352502143935
178.040851234	0.0327831667849
120.83154768	0.0625838901081
121.620170495	0.0607635545169
128.536461434	0.0563308603951
124.33001292	0.0592179844027
139.559865111	0.0500779869136
122.989918031	0.0602716323122
81.212862112	0.0954853457284
104.510900415	0.0748322924523
148.350298131	0.0455352149667
91.4365101162	0.0851486089283
85.8432157016	0.0926890885167
145.194728425	0.0471962388198
95.7719632377	0.0809755142679
74.5744399387	0.105183743072
61.6495552841	0.118745266422
158.578958714	0.0408012306576
120.255941452	0.0629580024401
109.027830903	0.0714793377977
73.7039178349	0.104423184185
123.724782774	0.0601762175585
95.426579448	0.0814026683619
171.665903357	0.0352530073586
78.3226793078	0.0987340795039
112.833795437	0.0671484295303
107.767495693	0.072148191571
105.618245276	0.0725121357093
94.3587729156	0.0822975414389
128.06331416	0.0576411730324
79.0190617731	0.0979746784604
87.4290394421	0.0892421379932
143.626374998	0.048376990867
174.479898837	0.0341440062537
162.582075687	0.0389693063424
79.7285830624	0.0991721676997
170.02125809	0.0358279351526
166.211757031	0.0373677991147
143.480415205	0.0482513407237
147.064786797	0.046237811478
132.710783028	0.0546109429026
150.268417983	0.0446876647868
158.965496453	0.0406663534328
137.928216741	0.0514196406647
121.524915197	0.0613251847151
123.954119408	0.0593634035023
167.262175868	0.0370941344568
152.031529159	0.0438553500126
133.476800133	0.0541948612781
146.514872267	0.0467223234586
94.9008219391	0.0835913836379
74.0072170898	0.104080411316
99.6152103559	0.0777711702917
128.165251245	0.0571228669386
99.0916618043	0.077905229615
89.9864724047	0.0884019013603
97.1573068785	0.0815928067079
165.181410995	0.0379787381014
152.623207658	0.0434818080181
117.131378947	0.0640655750391
132.020303539	0.0544606158737
109.902002265	0.0700626240004
147.440790927	0.0460175383014
134.319895379	0.0534535603896
155.166756433	0.0424844914308
71.301250927	0.106936654503
109.010337479	0.0699563391719
147.65592112	0.0460939549862
108.111209833	0.0722117782289
138.933215654	0.0509983002241
127.672360624	0.0579063937967
160.662615648	0.0399110160674
123.385768272	0.0600519863916
80.7616811569	0.0980182896004
146.090948641	0.0467078508223
101.763523386	0.077661398688
137.841764428	0.0512314276318
123.278973696	0.0608416929306
141.714152354	0.0489839250895
85.8203404454	0.0928368203096
156.484985856	0.0416624325269
123.594930975	0.0605784548883
139.163633891	0.0501515083258
150.317520913	0.0448334168666
176.014423906	0.0336149927368
166.081253093	0.0375390356154
122.206070966	0.0605720765669
176.168974763	0.0335990542829
113.783792027	0.0667100361853
139.202385347	0.0508624692323
118.719956609	0.0632468732905
117.489607433	0.0650062238542
158.235836752	0.0409021776468
169.605901185	0.0361219060118
95.4760849513	0.0817797000068
94.8928998395	0.0837197577758
144.179950388	0.0477423124189
141.189666047	0.0496709062745
185.692212504	0.0301990656553
178.877804318	0.0326064872313
92.9891612554	0.0840079803193
107.762034819	0.0725366955723
158.587386616	0.0406750890766
121.919712862	0.0617994652596
149.273759653	0.0450927449142
140.659648113	0.049923933413
150.184920415	0.0446956666622
90.6077285669	0.0879502626682
151.137341494	0.0441567360029
136.504983681	0.0523424860883
131.21177044	0.0549811464492
180.676885258	0.031971766807
111.456376011	0.0684577017616
135.021287335	0.0532900430909
180.401996156	0.0320783796809
149.671246638	0.0449133287726
149.439950507	0.0452521700873
104.484371289	0.0735692361758
184.375193818	0.0306820169784
149.105355764	0.0452415399841
129.499792694	0.0567227262985
124.385560465	0.0595629204684
110.667036907	0.0702090715456
194.432057343	0.0274044663153
146.54158636	0.0467151321553
138.877945587	0.050564938188
168.944937953	0.0364032303703
167.959473461	0.0367449465578
146.522453292	0.0463149256675
148.694917266	0.0453937787589
187.579346178	0.0296217771087
188.465662741	0.0293188299822
105.037737187	0.0748604613604
177.481082029	0.0330562172251
129.287349445	0.056820951685
138.574836883	0.0506745416676
187.126328367	0.0297802910161
155.14472822	0.042309014812
170.177716275	0.0359287302872
141.171816872	0.0492596584476
160.491641268	0.0399424648646
151.245012578	0.0441971839824
162.141582576	0.0392932200272
120.206629711	0.0620129709544
169.440632056	0.0361951651062
124.255857949	0.0590290064009
160.021349634	0.0402675578887
191.310148293	0.0283921319562
192.211528787	0.0281179936572
194.348123789	0.0274571746284
151.233370127	0.0443584631238
183.594077214	0.0309605527123
148.424885435	0.0457405111248
164.284052013	0.0382168316828
193.335131394	0.0277703732126
170.335450368	0.0357498662535
151.474551127	0.0442730071779
193.581737686	0.0276921523327
139.639103259	0.0505825844025
180.02755144	0.0321678398296
142.344631677	0.0490658818707
156.487465287	0.0416338452636
139.430822867	0.0507664163974
149.091762815	0.0454004686639
184.956050816	0.0304600935373
146.184397763	0.0469145437803
138.195634943	0.0511604676158
187.208324224	0.0297445757951
171.485380038	0.0352931554614
150.650602658	0.0444207065123
190.960710194	0.0284964947077
142.265245767	0.0491020081206
176.073511946	0.0336697687899
156.498204262	0.0418315986513
180.279271679	0.0320947581556
168.130117166	0.0367502001135
149.492474114	0.0452482717507
163.600940363	0.038638372398
145.094721945	0.0475506476422
150.821109333	0.0446286286799
120.177224144	0.0631089761311
159.34708256	0.0405039773345
142.98835094	0.048701724365
160.594987821	0.0399353589031
142.807852851	0.0487940675909
169.671417657	0.036125127657
145.794650239	0.0472100221862
153.600793709	0.0432429642718
123.813773856	0.0605854757425
147.444755225	0.0463581332056
120.453143607	0.0628860443481
132.846753509	0.0546132222877
116.943619278	0.0654116079305
128.257176982	0.0575200797269
142.57632156	0.0488828695987
156.829716756	0.0416959018667
175.052554488	0.0339880281375
139.598145197	0.0506201386387
150.799449259	0.0445158089997
163.010288486	0.0388739344218
117.374476446	0.0651578330333
183.130768793	0.0310542174472
134.005299292	0.0539546593281
160.287807479	0.0399632367021
180.597104262	0.0319404172052
150.429413057	0.0447880549327
165.867948609	0.0377064785222
123.313538161	0.0608993024752
171.381645195	0.035456190034
144.731317779	0.0477429277784
174.44193877	0.0341803754845
158.992172185	0.0405642460182
140.610765119	0.0493614791528
157.348737145	0.0414506193418
102.586528661	0.0769634132634
168.583084101	0.0365799262152
138.140857402	0.0514183227583
122.08862022	0.0609143250408
133.277516526	0.0543002247923
152.222224134	0.0439031779013
164.672554143	0.0381924151457
142.53255028	0.0490229254279
150.74626246	0.0446374162525
119.40196873	0.0636274022569
182.894193404	0.0311837714587
137.291731227	0.0519944461004
142.471389521	0.0490241190842
124.871906268	0.0598284138774
144.247382878	0.0480757948543
138.426480748	0.0513432014599
165.180309088	0.0379328584297
137.925453669	0.0516325187095
148.353587947	0.0458478475455
131.47234488	0.0555228200414
158.830178298	0.0407724305041
121.273866924	0.0623136688698
161.244260801	0.0396222868516
165.323232023	0.0379048534667
124.231388341	0.0602380843308
145.03985782	0.0475911843247
185.938906976	0.0301240823987
143.196599481	0.0486062138415
145.397238747	0.0474109484971
146.031770035	0.0470944064678
143.382703974	0.0485437139674
136.948645856	0.0521918597783
194.838640863	0.0272263285719
134.914032039	0.0533806260707
194.875663783	0.0272245551937
133.818395533	0.0540549606234
180.305735406	0.0319892955446
129.042598433	0.0570758407007
155.28129217	0.0422319906568
137.023731552	0.0521609059231
175.427793576	0.0337360032064
154.41066166	0.0428305355732
182.763518322	0.0310786927603
127.773902717	0.0579035802582
195.919525734	0.0268711594285
136.727210962	0.0523315767903
193.334594216	0.0276788564241
151.798591012	0.0440902541436
180.377117472	0.0319882154643
123.020514643	0.0610513789526
167.863349202	0.0368116444926
129.240587495	0.0568856947419
168.219004976	0.0366778023808
127.243351037	0.0581509061806
169.837958799	0.035902061483
151.421900548	0.0442893733438
192.731145158	0.0278766005408
136.377583968	0.0525382125862
148.536059179	0.0455981718286
154.575438891	0.042754935655
194.269909508	0.0274004334367
138.599682959	0.0512259271972
165.235303978	0.0379591045506
177.36318052	0.0330042744285
147.851208253	0.0461377315828
185.541670025	0.0302772176181
169.609408141	0.0361281707437
185.971537682	0.030111422799
160.7376667	0.0399228128129
140.144891408	0.0503336117211
149.033855371	0.0451317409499
164.405762673	0.0383042211742
156.280969996	0.041948982716
178.37245367	0.0327919378195
170.297718407	0.0358549849954
154.206094707	0.0427852629669
126.085624913	0.0578450744751
177.520417673	0.0331419918955
168.283279066	0.0366292679736
115.990884053	0.0661894268462
109.54466735	0.0711846807592
162.709320645	0.0390271467023
145.342609224	0.0473927075627
157.683384188	0.0413095528041
175.326936585	0.033941133412
111.779972842	0.0694033149956
163.211246901	0.0386837165457
167.639173775	0.0369323717137
171.981307377	0.0352159899565
188.169817565	0.0293266595454
153.488363896	0.0430291907137
174.739010341	0.0341555378844
181.880706932	0.0315440059767
195.499848057	0.0270938536405
159.783909053	0.0400517813748
171.971906973	0.0352062885987
159.219223756	0.0405621916492
161.257661811	0.0396616836959
157.224804995	0.0414676038606
156.326615021	0.0418856567932
178.361953978	0.032730880782
176.576762542	0.0334624111695
179.229064565	0.0325122784839
149.361436705	0.0449604457853
137.792756133	0.0509837334342
138.974523183	0.0503106157147
153.52186735	0.0430830120689
144.364518953	0.0474689992636
150.068148308	0.0447947443959
138.400417935	0.0507699794272
152.305188137	0.0438614866972
135.335866379	0.0524896967683
157.563145645	0.0412605106256
150.888503856	0.0441851728935
132.926631467	0.0537521243955
139.192508127	0.0503733706074
152.415968569	0.0435482158608
148.265010142	0.0455343166751
158.675792828	0.0408179550526
154.116213634	0.0427846874658
182.227318607	0.0314622377543
173.13573607	0.0347849306667
160.013318652	0.040173512422
157.825370067	0.0411840147435
176.498781066	0.0335005282767
162.423695043	0.0389510411702
178.252627859	0.0327810170806
185.073044274	0.0304004273517
155.595243941	0.042106561265
159.290684485	0.040521213806
156.062329936	0.0419674583884
149.01758981	0.0452591078048
176.249301124	0.0333951017132
168.869373287	0.0363465382732
161.509492139	0.0393106723092
165.438893461	0.0377171843525
169.726233134	0.0358819234645
189.755075128	0.0288544821181
157.433396515	0.0413583016201
172.356657784	0.0350571477744
168.894487514	0.0364317039433
158.323601427	0.0407446790582
165.541146006	0.0378403396361
171.727456366	0.0352952402496
187.94728335	0.0294583409515
166.959220979	0.0370360697182
187.466794586	0.029589944687
151.983633161	0.043741605132
131.41588087	0.0554142676272
152.612829949	0.0436488334399
167.15343951	0.0371577273794
187.474558899	0.0296322543032
182.035736747	0.0313291545145
167.15652634	0.0370813666065
184.629565904	0.0304912874711
192.557264865	0.0279858793793
168.894259512	0.0364495412259
164.451390327	0.0382080781128
162.919060546	0.0389823487353
166.635392256	0.0374015468936
197.347416625	0.0264983625665
181.545946156	0.0314921055297
189.139482013	0.0290577321811
174.484172289	0.0341860840808
182.795529921	0.03123710592
168.905961089	0.0363068307848
176.746557078	0.0333328382726
166.828841213	0.03721041239
192.501021698	0.0279277469889
170.341754325	0.0358755292426
169.270190304	0.0362105090222
174.695305312	0.0341708754007
159.44987055	0.0403049606591
123.050190983	0.0599309696262
174.876340956	0.0340613303298
156.986177302	0.0416032632988
160.439854746	0.0400031382373
138.663455984	0.0503322140871
161.688329294	0.0395009046684
192.013454054	0.0281944188257
174.961992453	0.0340730420599
175.009858904	0.0340490656794
171.787812051	0.0352026294895
193.296107406	0.0277619421082
178.103139711	0.0329148836518
170.123394254	0.0357265233631
179.58992486	0.0323697474726
175.990641048	0.0335111896221
187.917715211	0.0294770591723
178.351340241	0.0326335641183
176.427030282	0.0334754683756
177.829285606	0.0327930073178
177.681572476	0.0329920307849
169.187857732	0.0361618777349
189.400311593	0.0289878151134
185.315580603	0.0302089940995
173.375329937	0.0346626512498
185.253246509	0.0302336829719
171.722032989	0.0353021427333
181.501517709	0.0315425992852
177.236282835	0.0332057817939
175.117460283	0.0338248585022
185.983161115	0.0301180656862
178.072386053	0.0327473292034
180.425436839	0.0320589077818
191.945324817	0.028112391494
175.164117172	0.0340023281408
179.944720012	0.0321834225125
174.683497468	0.0341867208437
183.706549349	0.0308000419213
183.406398451	0.0310103245508
184.021063348	0.0307113122587
180.450223719	0.0320354085328
192.373631124	0.027991755399
171.580690893	0.0353280180094
184.595289511	0.0305580343164
182.544509613	0.0312866953538
177.318947436	0.0330860537583
189.007854626	0.0291043394143
185.283502093	0.0302589994988
194.3660484	0.0273909916522
192.227140011	0.0280484185961
179.621547889	0.0323145269518
184.33257333	0.0306611819266
189.50055418	0.0289486864412
181.369409886	0.0316787139852
177.881748779	0.0329172159707
188.462404065	0.0292682025681
178.414335489	0.0327867219406
185.648327593	0.030170278364
183.382589155	0.0310094274181
185.868897617	0.0301033327498
194.021100508	0.0275066468284
196.509552273	0.0267668284522
193.326377539	0.0277039012408
196.213526491	0.0268515923692
178.143023612	0.032774709064
192.444219895	0.0280056228584
195.766232497	0.0269500296276
185.103649248	0.0303808561522
184.612150904	0.0304824343779
198.507867825	0.0261474148055
184.269590659	0.0306906036467
195.957798458	0.0269245520354
184.783296188	0.0305135636121
197.398243556	0.0264882333887
193.886580331	0.0275373754209
181.413816811	0.0317111629956
195.093859439	0.0271684533723
182.918442366	0.0311825309328
180.748128103	0.0318205798063
164.98932834	0.0380525031963
181.932814391	0.0314280511951
190.781574062	0.0284841622543
185.638152483	0.0302275711185
186.758795228	0.0298504862172
174.752990955	0.0340513139747
174.354441593	0.034113484032
176.883977554	0.0332258845681
176.019220604	0.0335144985492
181.917734192	0.0315159707084
166.406519825	0.037360079739
158.803017996	0.0407622135007
175.99509059	0.0335262712632
185.517073237	0.0301516491953
176.672338545	0.0333510822871
187.20836655	0.0296554256325
181.810780151	0.0314461844524
188.527205838	0.0291762729376
183.467161686	0.0309046100845
189.137703052	0.0289962056626
178.230593027	0.0327918639916
163.605385514	0.038651543033
183.808413944	0.030871517627
190.508041442	0.0286512452554
173.880771721	0.0342647402414
195.402626613	0.0270996487402
183.978571646	0.0306468874989
181.051320254	0.0318069446319
198.16271896	0.0262715592137
191.472993832	0.0283100815092
176.143345411	0.0335258191537
180.617068751	0.0319630094767
155.767587189	0.0422015209635
184.404417893	0.0304210392214
186.844035933	0.0296601043962
183.753199889	0.0307515456329
167.736610854	0.036672977345
186.178626191	0.0299726956318
183.79176992	0.0307800396845
189.045221	0.0290997541827
183.865445451	0.0308401166013
178.13782671	0.0328906912118
177.053838507	0.0333001280012
171.384918372	0.0354416736026
178.73107211	0.0326634213557
187.437587089	0.0296481226705
176.892440471	0.0333454428307
188.181935166	0.0294022548489
173.775218474	0.0345247880653
184.908947288	0.0304803246949
177.922644647	0.0329620626676
182.561463687	0.0313120371075
181.009007495	0.0318731792366
194.336707807	0.027441061524
184.553822523	0.0306276230157
190.922530798	0.028512873328
189.472762142	0.0289993691215
197.712452174	0.0264082214407
188.892667554	0.0291837305092
192.222957352	0.0280996564038
190.109101675	0.028764819811
194.079405085	0.027489411364
183.88850403	0.0308232424012
192.161495394	0.0281133307736
193.548291945	0.0276579841465
188.887991262	0.029146447534
197.848945579	0.0263481202716
188.582962566	0.0292437890144
186.770340442	0.0298188232037
198.807898106	0.0260687538802
192.655005488	0.0278910485264
195.396398914	0.0270717926888
195.678192089	0.0269516200645
191.710946141	0.0282298795242
186.038570746	0.0300627263535
186.457325899	0.0299424169989
192.716166453	0.0278865945866
185.325592983	0.0302792743462
184.591363647	0.0304608880578
185.730158982	0.0301276901827
188.38082184	0.0292003500433
183.861583581	0.0307536072572
191.300145123	0.0282583200736
181.738092737	0.0314856916109
182.158677768	0.0313534371944
188.554343132	0.0291850816992
182.269209214	0.0312219847507
182.291845715	0.0312949668895
191.592411015	0.0281725570397
185.851157736	0.0301530262252
194.420184392	0.0273030120062
180.564945283	0.0319929251804
193.662839369	0.0275159519693
187.636491454	0.0295651971697
186.328055321	0.0298951375484
188.742601111	0.0291841460316
197.33656278	0.0264546329006
189.671760886	0.0288658729062
194.87475667	0.0272352442526
190.045420014	0.0287862160897
190.503353372	0.0285363383598
189.974007169	0.0287019645384
191.971215219	0.0281784497592
181.199350248	0.0317343826825
192.043407279	0.0281055093915
185.306929437	0.030266745154
186.648523279	0.0298645310826
194.232782855	0.0274300812558
195.515540037	0.0270803487446
196.433202161	0.0267587857428
185.503050325	0.0302919257147
185.057766542	0.0304264334327
193.183631967	0.0277871956373
197.595559798	0.026379992026
185.115418719	0.0304151847943
180.999940853	0.0318332563369
185.215421193	0.030401613297
191.031290366	0.0284793404545
189.163594316	0.0290899647886
179.936854175	0.0322217213402
181.918974288	0.0315273696409
182.761527559	0.0312485399426
185.498556439	0.030291554609
183.97957557	0.0307909095568
187.28536071	0.0296970717673
191.844613107	0.028201171133
185.755511257	0.0302013923809
190.815627756	0.0285409965802
184.250680782	0.0307168369697
186.740394378	0.0298586805841
195.114511892	0.0272051182771
191.71203194	0.0282336042983
195.870452709	0.026986170602
198.17952183	0.026275579976
198.399989317	0.0262261106987
198.452308782	0.0261733641756
195.353230981	0.0271199484603
194.668942579	0.0273189687427
198.598169757	0.0261336999716
193.466162224	0.0276340262572
197.174569592	0.0265257988731
194.509198609	0.0272991678111
194.189423892	0.0274192484324
196.116977654	0.0268194589954
193.131294934	0.02775257596
189.405992964	0.0289004682557
192.056272517	0.0280927707273
193.856574637	0.0274659062555
195.252177786	0.0271199146688
192.530026382	0.0279566099072
191.446795066	0.0282861287998
194.130419063	0.027443831657
191.009865825	0.0284524593153
194.712549656	0.0272887768579
186.943053581	0.0297711642897
191.930923402	0.0281152678547
194.927710351	0.0272427540505
195.692337907	0.0269567285819
191.657322114	0.0282646470196
201.016904695	0.0254323076367
193.753976264	0.0276067215625
195.621196245	0.0270000365494
195.937428339	0.0269189774934
199.438503474	0.0259108914615
198.623764698	0.0261378742144
196.459121096	0.0267957376513
197.127134698	0.0265701747855
195.670941047	0.0270222922421
195.275161051	0.0271231945854
196.259803712	0.0268438043482
192.024705944	0.0281299612181
192.407474701	0.0280350645815
193.505041566	0.0276735247712
193.945268956	0.0275501786566
196.294782806	0.0268290327527
189.922086224	0.0288219308702
191.371392395	0.0283343017458
193.354092323	0.0277421578398
193.906291526	0.0275782222169
188.13377828	0.0294269923327
197.205449012	0.0265583528058
193.970764263	0.0275637327193
192.246540962	0.0280984599276
186.552547825	0.0299351023614
188.447375321	0.0293185711232
191.371141047	0.0283603200146
190.717890985	0.028569691356
194.417970675	0.0274065665415
200.957000004	0.0254448227002
199.777616154	0.025785009708
201.224816123	0.0253571791087
199.922352105	0.0257348351874
198.318174463	0.026200405696
199.311877118	0.0259077974627
201.593121256	0.0252477654978
201.474502899	0.0252879530448
201.406748496	0.0253108898236
198.967158695	0.0259882585339
197.451338384	0.0264377054317
195.548881568	0.0269980067298
197.061746674	0.026553038561
196.978915314	0.0265638987857
192.865130655	0.0278004260386
192.323195187	0.0279838971099
197.707875225	0.0263320028226
191.266342662	0.0282880402823
192.520708287	0.0279190403701
193.892656953	0.0275171597045
189.927597549	0.0287432174164
190.05056711	0.0286994089339
193.300353546	0.0276956095545
194.441902048	0.0273315168399
190.269405356	0.0286793472276
190.126291337	0.028713352377
195.442800398	0.0270564721443
195.337157956	0.0271219449064
195.913828773	0.0269487540444
190.270605119	0.0286904864821
192.134264788	0.0280827326408
195.597986553	0.0270310967967
197.22375933	0.0265228890646
194.789203781	0.027291273978
201.876540863	0.0251936455782
197.009747474	0.0266206585831
196.509509524	0.0267557368102
195.728743973	0.0269700187621
198.457945771	0.026190947057
198.394784181	0.0261772629584
197.886969485	0.0263675133683
195.312628743	0.0271537615955
194.014271246	0.0275200806277
195.433978935	0.0270923457516
197.930543883	0.0263281746708
198.78419305	0.0260842441779
199.22144488	0.0259591168157
197.547198805	0.0264702521486
197.141631175	0.0265875313131
196.992506459	0.0266182956964
199.33616037	0.0259187041358
197.833245686	0.0263632816376
200.879755324	0.0254883844002
198.415690426	0.0261889861797
201.330976425	0.0253380137263
202.529167075	0.0249938513511
202.560468718	0.0250017628931
199.672646186	0.0258004462707
198.353096449	0.0261728604516
201.459387072	0.0252876099328
200.270828225	0.0256185519055
199.155928859	0.0259481514667
199.328466094	0.0258936928327
200.755521358	0.0255005190638
198.987827072	0.0259990915348
201.837380217	0.0251998288572
202.421188198	0.0250301707937
202.060551317	0.025129655549
202.459859131	0.0250337557652
200.969414571	0.0254377705035
200.683231811	0.0255315815007
200.670720787	0.0255213776151
200.231808957	0.0256665237241
200.594045217	0.0255738774173
198.248858861	0.0262362588391
196.270788477	0.0268304565468
201.681085824	0.0252497108188
199.4495604	0.025899135719
199.083138281	0.0259847712334
201.157414421	0.0254104096677
201.515653543	0.0252886018339
199.309905768	0.0259320557258
199.986113444	0.0257444120864
200.062753449	0.0257176710281
201.87801961	0.0251917992788
199.346012195	0.0259089829787
201.658926384	0.0252693055997
200.577392208	0.0255479271206
200.987835025	0.025458956609
200.026253154	0.025721927869
197.558807479	0.0264422009047
196.629704625	0.0267181929125
201.512014868	0.025295860979
201.012321527	0.0254543873829
200.287181766	0.0256369651965
201.450821215	0.0253265828422
202.461021733	0.0250265466727
200.2385553	0.0256637874733
200.741071177	0.0255277756269
201.974588643	0.0251745752902
201.197304069	0.0254022177112
201.964259097	0.0251563649748
200.31683561	0.0256513025297
200.564109059	0.0255588139429
200.522894785	0.0255912401738
201.224560258	0.0253924591894
202.022395456	0.0251615478817
202.888193027	0.0249162747023
201.801377943	0.0252023060485
201.247092608	0.0253846897708
201.754583859	0.0252154271052
202.11581382	0.0251326242193
202.03086419	0.0251539114047
200.925507238	0.0254557456194
202.837655142	0.0249044556566
201.581539765	0.025260092879
202.963569993	0.0248892895979
202.251281962	0.0250674585949
203.254636401	0.0248024252293
203.151336022	0.0248312233929
200.70178259	0.0255026879083
200.664296345	0.025516251132
203.080893191	0.0248435981503
202.356498153	0.0250364854497
203.338082702	0.0247809027347
203.298096736	0.0247751930435
202.885754253	0.0249039969582
203.469397311	0.0247467965774
202.692758525	0.0249581255121
204.366559507	0.0244954787544
204.151925628	0.0245360498314
203.212898182	0.0248219867103
203.004063129	0.0248567507403
199.438092166	0.0258767580038
197.082230229	0.0265599903725
191.771593904	0.0282048096662
201.470765877	0.0253015166469
191.989880452	0.0281634904261
194.087195784	0.0274733257812
194.252074571	0.0274457041833
194.094260226	0.0274748356125
201.266906865	0.0253391686497
195.069702247	0.0272044737943
191.277872909	0.0283656576584
194.313097172	0.0274168397046
202.211009926	0.0250883969714
193.738457043	0.0275898696884
200.407825746	0.0255780844993
191.174296719	0.028373602732
201.130288656	0.0253952322677
198.918029609	0.0260467751223
200.547711362	0.0255654223154
196.495942696	0.0267143596142
196.726922171	0.0266629209587
203.815367046	0.024659907583
196.257926661	0.0268040845554
194.839131889	0.0272363843871
197.358984849	0.0264793128466
193.899179117	0.0275460453955
200.975694951	0.0254361582001
202.840557595	0.0249105852308
201.757500897	0.0252145789238
201.020234964	0.0254370498087
202.596304681	0.0249929969827
200.759217015	0.0255151607361
200.412698112	0.025601934576
201.563421754	0.0252590916994
200.442257992	0.0255927189879
198.592483235	0.0261031874835
195.441910307	0.0270546711572
199.382097638	0.0258901628786
202.35021935	0.0250483167515
201.752413049	0.0252164552716
197.956039466	0.0263126375645
199.385783411	0.0259082835019
200.298452243	0.0256206753436
198.418870476	0.0261913203812
198.901808998	0.0260186557955
200.012361678	0.025735809035
200.688248212	0.0255179766993
201.538764331	0.0252875323513
200.785280353	0.0255018538873
201.97164555	0.0251513321828
198.132394051	0.0262464874667
201.713083418	0.0252302181564
200.846323536	0.0254699826741
201.662003445	0.0252520198384
201.486807296	0.0252955903074
198.737573888	0.0260896035811
198.985461384	0.0260208152491
199.118447029	0.025981798858
200.114539216	0.0256871853485
201.079570298	0.0254125799089
199.863549201	0.025784442202
201.423003807	0.0253329462129
200.630259659	0.0255679463083
200.341027676	0.0256398382762
201.821027371	0.0252117192078
200.688725514	0.0255175219975
200.872610005	0.0254658026881
199.84594229	0.0257592979144
200.910809407	0.0254744638418
201.618525747	0.0252573979863
199.552568537	0.0258528251613
200.177265022	0.0256617455679
199.904396555	0.0257599151103
201.409474301	0.0253275154258
201.090094502	0.0254283437139
200.155798014	0.0256858795953
200.945608578	0.0254672262505
202.294620929	0.025072927
201.555428907	0.0252983930353
202.615030112	0.0249766880361
201.178145264	0.0253755876876
200.541251303	0.0255615527507
200.568523923	0.025551545055
202.215057738	0.0251165795236
202.015419383	0.0251571427576
201.2047652	0.0254054384685
202.012985292	0.025159178536
201.908376702	0.0251818905932
201.073262924	0.0254097018523
202.140661661	0.0251182187854
202.285434648	0.0250979170025
202.237911593	0.0251115203567
201.591722783	0.0252658881095
202.261549761	0.0250951490863
201.823382343	0.0252303031129
202.068005337	0.0251332963467
201.834269178	0.0251966890215
202.196306254	0.025097415383
202.333307733	0.0250864207469
202.881297243	0.0249234653461
202.427345608	0.0250285396521
203.249099487	0.0248205702232
203.499778105	0.0247560389664
202.609019593	0.0250084004342
202.595131336	0.0250109941703
203.426615238	0.024780019881
204.013581838	0.0246023695012
203.482224986	0.0247636724705
203.219741764	0.0248347506805
202.789624424	0.0249532923102
204.081520275	0.0245954626166
204.027528464	0.024603572282
204.310946211	0.0245246623056
203.515046452	0.0247521419993
203.212850157	0.0248339083478
203.906014449	0.0246442577122
203.689844126	0.0247028954968
203.654095785	0.0246930136853
204.540360872	0.0244691660695
203.645987529	0.0247158273794
203.802944437	0.0246712945804
203.897611749	0.0246466328372
204.015827872	0.0245900559348
204.251128641	0.0245487437319
204.488514851	0.024479112513
203.460957988	0.0247657810581
204.190317847	0.0245526140375
203.198507415	0.0248154319817
204.507056198	0.0244697659584
203.451520097	0.0247576975118
203.929498378	0.0246326853734
202.875613838	0.0249166824809
203.931571704	0.024624627604
202.743295953	0.0249482221885
204.082525016	0.0245902574535
203.379030465	0.0247847691211
204.427513332	0.0244948878159
203.817548369	0.0246660434655
204.125591155	0.0245686990653
204.227014067	0.0245495341347
204.379434203	0.0245065414129
203.500149337	0.024750394276
204.777189224	0.0243974542656
203.755480286	0.0246684420082
204.85855876	0.0243749300397
204.216120131	0.0245484414639
205.119974808	0.0243031171939
204.587594986	0.02444990227
204.619840722	0.0244249339179
204.733095742	0.0244083854147
205.20677359	0.0242785567498
204.222902755	0.0245482510906
205.048236547	0.0243216383706
204.233046774	0.0245369996359
205.357123419	0.0242368414689
204.581264198	0.024444954144
204.595836807	0.0244252971616
204.282860751	0.0245121850638
204.600960101	0.0244202990964
205.134805941	0.0242969234079
204.993349874	0.0243317389712
204.556559594	0.0244430154032
205.280978143	0.0242513902317
204.397058734	0.0244993839489
204.485579613	0.0244742306939
204.697331303	0.0244165564068
204.896864072	0.024343418229
204.702951585	0.0244059476093
205.198243214	0.0242803045446
204.501090634	0.0244557909938
205.189086674	0.0242597750148
204.320859083	0.0244910786943
205.749338272	0.0241139578737
205.086719219	0.0242924174373
206.056725929	0.024040343557
205.983804387	0.0240572389855
205.61059068	0.0241391278391
205.741128627	0.0240960070467
206.651924251	0.0238541616126
206.712510433	0.0238460632401
206.760274765	0.0238202979576
207.077652855	0.0237434028133
207.154482467	0.0237444375673
207.872844355	0.0235331329029
207.408436808	0.0236463636311
207.354741036	0.0236556195986
206.737457636	0.0238196601819
207.972943639	0.0235234425366
208.23710234	0.0234494275392
207.985024726	0.0235243662183
208.341084877	0.0234194282973
208.416018515	0.0234089196784
208.335693807	0.0234288870705
209.683758777	0.0230605271934
209.057229584	0.0232055764119
209.363800429	0.0231166209698
209.465207628	0.0230971423751
210.046457762	0.0229705408654
209.38570081	0.0231473364777
210.54230923	0.0228251172771
210.300941607	0.0228935606493
210.687179086	0.0227745806158
210.550462529	0.0228348257645
211.007945994	0.0227119071415
210.527968429	0.0228154151075
210.89896395	0.0227213535637
210.852696866	0.0227595540022
210.99195781	0.0227135324081
211.041046979	0.0226990848635
211.308759728	0.0226256132018
210.827059976	0.022765698973
211.091374485	0.0226953321997
211.109660936	0.0226854275672
211.18946814	0.0226568073649
210.955273235	0.0227179352558
211.083079514	0.022687818348
211.206538304	0.0226589350757
211.230967719	0.0226529614172
211.103499511	0.0226733058531
210.810758819	0.0227327396785
211.253526995	0.0226475704657
211.4917607	0.0225750043941
211.471620679	0.0225800758861
211.629652654	0.0225389507267
211.586951754	0.0225612611135
211.698941469	0.0225260959364
211.523611222	0.0225645797501
211.901391138	0.0224798932988
211.644623401	0.0225486338137
212.003619152	0.0224527863667
211.674187174	0.0225328006447
211.866099289	0.0224952608543
211.6888309	0.022531498064
211.787720795	0.0225170982998
211.696856711	0.0225301477688
212.19596126	0.0224068400923
211.722590772	0.0225213366559
211.994989241	0.0224608205277
211.697910562	0.0225278781756
211.940808296	0.0224764767926
211.652517442	0.0225449008096
212.101606356	0.0224358657236
211.634259615	0.0225506528453
212.322785272	0.022377927401
211.642548062	0.0225512351257
212.201173537	0.0224119204839
211.500825188	0.0225775025627
212.357014893	0.0223683340309
211.430904709	0.0225980565836
212.536476582	0.0223179018007
211.554258664	0.0225684206954
212.689655637	0.0222665709069
211.673744771	0.0225419309804
212.634554965	0.0222976706704
211.650464086	0.0225446356151
212.609642915	0.0223065082808
211.56599727	0.0225619261724
212.778755702	0.0222645258242
211.487783322	0.0225907571079
212.877207754	0.0222207914575
211.598937087	0.0225600567168
212.591863239	0.0223133953119
211.531525624	0.0225785896215
212.732453095	0.0222781135977
211.574634706	0.0225671851083
212.953754074	0.0222098491567
211.703371302	0.022532126161
212.757059373	0.0222606533784
211.735607076	0.0225254995499
212.654302713	0.0222982677869
211.71952515	0.022517488347
212.82231754	0.0222468486358
211.95564025	0.0224631082146
213.00103467	0.0221972986382
212.015171036	0.0224522227736
213.061236351	0.022180104346
212.031241889	0.0224296356717
212.823021799	0.0222250158562
211.986685777	0.0224356306037
213.066389794	0.0221651792794
212.296183008	0.0223614660682
213.20295229	0.0221476366892
212.63590212	0.0222978197663
213.310100682	0.0221160095094
213.067607041	0.0221808667846
213.467683185	0.0220767098524
213.314408865	0.022124123332
213.642999044	0.02204518685
213.578021709	0.0220610124606
214.008806662	0.0219540467353
213.94270684	0.0219507908702
213.921816194	0.0219486221624
214.268409262	0.0218746171736
214.328601658	0.0218628831634
214.536070945	0.0218145146248
214.373841717	0.021862730905
214.418660975	0.021839680568
214.5310814	0.0218208713351
214.562963067	0.0218158654957
214.781596586	0.0217496815025
214.84205931	0.0217449928932
214.89174541	0.0217314028272
215.065326594	0.0216837727297
214.889949842	0.0217321254394
214.994820801	0.0216986438212
215.137500347	0.0216558130127
215.069558757	0.0216704261894
215.3670181	0.0216056420468
215.246691343	0.0216395145448
215.607165387	0.0215610820019
215.544513671	0.0215662218359
215.831723159	0.0215001065989
215.772276541	0.0215076365356
221.397563346	0.0201800334567
225.947538723	0.01917647126
230.037135479	0.0183165068082
233.409307885	0.0176360174774
236.314248329	0.0170740496809
238.865484227	0.0165737962009
241.412138623	0.0161094672251
243.741379272	0.0156782326867
245.787856649	0.0153279150644
247.797678652	0.0149822459804
249.440637237	0.014708342894
250.702783027	0.0145088359296
252.217182688	0.014257124335
253.302178904	0.0140876107254
254.218203304	0.013946190094
255.370458628	0.013774101601
256.539569049	0.0136058878713
257.972806052	0.01339993479
259.27294566	0.013207389807
260.262640163	0.0130697493431
260.636253229	0.013021885545
261.708368201	0.0128659624323
261.748260765	0.0128611660039
262.077277252	0.0128150245071
262.168823339	0.0128017183085
262.760232552	0.012717927843
263.010210464	0.0126822042019
263.642598664	0.0125876601084
263.97078154	0.0125424151761
264.109604655	0.0125271128898
264.334901062	0.0124924377249
264.11138286	0.0125276961575
264.229446005	0.0125120788222
264.237983836	0.0125116567541
264.236797953	0.012509121549
264.082878299	0.0125306712707
263.975006824	0.0125476074727
263.810236503	0.0125730631334
263.421847959	0.0126321943474
263.421872777	0.0126319796265
263.068870429	0.0126843613426
263.088844868	0.0126828006752
262.88280971	0.0127111615726
262.735357649	0.0127312787721
262.787608254	0.0127254577849
262.438079921	0.0127760819154
261.781485382	0.0128732073333
261.565025292	0.012901179381
261.034972233	0.0129792454831
260.627457489	0.0130382255057
260.400074317	0.0130740806755
259.8615272	0.0131536553213
260.058505283	0.0131234776654
262.547074638	0.0127576603505