100	-0.0438	0.0	0.998975116087	0.00102488391333	0.0
104	-0.03321	3.44592562268e-31	0.708871692646	0.271480176592	0.0196481307619
105	-0.03716	0.0	0.0	1.0	0.0
107	-0.03834	0.0	0.0	1.0	0.0
11	-0.09311	1.0	0.0	0.0	0.0
113	-0.04387	1.0	0.0	0.0	0.0
114	-0.006448	0.0	0.0	1.0	0.0
115	0.0002432	1.0	0.0	0.0	0.0
116	0.0427	0.000775684204062	0.983132500349	0.016091815447	0.0
117	0.02166	0.0	1.0	0.0	0.0
118	0.05212	0.0	1.0	0.0	0.0
119	0.07951	0.0	0.808230267761	0.0	0.191769732239
121	0.08637	0.0	0.0	0.0	1.0
125	0.1745	0.0	0.0	0.0	1.0
126	0.4905	0.0	1.0	0.0	0.0
127	0.6334	0.0	0.0	0.0	1.0
128	2.264	0.0	0.989229597971	0.0	0.0107704020294
165	-0.09322	0.0	1.0	0.0	0.0
166	-0.0867	0.0	0.495360087237	0.0	0.504639912763
167	-0.1116	0.0	0.0	0.0	1.0
168	-0.1079	0.0	0.0	0.0	1.0
17	-0.1293	1.0	0.0	0.0	0.0
170	-0.08083	0.0	0.0	1.0	0.0
172	-0.07378	0.0	1.0	0.0	0.0
175	-0.08113	0.0	1.0	0.0	0.0
176	-0.05804	0.0	0.0	1.0	0.0
178	-0.0587	0.0	0.0	1.0	0.0
189	-0.02441	0.0	0.0	1.0	0.0
190	-0.0222	0.381524409331	0.0	0.618475590669	0.0
191	-0.02424	0.0	0.0	1.0	0.0
192	-0.021	0.0	0.0	1.0	0.0
193	-0.02559	1.0	0.0	2.21185839937e-13	0.0
194	-0.009194	0.946297012941	0.0	0.0537029870593	0.0
195	-0.008071	1.0	0.0	0.0	0.0
196	0.01568	1.0	0.0	0.0	0.0
197	0.01925	0.0970509245537	0.0	0.902949075446	0.0
198	0.0515	0.999871998784	0.0	0.000128001216336	0.0
199	0.06891	1.0	0.0	0.0	0.0
200	0.102	1.91326371917e-05	0.0	0.999980867363	0.0
201	0.07088	1.0	0.0	4.53045948331e-133	0.0
202	0.02563	0.420167148395	0.0	0.579832851605	0.0
206	-0.005932	0.727336908979	0.0	0.272663091021	0.0
207	0.0008821	1.0	0.0	0.0	0.0
208	-0.01694	0.0133354266542	0.0	0.986664573346	0.0
211	-0.01804	4.36036823131e-06	0.0	0.999995639632	0.0
23	-0.09209	0.44327646696	0.0	0.55672353304	0.0
24	-0.08057	0.0	0.0	1.0	0.0
25	-0.08758	1.0	0.0	0.0	0.0
26	-0.08971	0.0	0.0	1.0	0.0
39	-0.08098	0.0	1.0	0.0	0.0
40	-0.06515	0.0	0.132663454846	0.0	0.867336545154
41	-0.03908	0.0	1.0	0.0	0.0
42	-0.01585	0.0	0.947976356603	0.0	0.0520236433969
43	-0.02435	0.0	1.0	0.0	0.0
45	-0.03211	0.0	0.607973027129	0.0	0.392026972871
46	-0.03765	0.0	0.999769021086	0.0	0.000230978913665
47	-0.0195	0.0	0.0	0.0	1.0
48	-0.02426	0.0	0.53947837493	0.0	0.46052162507
49	-0.04148	0.0	1.0	0.0	0.0
53	-0.06649	0.0	0.0	0.0	1.0
54	-0.05251	0.0	0.354726628494	0.0	0.645273371506
6	-0.06462	0.0	0.0	1.0	0.0
61	-0.06545	0.0	1.0	0.0	0.0
62	-0.05709	0.0	0.0190244758115	0.0	0.980975524188
63	-0.05795	0.0	0.0	0.0	1.0
64	-0.07032	0.0	0.0	0.0	1.0
65	-0.06443	0.0	1.0	0.0	0.0
66	-0.06062	0.0	1.0	0.0	2.33548074865e-195
67	-0.06495	0.0	0.0	0.0	1.0
68	-0.06957	0.0	1.0	0.0	0.0
69	-0.05919	0.0	1.0	0.0	0.0
7	-0.08134	0.0	1.0	0.0	0.0
70	-0.05655	0.0	0.0	0.0	1.0
72	-0.06022	0.0	0.0	0.0	1.0
73	-0.05329	0.0	0.0	0.0	1.0
74	-0.05379	0.0	0.680292750064	0.0	0.319707249936
76	-0.0565	0.0	0.496039141231	0.0	0.503960858769
79	-0.05192	0.0	0.0	1.0	0.0
80	-0.05231	0.748931538521	0.0	0.251068461479	0.0
84	-0.1175	0.0	0.0	1.0	0.0
86	-0.09708	0.0	1.0	9.34496254345e-190	0.0
90	-0.0556	0.0	1.0	0.0	0.0
91	-0.05431	0.0	0.0	0.387069116513	0.612930883487
92	-0.06164	0.0	0.0137937032519	0.0	0.986206296748
94	-0.04726	0.0	0.999993844013	6.15598664438e-06	0.0
95	-0.04835	0.0	0.940769698498	0.0	0.0592303015021
97	-0.04418	0.0	0.244854186565	0.755145813435	0.0
98	-0.04015	0.0	0.96107080517	0.000244694219202	0.038684500611
99	-0.04275	0.0	0.0539727784044	0.946027221596	0.0