-82.0205942057	0.609826727497
-21.2569905737	0.30517532721
-75.7260672111	0.567312082805
-30.0155542803	0.336865574012
-11.6256563828	0.274505231671
-39.9082831644	0.372044283419
-54.7215928657	0.448082594841
-42.1644819573	0.387645199651
-0.660815275669	0.244871140373
-36.81874214	0.367845017166
-26.6049708361	0.327366643513
-1.3974753569	0.246938214896
-44.7593645909	0.401459172825
-0.215830690993	0.24435145339
-49.2979551554	0.423374982111
-4.25569523505	0.254735356907
-5.26019342291	0.257733446658
-32.0472771321	0.345851666896
4.05376667736	0.232750947767
-5.10726598943	0.255117546371
-19.5723697701	0.299737310836
-2.41903614976	0.250070390212
-25.9179319866	0.316315769862
-38.871067235	0.371523149482
-2.84574021936	0.250555218718
-43.0631717514	0.393745343965
-35.957930148	0.354756670261
-27.170729194	0.329570283402
-31.1574546902	0.344918043217
-14.8119806738	0.287263074084
7.81236220524	0.223068127787
8.90271782049	0.220085229345
-41.3012372147	0.385233332609
-2.58142218313	0.250208558939
-65.5733027296	0.503684819632
-35.7255038543	0.354103270814
16.3791411855	0.20266568488
11.2880634032	0.214482297401
-63.185240445	0.494920523949
9.06408957254	0.219631116406
-11.609979292	0.275042910825
-7.40097746926	0.250737081394
-24.8711808972	0.315858989942
-22.3497863991	0.312311289137
-34.6808655904	0.358776944458
-15.6049454968	0.284525970665
-18.8379127414	0.287668114325
4.97896982005	0.228848444389
-0.487438627071	0.244874521414
-30.569439668	0.343044982428
-9.1032620656	0.265043167471
-11.6563809294	0.272529044757
-19.3190894465	0.29898956546
12.7291199178	0.211116901775
-49.6049911861	0.421133311628
-32.3672583089	0.343807756104
-8.61970279861	0.268036981625
-12.8605913883	0.273490381742
-23.3494709466	0.313212408538
31.5509044089	0.169723231919
18.7446144853	0.197459387004
-40.0876659856	0.373573334852
-18.587711236	0.291115154991
6.51421281124	0.22588692152
-9.91738678775	0.258667983669
4.2991433718	0.230798573297
-46.9133392981	0.411736361798
-40.2534373717	0.382426627096
-38.8105411893	0.37633106708
-4.82314539145	0.24428616811
-37.154608621	0.361471537833
-20.2118735905	0.304108219415
-46.0305969202	0.403472097292
16.0549033973	0.202490892138
7.11515584917	0.220783670772
-15.2205127334	0.277638624361
36.1818560856	0.161511319593
38.7335286456	0.157013018804
36.350101333	0.160253461241
0.173606916491	0.237755810033
65.2124632223	0.116004860762
20.5540908536	0.192711211647
41.7559317677	0.150977664672
-30.4090481457	0.336382383946
42.2646992895	0.149818847143
-6.08547041997	0.260042782791
-4.55239912316	0.252088782047
-8.29505154854	0.256507656866
-6.89516864683	0.252771435331
-14.1549020971	0.275133094319
-0.902247414541	0.234552437864
-20.3506957793	0.303486197467
4.5444061729	0.230722391423
-2.51703917016	0.240048704814
40.023072923	0.153386557344
-0.968246999836	0.242537427522
-0.93627528305	0.243199149909
-6.99002168577	0.261971507496
-32.9126699911	0.344802079902
26.0731408217	0.181382268614
-1.40492502418	0.235241746274
-4.99354388417	0.245232441594
24.3266713675	0.184551249984
20.4483533031	0.192347950619
-17.8774811421	0.291102425519
-17.6191895493	0.288030159947
1.54441652096	0.227518030612
-10.0906353845	0.26675847257
18.2090789028	0.197221557841
25.8998387494	0.178847278449
69.3172581541	0.11092146264
-10.4187455709	0.265261300069
1.17198567794	0.236815316526
23.4002633552	0.186344276276
73.9418004263	0.105412907087
17.6348542169	0.19710531784
-11.741211887	0.275640182857
47.87631937	0.141686508592
-6.36138925349	0.256258053404
42.8551700769	0.15002886685
-0.883197018943	0.243182765505
-17.9143972743	0.294469772005
-5.20136999201	0.24730108681
-18.1976281758	0.291223217377
0.0474890223778	0.232030858977
0.265875566733	0.24200509568
-37.6919842357	0.371244542785
-49.9814951501	0.425272781098
-19.2858494017	0.296449057786
-8.40608094388	0.262964677018
64.4450384274	0.116278262294
-14.0514894284	0.282113099954
21.3113237352	0.189270192081
-5.07318842593	0.250369126938
12.4907093571	0.209281013267
24.1390425756	0.181691490522
-14.4584178602	0.280640059308
65.2311785441	0.115357378263
16.2009023575	0.20246561875
35.4593093615	0.160782749052
9.1567297688	0.211051413302
83.0373170844	0.0946190758772
-38.3732866867	0.374501041127
30.6322473143	0.172150509528
20.016831192	0.19312081551
-43.6248917001	0.391869051509
10.3015312592	0.209914578629
-26.3118149358	0.318953892667
23.4650626069	0.182889639752
9.37254184701	0.210332847479
10.6260090665	0.206327789915
4.63707876813	0.223945488717
-20.1647243528	0.302442009574
62.3609320375	0.118283772178
34.9801182434	0.163781390122
89.0611871751	0.0881386342738
-5.09709285406	0.252353212979
-2.80831013508	0.24279168735
44.6634490214	0.144503245879
8.31829758296	0.211747956546
80.3747156502	0.0971164081432
92.8100672614	0.0846294166651
65.5402107916	0.114891051777
-9.34235031533	0.258965540164
51.1549525933	0.134483511899
9.11699777436	0.216029187715
12.8343160439	0.202590065457
8.33257346099	0.221287764438
57.0029141625	0.127485099273
-30.8507874444	0.342718446253
-30.0089593662	0.335186912306
-2.97363270394	0.251397449904
43.5534869987	0.148543218821
-15.6081485585	0.289974965126
21.6836753412	0.18893446715
56.6700957068	0.12808168232
-10.7721147389	0.267387947486
30.1347950895	0.169500036554
-20.3529060734	0.302957682027
1.65883313989	0.234406369564
-1.33355144735	0.242039594489
-9.90918754117	0.267016372693
-6.2662459313	0.255031640499
-2.31297852815	0.241047378641
14.94852083	0.203403004938
10.1504045266	0.216397690534
-4.12261167231	0.252461204839
36.3417850686	0.160576647975
0.00024688033457	0.236245330939
2.44267707948	0.229993395423
14.3493690664	0.204533054974
25.9518607161	0.179177529197
30.1795828102	0.171850265171
-7.00268626172	0.261840996206
-3.01949592488	0.248860310544
-21.7525680725	0.304740430126
-21.3142372985	0.302205125077
-4.19435692434	0.251453090562
-15.358629585	0.283971753606
28.0838670053	0.1765413698
26.0997105078	0.177370095489
15.6286338507	0.203327664842
10.6760354658	0.206928635509
-1.45675803911	0.242596631155
-10.908184696	0.268218200419
-4.06409734404	0.251618076367
2.32796712971	0.228455194182
43.4108087536	0.148733913239
9.56301838049	0.209834434375
75.0923900179	0.102327688575
38.2041169766	0.154421932317
5.51237681549	0.227070925874
-2.75352947059	0.24607894009
27.6209023051	0.175365733267
27.5658838484	0.173573147076
10.285698416	0.215700357201
18.0403540127	0.195398461108
113.116003661	0.0672257743789
-0.767075033932	0.238683636093
-2.63858112778	0.246054017621
7.38241411743	0.217345314951
8.78019878541	0.212373082727
62.0930380184	0.118983007803
3.90584582957	0.224491059771
46.0198520564	0.141406271442
79.8835914542	0.0979005568492
118.641457412	0.0633125949724
22.2494675974	0.18286264077
2.37830192858	0.229849543051
10.81843015	0.214449517604
55.3598369026	0.127692291092
10.0833017359	0.208960714464
4.2320794703	0.227297601139
2.28592146541	0.231487913453
23.916979654	0.184590807046
11.7470568372	0.209971663374
33.7655400491	0.162666951576
66.2462764697	0.115021312446
-4.78134444329	0.249028647101
2.33463808781	0.229909429769
21.8016173413	0.183462553614
8.69514742509	0.216656087687
-10.249247498	0.271475114666
26.9722904535	0.178339482254
34.9075206721	0.162805595926
49.6108863095	0.137674375561
2.32933995464	0.228522696572
35.2432625446	0.161426306412
-15.5801919264	0.285953787229
41.9531039184	0.151073272843
0.525296127711	0.233741215692
40.7208608512	0.152811115015
-11.3996568924	0.276310349425
89.221209262	0.0877693662091
5.45541653649	0.223931009187
7.16450580241	0.220349930164
-4.72319930412	0.247049710824
-4.60857928736	0.247974636638
42.252640891	0.150747889243
74.7866932424	0.103740946055
-6.66950184976	0.255982359955
104.674403578	0.0738604964236
55.0085180516	0.130452324824
9.25861122729	0.216452209316
6.00856800367	0.21890537714
31.7736150399	0.16583987039
27.1901733663	0.174124324505
4.51031804896	0.225754380169
55.2232895982	0.127286921342
122.855858938	0.0602190489707
46.4526786755	0.143073688717
27.0559510893	0.174052898196
23.2070327987	0.184529422965
30.8047693579	0.168329397363
-3.69287027388	0.253297540661
48.4069812155	0.137775696627
28.4290302603	0.170400347088
80.6739907061	0.0980764393589
10.6058420342	0.207316733255
53.4990963763	0.130156867334
12.9524141609	0.206014074083
118.034874308	0.063631667598
9.73294377837	0.209380972753
24.360773191	0.181349068684
83.9702353766	0.0943954076074
66.5088993579	0.114934026354
17.5380267218	0.192732714192
26.4428931438	0.17670908386
4.69393337049	0.226335041412
83.1758918991	0.0954393117353
24.7140068297	0.179140439785
104.609982222	0.0742046384586
-7.47701860982	0.258153501009
84.7430017443	0.0919900058591
83.6882875608	0.0937892749167
-2.2714902251	0.241086131975
37.464269565	0.158330055708
87.3448575232	0.0901645342584
19.9954887555	0.191361558945
84.3501910911	0.0941916382448
37.7556076433	0.158174841938
16.6805112686	0.19793894077
14.8137370865	0.20140035939
33.737388205	0.164401389164
2.84545373122	0.228458319302
64.9226564297	0.116981452369
37.711771031	0.157977588154
78.0953186068	0.101126187459
35.6767473006	0.160987346218
36.6542785534	0.159475288517
98.6608335077	0.0785481287121
18.3425207194	0.19728706406
50.070576486	0.137635006196
25.8069700265	0.179555804764
49.5739958003	0.137329986778
-9.70150736598	0.267136298833
27.3738921137	0.174620762246
23.8509083805	0.179104360035
33.0472578709	0.165723791269
46.1452837732	0.14380290786
35.2938758209	0.159140220195
32.052273148	0.168361771803
12.0055660043	0.207762203505
87.9004386325	0.0889901933393
75.8164755425	0.103740733311
28.4365373301	0.171892794198
37.5131315491	0.158054633902
9.32754114044	0.211739863013
57.4165115694	0.12492497344
41.4766546471	0.151076779227
1.16441553509	0.238213518162
11.9057427847	0.208774059621
5.68776991592	0.221404926844
44.723944047	0.144980989932
29.3802519531	0.17405257056
93.2500153342	0.0844890393628
24.9601725067	0.182419861205
58.9253142835	0.124271427591
102.536244698	0.0764527404388
6.00508546067	0.220137797087
49.3424048248	0.136494164797
33.392579514	0.163029618166
8.20026421536	0.21507430974
5.10740469067	0.22196423872
6.44991546911	0.22237539623
45.765947532	0.143689749726
21.1639767886	0.185569356696
107.147477882	0.0717299595899
18.7082751569	0.190858158628
37.077378879	0.155606352866
28.3624412927	0.172611054796
56.4942630389	0.126696545865
77.629495359	0.101663037439
75.5747409915	0.101882180144
51.7487314897	0.132649943473
-10.6315343979	0.267912114376
38.997116256	0.156121964057
2.12908381102	0.232443651934
43.8964501865	0.145015793488
92.8502406263	0.0845830047471
-4.24028156208	0.249964050223
59.9825023961	0.12087646247
79.5713964807	0.0993397426633
51.9705464773	0.132358454567
20.0148672198	0.190456373756
32.3530103499	0.166713551549
78.8054545719	0.0984270713704
122.025019636	0.0606245497571
108.254544231	0.0707865148651
54.7620828302	0.130926503231
40.4137671644	0.152890193765
42.1785975765	0.149677786942
107.750475965	0.0712514398528
44.5289592535	0.145465241211
0.403678484869	0.235679525559
59.1950555795	0.124636308515
36.8315572887	0.158600536816
42.481608139	0.146614917114
76.1735478265	0.101168395435
50.2819079155	0.137567138317
91.1071282419	0.087492855642
26.0830271582	0.179942372381
118.899274038	0.0637903137961
47.9008505634	0.141126816526
14.5109755932	0.202277196834
61.4429874765	0.120924890401
126.913475576	0.0574733026363
118.458169153	0.0632834954189
8.1963260801	0.218727025971
44.0863235325	0.144580760862
7.41976827158	0.215484508423
117.162873773	0.0644841331333
38.3381923634	0.153259306694
43.2750243589	0.148795733788
34.2289130037	0.16190683667
35.140635937	0.160467303494
71.4989003567	0.106606699448
41.5693962989	0.148883638873
0.901582129133	0.236062878062
126.737428967	0.0576747873228
49.160036805	0.136789788466
51.2548145588	0.135863001053
66.1890388894	0.113554852961
65.270592637	0.115899801487
103.419024032	0.0744760093818
70.0471882369	0.110443282001
108.324246656	0.0718587722203
8.36731400445	0.214959909744
34.339349415	0.159816524827
3.95667469081	0.224849360811
117.990971932	0.0635360294923
106.139122473	0.0736965271984
77.8631499707	0.100886819885
21.2711365437	0.187291503773
128.478717983	0.0568535156955
99.9287504292	0.0792500630014
44.5879001992	0.146662433224
111.988818169	0.0685978957195
100.895987562	0.0782440928645
88.5699205545	0.0898697100883
47.8189135814	0.138056343009
125.939353215	0.0581104956294
70.3959340164	0.1075666411
99.3322651764	0.0788093334577
53.6012771921	0.131631248271
44.1685231052	0.145414301442
81.6303098096	0.0951197963993
82.7646469354	0.0942971862452
85.7970292385	0.0910504610815
99.7262495699	0.0792848789812
77.0136817477	0.100101440474
63.7425633286	0.118420388502
49.0928014398	0.139352853005
73.0347261114	0.105190342455
63.2000802552	0.118924703275
70.1067201321	0.108763338599
62.4908390829	0.118617025627
52.3379093115	0.132623525164
94.0723764249	0.0827364741665
140.039233882	0.0495474082605
65.5555341183	0.114832542847
54.2217459701	0.128694153664
53.7714233152	0.129649262947
42.8197958309	0.148313625064
49.9210232433	0.135751695458
92.8601401373	0.0835193733993
61.5259199139	0.121173330206
135.087310941	0.0528613864972
121.942407273	0.0610987881126
109.805885844	0.0708211196012
138.623951967	0.0506417864561
116.673600568	0.0655197801806
100.371090816	0.078295494083
95.6347112259	0.0831342334422
157.178902375	0.0410066092268
97.3897749309	0.0814905034613
63.4390933541	0.117509499362
86.8247698384	0.0916687876502
88.0099094544	0.0902691700875
86.3156307952	0.0922634356614
49.0598984241	0.138684499746
91.273179905	0.0873113598385
70.45672025	0.107939229359
43.9555465962	0.145503998248
112.363717915	0.068845361172
102.41221281	0.0752417593293
121.151467119	0.0621834326367
53.2927489689	0.129844755815
50.7543866251	0.134413943057
53.6728170293	0.129342682509
25.1542675971	0.177892899022
49.5693801316	0.1387805795
12.3922761925	0.209089666756
98.5216190136	0.0785183748155
107.343569895	0.0712106198183
67.1977980807	0.112005385235
49.9708600258	0.137837250353
91.2407994624	0.0862431213263
72.542547948	0.107215773576
121.139823157	0.0618539035186
68.9179893944	0.111567882034
64.3140658061	0.116672766231
104.814267979	0.0749258386876
108.09894586	0.0722710334807
70.9346020537	0.109071447224
107.511583633	0.0727412120531
59.9653860111	0.122930759236
100.149844398	0.0787650730287
95.5405021083	0.0829679701863
61.5827777427	0.121322598889
102.690484461	0.076711343483
76.0038950717	0.103188435039
133.793049179	0.0537385982903
68.8258560055	0.111741889065
102.029684174	0.0773839717747
118.394961189	0.0641931399994
62.1313772541	0.120154353773
113.587282487	0.0679215753741
41.6014533786	0.150349864037
76.1525193307	0.10306453727
96.6231231333	0.0822155615411
87.9383698974	0.0906046754854
61.8991192464	0.120405530329
80.1356582927	0.0988665722345
115.8605582	0.0655219191778
65.2981628367	0.116217271349
87.5552070566	0.0909498716043
63.8501385467	0.115580607145
112.315131996	0.068813813144
122.499109348	0.0606397082435
57.8660384574	0.124400519345
39.0430641157	0.152735603308
53.2364027709	0.131627595126
55.7639790098	0.126368578197
154.582472671	0.0423459137356
60.5168994718	0.12218449859
68.5877638455	0.111427537033
58.8900450711	0.124353005326
98.6333307257	0.0803966582722
150.038257477	0.0447933518702
82.1881747457	0.0944222152894
51.6542327907	0.132791558282
82.4612093431	0.0947539623701
83.3404769743	0.0931337240468
42.6359843088	0.147629945517
104.932561349	0.0748636684749
113.076361856	0.0681298559984
66.2008635117	0.115140140073
19.8106109888	0.189992239845
65.584891737	0.113279103276
96.6118902739	0.0817014299602
58.8737440893	0.12204838646
137.217547891	0.0514186316416
75.9369915957	0.101190433357
45.5021597963	0.143801453344
20.7969748046	0.189003737507
140.521659715	0.0498818732339
67.9073457121	0.110405899086
112.05526674	0.0684584513691
70.3150822759	0.11015893185
57.147930066	0.126957165302
56.7051258783	0.127302646185
60.6145396111	0.122133241641
48.1782596425	0.139582860435
70.372092124	0.109875348108
75.1673583742	0.10441072991
44.7301567622	0.145261108635
52.5181451688	0.133219070265
35.9810938713	0.156926193187
54.3922894725	0.129004055816
142.091792128	0.0487518322684
120.414334983	0.0628182967145
49.3569667062	0.137728755879
41.819057328	0.149480955843
64.7358056313	0.116613004846
115.750658296	0.0646996201531
86.0788271086	0.091010114689
60.6158258996	0.119730090521
81.7699283732	0.0968003155435
89.1363931533	0.0872229221336
67.0829687637	0.111471812902
58.7562893298	0.122798938676
53.3782291143	0.129373763828
61.3171102792	0.119260058724
41.9898890274	0.15034515515
98.4729338252	0.0805010102323
94.8418918333	0.0822875392585
56.6359813009	0.12516272785
42.175614114	0.1465112775
137.279734721	0.0518542047591
145.065928604	0.047118301326
102.620943922	0.0763500343981
57.9876882936	0.124576826313
155.935460629	0.0416846484089
90.4750367498	0.0860687018332
164.346156252	0.0379125142327
69.1192442031	0.109004663457
124.5438522	0.0589738391428
44.1711928427	0.145209796886
150.3835535	0.0446249672829
101.874538816	0.0775025500744
55.3988447825	0.129204665722
89.4136195915	0.0889176249965
118.055938271	0.0642713286319
105.904590959	0.0738945924764
152.826818591	0.0433673730632
83.1845590971	0.0953014964968
64.4225076291	0.114791961716
113.239938997	0.0680559578144
105.779452604	0.0725456832582
142.114706381	0.0491184563284
49.755568654	0.138176814355
56.366457831	0.126517649303
54.9433735572	0.127377338707
56.2353669718	0.125552132889
74.1484857501	0.103409886262
95.9877112739	0.0815010031964
101.989236787	0.0762459620229
123.489869316	0.0601988278469
105.268804273	0.07460787413
117.381226337	0.0639508752868
76.1911064903	0.100763439009
63.8679948055	0.115589721545
58.6253006345	0.122874975225
47.2961059537	0.139310554238
71.7438918075	0.10567994204
43.3489150606	0.14537608906
110.51632957	0.0702508497757
152.996939454	0.0430480104856
94.9876105726	0.0820509312815
98.7011959689	0.0801226052261
90.4192904507	0.0862217289428
84.4736852903	0.0938484707728
59.0421787804	0.122480318968
86.7168746275	0.0906846701367
91.6832401607	0.0866469863049
74.4787008357	0.103164700484
76.8673510878	0.102130746368
69.2513413432	0.111266176012
55.7007825687	0.127193935878
96.5815398438	0.0822476157343
149.193820208	0.0452249429008
68.2896120889	0.1127779314
77.0330370605	0.0996357685909
101.306217752	0.077880515371
108.357150005	0.0719052892341
107.702385484	0.0709915155217
82.8674633842	0.0941906472733
59.2294844869	0.122173106222
52.4182662138	0.130893538291
68.4128504347	0.112187318238
66.1613038754	0.115260791845
80.9286758243	0.0976984370402
139.485489405	0.0505152824201
99.4290467799	0.0796199620506
75.3428719755	0.103680207541
72.8464003235	0.104665698557
68.6243204244	0.109694752618
151.899531085	0.0438657446786
145.720425114	0.0468700005046
157.658386102	0.0409723935219
122.693483851	0.0603193851565
102.85012142	0.074966496223
101.396442087	0.0764116448388
106.379144035	0.0717844948972
131.225165117	0.0551181873347
135.151051293	0.0528157577974
92.2905439005	0.085951408339
77.4872284863	0.101390269614
89.5846799334	0.0885745118323
74.6157667662	0.104692865541
65.8976302395	0.115573872668
136.182424102	0.0524033693391
100.638566511	0.0767985891896
130.469180808	0.0555374762049
126.339981053	0.0587578088572
115.240441149	0.0653653526359
84.2458006907	0.0926474938704
134.21756363	0.0530500303169
130.877531181	0.0552138338161
131.652725768	0.0546616172907
96.5562950527	0.0806423956813
138.51248315	0.0506424789827
148.979643002	0.0450689627935
165.823802767	0.0374055438014
114.682752452	0.0658521034869
116.437983872	0.0643260436651
108.983202969	0.070958672923
119.442722665	0.0625096696933
125.747944311	0.0588229968668
123.844614932	0.0597927608067
160.047695509	0.0400231965232
134.956238838	0.0528341523621
150.06611458	0.0446641288079
152.124012068	0.0437417779079
136.82165137	0.051584220967
130.732029404	0.0554735806812
124.485108301	0.0590108215924
109.707419628	0.07006601027
118.750588752	0.06335008017
152.578802547	0.0434965430843
104.755672355	0.0743386540599
142.755290643	0.0486134210975
149.882342074	0.0446917483227
127.885162909	0.0571027218382
158.65295448	0.0407554121674
163.245900501	0.0387909116407
143.275879943	0.0480667612757
138.083061481	0.0509218324984
159.96179791	0.0402376949904
141.290511146	0.0493908356296
131.043827076	0.0552952204892
148.599535863	0.0455146747255
112.502566206	0.0685119624509
153.01203778	0.0433679061931
167.445707757	0.0370402729144
153.318805057	0.0433352802159
135.396255956	0.0528050711972
148.607961855	0.0455238004041
136.822138521	0.0520556122016
145.530086243	0.0470308478167
126.284356208	0.0583335157511
140.642485669	0.0496431710126
134.792706239	0.0532626803425
142.600401489	0.0485987827666
126.119010393	0.0584057777595
123.368229997	0.0602934444445
90.8805034112	0.0875263115105
120.158719321	0.0620938750281
107.488359001	0.0720740447697
113.960852956	0.0668183000983
100.758475461	0.0778291926056
112.67023339	0.0679697733195
149.885824756	0.0449463790061
99.6681159066	0.079379693543
133.205801828	0.0539387781348
99.9681761759	0.078218536827
152.76576481	0.0436911423982
132.116704757	0.054913712546
146.534416216	0.0466734190697
133.847112537	0.053639874241
114.10016304	0.0670097567895
123.342148801	0.0605094478752
116.039002726	0.06583874631
131.895944177	0.0549162183095
136.26064259	0.0523062916683
132.37046538	0.0546557230329
116.176044107	0.0655473669386
142.316015297	0.0489839653591
141.42634692	0.0494398320695
147.20135879	0.0463789206979
130.580124123	0.0555293856025
114.906905733	0.0663459577543
134.387493879	0.0534409179697
138.974605713	0.0507756728581
117.616687553	0.0646367664819
148.561991642	0.0457374188712
118.268019831	0.0638877324209
118.322135759	0.0638770667553
104.974617794	0.0740079364002
124.875447752	0.0592745133122
119.931219347	0.0627312233228
145.487765027	0.0472991517573
134.804682271	0.0531197139182
126.754231532	0.0582000209887
105.023613805	0.0739592096958
132.797131683	0.0543241496396
126.567677836	0.0581468359807
127.784893718	0.0574636921262
139.120308861	0.0507949706519
145.05040272	0.0474840719
148.724685197	0.045677919025
147.570945904	0.0462573330794
124.21370959	0.0599503032592
149.282658376	0.0454328014527
126.072327587	0.0587072304245
143.362210843	0.0484336236529
145.320917181	0.0473115521445
130.720209587	0.0557076062472
147.671591674	0.046156009757
129.349138514	0.0567160875751
145.878649288	0.0470870176038
140.882982493	0.0498290143948
126.223499999	0.0585482023926
130.572862273	0.0558706087582
159.915655039	0.0402979988658
146.360071179	0.0468648391578
143.803617944	0.0482272988669
144.647359882	0.0477348395379
145.391407492	0.0473046745433
140.254293588	0.0500662742301
145.542422388	0.0473188926085
143.477524175	0.0484024232331
152.167700114	0.0438935722564
151.128573176	0.0444885562284
128.611406334	0.0571371011976
150.392200352	0.0447969509749
167.928823401	0.0368898565926
151.333587389	0.0443070991822
150.844987656	0.0445829169306
146.839854472	0.0465792516015
150.678838834	0.044651234686
150.416324469	0.0447018405197
156.12718802	0.0420114002554
139.212691978	0.0507498992494
118.891251587	0.0638441870638
152.528593682	0.0436935048806
144.629649536	0.0478098582027
134.28205328	0.0536467115833
136.758198823	0.0523001550969
152.334984294	0.0438421376454
126.82414038	0.0583350901752
145.655634301	0.0471228513516
123.580451	0.0605182947961
166.440146601	0.0374714549935
140.335224548	0.0502211103653
141.530433127	0.0493841319799
128.320659727	0.0574549458696
175.791932089	0.0337823088686
131.272980937	0.0555778596908
149.303629096	0.045289083979
145.729542509	0.04722966344
146.702206735	0.0466514738215
143.066968868	0.0486895898057
174.056054575	0.0343871155717
149.013375478	0.0454356665556
157.983483854	0.041139160534
166.795507946	0.0372791804355
145.689136584	0.0472029271886
144.983088048	0.0476415650153
132.97818363	0.0545726486716
132.090105236	0.0550262429583
173.694990034	0.0344691825042
158.559965111	0.0408691229731
180.487265458	0.0319961321813
141.692579141	0.0494112594158
176.765276314	0.0333636336337
158.596505125	0.0408482866187
154.059077075	0.0427844578859
149.09812289	0.0454742741951
175.155341949	0.0339577028459
157.884364934	0.0411766342951
149.598124763	0.0450973244994
126.389799779	0.0586163615287
185.608267538	0.0302169377425
141.116094376	0.0497417040964
181.587152311	0.0315724918935
140.133283166	0.050236022498
166.241500678	0.0374196672694
150.822702071	0.0445713478948
141.190072508	0.0496750256209
148.545146005	0.0457110152545
166.170776618	0.037522227275
163.963630361	0.0384658971486
175.813781676	0.0337143891171
149.144116261	0.0454614571865
165.128193795	0.0379859358758
148.450932137	0.0457644178776
163.639385063	0.03842963579
139.229903484	0.0508087943326
182.55195754	0.031231628684
132.201297195	0.054976823555
157.437533979	0.0412585126842
158.473819623	0.040894053561
171.25203457	0.035467569336
147.553204923	0.0462884859629
151.691484551	0.0440320723497
135.844705168	0.0527647154653
170.25845408	0.0357485510942
138.284008479	0.0513923133005
152.309510864	0.0436739809224
142.240382228	0.0491478295901
165.899927371	0.0375056460507
135.806356731	0.052848804257
160.033125661	0.0400758663051
167.20898433	0.0370874492787
152.408880554	0.0437064265426
142.242879191	0.049113984723
161.11737433	0.0396263907897
128.817306956	0.0571883346338
184.884230322	0.0304015540101
128.927118377	0.0570630899266
150.771121094	0.0444291651305
118.69013922	0.0641065253888
163.315995076	0.0387540403844
131.997762466	0.0551801059424
170.573816396	0.0356916933158
134.20692041	0.0538175973808
159.35148197	0.0404092777014
130.373771224	0.0561976087557
190.248047082	0.028609312023
138.613160096	0.0511954494547
161.917243575	0.0392276669172
144.830092502	0.0476734015405
162.652719251	0.0387979498914
140.696626437	0.0500093866636
175.628835048	0.033699788369
134.919457027	0.0533609773902
181.276230674	0.0316431769937
148.65342515	0.0457045463114
168.367478894	0.0365674241019
133.496657433	0.0542406933861
189.3098893	0.0288976871656
168.295492924	0.0366308625171
158.287101296	0.0408676834637
135.64858865	0.0528861514261
170.503383835	0.0356150135781
145.091071174	0.04759324619
186.400030205	0.0298548494248
135.293154247	0.0530616608153
162.12202696	0.0389960172729
158.874935671	0.0407375987361
163.042949922	0.0387955811769
132.44570495	0.0548951480503
191.600793738	0.0281812420072
161.49695105	0.0395334503754
183.685850964	0.0307959923676
140.822429135	0.0499472137873
183.285108477	0.0309909580502
157.137472103	0.0415256489147
170.12577859	0.0358704201231
138.432851107	0.0513002901102
190.898437732	0.0284278468362
151.157481883	0.0443961514395
162.899381437	0.0388981078483
135.48933667	0.0529525482991
156.980858948	0.0413642875756
152.578115479	0.0437020370742
185.896792151	0.0300975419266
143.131151343	0.0486218128382
128.262867256	0.0575616053517
166.204733071	0.0375229871872
170.520972445	0.035606210684
152.747532826	0.0435689958884
169.691267944	0.0360585654988
128.756427114	0.0571321119191
170.426983364	0.0356817424893
149.217640173	0.0453468263873
168.191088348	0.036665210948
134.300859422	0.0536549790721
157.088532179	0.0414476850941
135.275345544	0.0529869640151
163.43361172	0.0386699030468
136.463414532	0.0523358920137
184.720158432	0.030526943606
175.173204535	0.0339444373021
165.609724265	0.0377547628988
153.613750995	0.0432308214237
181.940451858	0.0314573553935
163.276952595	0.0387634134321
168.8942464	0.0362591635835
181.438743244	0.0315268057862
179.055856237	0.0324948901823
172.113643538	0.0351081964043
178.231979417	0.0326524126237
157.720789522	0.0412408243698
165.098257587	0.0379371560863
166.949958563	0.0372156467596
152.113124009	0.0435764258617
146.619511769	0.0467015903824
165.053194294	0.0378330307387
162.041966641	0.0392995023341
165.915212701	0.0373961150933
166.193651624	0.0375142645516
186.497587713	0.0298554199876
160.930220403	0.0397850379205
180.826210193	0.0318219768826
160.626399769	0.0399187639379
191.061569582	0.0283801384445
151.788041168	0.0440470537881
180.710295153	0.0318470683058
174.737752775	0.0341073160579
183.601235187	0.0307988847985
171.443178063	0.0353861714536
187.617732174	0.0294841545127
156.309790246	0.0418820961644
183.16096634	0.0310293493812
165.863377686	0.0376472607513
162.641895544	0.0390414795971
181.500532164	0.03158769388
146.012638783	0.0469981116684
178.344535383	0.0326462534053
180.544583599	0.0319334660405
173.38424998	0.0346105338622
150.276143881	0.0448627161571
160.316608693	0.0400341871751
155.105100153	0.042472888062
163.540812867	0.0384778878584
169.167979623	0.036268945875
172.272137778	0.0349718798293
140.899781893	0.0498319543817
160.555524488	0.0398344293238
179.087311534	0.0324530536208
180.28234038	0.0319933231228
149.088519917	0.0454564996549
162.256896707	0.0391961976761
178.16698563	0.0328344731327
159.846567491	0.0400615126196
138.965091013	0.0504560475063
155.418985302	0.0420879095024
139.882519938	0.0499744445456
185.030620942	0.0303303051639
158.568284529	0.0408419581098
188.48939808	0.0291673926286
175.137680719	0.0339533758339
148.871951579	0.0451339138417
181.946228728	0.0313264419529
183.779622689	0.0306808741962
172.58123138	0.034854391878
182.95058638	0.0310740817991
162.773492917	0.0389847161487
167.94143572	0.0365580235471
153.042796069	0.0434684514322
164.696164491	0.0380902689806
174.223261746	0.0341157356308
168.57116955	0.0363971530726
170.469506151	0.0357673557826
164.395721173	0.0382587097367
157.706851191	0.0409804525762
155.452578273	0.0421347595089
178.386306996	0.0327199773258
191.979519732	0.0280092881656
169.488221904	0.0361338706609
168.780049415	0.0362406925123
174.077619488	0.0341765634972
178.742107581	0.0325951673725
160.59175538	0.0397757518848
146.151967301	0.0465525128359
142.902992906	0.0482538900239
160.167811553	0.0400779807713
178.710344597	0.0325429153918
184.433943401	0.0305718217916
159.558431879	0.0402058944281
181.456819433	0.0316280394796
184.970716296	0.0303694639588
156.820689557	0.0416129426206
167.414799792	0.0368119822439
180.795878729	0.0317945592522
159.771410834	0.0400146920538
176.999432986	0.0332098073424
164.755901816	0.0380654608882
162.814039958	0.0387832949783
168.143416397	0.0365718930435
155.490974356	0.0419605111817
179.840601171	0.0322118171977
177.002561124	0.0331083349209
175.976285385	0.033580116925
174.56905176	0.0341252580514
181.065899567	0.0317239823109
164.849521683	0.0380257264743
154.69244045	0.0423665637735
181.647574249	0.0314690382982
166.475805321	0.0371584455943
152.311175472	0.0437920254151
157.459787187	0.041078491381
172.390287944	0.0349824171486
184.693677464	0.030443154907
186.5666838	0.0298360828714
179.614116822	0.0322624341882
142.994192332	0.0482198385167
174.004512512	0.0343506289939
171.691250107	0.0352502219129
160.672311866	0.0396266258693
165.820475738	0.0373625117117
164.356958434	0.0379952512206
184.102209904	0.0306401915791
155.303956968	0.0420459209198
186.913053213	0.0296907309891
173.697957656	0.0342699466289
166.473224686	0.0372421500718
175.282504914	0.0337066475886
171.03842597	0.0354341856731
170.035775778	0.0357358335021
177.535044828	0.0329692509125
157.978303138	0.0408652530517
166.851765304	0.0372053722219
181.200816401	0.031688623374
177.429542613	0.0330156847928
176.122563443	0.0334514090245
182.97565246	0.0310306486351
171.479951163	0.0353005289388
185.546782158	0.0301825893663
176.039262752	0.0336013024096
186.597323147	0.0298165156272
175.044656856	0.0339233386781
180.50272326	0.0318633663237
169.208866168	0.0361134978379
174.659107589	0.0340501710046
184.037902325	0.0307094466375
171.945366319	0.0351213524663
171.456279525	0.0353486110771
168.36244116	0.036469261162
171.402739404	0.0351114985551
185.285738871	0.0302378945335
182.271246932	0.0313042309878
172.631616503	0.0348850611343
176.409618186	0.033255851902
185.434851633	0.0302009283458
171.918061746	0.0350841917835
180.98113149	0.031666954804
180.014587788	0.0320667582899
171.601199019	0.0352422406443
161.193775541	0.0393332608733
186.213495054	0.0298539001736
179.525316493	0.0321473205864
183.390131987	0.0308475582397
182.777622306	0.0311428699333
170.413227384	0.0355749937165
173.450805515	0.0345793066141
171.730188854	0.0351873254203
174.288397335	0.0342409064626
163.184657201	0.0385313558365
181.114836235	0.0316210211799
182.676371681	0.0311606383615
176.171431566	0.0334532456514
190.410948812	0.0285800937542
173.62978579	0.0344216453471
192.268780273	0.0279782544383
184.335250704	0.0305512250979
180.81741897	0.0318416054448
185.43128388	0.0301638507776
178.728275786	0.0324797020004
182.132981943	0.0313033164161
178.811601579	0.0324178646513
182.162681092	0.0313408261658
175.778222862	0.0335448513527
174.418255881	0.0341733842515
178.823722675	0.0325177238754
184.518178533	0.0304911436021
175.822642963	0.0335003333631
167.88913404	0.0365068683766
171.910098754	0.0349772675801
171.446915395	0.0351545126187
175.428043865	0.0338059689748
193.027240619	0.0277565903933
189.680323724	0.0288356820103
172.665881327	0.0346895537509
176.034997322	0.0334011556564
172.552466122	0.0346848614342
175.192854418	0.0337846429833
174.318611495	0.0339857866754
181.494042739	0.0316022894077
186.022610162	0.0299222986641
180.195827404	0.0320742227606
168.737925995	0.0363042251722
179.829794773	0.0320595132881
185.172740124	0.0303577426762
181.916531151	0.0314374906564
167.17575205	0.037115861713
181.153862085	0.0316316199518
185.213296014	0.0303121809724
181.266851233	0.0316314135788
169.197439173	0.0360399981183
173.423466679	0.0345423954282
180.598300358	0.0319487514018
177.0103792	0.0331721816709
163.52674231	0.0384305068333
182.644623824	0.0311807601723
177.928228162	0.0329149640043
172.468791627	0.0349558132003
189.449411409	0.0288996165347
185.967496377	0.030033797295
161.630501381	0.0394433122351
174.553801581	0.0341565276594
180.717445782	0.0319168530724
176.179208111	0.0334305148945
185.232749683	0.0302825016123
182.943576656	0.0310670663723
181.124322281	0.0317362791652
189.213821961	0.0289307255615
182.42893751	0.031251785807
184.517780866	0.0305132442908
186.632977812	0.0298402731547
175.423120936	0.0338169880733
181.650485091	0.0315669427285
181.36873058	0.0316297698903
178.481169075	0.0326279318443
185.642325885	0.0301375944043
186.739448976	0.0298079917326
185.310019891	0.0301558504422
177.196446539	0.0331018128815
187.700553733	0.0294313574773
188.689869257	0.0290959659105
188.554067543	0.0291612655797
191.242522971	0.0282909449066
182.8865123	0.031087496537
179.099500713	0.03242773898
188.186723171	0.0293002486541
187.966840283	0.0293850161845
191.403661624	0.0282414081598
191.859602295	0.0281115140637
189.433132624	0.0288676740522
189.361518614	0.0289050815952
188.582224901	0.0291696089088
185.409407598	0.0302072211196
193.988694296	0.0274304400365
193.197348365	0.0276850088154
187.256012185	0.0296119070545
179.490141349	0.0322579601659
186.307247201	0.0299425741693
184.894715446	0.0303735366999
176.559306004	0.0333908809403
181.27179611	0.0316719317751
182.531567508	0.0311713433488
177.214733795	0.0331556285241
174.078902593	0.034340933039
191.445150368	0.0282621246742
186.807627478	0.0297629937898
184.40197852	0.0305814528217
194.413239218	0.0272835048414
191.195812703	0.0282926490578
175.922766782	0.0336192686269
176.507205535	0.0333860790711
174.303667796	0.0342394288163
192.108041106	0.0280357284868
187.365831816	0.0295893916689
185.580846916	0.0301441473203
182.249229849	0.0313145604277
173.318790996	0.0346349001279
187.26881408	0.0295978912212
185.995383795	0.030026490618
179.922751839	0.0321590475839
190.276154729	0.0286296902158
183.828410453	0.030774694347
185.5809273	0.0301806058966
180.089400516	0.0320777235613
186.116047086	0.0298936102942
191.779961629	0.0281256222169
186.682715744	0.0297899786557
188.407833186	0.0292027890685
187.483125405	0.029444764577
191.254609359	0.0283073528986
189.576390156	0.0288258402144
191.825778543	0.028116493952
195.193157331	0.0270725980383
193.430073509	0.0276010370664
190.750190562	0.028456207611
190.11634031	0.0286604310457
187.708843775	0.0294614058263
189.055304303	0.0290311354832
178.694969585	0.0325914699505
179.113428703	0.0324451452242
177.1465096	0.0331692852141
183.859934019	0.0307704890436
185.335192853	0.0302654778766
188.259014942	0.0293027606284
190.318019887	0.0286171260695
176.799942313	0.0333090242681
183.557821968	0.0308898589901
183.369678206	0.0309405889825
188.844595217	0.0290935033216
181.010892163	0.0317661547621
186.39262497	0.0299216768158
187.287961408	0.0296027022201
179.081601882	0.0324741571112
187.567190527	0.0294802643384
175.826412958	0.0336800408545
176.054398823	0.033581397529
181.21424658	0.0316963347354
190.105340133	0.0286782167213
189.721276941	0.0287711892479
188.924251524	0.0290316304377
182.290609124	0.031283494793
166.422890111	0.0374032975743
191.756507453	0.0281600039032
192.954268444	0.0277539580035
190.818812767	0.0283834740133
184.563156747	0.0304918706505
191.262931658	0.0282638939467
191.417316227	0.0282287526156
185.397761437	0.030148297785
191.139307659	0.0283401913558
190.944855768	0.0283356117744
188.480476706	0.0292098858104
189.710499546	0.0287136186333
188.384380284	0.0292394791304
183.552873016	0.0307197519352
188.852186793	0.0290427753106
183.524591283	0.0307459609651
190.52546395	0.0285458019781
188.412377483	0.0291386375595
183.629980598	0.0307321028506
181.963446278	0.0312655477081
189.593053645	0.0287971220951
184.85479922	0.0302501159718
191.425729987	0.0282405542674
189.088847755	0.028953831651
191.273346319	0.0282376194102
186.758687319	0.0296836011447
192.126997881	0.0279877691254
192.178738108	0.0279670690244
189.338362654	0.0289016982347
190.377312042	0.0285260598211
193.045752965	0.0277262223445
193.485831198	0.0275748842998
194.091165239	0.0274234106248
195.200739942	0.0270628831071
191.247369491	0.0282921381035
194.295889122	0.027369281768
194.003374057	0.0274599454513
195.391825288	0.0270334480439
189.944260037	0.0287417742172
187.999701108	0.0293868851523
193.129014006	0.0277311290323
194.640542711	0.0272685082576
190.180768217	0.028669978275
192.221235015	0.0280157237785
194.455653048	0.0273233650383
195.248140145	0.0270729810886
190.045394028	0.0286869260046
189.759921025	0.0287988944573
193.8640592	0.0275127283959
194.79916502	0.0272092386225
195.11573127	0.0271005622817
191.465414733	0.0282190825279
195.029215155	0.0271296248476
193.349044692	0.0276419447411
195.373643055	0.0270205648244
192.463265132	0.0279129168128
191.604367423	0.028184647018
192.586879266	0.0278803841526
194.875271496	0.0271652249745
192.255715559	0.0279902775846
193.270236687	0.0276292735474
190.285157044	0.0286095342531
189.935021789	0.0286634861266
193.015765937	0.027750049312
194.706988862	0.0271898179597
191.803855062	0.0281428558346
189.551385722	0.0288117634733
193.811051837	0.0275256771167
189.591563015	0.0287537023129
191.97138229	0.0280833775737
187.952194738	0.029296866039
191.764798905	0.0281204507209
187.051551051	0.0296464077222
190.158450255	0.0286015368954
191.631505284	0.0281525481302
191.038376442	0.0283014516085
190.061953891	0.028656852043
192.208608152	0.0279530471062
192.602272894	0.0278636065416
193.780218095	0.0274929754912
194.40470313	0.0273034986809
193.359556797	0.027618142767
192.054129767	0.0280429500017
195.563793436	0.0269646899284
196.467989366	0.0267086806384
197.176788903	0.0264910986241
193.089101156	0.0277298292949
192.267382441	0.0279900760165
192.75857989	0.0278408829671
196.710373501	0.0266500130701
195.870497703	0.0268911512349
192.451035594	0.0279562071383
192.745681348	0.0278657607653
196.479205366	0.0267284366623
194.123814616	0.0274372073686
194.824150212	0.0272365155837
196.369775585	0.026762548305
194.496202469	0.0273143920635
191.590047836	0.0282312787213
193.733705251	0.027576681496
192.668796132	0.027895350939
190.586075691	0.0285265949752
191.488879495	0.0282614721743
196.078062318	0.0268565452629
194.019588594	0.0274606030776
191.558747664	0.0282390819854
191.976780451	0.0281030539914
196.531314138	0.0267106546407
192.579600925	0.0279143378136
191.886241251	0.0281007077122
192.613315374	0.0279027864196
193.350289193	0.027638568026
194.41420569	0.0273364232992
195.564620452	0.0269666254876
195.887921288	0.0268941971326
195.741102443	0.026914338535
193.430565239	0.0276486681942
192.865435663	0.027802654416
194.754388358	0.0272216131598
196.856667612	0.0266093471823
197.763432574	0.0263362156325
196.337328365	0.0267591319995
194.564975728	0.0273072318275
196.171604393	0.0268198732796
198.133880577	0.0262516054337
198.587876128	0.0261199246094
196.518834804	0.0267412429125
197.656025891	0.0264087103203
197.783852885	0.0263558470507
194.439550543	0.0273722581056
195.330223823	0.0270977597077
197.374009495	0.026483382717
195.968846598	0.0269187057836
197.144620096	0.0265652801995
197.972551591	0.0263106632278
198.171673111	0.026240123366
195.354583819	0.0270834657001
197.522687737	0.026434204501
198.451011806	0.0261763340449
196.780313155	0.026652842761
196.931784256	0.0266249766001
198.765928158	0.0260703179496
199.117746504	0.0259747679452
197.282037552	0.026497772596
195.516346016	0.027037766212
198.812579602	0.0260623600641
199.025711344	0.0259932532515
197.795738681	0.0263566996074
197.738438883	0.0263572882455
198.987799935	0.0260063796354
198.901412707	0.0260239113005
196.778000685	0.0266481549637
199.001415796	0.0259935167053
200.175998459	0.0256590760769
198.834331821	0.0260641989131
200.568544038	0.0255481455081
199.805286946	0.0257825988707
201.309610163	0.0253458942852
201.051808167	0.0254102612302
199.041547591	0.0259964395007
200.929992854	0.0254510050247
202.108185579	0.0251399361757
201.039593911	0.0254185955242
201.196313554	0.0254030110763
202.063217363	0.0251492960694
200.364422879	0.0256141201659
198.981780391	0.0260183746435
201.930631249	0.0251725695612
201.423535301	0.0253094543244
201.513995625	0.0253138192429
202.355747571	0.0250752569167
202.664347204	0.0249727367541
201.489814994	0.0252912280793
200.011535258	0.0257173401904
199.682347658	0.0258131795866
202.206024405	0.0250894221671
201.10540937	0.025400882152
203.039822488	0.0248847704503
203.502316537	0.0247440841706
202.736363145	0.0249390911561
201.40492732	0.0253157526643
203.560817515	0.0247115330269
203.387674319	0.0247592128602
203.639910812	0.0247206473551
203.817357586	0.0246485416336
203.604914918	0.0247306916513
204.059008173	0.0245709435709
202.221999473	0.0250789115235
200.893448276	0.02548829742
193.100091306	0.0277849282897
198.338456266	0.0262389993569
197.422555552	0.0265006025404
202.841053582	0.0249086326523
200.241990156	0.0256761294374
205.300039884	0.0242297259779
202.085512439	0.0251430796755
200.647006555	0.0255541719074
201.313171722	0.0253463068332
200.744031928	0.0255052060594
201.592183711	0.0252845167268
200.734979969	0.0255210334298
203.69076705	0.0247019016154
202.103671258	0.0251295788867
201.709361572	0.02523981919
199.314324321	0.0259302944761
200.677110586	0.0255647380347
201.556891062	0.0252784054119
200.980607833	0.0254772024548
201.699025042	0.0252365019263
202.520233301	0.0250263675244
202.418923174	0.0250363705188
202.536879732	0.0250033571078
202.502084027	0.0250075635921
202.109167077	0.0251513665432
202.05382748	0.0251693876306
203.055754009	0.0248892865635
202.48750814	0.025014122055
203.200531726	0.0248477741691
203.509768894	0.0247297803323
205.019037991	0.0243123099085
202.614491922	0.0250091359137
204.363769865	0.0244940163373
200.476533936	0.0255860494465
201.842942528	0.0252006526223
203.94397796	0.0246166692923
203.368235325	0.024801121498
204.241946765	0.0245257630222
204.46408573	0.0244721696858
205.104663807	0.0242962807351
204.841165591	0.0243794486429
204.959710938	0.0243551531698
205.05029542	0.0243053457067
204.693249545	0.0243956142493
205.366451067	0.0242203741276
204.064323101	0.02457101223
204.557886424	0.0244701656516
205.825239579	0.0240862919596
205.207699857	0.0242616718098
204.258822048	0.0245172115674
205.694232729	0.0241448800725
204.719737544	0.0244200621272
205.440213307	0.0241980264344
205.440637676	0.0242129740259
204.556875699	0.0244724671859
206.013048928	0.024030981429
206.036045958	0.0240409704201
205.660837919	0.0241263520637
205.438859515	0.0241958476713
205.691008458	0.0241493904228
206.431350542	0.023955740545
206.551492848	0.0238899665085
206.015323623	0.0240720731027
206.145812881	0.0239937296144
205.556926153	0.0241970428122
206.702138871	0.0238707607406
206.07534746	0.0240545193479
206.175276003	0.0240206543296
205.169979773	0.024275793573
206.181418246	0.0239960028943
205.799447517	0.0241303231135
205.436127145	0.0242208828672
204.161289257	0.0245752160815
204.99900665	0.0243398620852
204.565136034	0.0244631641926
206.421159575	0.0239360979397
205.442413091	0.0242237208542
206.293579419	0.0239668028106
205.198525641	0.0242589480908
205.074849644	0.0242841273322
205.294664154	0.0242308057525
206.401334055	0.0239567401923
205.725099536	0.0241448534568
206.660569413	0.02387723052
205.375513264	0.0242365170917
205.249106379	0.0242672845299
205.973832003	0.0240649409321
205.540426108	0.0241631712132
204.842627629	0.0243536019865
205.143324052	0.0242703728574
206.020081576	0.024061647439
205.719702908	0.0241418373699
205.120499716	0.0242904507765
205.888763083	0.0240938904834
205.233525873	0.0242741245804
205.109887924	0.0242978510598
205.880331384	0.0240990511132
204.920401028	0.0243502659482
204.594901597	0.0244276473243
205.372657785	0.0242364942261
204.631847806	0.0244373540077
203.989747032	0.0246146877582
204.845033059	0.0243804224885
204.444136779	0.0244828217262
205.027083448	0.0243305685662
204.099162063	0.0245855082269
204.911167026	0.0243619948472
204.756334771	0.0244088357726
204.912183937	0.0243613247205
203.889805228	0.0246459784784
204.195755857	0.0245479038128
203.759463707	0.0246689240361
204.615157965	0.0244446154495
203.664600164	0.0247131723032
204.276803412	0.0245292160238
203.644054259	0.0246983029573
205.060453528	0.0243240583029
204.618871809	0.024446504184
206.014702571	0.0240622870776
205.930406494	0.0240770648122
206.090132291	0.0240448022231
205.645670037	0.0241638214013
206.101137393	0.0240335223307
206.444424115	0.0239385526645
206.122204808	0.0240256419717
206.215799004	0.0240012603948
206.635910869	0.0238981946567
205.986717515	0.0240741879073
206.061351014	0.0240538598641
206.108897968	0.0240341775092
205.755011527	0.0241152505085
204.839302472	0.0243652796828
205.025796443	0.0243077511892
205.652746547	0.0241693873149
205.241909218	0.0242663809941
205.567076212	0.0241913927384
205.049080558	0.024322332951
205.219109796	0.0242679309402
205.697354325	0.0241470112386
205.922605626	0.0240907628628
205.642466358	0.0241693445519
206.065405741	0.0240538190382
205.571372576	0.0241876824822
205.615320605	0.0241787943056
205.21796054	0.0242824122886
205.67856287	0.024149729494
205.268004593	0.0242703940164
205.519105618	0.0242057753564
205.47639418	0.0241908959528
206.142537859	0.024033883425
206.710421316	0.0238662628136
206.260297102	0.0239995081069
205.944490038	0.024083884849
206.925636241	0.0238061419701
206.531714131	0.0239236811222
207.351201995	0.023696195941
206.330816917	0.0239507123974
207.241520571	0.023722073047
207.207646627	0.0237427032651
207.132274256	0.0237673488674
207.612736165	0.0236147098094
207.286486672	0.0237189210366
207.39746728	0.0236895941943
207.286205294	0.0237251621005
207.365888297	0.0236983144184
207.082226885	0.023779212393
207.649665287	0.0236066013935
207.483170586	0.0236379034682
207.314733544	0.0236813698796
207.248953366	0.0236999158657
207.717330434	0.0235981150279
208.233449992	0.0234647822649
207.777027284	0.023562475797
208.156652435	0.0234752243151
207.972552423	0.0235278928383
208.260925829	0.0234546231359
208.086026009	0.0234930013727
208.206234441	0.0234528854142
208.06578512	0.0235003715207
208.379132369	0.0234094542128
208.045389983	0.0234978575076
208.136113687	0.0234674656118
207.937105186	0.0235191251451
207.935368896	0.0235180395412
207.997725654	0.0235077886965
208.087779283	0.0234791926082
207.887019765	0.0235375486182
208.45291849	0.0233929716484
207.772030104	0.0235580315213
208.367471087	0.0234200079063
207.814353616	0.0235792605284
207.893240271	0.0235588592347
208.157336127	0.0234706382197
208.140012207	0.0234845842816
207.680006136	0.0236166595012
207.743924217	0.0235997929848
207.965308454	0.0235381718997
208.248314246	0.0234601455604
208.084200625	0.0235034089418
208.055840087	0.0235144685648
208.058636996	0.0235101668201
207.807749867	0.0235812432031
207.949367395	0.0235442125969
207.673385785	0.0236170420029
208.064148688	0.0235141841342
207.435844699	0.0236809518062
208.517019033	0.0233734592165
207.517363591	0.0236325412978
208.483226534	0.0233853725359
207.387784074	0.0236722512068
208.371461817	0.0234208785977
207.503320567	0.0236612770519
208.409302998	0.0234180080973
207.691918702	0.0236086797569
209.066995514	0.0232260921835
208.048642851	0.0234910702387
209.307137874	0.0231580620572
208.278105311	0.0234269298057
209.515272595	0.0230999150329
208.925009989	0.0232729309001
209.556573751	0.0231178307988
209.108667995	0.0232308148469
210.169346034	0.0229394251825
208.981655123	0.0232413669829
210.119882796	0.022964916381
209.387832034	0.0231529821955
210.217730623	0.022923662885
209.525039347	0.0231145839827
210.138362651	0.0229647062305
209.754805348	0.0230602771369
210.684564158	0.0228055837433
209.869719814	0.023005392591
210.611098402	0.02283044443
210.152243526	0.0229575270778
210.905223224	0.022751885703
210.49911471	0.0228651224021
211.061851104	0.0227213603414
210.417398064	0.0228873288639
210.937298184	0.0227545546336
210.407007362	0.0228909828847
211.175821316	0.0226806659845
210.674300137	0.0228205236653
210.910121021	0.0227633185232
210.785250638	0.0227775402858
211.410527413	0.0226253300139
210.897082202	0.0227616536018
211.473896591	0.0226049082215
211.256380373	0.0226464557419
211.492814154	0.0225859008363
211.655266085	0.0225608182691
211.535105032	0.022587195355
211.843347518	0.0224955211138
211.396547152	0.0226083919535
212.133872775	0.0224355198301
211.590446076	0.0225730140108
212.112732501	0.0224294251698
211.367618155	0.0226146868566
212.234650629	0.022409640649
211.829373003	0.0225089543696
212.47217772	0.0223491338726
211.965579866	0.0224869517371
212.597074376	0.0223172464998
212.280844527	0.0223932633068
212.620811069	0.0223010940966
212.487045408	0.0223324286425
212.85291997	0.0222525564629
212.823364526	0.0222691171095
212.883171676	0.0222554613015
213.062676562	0.0222117419697
213.455493338	0.0221071521421
213.243028047	0.0221635010081
213.373081102	0.0221341046915
213.487012723	0.0221036740985
213.583767338	0.0220804472057
213.890752125	0.0220009424098
213.883454221	0.0220051274042
214.029315518	0.0219580667488
214.234631401	0.021904748273
214.355033924	0.0218711377786
214.357120912	0.0218815896157
214.877491639	0.0217557765455
214.518148704	0.021841170175
214.952211521	0.0217443399825
214.618471754	0.0218207560303
214.941966124	0.0217393279697
215.122920734	0.021700387374
215.103103499	0.0216969194482
215.15395783	0.0216924581441
215.352766774	0.021644639478
215.179938115	0.0216885582751
216.477922234	0.0213723703836
221.561792096	0.0201866966332
226.075677946	0.0192011330801
230.197422108	0.0183363570407
233.69901121	0.0176322801972
236.734412158	0.0170404050856
239.808599562	0.0164580027578
242.405658412	0.0159854451077
244.760581649	0.0155633587575
246.817531484	0.0152033547602
248.335661624	0.014947606381
249.709912509	0.0147156509561
250.839226474	0.0145294449925
251.752074842	0.0143831060782
252.686171188	0.0142308776462
253.659247731	0.0140656359643
254.396623347	0.0139463567992
255.268586566	0.0138100785969
255.756737437	0.0137357503551
256.504513035	0.013615981786
256.7018697	0.0135919450106
257.319952094	0.0134939481603
257.757470505	0.0134299948538
258.021336524	0.0133910270573
258.222405195	0.013365486543
258.513591231	0.0133220744339
258.825841132	0.0132708861383
258.898516167	0.0132650471074
259.148861567	0.0132264879506
259.12744607	0.0132289187686
259.346509475	0.0131927626141
259.352747157	0.0131896394786
259.36430932	0.013186181717
258.753340951	0.0132819370974
258.52225121	0.0133161507752
258.658470467	0.0132925674359
258.848627456	0.0132651092396
259.064112043	0.0132299983287
259.067396258	0.0132253692127
259.01349464	0.0132287940008
259.017684945	0.0132192222743
259.219212202	0.0131802711742
259.388655226	0.0131584296834
259.1210073	0.0131957249932
258.973995269	0.0132236263972
258.867875822	0.0132383270409
258.723234684	0.013259895879
258.759819067	0.0132499786223
258.123902613	0.0133433777144
257.650530392	0.0134172815699
257.330228105	0.0134617883559
256.743962225	0.0135507218457
256.974726915	0.0135166850532
258.816437895	0.0132533004638