100	-0.04401	0.0	0.998070693836	0.00192930616395	0.0
104	-0.03352	1.24811225178e-13	0.690640813251	0.29888162955	0.0104775571995
105	-0.03757	0.0	0.0	1.0	0.0
107	-0.03878	0.0	0.0	1.0	0.0
11	-0.0935	1.0	0.0	0.0	0.0
113	-0.04477	1.0	0.0	0.0	0.0
114	-0.006645	0.0	0.0	1.0	0.0
115	0.001809	1.0	0.0	0.0	0.0
116	0.04209	0.0109683753513	0.958241467891	0.0307901567576	0.0
117	0.02216	0.0	1.0	0.0	0.0
118	0.05256	0.0	1.0	0.0	0.0
119	0.07971	0.0	0.798027810206	0.0	0.201972189794
121	0.08711	0.0	0.0	0.0	1.0
125	0.1729	0.0	0.0	0.0	1.0
126	0.4887	0.0	1.0	0.0	0.0
127	0.6289	0.0	0.0	0.0	1.0
128	2.29	0.0	0.0719258377742	0.0	0.928074162226
165	-0.09763	0.0	1.0	0.0	0.0
166	-0.08956	0.0	0.642697303722	0.0	0.357302696278
167	-0.1139	0.0	5.45516633816e-185	0.0	1.0
168	-0.1105	0.0	0.0	0.0	1.0
17	-0.1333	1.0	0.0	0.0	0.0
170	-0.08167	0.0	0.0	1.0	0.0
172	-0.07438	0.0	1.0	0.0	0.0
175	-0.08045	0.0	1.0	0.0	0.0
176	-0.0576	0.0	0.0	1.0	0.0
178	-0.05769	0.0	0.0	1.0	0.0
189	-0.02445	0.0	0.0	1.0	0.0
190	-0.0224	0.473886078082	0.0	0.526113921918	0.0
191	-0.02453	0.0	0.0	1.0	0.0
192	-0.02138	0.0	0.0	1.0	0.0
193	-0.02619	0.987060921338	0.0	0.0129390786622	0.0
194	-0.009829	0.952662168701	0.0	0.0473378312994	0.0
195	-0.008912	1.0	0.0	0.0	0.0
196	0.01464	1.0	0.0	0.0	0.0
197	0.01808	0.10384732019	0.0	0.89615267981	0.0
198	0.05021	0.997255676149	0.0	0.00274432385085	0.0
199	0.06739	1.0	0.0	0.0	0.0
200	0.1016	6.05389918359e-35	0.0	1.0	0.0
201	0.06981	1.0	0.0	0.0	0.0
202	0.02407	0.373434771218	0.0	0.626565228782	0.0
206	-0.007524	0.878796127732	0.0	0.121203872268	0.0
207	-0.0004025	1.0	0.0	0.0	0.0
208	-0.01838	0.0377631628812	0.0	0.962236837119	0.0
211	-0.01918	0.000504104947706	0.0	0.999495895052	0.0
23	-0.09586	0.513110224438	0.0	0.486889775562	0.0
24	-0.08367	0.0	0.0	1.0	0.0
25	-0.09075	1.0	0.0	0.0	0.0
26	-0.09249	0.0	0.0	1.0	0.0
39	-0.08257	0.0	1.0	0.0	0.0
40	-0.06559	0.0	0.128382557269	0.0	0.871617442731
41	-0.03825	0.0	1.0	0.0	0.0
42	-0.02388	0.0	0.99374086885	0.0	0.00625913114987
43	-0.02871	0.0	1.0	0.0	0.0
45	-0.03374	0.0	0.447192261644	0.0	0.552807738356
46	-0.04091	0.0	0.999999899272	0.0	1.0072794825e-07
47	-0.02963	0.0	0.0	0.0	1.0
48	-0.03288	0.0	0.463172540593	0.0	0.536827459407
49	-0.04731	0.0	1.0	0.0	0.0
53	-0.07012	0.0	0.0	0.0	1.0
54	-0.06953	0.0	0.424174943359	0.0	0.575825056641
6	-0.06535	0.0	0.0	1.0	0.0
61	-0.06069	0.0	1.0	0.0	0.0
62	-0.05257	0.0	0.00256359182394	0.0	0.997436408176
63	-0.05402	0.0	0.0	0.0	1.0
64	-0.06535	0.0	0.0	0.0	1.0
65	-0.06028	0.0	1.0	0.0	0.0
66	-0.05743	0.0	1.0	0.0	7.47298946585e-37
67	-0.0622	0.0	0.0	0.0	1.0
68	-0.06666	0.0	1.0	0.0	0.0
69	-0.05705	0.0	1.0	0.0	4.86958989329e-14
7	-0.08124	0.0	1.0	0.0	0.0
70	-0.05513	0.0	0.0	0.0	1.0
72	-0.05929	0.0	0.0	0.0	1.0
73	-0.05293	0.0	0.0	0.0	1.0
74	-0.05397	0.0	0.726117535641	0.0	0.273882464359
76	-0.05813	0.0	0.569817256786	0.0	0.430182743214
79	-0.05343	0.0	0.0	1.0	0.0
80	-0.05366	0.71617399654	0.0	0.28382600346	0.0
84	-0.1189	0.0	0.0	1.0	0.0
86	-0.09703	0.0	0.999965704758	3.42952424211e-05	0.0
90	-0.0547	0.0	1.0	0.0	0.0
91	-0.0535	0.0	0.0	0.270018466339	0.729981533661
92	-0.06093	0.0	0.0119538100161	0.0	0.988046189984
94	-0.04691	0.0	0.991056187724	0.00894381227575	0.0
95	-0.04805	0.0	0.932803010335	0.0	0.0671969896648
97	-0.04416	0.0	0.391005760146	0.608994239854	0.0
98	-0.04014	0.0	0.927711308707	0.00376919017736	0.0685195011155
99	-0.04281	0.0	0.0150732562137	0.984926743786	0.0