-78.3220884835	0.585395240281
-16.2785666998	0.289990963411
-36.9045291	0.36591629438
-32.7701038644	0.349155350775
-58.594080469	0.468436560759
-8.99425649415	0.268527844493
-0.659477007624	0.245555969913
-43.4545191133	0.395691655913
-18.6761404066	0.299255699051
-27.8684820243	0.332260555893
-4.06732529903	0.253838836861
-55.2279064325	0.451750495192
-42.9360053928	0.394130396928
-66.0155414963	0.510866295365
-17.329162075	0.294730368103
-15.2610446165	0.288044686033
-14.4309282795	0.286412007892
-2.35722734751	0.24907833073
-4.96192882232	0.256337102453
-50.335440911	0.428087512806
-12.2381194041	0.278428638784
-24.4242459391	0.319532053425
-36.1806341156	0.3617519788
27.6691633517	0.177335755957
-21.0678264343	0.299051505136
-51.1355736583	0.432207653719
-6.34305127863	0.258656308446
-12.3039676867	0.279071739302
17.0160329645	0.198614857678
-16.0082402155	0.289414730866
7.85637562824	0.219942660675
6.80160182726	0.225200029148
-5.94940399373	0.260133908886
-14.4685523468	0.286045246095
-60.9280075705	0.482474936928
-9.38670340877	0.256295248397
-3.11733894408	0.251968169964
-16.3269173261	0.289917701938
-46.6440464449	0.404273726527
-67.6064543571	0.519077304833
-40.4630323331	0.38242594087
5.8657191497	0.227984051841
-0.996620692989	0.246049888031
-17.361295291	0.294192095369
-29.6229681767	0.339376140764
-25.6607232329	0.316400392475
30.5285128203	0.171339333446
-13.3839572411	0.279361680772
3.6820582667	0.233480772598
-38.0518622361	0.371307301297
8.21241632056	0.220851538605
-35.6007607712	0.353747309914
-20.1795505566	0.30388130465
26.9527615043	0.178544189755
-46.5822182049	0.410471973321
-38.7291704965	0.374633642727
-12.9562604075	0.270233605775
-36.3153925416	0.365626816237
9.29413700632	0.219300594794
19.2741839369	0.19287837803
-48.5395216564	0.416920627326
-14.5641142576	0.280214108259
-21.095354443	0.308389054744
44.4178941407	0.147258780249
0.119118718442	0.238769964252
-8.97697581318	0.256589976507
11.0012814149	0.212720660099
14.8581771642	0.203213503188
-18.9469253111	0.300487243643
-13.4727711582	0.28039465479
-37.5359707695	0.364202450157
-25.963044658	0.318228236898
7.17257779285	0.223487533763
-25.5351860911	0.321085951831
-13.1425638157	0.274742176187
-56.4416051447	0.458640992353
-23.2577940653	0.312289328877
59.2298424558	0.124150397329
-7.7606287634	0.252671879668
-4.6782056818	0.255654276833
-27.3313168258	0.327865188283
23.250413494	0.186301265372
7.8098963814	0.222621396964
-29.5270631832	0.339011090626
-13.0963152775	0.280350634476
-10.5608411927	0.262943342211
65.2600312363	0.115545191592
4.21208744534	0.228744472964
-36.5169236923	0.359262223507
-4.61291515341	0.247856038602
11.0482926787	0.213332461932
-20.8628203751	0.30694500051
-52.7472774248	0.437926140153
30.652597221	0.172179746451
-0.0989820078853	0.232428835939
-1.30920524932	0.243532840043
-4.09099256264	0.254721707432
-7.11728085723	0.262183353416
73.0853660017	0.105914632605
1.72857945593	0.233574768884
8.90541329124	0.21682004871
38.2281508853	0.158048366734
17.1493372219	0.200378944271
-29.8786756569	0.338445566619
-4.90805199562	0.246820607915
59.0881572536	0.123816947809
-11.5165855929	0.265542107476
-12.8035355771	0.277117669961
0.0646968332819	0.241225154745
-1.89134665236	0.24597259354
-30.0893852653	0.333944803938
42.10228668	0.150441876411
25.1964486822	0.182098942114
-18.95459629	0.300887959749
-9.74416295016	0.266196374946
43.3843969202	0.147920867222
-8.21295934186	0.257270379755
2.36242900658	0.236996551412
48.5741783542	0.139735323594
-3.76691993512	0.248677777073
-27.1127634523	0.325064586204
71.0956940936	0.108320875981
-8.07005798394	0.265215326705
16.7052971856	0.199722727536
-26.9638787086	0.32946515189
18.1236005417	0.197720792666
36.6228682141	0.160411498467
84.2718274889	0.0931393093767
16.9287393978	0.200794028955
-5.81906434027	0.258923007029
6.39744209045	0.219702052582
-22.3917258425	0.312893907638
-23.5121071038	0.311410417434
-7.66980060902	0.255958868661
42.4535562964	0.147829777759
33.0196879963	0.166805811407
7.9772902131	0.213301434436
0.217039368812	0.23338002195
-0.81741279119	0.235963309527
6.75411907323	0.220824960072
-35.7358466885	0.36014189878
40.3062912065	0.152974551407
-5.84262335534	0.25078825541
32.7186782381	0.167327080518
-2.44947879507	0.249371459007
-17.4603612144	0.291103653369
65.7953093276	0.113782132391
-5.90647053554	0.254806553809
-4.89790706703	0.256308508205
19.2367712946	0.194957703845
-26.8435583488	0.327739258627
21.0499046246	0.189883955798
-20.2272044904	0.301164359655
9.02783806651	0.210028991252
63.7293592579	0.11846458352
23.6763240643	0.182240841342
11.6880086363	0.210086563751
16.3131872656	0.197896578807
25.9702913128	0.178550102976
-18.6157031547	0.297162317516
-25.1725320235	0.320211364876
9.8579438229	0.209079354878
76.6521580307	0.100530099772
21.9629873671	0.185278117038
-13.4468276271	0.272750931944
77.4502517794	0.0997422967529
21.5702173674	0.189040193396
89.0002235136	0.0882913948252
33.8407892879	0.165251834703
-14.7740096476	0.278435611849
47.7440051523	0.141788449021
8.73083496329	0.212985286683
-7.78656383441	0.263121671999
-8.39310076845	0.259846202459
67.4570006386	0.111637497166
3.40089073379	0.232423738973
78.6457000468	0.0989642074157
33.3090407044	0.165490855755
11.8285281804	0.210326256433
18.2042926576	0.19568543224
-2.5126344638	0.241293567017
40.5483977585	0.153758639915
23.8239808807	0.185069876426
0.0898079581014	0.233896856298
15.9240671447	0.197798363737
103.494725738	0.0750910317246
18.3345519517	0.191395063263
26.6640707302	0.178870904794
50.0382092043	0.137962965264
0.0799845648733	0.237518652543
8.28238941406	0.213308361207
9.51978095172	0.217710886891
66.4638479875	0.115003874268
-0.331813378749	0.243658448061
33.9943502256	0.165146557437
-1.92207514868	0.241389263652
-5.11707255436	0.257379117444
106.271271439	0.0724066738348
13.5697642011	0.203963757744
19.0129616686	0.19573160406
19.6200076539	0.187937275725
36.0992019974	0.158529644097
-15.6859335467	0.283661932483
103.358290722	0.0749260777062
10.6868391415	0.213824785563
13.6875342909	0.204814086182
53.4533680579	0.1329266756
9.45540129752	0.217853610469
-8.76205587142	0.268260698717
3.02250113596	0.225508938304
-0.951776743753	0.241091202519
6.18221702861	0.222241139303
26.6767554265	0.175884511421
18.8030968279	0.189286279553
91.7867586823	0.0854503544815
19.3845853901	0.193123728586
40.1985833205	0.153867757901
22.0733181369	0.188130155059
58.5797547628	0.123815735447
86.5050228328	0.0910943296497
-9.17630785837	0.268437148111
34.8547662368	0.163679558439
26.724507383	0.175681460619
-7.70233352277	0.257646393327
16.3472597131	0.194683201877
24.4198518531	0.183394775068
-3.83336588753	0.246458313226
-5.85501727724	0.255350849223
20.1664993736	0.189466077608
23.7729815684	0.185187092942
99.7964451485	0.0779440009253
84.2965816536	0.0931414168984
2.62550823796	0.235494431381
-7.54941753568	0.264375722947
40.2380595602	0.15411812124
17.7715279867	0.196895729496
17.9546017675	0.193131259052
2.00828837576	0.22872224794
61.6535077934	0.121384192609
-1.34501198589	0.239677561233
110.980281067	0.0693075151691
13.1309253162	0.201314394901
-3.02675658311	0.24348337621
14.6548586408	0.198230670789
24.7989417782	0.179421636598
0.239409860581	0.235153669867
9.06337889617	0.217234838789
43.5194872735	0.148617625563
-7.51188949217	0.264176843071
1.22696923209	0.233845161286
41.0703326092	0.149554539785
36.7620224764	0.160301447614
3.75572313669	0.223399610059
73.7940541905	0.103504122414
49.9101842802	0.135982144291
26.2849508596	0.180259082333
39.2678736716	0.155488886059
12.0253863491	0.210940939768
-4.29171778105	0.247652192884
46.9663909215	0.142786404752
49.6460353937	0.138599939381
34.670359376	0.163713395344
30.8426830138	0.168273388924
-0.0203904295007	0.239783411438
76.5547821128	0.100479707962
54.2680413268	0.130971122978
6.07484994697	0.218348911764
13.2595925305	0.202923360676
-1.94566019918	0.246520704892
45.6392336051	0.144803228987
37.2115060197	0.156104847101
72.2642786238	0.106041202921
20.0473719146	0.192247808585
22.0467415669	0.183440075339
84.0076405033	0.0939272661471
15.1473315837	0.204658965039
3.76736093248	0.226347353539
40.7847056787	0.152457660873
58.5278879933	0.125572014863
9.35622863523	0.214777684549
24.0994009014	0.183644381061
58.4095451321	0.125705521546
8.00389808574	0.219887598225
60.7829918653	0.120097154898
-2.78708138298	0.24453896524
33.2841990873	0.165033903684
25.3378343054	0.177213866564
-16.2447366803	0.282265630596
3.25150551948	0.225603054714
29.152642895	0.171000861395
22.5987669554	0.186587602848
-8.03637671803	0.263836382509
86.0162891462	0.0904086840615
39.286134374	0.15232448841
28.6676081998	0.174403947839
78.2335281801	0.10089818934
13.6156851759	0.201846388181
108.023473645	0.0712105663645
42.3099914025	0.147657870585
4.48493368416	0.222826372926
48.1682936854	0.140380019767
19.7520971331	0.187686575674
18.1532318799	0.19653733226
101.034681965	0.0776845545512
33.2002844784	0.165863819679
10.3228566578	0.208638768038
33.9105532951	0.161175973087
55.1245516119	0.130362450646
87.6832387175	0.0908347597379
24.642708509	0.1824005469
60.7632030726	0.122044478328
5.9822654585	0.219649878248
18.2612155175	0.196530307416
56.8972908697	0.125399501912
42.9404199682	0.146575261192
53.3680951104	0.132874582967
74.4645520347	0.104078221193
25.1825094846	0.181784951191
-7.52805793926	0.257526967149
69.5072882515	0.108904316236
110.846398677	0.0693491575904
29.9404092095	0.17248581446
56.3450592104	0.125828218069
40.8658280423	0.152355830433
14.9929112412	0.201220806801
95.6490149602	0.0830131530187
51.3439726609	0.13608852392
108.224541417	0.0714637376275
8.41988019011	0.216761238942
14.6637216792	0.198610068683
19.8972805405	0.191003799967
59.2167771877	0.12325005829
3.86419585615	0.224254445789
1.99055379776	0.234575043781
-1.42833897225	0.239732706925
19.0044954836	0.189492061956
34.3311000829	0.164401776236
16.5937535674	0.198198668909
1.47279315866	0.231981973888
7.9829973303	0.217728261893
3.80492404447	0.224567025918
27.7500943389	0.174131471522
72.4811153304	0.1060405794
78.1217105284	0.100290244706
62.715601096	0.117208182268
34.066956603	0.163873339082
48.056133718	0.13961667437
34.7396346173	0.163768769608
71.864197344	0.106892395083
39.05571954	0.154642497505
96.1143815974	0.0809601154831
53.6750218033	0.132426425432
43.3964040171	0.14562560393
36.4327321281	0.160361207271
120.933338721	0.0617095166649
63.048959357	0.11753576059
99.46217747	0.0792036055699
17.4377628097	0.193259840448
2.43150956622	0.231343091221
46.9705605542	0.139639106399
48.7301950169	0.137276940107
48.7836671181	0.137236378966
34.492458854	0.162991047725
27.3311677738	0.174306243878
14.0853674079	0.200149019765
18.0538087759	0.197844700154
20.6845824463	0.189651997579
78.2883784691	0.100870981776
93.3343062032	0.0847142742956
104.669842476	0.0744934774285
33.0700611787	0.166001094213
47.6759664382	0.139864520009
70.3568009038	0.107837868991
118.632606819	0.0630055373857
106.154604968	0.0728560209444
66.4662754431	0.115006075341
47.8876983654	0.14068868154
44.3714401251	0.144463367944
42.899391645	0.146821730921
81.7245054142	0.096849114909
87.1768167306	0.0900676925558
33.8253474723	0.162196051836
28.8516485029	0.174420822148
72.6114455923	0.105147738255
10.8193107927	0.213137442158
7.0062413658	0.219795012343
19.1024107351	0.18987212801
46.0591804576	0.143734454627
93.0795419276	0.0854718852734
38.8195388884	0.155821362721
123.151220225	0.0603295105272
131.843015538	0.0547506183886
103.579144941	0.0759567808388
59.4948102482	0.124165880605
26.173945535	0.17807506426
87.2618075989	0.0900923830306
73.9805658967	0.103372367899
113.907641888	0.0664990190974
66.5719758401	0.112982189042
125.519398829	0.058587725911
0.901408229998	0.234638082406
51.5852959686	0.132548350697
53.3158617541	0.130425143946
52.9027890065	0.130945412945
134.683230578	0.0525999773697
60.52876872	0.121072554001
72.8948413902	0.107005124255
35.4749278615	0.16005692758
27.2883702779	0.172872547655
6.44082928083	0.219746262173
122.350243127	0.0603321779722
31.2713032853	0.168469054765
77.2366517998	0.101230573613
56.2932021063	0.126255825928
136.352615485	0.0518400344027
28.9089460697	0.17118991751
58.8853857825	0.122447989557
46.3038416083	0.140765643639
8.05713214768	0.216034178263
42.1289846809	0.147279228388
10.6509050873	0.209123541847
21.9013133321	0.184131905569
62.5094883621	0.119212650085
19.0867472546	0.192402971527
2.05011677937	0.231452737143
53.2605463638	0.130168693695
61.7276120581	0.118611483223
63.3927095196	0.116305030436
118.043241177	0.0633200183677
101.948481404	0.0773900650842
62.9702890979	0.119513501995
49.3273917549	0.13785803202
98.7735069737	0.0785345221517
54.6057292425	0.128454020906
51.0625625657	0.133935825586
20.6165237571	0.191121303552
52.5131438201	0.13414728366
90.0674561477	0.0862799969922
99.2862100325	0.0790210403878
110.799725382	0.0687569746747
112.527182483	0.0676800796164
35.1909482501	0.161374386626
131.583924954	0.0544623478128
137.322739805	0.0510654768018
88.9673206866	0.0888842865306
68.2577384827	0.112341862194
57.4105317818	0.125011912874
86.3423710172	0.0918945058284
45.3044714529	0.143954677953
59.8847368086	0.120882551874
82.4955557916	0.0960285036319
74.5536504483	0.102369211877
61.0363367615	0.121188885522
132.738691396	0.0542299207925
39.7767814652	0.153893303151
140.702317525	0.0494080792362
84.2709998908	0.0942877904514
109.119333069	0.0710391663581
70.9227371593	0.10930580419
69.1970113546	0.110690673907
46.2599217536	0.143033399444
86.4777489516	0.0899960326923
47.5859366813	0.137989208025
56.1182708202	0.126759219033
56.1377662572	0.128508432048
80.4120260156	0.0962117746854
48.9310008588	0.13753523289
62.593693935	0.117582599562
42.8751166501	0.14945163952
129.648099784	0.0555993159899
53.4400343579	0.13223834467
118.33064124	0.0639316845234
64.2940451564	0.114941455741
85.0369988507	0.0935186882489
76.8060307254	0.102182762531
95.5089142761	0.0815784099773
37.41331646	0.158982823601
51.7708785611	0.133278974412
54.0812403877	0.129535106123
59.4867791494	0.123683802346
59.5904952333	0.121313002406
85.7532118656	0.0907989170242
28.1619616475	0.174162677551
84.6237989683	0.0921982934166
48.5289688467	0.137896856565
30.1244234242	0.169318007501
68.9365149378	0.111801642247
36.4249310608	0.159620542076
56.4516718469	0.12487753904
81.9438487509	0.0949769270203
87.1877952126	0.0913548422293
69.9865347045	0.110472821594
94.6026897971	0.0839693138305
36.1784181655	0.159877241406
107.47218912	0.0726515324532
78.0278844248	0.101044486634
42.6121826354	0.149116953797
45.8795711634	0.143532622326
84.665916396	0.0939347090234
92.6617898821	0.0855243868683
68.5995107338	0.110392583435
81.1798876264	0.0956399882417
71.7455352874	0.105792695754
64.8058805147	0.114506490603
92.2332858995	0.0855392733835
123.865286737	0.0594550687007
32.8075856482	0.166240696022
55.5537100484	0.127246954048
55.1341191773	0.128925485928
141.815281267	0.0486075411043
45.4211859356	0.143100103043
79.749466804	0.0990649986592
66.2223620817	0.112566284511
49.8698419957	0.136082983295
46.9732759915	0.140584604473
69.4040839632	0.110951070929
67.9069426775	0.110534347901
43.45883117	0.146087149517
82.0759772031	0.0965383268404
134.68640795	0.0531692867853
66.6394748872	0.112272783587
62.0818089644	0.118110012499
120.119015788	0.0624401124573
47.883408317	0.138766314584
78.7312377984	0.0990330894835
76.9991880028	0.102232208203
49.612455549	0.137698448008
51.4136307885	0.135178164457
93.0496655918	0.0855385762157
52.8918500125	0.132887897925
52.7720202301	0.133086922357
100.802480302	0.0782586308283
70.2879273031	0.107504363592
98.3753925684	0.0785914651117
57.9799991057	0.125785806284
105.840441757	0.0740255916756
50.3383729522	0.133751730618
79.6928263054	0.097263562564
49.2234763058	0.138841189537
75.0577711735	0.101774019331
75.8763708321	0.103268712943
116.136205268	0.0656065674961
117.242360662	0.0650452839309
19.2915818357	0.191823409135
132.3087758	0.0545671287768
118.284614833	0.0630820343643
60.909437748	0.120007025288
67.1062916812	0.111477428762
78.8572674802	0.0979355269814
37.4058432245	0.15684563673
38.8771664189	0.152421905502
63.5973792744	0.116051011075
42.3768192177	0.146632700641
63.7807553853	0.11577272502
36.0742988543	0.160803553292
122.088270566	0.06096064372
76.1549407703	0.100871710172
59.8215230152	0.120989938794
33.1612221324	0.162954775605
99.982160704	0.0787207381129
57.717640259	0.125900947224
61.2376001244	0.121516257759
59.3788009665	0.123855629604
88.258124905	0.0900536937624
128.846052636	0.0562692302195
36.9264856131	0.156874845352
89.7593334152	0.0872954328163
95.6290229006	0.083082365792
70.9323859744	0.106709180699
99.6360911472	0.0780190326309
76.4451289564	0.102665615931
50.2564535171	0.136808281029
78.5875629715	0.100387912874
46.6886816073	0.142191797029
84.9777663808	0.0911243702249
60.7900392328	0.11948720198
53.2669958698	0.130796821148
77.6769930345	0.098898017219
50.168799392	0.135086502424
135.732810394	0.0525725568982
130.197900561	0.0558014432428
102.327570143	0.0770035635803
122.408705651	0.0605826256613
70.1575238096	0.108290883748
47.918300189	0.138843319279
56.6793618261	0.125821800497
49.569461011	0.137742339801
98.7954170108	0.0800360348392
105.533076656	0.0742944203906
82.6047231498	0.0960972495582
140.130087212	0.0496887033938
76.2612108296	0.103046502216
146.021442357	0.0464397490509
85.4600732867	0.0929705573138
89.9370629915	0.0884388265459
108.849694489	0.0712790144385
101.451319298	0.0768473346229
119.305514758	0.0628056977091
130.327345239	0.0559247338746
87.2276117961	0.0895625517549
154.432898015	0.0423459393944
124.469630169	0.0593801258157
85.9402973856	0.0926033153548
123.497731721	0.0596687788053
73.0508690601	0.104210290063
111.607978649	0.0687101356187
120.662470833	0.0617712235665
113.645600002	0.0672552223371
76.3891395951	0.102936277705
87.2005202034	0.0913862336492
65.7253928117	0.113457465647
126.480188132	0.0579403773402
126.665190839	0.0577238440548
92.5219975918	0.0856967158647
70.8836343463	0.106737123833
57.5356100267	0.124542406033
58.4542438536	0.122320435465
64.6426512039	0.114704300718
95.8013091408	0.0822760743381
95.45024144	0.0821369668065
53.2553782642	0.130919723577
105.742899342	0.073616722554
103.096170533	0.0758283317863
162.303188031	0.0388770522458
128.323154781	0.0568918302292
132.682348739	0.0545224100624
124.271508664	0.0593697966018
134.075389879	0.0536334743631
97.9775875922	0.0799083096413
147.891892328	0.0455953698242
155.744687703	0.0418592034668
71.7408707544	0.10589827515
71.4652572126	0.106189348569
72.1977239646	0.105329448926
83.767067576	0.0925025850932
76.0069684585	0.103423871522
65.0863547861	0.114242664165
146.293885385	0.0464436693092
140.204208389	0.049646000635
156.458541542	0.0415740412791
158.203579806	0.0407815547453
57.6926722453	0.126613819614
89.062538024	0.0878611025892
103.185749071	0.0742353298334
116.404920332	0.0643858170085
74.3582242952	0.102770392319
126.883545431	0.057407344297
80.7783454664	0.0959736757412
127.867282972	0.0575558980185
92.2749496523	0.0862654402535
124.414651201	0.0592102853059
100.13668874	0.0790790521198
162.133499385	0.0389890693355
100.007215013	0.0791771391878
163.308074285	0.0385058865743
114.315221098	0.0673585088177
153.105626219	0.0430362726357
114.05038324	0.0675523328543
157.479036742	0.0410738937904
129.432005025	0.0566886168214
155.214957176	0.042090566271
121.370140597	0.0621452492536
154.939916191	0.0422273565676
128.679237531	0.0571695351799
151.455716936	0.043872593886
123.242209893	0.0608223700133
168.897553806	0.0362731548608
130.479900488	0.056029458714
111.485590296	0.0688416030267
84.6416676516	0.0940620167721
122.772365745	0.0600242042377
78.1773554137	0.101014560534
128.183468568	0.0564925011438
107.138366412	0.0726293040689
124.041315686	0.0591041974962
106.405339741	0.0735624384049
126.734500748	0.0575013625367
123.666590861	0.0601130311327
108.894477773	0.0704391532642
144.995303152	0.0472969642189
107.165981342	0.0709739225746
155.002005039	0.0423123220104
104.407002363	0.0741022620951
108.216228691	0.072224138381
138.792250775	0.0505451823368
95.158372283	0.0836121676271
140.228685238	0.0497447928404
109.817706992	0.0709169977282
138.357259518	0.0507698515012
130.355874548	0.0560459673911
107.916581694	0.0713996533084
109.499208733	0.0711647433147
165.715877687	0.0376063347397
162.719998189	0.0388830830701
99.0874155651	0.0782801349175
131.674441909	0.055260848869
119.575019622	0.0628967669312
145.280278493	0.0473319472974
115.710002341	0.0657939798346
169.836593864	0.0359754162587
128.566356417	0.0565979647711
88.5975609853	0.0900127011775
169.320295526	0.036153564436
109.459059211	0.0710431456557
166.820002117	0.037118413199
96.9176909495	0.0819079305747
175.597385385	0.0337542856834
111.791286753	0.0691270192001
123.495270044	0.0596832085906
93.1418433076	0.0855145848195
116.598095616	0.0650007079398
145.423336218	0.0471113082016
99.5442631235	0.0774442369952
167.476688862	0.0369310040363
93.4732102626	0.0833195230079
95.8342010659	0.0829849830751
104.199972231	0.0735724120667
119.767266741	0.0618715441069
129.58587578	0.0561330299963
112.79466051	0.0674655719062
154.415634556	0.0426429306333
154.89080567	0.0424815652871
160.682627207	0.0398251255378
125.069702429	0.0595685525372
147.611068135	0.0460241024424
161.454468798	0.0394862533032
154.778787669	0.0425210032445
146.241507051	0.0466678498324
93.1279732119	0.0855068431508
139.695572655	0.0499907039495
132.516263352	0.0547643442497
105.504540235	0.0725926969214
136.146991077	0.0524367981069
131.978484915	0.0550580333829
157.592030896	0.0412884490395
116.509903743	0.0657745488601
152.742575244	0.0434473513628
134.168766168	0.0534653952484
165.298361354	0.0378091283685
154.529526987	0.042604436798
109.884896541	0.0690045093211
169.464305596	0.0361731356816
168.036729319	0.0367191379319
142.657385674	0.0486999408886
180.230267652	0.0320578183224
154.699820763	0.0425359695385
182.925057464	0.0311553232379
141.864926476	0.0491420620346
173.107293433	0.0347099371034
139.991030664	0.0500795567299
173.8776906	0.0343777726717
142.449846839	0.0487602778247
146.90533481	0.0461475127337
154.084433384	0.0428120972088
161.501350417	0.039361388548
148.239892372	0.0457281121188
179.797299437	0.0322456448271
128.265382403	0.0573320647956
160.73666615	0.0398044593151
127.651638745	0.0577272872993
142.386982744	0.0485384379941
164.646919704	0.0380931272778
149.52518441	0.0448732078697
134.53793634	0.0535777964785
145.037682311	0.0474683058488
172.282832098	0.0349122850067
154.652391098	0.04249327154
128.995572629	0.0566213469282
164.879363831	0.0379861591777
184.502969722	0.0306089404992
154.89039477	0.0424562173164
140.629373069	0.0496660737307
174.508193449	0.0341686912771
166.334361198	0.0373984687928
172.740660676	0.0348275193692
138.065272208	0.0512921022759
157.604198883	0.0411318795049
180.921200349	0.0318151416273
154.354076954	0.0426506892784
169.92669639	0.0358627437735
181.645657878	0.0315996252402
144.885656438	0.0475174032402
177.509998049	0.0330493427624
175.588824806	0.0337161561025
165.090762643	0.0379542740725
151.395083138	0.0442064096618
164.045421361	0.0383317823495
154.428158738	0.0425633536609
176.742294864	0.0333353520933
178.074750134	0.0328252923046
147.968249689	0.0458820243691
142.352866859	0.0487419228899
139.042428178	0.0506107253525
139.889063383	0.0500092200413
157.836865333	0.0410709848432
158.414259741	0.0406943691979
178.288844805	0.0327670998126
161.466091497	0.0393683295754
171.615462803	0.0353176541472
150.440411891	0.0446506636769
157.973434017	0.0409818498762
156.250434573	0.0416197206746
141.448934389	0.0494294310543
154.431188594	0.0426544877183
162.220360668	0.0391399116787
158.961454854	0.0405457207875
153.827625528	0.0429267490061
174.56759889	0.0341284829098
150.842463241	0.0444062456704
162.542799607	0.0389952836962
161.718120445	0.0393350083586
146.470146113	0.0467455599217
154.21048636	0.0428423526628
148.176293375	0.0458594646759
131.747449021	0.0552477638515
146.393536022	0.0466682978378
131.319604645	0.0555684883081
130.179982971	0.056221647585
130.041590333	0.0563352645797
165.092954675	0.0378542554401
145.129705559	0.0475492786195
171.165794491	0.0354393050221
142.828205414	0.0487985142438
142.872912355	0.0485714779027
152.802451716	0.0435497878728
129.464016776	0.056725935283
154.36758706	0.0427759729628
134.839580936	0.0533609742164
138.043142281	0.051311355063
130.048542166	0.0563572682187
145.416127674	0.0473290633167
109.345410088	0.0713404260601
143.398667123	0.048431225022
128.012621161	0.057724873736
144.606823564	0.0477341388025
137.69675987	0.0517025123556
168.785709271	0.0363565652161
110.110959592	0.0707072624704
183.656874822	0.0308281128394
109.174080284	0.071489950937
137.86525722	0.0514336620036
125.473532398	0.0592602382248
160.576459182	0.0398691408316
98.5052338756	0.0805916222285
158.315904696	0.0409715228991
112.555850069	0.0688230060112
140.046447549	0.0503819988698
97.9856256144	0.0810276605079
137.229180975	0.0518328174797
92.9286808939	0.0857810630268
178.781056697	0.032574707498
97.0875533271	0.0818677037222
179.283105758	0.0322919315034
118.297426989	0.0644351615662
158.01693863	0.0408785431762
129.732724088	0.0565609362394
162.611231858	0.0389436663652
116.475844247	0.0658251773617
167.949436933	0.0366853830496
177.078130533	0.0332190743157
130.072146063	0.056210717629
163.074543601	0.0386295632897
135.764035092	0.0528125621548
175.199918474	0.0338711625424
138.179413397	0.0514190595008
165.493249466	0.037754828597
143.149494545	0.048491618358
133.440049834	0.0535279118505
145.292410191	0.0472903532278
130.911354019	0.0557927091108
138.69439952	0.0510549821523
160.356348541	0.0399371764902
140.103127827	0.049787489778
143.749022958	0.0482712131863
163.690367279	0.0383367681957
162.661944749	0.0390121612766
122.470503599	0.0613873835236
131.141482952	0.0554134690206
139.569872799	0.0501245901304
175.287370726	0.0338810694999
147.890639622	0.0458905697665
146.371432296	0.0467690329361
129.612821075	0.0566638388083
129.844643254	0.0564312081085
128.923849338	0.0568519089352
112.867040526	0.0684000333854
155.010737225	0.042170680422
141.325115829	0.0492174609218
149.557585254	0.0447839856299
163.920922042	0.0383414489544
178.469108331	0.0326798500989
159.992316338	0.040098030073
152.444536429	0.0436615159282
168.590078542	0.0364910015079
175.537306024	0.0337409416014
146.148979977	0.0469053892222
156.331309236	0.0417423423158
149.383438675	0.045080448806
147.658089438	0.045959672755
136.168012067	0.0519819153565
137.947294469	0.050973184357
155.265165759	0.0422438326619
155.852679592	0.0420104907799
108.879138901	0.0715371796252
149.121219981	0.0452569151348
183.917494284	0.0308159894356
162.712583071	0.0388827598
139.995378676	0.0501200018472
149.325613634	0.0452385800209
173.933969681	0.0343556489932
179.210390632	0.0324617061838
156.435453985	0.0417411928584
181.575382517	0.0316037241009
166.399659582	0.0371975668429
152.245170808	0.0436721333121
153.915277276	0.0427518480172
179.983249798	0.0321998373645
176.011820049	0.0336004787951
155.656667572	0.0418651940858
164.38055281	0.0381857397156
123.831975251	0.0597828668881
134.651219815	0.0529587487832
155.277722338	0.0423009261835
158.413772831	0.0408258295147
148.81926993	0.0453627653384
169.809378863	0.0360345519831
161.040074411	0.0396139009119
158.423185938	0.040879457576
157.316382329	0.041319377166
150.443735997	0.0445556032335
170.189633366	0.0359096012181
151.803726669	0.0438766497251
158.859184722	0.0406957652119
181.012781286	0.031782542941
153.331139726	0.043237566731
167.118497354	0.0370592228936
155.894480421	0.0419798248094
176.204765756	0.0335685658952
152.858215479	0.0432471853494
168.783680351	0.0364442149172
187.188981564	0.0296716369245
152.933373114	0.043210040302
147.389932228	0.0459804617735
158.745396144	0.0404929493074
152.294762375	0.0436116662435
143.353021691	0.0483338595301
164.040660683	0.0383638929849
156.394565181	0.0416176574398
162.924401972	0.0387146181005
151.252130498	0.0440526458405
165.21258903	0.0377745539047
148.598199768	0.0452816071642
149.157075322	0.0450320648751
144.01797137	0.0475795277133
138.224795491	0.0507958350784
144.168146855	0.04754621292
143.095509635	0.0480841028112
174.715683766	0.033910852425
152.202786482	0.0435177166002
181.980454085	0.0313481677685
152.319995987	0.0434704845377
176.918245231	0.0332202893701
157.380803306	0.0410329701208
184.451176389	0.0305060763231
157.561263168	0.0409716276482
181.114051081	0.0317012375477
177.265472853	0.0329692216195
181.467287852	0.031546661244
177.57842251	0.0328553182816
182.616601252	0.03113062433
171.450902279	0.035174149392
183.846986926	0.0307275429255
166.395910242	0.0372406117951
168.128927692	0.0365833920056
168.549775331	0.0363859689066
168.939321261	0.0362199482513
181.566800481	0.0314564284508
167.352082954	0.0369148979999
167.795834369	0.0366299383033
185.795602745	0.0300776951429
165.800981583	0.0375857577513
188.205121634	0.0293159219102
160.818429253	0.0395317364313
173.889750887	0.0343982865802
183.39425194	0.0308371413417
191.918094927	0.0280935686268
177.889629941	0.0327313441103
176.220473007	0.0334726750797
176.501344659	0.0332362210415
170.063247408	0.0358380250782
175.049812285	0.0338100564002
175.027029763	0.033895940833
180.664604497	0.0317684503977
187.766610731	0.0294623842944
179.975043712	0.0319960260902
177.947119544	0.0328991399375
177.616769764	0.0328657248799
170.640825516	0.035682666621
166.522455476	0.037111722885
188.213850426	0.0293222955578
175.429148648	0.0336083772334
184.852974024	0.0304666565254
179.47307635	0.0321608582191
176.759298928	0.0333531601053
178.850216344	0.0324076652373
167.494934258	0.0369386381096
176.177197067	0.0334203793634
168.510917064	0.0365146265044
183.036313335	0.0309580191902
176.705392209	0.03335471479
178.674233921	0.0324617964451
184.534189966	0.0305561983808
166.513661122	0.0372222494082
164.198146524	0.0383323449399
165.999773748	0.0374927975572
164.12847667	0.0383638076723
173.467597911	0.0344100826702
161.26873013	0.0395957648533
186.673181524	0.029740506734
182.401898897	0.0312951997147
169.935343814	0.0357336344831
176.046504402	0.0336221938525
172.878119608	0.0345814045727
166.164598837	0.0374905972036
172.922184254	0.0345517985555
189.425077529	0.028930782008
174.40216216	0.0340040672386
179.090595413	0.0324771162584
162.653654365	0.0388144692918
175.956603879	0.0336153152578
168.682853973	0.0362552857129
180.255777043	0.0320669258111
179.177584352	0.0322493978629
193.50367494	0.0276122210409
173.168543425	0.0344344589884
194.325624659	0.0273534679673
167.78019193	0.0365317928419
175.125736595	0.0338733488937
173.783023103	0.0341906541174
177.67119615	0.03298649825
179.925274948	0.0319799515478
187.761674534	0.0294652730831
176.112050218	0.0333398091943
184.761676824	0.0304591233626
174.023523621	0.0341906253278
180.182944731	0.0320470255872
184.6390774	0.0303761959673
182.261271578	0.0312947104664
174.601621038	0.0339310853387
195.396612076	0.0270114126335
181.720205978	0.0313801015558
176.444471456	0.0333325012152
187.489188092	0.0294528744707
180.784044826	0.0317843946423
188.491889896	0.0291306481055
195.329429801	0.0270490287319
181.371410205	0.0315837212701
190.213501767	0.0286296609583
178.970023135	0.0323984715519
181.66074409	0.0315007628648
180.687248121	0.031870071935
187.747265735	0.0294233668463
191.713891313	0.0281559285732
195.71588028	0.0269146515043
183.278856559	0.0309535132204
178.15168103	0.0327781494971
184.840967625	0.0304244792603
182.320064055	0.0312859980166
195.319355532	0.0270708262918
193.865733514	0.0275181390842
187.899442464	0.0293489570088
177.759230609	0.0329118385295
192.375937377	0.0279249861101
189.500537283	0.0289027422842
193.608453499	0.0275666983005
193.799626411	0.0275568023811
190.82722927	0.0284074752961
180.722446448	0.0318827018897
189.847135493	0.0287096773693
178.3733188	0.0327030893469
186.013143945	0.0299487500192
193.605936202	0.0276006244056
187.439480793	0.0294769590195
188.761851036	0.0291454526266
176.424424354	0.0333338625894
183.206045429	0.0310189616342
177.528811631	0.0329465502153
187.912995825	0.0294483864974
188.770724327	0.0290771358553
191.396685879	0.0282830145075
179.571892617	0.032141983282
186.972529635	0.0297331815276
187.139413447	0.0295949939056
179.605176473	0.0322811390558
188.671467742	0.0291025295012
192.91501143	0.0278373541613
185.219536286	0.03024151387
194.041060323	0.0274596479884
179.90339827	0.0321004130309
185.246843595	0.0303069563771
191.003620606	0.028371166714
194.766984358	0.0272322211808
182.369105149	0.0311886396274
188.278258501	0.0292590523975
180.733210483	0.0317325641113
192.807771477	0.0278087149182
187.906871833	0.0293360959302
196.084092463	0.026829235713
188.030143438	0.0292951561072
194.816580574	0.0272104347553
181.300161781	0.0316076085685
188.164544143	0.0292950732353
192.220605027	0.0279840041205
193.460803847	0.0276285536024
193.198984002	0.0277332680402
184.84562743	0.0303514001556
185.740775459	0.0301042828589
196.291066034	0.0267492718403
192.943077297	0.0278102405871
194.218563761	0.0274107044568
195.34011579	0.0270736958999
196.165738927	0.0267984263603
184.493713904	0.0305451992639
194.01157113	0.0274780190329
182.634932803	0.031152857984
184.87226195	0.0303615909253
193.904813565	0.0274866198905
181.54747899	0.0315193071192
188.744826081	0.0291509676357
181.475260701	0.0314988551227
194.672915699	0.0272772617595
183.770536025	0.0306938339406
194.389811061	0.0273455769871
180.5455429	0.0318227864148
183.487359926	0.0308433372344
176.671964092	0.0332122169819
188.957297913	0.0290701224953
182.661580095	0.031097243616
193.451923237	0.027618653387
186.66838998	0.029807065119
189.116482928	0.0289777483812
187.427974449	0.0295650942231
191.277936976	0.028304834929
190.245666233	0.0286217991829
174.330464731	0.0341836702437
175.67428222	0.033625139334
184.841330968	0.0303963402182
178.229363183	0.0326966511364
183.22829829	0.0309260798213
186.603173895	0.0298524419662
187.159969742	0.0295948208096
184.330478977	0.0306114756845
187.500293913	0.0295065038748
189.526593949	0.028882580573
180.255886705	0.0320290189143
163.780422007	0.038228248632
187.993013079	0.0293770757755
182.641632317	0.0312081641357
178.051910192	0.0328138560487
190.729464726	0.0285134694605
183.267241773	0.0309691396597
187.110055278	0.0297180300893
166.941290977	0.0368909614125
160.023154912	0.0398171260444
164.90100571	0.0376655301488
183.959291955	0.0307099495607
183.723354232	0.0308141268238
184.155750066	0.030547970015
180.526679697	0.0319808729983
190.198303506	0.028631977297
178.216500913	0.0327934690337
171.148245682	0.0355271699187
187.450360753	0.0296176494444
184.859683025	0.030353109884
189.55005355	0.0288550134451
186.418758282	0.0299337375227
181.369452179	0.0316390689331
185.48362941	0.0302044331465
185.629209177	0.0301662818982
197.804105903	0.0263402073878
187.230474828	0.0296196245003
190.764626886	0.0285008618765
188.98721949	0.0290951724844
194.364346609	0.0273643523625
183.283718308	0.030999211957
190.09550069	0.0287028701605
186.64689056	0.0298622331332
196.387503153	0.0267880553547
188.472675133	0.0292692543534
194.384395117	0.0273825193495
189.49626145	0.0288838173939
192.559956922	0.0279441716454
184.189913136	0.0306891553804
181.805576527	0.0315167748062
182.742959975	0.0311428427873
183.462840203	0.0309507585479
182.259929081	0.0313008843488
180.326817636	0.032034805968
182.924655316	0.0310765543175
180.882345224	0.0318375046522
185.343803219	0.0303183268387
182.243885446	0.0313503253195
187.421959471	0.0296291712101
189.564848824	0.0289017505955
185.982913419	0.0300134848591
193.000855485	0.0278017567721
181.836341932	0.0314497682314
187.763516471	0.0294138778098
184.472707084	0.0305180666316
181.677549726	0.0315394782358
190.653656291	0.0285169907743
190.216438599	0.0287032465924
182.598043959	0.0312200318312
188.99471132	0.0291028005375
185.405729137	0.0302615465272
190.065402121	0.0287141322941
179.958653953	0.0321638320692
194.366389215	0.0274019512345
190.966856086	0.0283999700553
191.385251565	0.0283006335139
186.475180911	0.0298528976509
186.719505297	0.0298190566646
181.085701803	0.031758642007
184.405211653	0.0304968892039
182.807909918	0.0311494360304
185.668977394	0.0301212461317
183.926838368	0.0307695134793
196.231396478	0.0267950534986
186.857646404	0.0297355722398
182.61921707	0.0311181272985
183.537114059	0.030821781943
188.762309208	0.0291178948265
181.054920959	0.0315684363835
186.513836889	0.0298465933112
186.752064351	0.029693642532
182.244408074	0.0313383829698
193.847261306	0.0275329161378
192.122626362	0.0280412165657
192.184603888	0.0280709456978
197.621491192	0.0264012530225
188.978221305	0.0290971499801
192.056152695	0.0280945372147
191.519804646	0.0282532309944
196.28502215	0.0268119325834
184.556861166	0.0305621523883
182.378341613	0.0313077095375
186.391900423	0.0299086562721
189.846821682	0.0288114614608
187.109189595	0.0296707020917
190.832681785	0.0284924645773
188.340798587	0.0292703662632
194.53846286	0.027306560738
193.414789241	0.0276412110332
195.948815498	0.0268814466209
191.637937696	0.028188502985
195.599600109	0.0270193982263
194.443202573	0.0273180760052
192.619390526	0.0278861411313
194.814909588	0.0272048359068
196.053445896	0.0268677739431
197.169684627	0.0265478628997
193.667819754	0.0275695756716
191.060277048	0.0283809511061
198.225641601	0.0261979316086
195.351504819	0.0270447844225
195.580061892	0.0270366438464
189.793409304	0.028759098666
189.489130708	0.0288789182115
185.10509818	0.030308027175
194.556058884	0.0272923074412
190.806671947	0.0284356623391
195.789564708	0.0269255282832
188.338627198	0.0292402623052
192.053648096	0.0280514468364
185.394898544	0.0302269043143
184.776721986	0.030334988003
194.713239535	0.0272857590332
182.866824486	0.030953097252
195.175367788	0.0271213010684
187.866160795	0.0293953732562
190.564002609	0.0285520361295
194.352709818	0.0273680332779
193.726586816	0.0274979934274
194.42560739	0.0273750189506
193.9539968	0.0274690630853
193.237708297	0.0276671828964
197.636511279	0.0264103222423
196.263742367	0.0268130706808
197.185579972	0.0265004020545
196.399429076	0.0267826051834
197.901299299	0.0262960177908
199.821473644	0.0257399417254
195.934626375	0.0268847675739
192.226270295	0.0280237609114
192.323536906	0.0279994248842
197.674631199	0.0264148312528
195.572032885	0.0269971263306
193.725904185	0.0276022381095
195.35143346	0.0270501637092
195.930796723	0.0269199302545
196.094396858	0.0268688530128
197.660647351	0.0263640707761
193.233973663	0.0276981859893
191.580682195	0.0282093765474
192.276342402	0.0279881886431
189.911907253	0.0287822964328
200.301931807	0.0256127574709
194.626676392	0.0273215270948
196.4763756	0.0267296177369
195.125576284	0.0271640021315
198.670059662	0.0260724192842
195.940471891	0.0269187505273
196.363665853	0.0267849576548
192.308591439	0.0280337111633
190.941211313	0.0283908736959
190.434646746	0.0285491124763
199.935850996	0.0257359896653
196.23379118	0.0267786658352
194.865987646	0.0271940344659
193.679454233	0.0275334557284
191.877444355	0.0281658361555
192.907659009	0.0278293802164
195.959791703	0.0268839654269
193.136686925	0.0277203839273
192.377551993	0.0280091640717
197.089057401	0.0265433189041
196.455783406	0.02672012004
194.872994304	0.0271952304763
194.397865455	0.027382674688
198.616672196	0.0261247079047
196.470647538	0.0267254373078
196.226247009	0.0268413054754
193.036825394	0.0278087154085
196.487982654	0.026759935633
198.023714167	0.0262525348155
194.391162048	0.027342915178
191.912526336	0.0281038977959
193.210204897	0.0277002118363
190.653980334	0.0285464798416
192.361554391	0.028021965031
194.629542412	0.0272630529495
194.693910975	0.027297289657
195.053905028	0.0271697346133
196.188629693	0.0267881622812
193.645465167	0.0275543824511
192.831583896	0.0278077524817
190.742460181	0.0284560472718
190.268378673	0.0286762618814
192.315910612	0.0280089336077
195.848804014	0.0269448025583
198.622930262	0.0261171988825
196.056489604	0.0268844042115
195.028003518	0.0271985173561
191.843379279	0.0281691389559
197.825084929	0.0263289282956
196.157102003	0.0267983313256
199.460984033	0.0258415495749
195.186161828	0.0270857671392
196.161950908	0.0268504664202
196.643601854	0.0266796275881
197.899157521	0.0263202498574
194.555167547	0.0272752762566
194.427749274	0.0273200487548
193.028201421	0.027744402526
195.398329634	0.0270753104973
197.643449367	0.0263679010228
196.058599969	0.0268845121542
196.86231802	0.026641177757
197.45887069	0.0264678689308
198.414306826	0.026152328315
197.510408305	0.0263910388673
196.873641024	0.0266396474766
197.237847958	0.0264819253775
199.704643433	0.025764751608
197.467101175	0.0264126114896
196.883315727	0.0265878222379
199.427407781	0.0258418142902
199.688804547	0.0258247355529
198.896008959	0.0259998120944
199.125701567	0.0259880483881
199.07876323	0.0259486856952
198.355918207	0.0261551156004
197.938848038	0.0262734174299
200.536894765	0.0255298577336
199.827266899	0.0257815505376
200.347321578	0.0255805010508
199.825238528	0.0257811454651
200.304107298	0.0255879140501
199.6138111	0.0257855452375
198.644645022	0.0260680002626
201.430473125	0.0252771547258
199.937226998	0.0257507078218
201.344582808	0.0253015684876
200.525126349	0.0255812424587
200.842531017	0.025433745426
200.889159618	0.0254202201296
200.558345284	0.0255131803314
201.397729611	0.0252832884511
201.161207924	0.0253942657175
201.136954476	0.0253531541318
200.897145561	0.0254708073355
201.055033576	0.0253786182516
200.282884819	0.0255912761218
198.665207346	0.0260588289786
200.87915671	0.0254364174763
200.248251023	0.0256555784467
200.639764498	0.0254907318731
200.025365198	0.0257200437857
200.952173928	0.025413701921
200.278712846	0.0255913342812
199.431828062	0.0258350885644
201.620227865	0.0252355674036
201.178662914	0.0253901239964
201.334429598	0.0252931803606
201.213203039	0.0253834093993
201.758505317	0.0251802840397
201.776614003	0.0252257317048
202.072655419	0.0251014833687
202.521073833	0.0249948080157
201.397374466	0.0253368531378
201.379149517	0.0252915564765
201.745499187	0.0252358456235
201.790605077	0.0251762031603
200.930608128	0.0254104220083
200.456681216	0.0255433766232
202.214020519	0.0250587963073
201.960359942	0.0251712930284
201.663770938	0.0252066679035
201.851636414	0.0252028956885
201.660944591	0.0252075855946
201.335327133	0.0253062742387
198.754584292	0.0260425985654
199.826840797	0.0257296297718
200.868336847	0.025449890661
200.330291607	0.0256327229783
196.35836259	0.0268033657045
187.809091138	0.0294622636895
201.009980202	0.0254324132421
192.796465442	0.0278494261573
191.818237179	0.0281451719122
194.251760151	0.0274042003287
194.227681742	0.0274142438296
199.169383953	0.0259494396712
197.75563322	0.0263469969564
196.694044121	0.0266446545013
194.314937059	0.0273672270481
201.494493524	0.0252974206566
190.402196645	0.0285660921445
198.692033194	0.0260977360153
199.692210339	0.0257935378067
197.032809602	0.026601736617
198.686190589	0.0260750754515
198.89412516	0.0260344061567
199.360419439	0.0259090524573
198.72517922	0.0260584807998
197.121929705	0.0265322954664
197.884529465	0.0263476228405
199.839263809	0.0257409490746
198.820776093	0.026032269111
197.4575986	0.0264330537308
197.820193919	0.0263750286565
199.883791686	0.025741536538
199.728204667	0.0257960302325
200.581038646	0.0255281038403
198.273817273	0.0262431369093
198.139405937	0.0262780600307
198.069529625	0.0263027624256
199.68700309	0.0258258247795
200.059070373	0.0257105683804
200.658745361	0.0255118254581
200.80130392	0.0254684560647
199.458939594	0.0258395336088
199.340457961	0.025879513379
199.135883876	0.0259353493051
200.514716592	0.0255387698879
201.022518695	0.0254403043004
200.193587254	0.0256813409114
200.587065989	0.0255669186884
201.116906239	0.0254152078116
201.177265583	0.0253450113893
201.88764224	0.0251725297603
200.79654669	0.0255059720103
201.259640027	0.0253747197905
202.313325205	0.0250558717625
202.291228805	0.0250558029101
201.011375622	0.0253895369474
201.799047359	0.025212062888
200.589745502	0.0255638480215
200.907268353	0.0254761160893
202.019904333	0.0251338749817
201.187702415	0.0253949967062
201.058783618	0.0254291015806
201.536712164	0.0252880112745
201.747524599	0.0252138363789
200.76737491	0.025469029578
201.565970427	0.0252624116275
200.280259732	0.0256579445719
201.023124494	0.0254152416779
201.183575942	0.0253607877003
200.928750852	0.0254587556129
200.832358484	0.0254517148205
200.817105092	0.0254950875292
201.215022068	0.0253425589886
200.842608175	0.0254445474381
201.007340151	0.0254462170017
200.340544552	0.0256351590265
201.791507709	0.0251920756145
201.611588476	0.0252609589834
201.092205589	0.0254219276389
201.479096477	0.0252630429393
201.881084751	0.0251604123326
200.87037418	0.0254280925146
202.189964767	0.0251028669475
201.801687345	0.0251789001096
202.087406879	0.0251357259825
202.367163468	0.0250312929002
201.862277625	0.0251569876356
201.947558267	0.0251225388402
202.811324747	0.0248955231693
203.941114934	0.0245933423196
202.481465784	0.024988116826
202.838863563	0.0248704888304
202.475970346	0.0249795581002
203.789282551	0.0246385309006
202.483083435	0.0250077645768
203.865749821	0.02461363273
203.220080111	0.0247776672447
204.090658081	0.0245480223315
203.565487885	0.0247020909288
203.272528221	0.0247836810039
202.924336691	0.0248539347632
203.991547203	0.0245620004017
202.719593416	0.02490380254
204.182736391	0.0245304618135
203.672544464	0.0246594713079
203.62278554	0.0246644427338
202.948858459	0.0248411507287
203.052088147	0.0248048520437
202.756338018	0.0248880770801
203.35714305	0.0247646171199
202.567069282	0.0249660111108
202.91665451	0.0248507223495
202.772788217	0.0248920602525
202.817792143	0.0248801203342
202.388945558	0.0249946000096
202.507790355	0.0249611476187
202.55138573	0.0249921001277
202.898031408	0.0248946554945
202.883732339	0.0248974321193
202.627300176	0.0249692987817
202.982831307	0.0248350531044
203.804413337	0.0246350780988
203.279409989	0.0247639738792
203.193802481	0.024803191939
203.045509613	0.0248110542079
203.99709912	0.0245413249149
203.570799703	0.0246982994164
203.722512098	0.0246182950718
204.267124557	0.0244823272691
204.607172894	0.0243998640596
204.347375511	0.024469739798
204.383385778	0.0244329461629
204.150659653	0.0245326425522
204.221242772	0.0244838720317
203.371572051	0.0247117915897
204.258154089	0.024506463078
204.272232092	0.0244931969919
204.378088408	0.0244743553935
203.375194891	0.0247599792414
203.749210985	0.0246540988269
203.763651398	0.0246501068125
204.564747765	0.0244125145074
203.460742234	0.0247350621389
204.989610638	0.024279828169
203.432103054	0.0247382699747
205.080531722	0.0242512132964
205.445627805	0.0241853155988
204.971455228	0.0242785914838
204.962314386	0.0243411000774
204.664599707	0.0244223499194
206.14759806	0.0239979490188
205.245949727	0.0242276788644
206.073794075	0.0240235631286
206.542957732	0.023919989342
206.872549285	0.0238122816134
206.84366439	0.0238163343939
207.225737244	0.0237158825882
206.719308464	0.0238453329814
207.624251947	0.0236074781534
206.714462043	0.0238444615389
207.611688899	0.0236345677057
207.662055615	0.0236186196759
208.404838326	0.0234248376904
206.953390226	0.0238172464039
208.153752563	0.0234690256117
206.949103779	0.0237814656965
207.592887194	0.0236112961483
207.5004538	0.0236523683822
208.320568778	0.0234201136438
207.712995897	0.0236004598797
208.350714507	0.02344382577
208.04635386	0.0234994228297
208.551818785	0.0233858820379
207.674169667	0.023622506557
208.780758298	0.0233021715579
207.948172557	0.0235465152687
209.051255239	0.0232444335411
208.067720139	0.0234878462308
208.843436914	0.023287372118
207.784294134	0.0235903928273
208.344154754	0.0234448523814
207.814842975	0.0235635158366
208.57566528	0.0233777414562
207.721012209	0.0235879413404
208.651551551	0.023331259557
207.972617524	0.0235216254208
208.970092342	0.0232631064229
208.135501619	0.0234921894461
208.646301832	0.0233618437941
208.3110605	0.0234456093557
208.918754087	0.0232882736055
208.573469321	0.0233687082896
209.052677339	0.0232394062886
208.445925039	0.0234140375408
208.914587797	0.0232885758841
208.482208597	0.0233847466126
208.969922863	0.0232658476691
208.285938701	0.0234588581759
208.570520749	0.0233821703489
208.590455335	0.0233592092858
208.962849333	0.0232636774542
208.290418307	0.0234569903852
209.006824359	0.0232515517164
208.617091419	0.0233551049793
208.821790306	0.0232934519369
208.633662018	0.0233468942648
208.780788068	0.0233014028251
208.684555483	0.0233333835351
208.836583691	0.0232899861186
208.678896451	0.0233321677334
208.879625868	0.0232867824096
208.778518526	0.0233188734729
208.753024482	0.0233206928561
208.649200168	0.0233385657406
208.428222829	0.023387633283
208.663944105	0.0233522417678
208.604107346	0.0233528276002
208.528447787	0.023371008782
208.698114656	0.0233306196533
208.54565737	0.0233677699288
208.597923048	0.0233707841588
208.66993867	0.0233447172081
208.609857683	0.0233630030747
208.363095362	0.0234387507685
208.428248361	0.0234191226967
208.616565727	0.0233589596015
208.582488516	0.0233546827324
208.396310568	0.0234016528989
208.588156299	0.0233680723346
208.489371191	0.0233856003417
208.77474929	0.023308516522
208.514540084	0.023386336573
208.661801278	0.0233366264686
208.525550454	0.0233847584406
208.599670609	0.0233692462288
208.452063785	0.0234104568204
208.593546202	0.0233621951619
208.480917447	0.023392318786
208.62892978	0.023355662654
208.422251964	0.0234037448685
208.520402576	0.0233836203841
208.397614925	0.023408464775
208.455527254	0.0233961550717
208.454456567	0.0233968701924
208.38358545	0.0234018965761
208.378412539	0.0234260554646
208.497842929	0.0233944377091
208.315053644	0.0234468948505
208.444171206	0.0234118777474
208.316632998	0.0234488908859
208.644517358	0.0233475439339
208.340253115	0.0234410025402
208.567897937	0.0233671692864
208.247878011	0.0234665662554
208.478073247	0.0233961573625
208.197867613	0.0234637615455
208.487377904	0.0233929811178
208.183572253	0.0234827976063
208.20013812	0.0234790564275
208.076078107	0.0235143689177
208.509337854	0.0233936641564
208.102684621	0.0235064143616
208.564081367	0.0233683598857
208.409059459	0.023413529792
208.410654744	0.0234094364733
208.188262472	0.023480826908
208.281041132	0.0234562588622
208.137187626	0.0234958784119
208.471960498	0.0233973881877
208.093919768	0.0235048075552
208.199948349	0.0234775415159
207.965362523	0.0235410324388
208.198160739	0.0234776955354
208.161634084	0.0234771511807
208.332845306	0.023435336213
208.072476427	0.0235058273903
208.366230512	0.0234271392713
208.132234943	0.0234876630226
208.180117038	0.0234799119379
208.082669424	0.0234989782142
208.228785673	0.0234646175927
208.098561768	0.0235066170199
208.145664281	0.0234911194439
207.997105643	0.0235224900428
208.367707567	0.0234176033092
208.185443277	0.0234774146586
208.230342713	0.0234547540885
208.076330033	0.0234920013353
208.238600411	0.0234490866527
208.063971736	0.0234915960888
208.215314441	0.0234545297585
208.202524912	0.0234635500928
210.512113991	0.022860627384
214.354510836	0.0218882635393
218.141215953	0.0209674897776
221.50712212	0.0201927678331
224.479543702	0.0195295688931
227.268772431	0.0189291831297
229.748224248	0.0184110387254
232.26056442	0.0178982772953
234.562388202	0.0174453388715
236.643946888	0.0170372712436
238.441032461	0.0166967637811
240.1273396	0.0163867017817
241.657932065	0.016109990695
243.102840426	0.015854922914
244.416669375	0.0156249392828
245.594489806	0.0154237625615
246.859705244	0.0152107843377
247.889802547	0.0150352963047
248.814382489	0.0148821189439
249.774110561	0.0147208571422
250.519365226	0.0146002042519
251.300191675	0.0144712179474
251.955844992	0.0143661781771
252.477098437	0.0142790910474
252.937908995	0.0142048221844
253.371568558	0.0141417490196
253.954701755	0.0140490620229
254.317762333	0.0139887144494
254.710406323	0.0139316415468
254.944037389	0.0138952618141
255.306209075	0.0138395677247
255.452923802	0.013816360376
255.495238497	0.0138085578763
255.428187978	0.0138180740791
255.457862801	0.0138149751124
255.253347203	0.0138436498064
255.004172306	0.0138825631777
255.12704434	0.0138593487673
255.128977736	0.0138538420287
255.197353861	0.0138392144197
255.13328279	0.0138387190452
255.106976055	0.0138389631495
255.114228361	0.0138261521905
255.227233641	0.0138000066315
255.40296465	0.0137790135962
255.342609093	0.0137867967601
255.295195953	0.013794151686
255.045329625	0.0138321678299
254.86354141	0.0138592834606
254.409286949	0.0139319430712
254.126595069	0.0139750688241
253.506513175	0.0140760415455
253.661572349	0.014052728929
256.488260577	0.0136277406006