100	-0.04443	0.0	0.985352550949	0.014647449051	0.0
104	-0.03346	5.23758051382e-07	0.627097958305	0.370867205374	0.00203431256305
105	-0.03741	3.1257289854e-107	0.0	1.0	0.0
107	-0.0387	0.0	0.0	1.0	0.0
11	-0.1025	1.0	0.0	0.0	0.0
113	-0.04524	1.0	0.0	0.0	0.0
114	-0.004835	0.0	0.0	1.0	0.0
115	0.01155	0.999997747227	0.0	2.25277340134e-06	0.0
116	0.04983	0.0	0.950560266711	0.0494397332893	0.0
117	0.0284	0.0	1.0	0.0	2.53537465108e-205
118	0.06001	0.0	1.0	0.0	0.0
119	0.08914	0.0	0.000220781135445	0.0	0.999779218865
121	0.09685	0.0	0.0	0.0	1.0
125	0.1805	0.0	0.0	0.0	1.0
126	0.4901	0.0	1.0	0.0	0.0
127	0.6296	0.0	0.0	0.0	1.0
128	2.29	0.0	0.00924852776383	0.0	0.990751472236
165	-0.09317	0.0	1.0	0.0	0.0
166	-0.09067	0.0	0.712508157642	0.0	0.287491842358
167	-0.1187	0.0	6.88255175221e-98	0.0	1.0
168	-0.1096	0.0	0.0	0.0	1.0
17	-0.1331	1.0	0.0	0.0	0.0
170	-0.08702	0.0	0.0	1.0	0.0
172	-0.07425	0.0	1.0	0.0	0.0
175	-0.08543	0.0	1.0	0.0	0.0
176	-0.05829	0.0	0.0	1.0	0.0
178	-0.0608	0.0	0.0	1.0	0.0
189	-0.02462	0.0	0.0	1.0	0.0
190	-0.02218	0.357493404089	0.0	0.642506595911	0.0
191	-0.02424	0.0	0.0	1.0	0.0
192	-0.02076	0.0	0.0	1.0	0.0
193	-0.02546	0.994398451374	0.0	0.00560154862557	0.0
194	-0.00806	0.955335939131	0.0	0.0446640608694	0.0
195	-0.006794	1.0	0.0	0.0	0.0
196	0.01843	1.0	0.0	0.0	0.0
197	0.02261	0.0161570321146	0.0	0.983842967885	0.0
198	0.05749	0.980622007044	0.0	0.0193779929564	0.0
199	0.07413	1.0	0.0	0.0	0.0
200	0.1066	0.0	0.0	1.0	0.0
201	0.0688	1.0	0.0	1.13824331774e-81	0.0
202	0.02202	0.477379460067	0.0	0.522620539933	0.0
206	-0.005857	0.741147535454	0.0	0.258852464546	0.0
207	0.001802	1.0	0.0	0.0	0.0
208	-0.01647	0.0614540364875	0.0	0.938545963512	0.0
211	-0.01731	1.47401165319e-05	0.0	0.999985259883	0.0
23	-0.09073	0.576891131637	0.0	0.423108868363	0.0
24	-0.07938	0.0	0.0	1.0	0.0
25	-0.08598	1.0	0.0	0.0	0.0
26	-0.08846	0.0	0.0	1.0	0.0
39	-0.08096	0.0	1.0	0.0	0.0
40	-0.06551	0.0	0.116816634955	0.0	0.883183365045
41	-0.03952	0.0	1.0	0.0	0.0
42	-0.01596	0.0	0.973753231125	0.0	0.0262467688748
43	-0.02318	0.0	1.0	0.0	0.0
45	-0.03021	0.0	0.46974640203	0.0	0.53025359797
46	-0.03637	0.0	0.995521537425	0.0	0.00447846257487
47	-0.0193	0.0	0.0	0.0	1.0
48	-0.02389	0.0	0.473790814252	0.0	0.526209185748
49	-0.04118	0.0	1.0	0.0	0.0
53	-0.0679	0.0	0.0	0.0	1.0
54	-0.05843	0.0	0.393835371433	0.0	0.606164628567
6	-0.06694	0.0	0.0	1.0	0.0
61	-0.0652	0.0	1.0	0.0	0.0
62	-0.05869	0.0	0.014562252183	0.0	0.985437747817
63	-0.05843	0.0	0.0	0.0	1.0
64	-0.07135	0.0	0.0	0.0	1.0
65	-0.06561	0.0	1.0	0.0	0.0
66	-0.06112	0.0	1.0	0.0	0.0
67	-0.0648	0.0	0.0	0.0	1.0
68	-0.0699	0.0	1.0	0.0	0.0
69	-0.05956	0.0	1.0	0.0	0.0
7	-0.08599	0.0	1.0	0.0	0.0
70	-0.05646	0.0	0.0	0.0	1.0
72	-0.06012	0.0	0.0	0.0	1.0
73	-0.053	0.0	0.0	0.0	1.0
74	-0.05318	0.0	0.729480286748	0.0	0.270519713252
76	-0.05509	0.0	0.484698821753	0.0	0.515301178247
79	-0.05104	0.0	0.0	1.0	0.0
80	-0.05199	0.588300358219	0.0	0.411699641781	0.0
84	-0.1196	0.0	0.0	1.0	0.0
86	-0.1008	0.0	1.0	2.46962130009e-20	0.0
90	-0.05829	0.0	1.0	0.0	0.0
91	-0.05666	0.0	0.0	0.3930564014	0.6069435986
92	-0.06409	0.0	0.0654972809988	0.0	0.934502719001
94	-0.04877	0.0	0.998383312114	0.0016166878856	0.0
95	-0.04973	0.0	0.98079718372	0.0	0.0192028162798
97	-0.04516	0.0	0.386821618352	0.613178381648	0.0
98	-0.04095	0.0	0.974822018566	3.70801735441e-06	0.0251742734166
99	-0.04351	0.0	0.0152901442795	0.984709855721	0.0