100	-0.04484	0.0	0.999928153586	7.18464138793e-05	0.0
104	-0.03379	4.62290452461e-61	0.723907299103	0.276092700897	6.63105406698e-34
105	-0.03777	0.0	0.0	1.0	0.0
107	-0.03898	0.0	0.0	1.0	0.0
11	-0.1004	1.0	0.0	0.0	0.0
113	-0.04615	1.0	0.0	0.0	0.0
114	-0.007125	0.0	0.0	1.0	0.0
115	0.004053	1.0	0.0	0.0	0.0
116	0.04416	0.0	0.999999983546	1.6453596336e-08	0.0
117	0.04196	0.0	1.0	0.0	3.14305364167e-196
118	0.07068	0.0	1.0	0.0	0.0
119	0.1025	0.0	0.0	0.0	1.0
121	0.1141	0.0	0.0	0.0	1.0
125	0.1934	0.0	0.0	0.0	1.0
126	0.485	0.0	1.0	0.0	0.0
127	0.6282	0.0	0.0	0.0	1.0
128	2.264	0.0	0.999751147084	0.0	0.000248852915599
165	-0.08137	0.0	1.0	0.0	0.0
166	-0.1053	0.0	0.997206803637	0.0	0.00279319636277
167	-0.1659	0.0	1.0	0.0	0.0
168	-0.1373	0.0	0.0	0.0	1.0
17	-0.1303	1.0	0.0	0.0	0.0
170	-0.1021	0.0	0.0	1.0	0.0
172	-0.08416	0.0	1.0	0.0	0.0
175	-0.09731	0.0	1.0	0.0	0.0
176	-0.06622	0.0	0.0	1.0	0.0
178	-0.06557	0.0	0.0	1.0	0.0
189	-0.02549	0.0	0.0	1.0	0.0
190	-0.02301	0.396668081761	0.0	0.603331918239	0.0
191	-0.025	0.0	0.0	1.0	0.0
192	-0.02165	0.0	0.0	1.0	0.0
193	-0.02634	1.0	0.0	0.0	0.0
194	-0.009425	0.995457403278	0.0	0.00454259672183	0.0
195	-0.00831	1.0	0.0	0.0	0.0
196	0.01646	1.0	0.0	0.0	0.0
197	0.02014	0.0366771583926	0.0	0.963322841607	0.0
198	0.05361	1.0	0.0	8.82935410521e-49	0.0
199	0.0715	1.0	0.0	0.0	0.0
200	0.1039	0.0	0.0	1.0	0.0
201	0.07169	1.0	0.0	0.0	0.0
202	0.02631	0.528762872466	0.0	0.471237127534	0.0
206	-0.004582	0.849658413172	0.0	0.150341586828	0.0
207	0.002089	1.0	0.0	0.0	0.0
208	-0.01592	1.51291301918e-11	0.0	0.999999999985	0.0
211	-0.01728	0.0	0.0	1.0	0.0
23	-0.08971	0.464470552802	0.0	0.535529447198	0.0
24	-0.0786	0.0	0.0	1.0	0.0
25	-0.08584	1.0	0.0	0.0	0.0
26	-0.08872	0.0	0.0	1.0	0.0
39	-0.07762	0.0	1.0	0.0	0.0
40	-0.06163	0.0	0.0036308319203	0.0	0.99636916808
41	-0.03807	0.0	1.0	0.0	0.0
42	-0.01237	0.0	0.959452339741	0.0	0.0405476602587
43	-0.02495	0.0	1.0	0.0	0.0
45	-0.03653	0.0	0.528630881534	0.0	0.471369118466
46	-0.04043	0.0	1.0	0.0	0.0
47	-0.02037	0.0	0.0	0.0	1.0
48	-0.02556	0.0	0.497789082456	0.0	0.502210917544
49	-0.04132	0.0	1.0	0.0	0.0
53	-0.05776	0.0	0.0	0.0	1.0
54	-0.03998	0.0	0.58056621124	0.0	0.41943378876
6	-0.06718	0.0	0.0	1.0	0.0
61	-0.06816	0.0	1.0	0.0	0.0
62	-0.04964	0.0	0.0	0.0	1.0
63	-0.04929	0.0	0.0	0.0	1.0
64	-0.06148	0.0	0.0	0.0	1.0
65	-0.05742	0.0	1.0	0.0	0.0
66	-0.0546	0.0	1.0	0.0	0.0
67	-0.05895	0.0	0.0	0.0	1.0
68	-0.06428	0.0	1.0	0.0	0.0
69	-0.05528	0.0	1.0	0.0	0.0
7	-0.08625	0.0	1.0	0.0	0.0
70	-0.05342	0.0	0.0	0.0	1.0
72	-0.05829	0.0	0.0	0.0	1.0
73	-0.05221	0.0	0.0	0.0	1.0
74	-0.05347	0.0	0.814220229858	0.0	0.185779770142
76	-0.05812	0.0	0.485822283059	0.0	0.514177716941
79	-0.05278	0.0	0.0	1.0	0.0
80	-0.05285	0.853125307478	0.0	0.146874692522	0.0
84	-0.1203	0.0	0.0	1.0	0.0
86	-0.1012	0.0	1.0	0.0	0.0
90	-0.05886	0.0	1.0	0.0	0.0
91	-0.05712	0.0	0.0	0.604276697891	0.395723302109
92	-0.06454	0.0	0.0137591794234	0.0	0.986240820577
94	-0.04922	0.0	1.0	4.88315220783e-61	0.0
95	-0.05011	0.0	0.992793617741	0.0	0.00720638225904
97	-0.04561	0.0	0.235191796029	0.764808203971	0.0
98	-0.04129	0.0	0.998970771536	5.93288362134e-40	0.0010292284643
99	-0.04386	0.0	3.9960745417e-24	1.0	0.0