-68.75141863	0.526465056161
3.11691701403	0.234072995363
15.2961593954	0.201967799502
15.5311276466	0.198667795801
26.3274547219	0.17760329101
-66.1388035682	0.509926834841
28.9965764576	0.169756144197
40.3047883896	0.14815355439
23.2897198234	0.183057924102
13.0579301552	0.204335040982
-7.07391682426	0.262388045139
34.6891849252	0.158057805501
5.15546385616	0.220708591513
53.3857349775	0.129997512452
-7.38292124119	0.262563757927
-1.7454917849	0.247627887253
22.823742458	0.186885538712
94.8564683307	0.0820130323792
-50.7259602115	0.429955925559
-55.8126933374	0.452264967353
71.3691134855	0.108980170275
-21.3844677207	0.300185955538
19.6618940633	0.192218564318
10.3070825266	0.210860422037
28.2484119782	0.170482184804
18.6625369123	0.196223624175
25.0377754095	0.182550622521
13.6801500302	0.201359392504
21.218223851	0.187436519679
21.8409151231	0.184126650695
-50.199960702	0.423553207442
-51.6230955783	0.434324094406
-7.43499020531	0.262110213027
21.6889378142	0.186883589138
19.7531868674	0.19151749287
27.2749057127	0.174639059672
26.1252198921	0.17700065348
2.10860267708	0.234242946427
5.74702411723	0.222917377456
28.4293609549	0.169936048462
-16.4655532144	0.286323517416
-52.3935336238	0.436568023688
13.9948531939	0.207255992188
42.7970694957	0.143801633712
26.4069595283	0.174011281142
-17.2732452656	0.289908017932
2.30910175501	0.231391873667
-9.84923127452	0.269912110644
-53.0500329259	0.439168109458
121.293283198	0.0618015889664
35.981882569	0.158833418227
10.0668373164	0.210890006798
-58.1962398074	0.466296682331
62.8403347743	0.119835771012
73.0510935987	0.106239679158
-0.951257741771	0.238020529351
71.5481376833	0.108366909023
25.2885620101	0.176251582066
18.1535776941	0.191807325025
24.518580319	0.180843326722
32.415267275	0.16738771509
23.2585704366	0.184617589382
63.6425717824	0.118723767204
25.6113098004	0.178792984753
27.5059738321	0.172831923082
4.13294845758	0.226955408468
93.5574555454	0.0850989853196
27.666706851	0.171960112905
20.2360699277	0.192650329304
-9.15123310616	0.267546252946
-42.0682914051	0.39029023459
-44.275006846	0.399861438111
18.4128365436	0.195758260083
7.09291294006	0.217503105789
53.30407928	0.13023151445
-22.4427686723	0.309467094394
-4.42715026637	0.251675166822
102.030126906	0.0774820369053
-0.280904389082	0.241548322821
27.3887672724	0.174889952565
32.6163964737	0.16149292363
15.3031432903	0.201123780035
20.5821103335	0.191728613727
14.2360277976	0.204634856599
-0.175981756377	0.23797417764
10.4149797531	0.21324602007
27.7884331144	0.173832114001
79.5715507245	0.0994400688882
5.48998612726	0.226095765857
29.678053524	0.167475801383
-13.5733663513	0.278364082685
-61.5365110731	0.484362306814
3.44961184927	0.226743409567
123.691937276	0.0596400531446
2.327356096	0.232285461729
-30.5582482847	0.339409922381
21.2821208894	0.187319926221
15.216768164	0.200412025893
61.0561252547	0.122098773026
5.61969735296	0.223014741209
-8.4782225938	0.267006860293
12.9830576895	0.204639000129
42.0781348658	0.15096833926
3.51430479674	0.223728565426
11.9355256912	0.20775277822
-34.4232759901	0.357539275094
-1.47782870342	0.246706302522
91.584449694	0.0871050016515
-1.45035236665	0.246577935693
8.52676504404	0.220225851508
3.95393528333	0.226718893354
17.6192116889	0.198066985248
8.54050879374	0.213100074983
11.8494608273	0.207878465485
19.5799678561	0.188433397143
4.80735870774	0.229803359502
5.63554993038	0.226677212839
49.5318461919	0.13867876263
28.5860609136	0.173560520135
53.5280923159	0.129681472756
33.2531105229	0.160274330486
41.2786869024	0.150575585665
19.2149890374	0.189390283779
2.94930285545	0.228355946485
26.5391491839	0.179744033422
26.4533237412	0.174137638457
17.5702796821	0.193504748361
-31.8982208483	0.346829214181
58.9089686798	0.123183524166
27.8335322132	0.172158176011
45.464222399	0.145366658123
58.0124038675	0.126304836868
14.1732375557	0.204409765681
-17.7362314479	0.291738139083
3.37458735893	0.230803324851
44.1342953913	0.147383152677
69.7704413437	0.110893223801
20.0055525116	0.193680528504
23.6583941748	0.184234261847
96.6986299462	0.0798803957762
-14.6017461641	0.283224888936
76.2407212371	0.103335286148
12.546961588	0.207469344163
27.752000724	0.173413101818
129.649064854	0.056484083642
20.9999406684	0.183337016354
24.8875237786	0.18022529938
4.26303570728	0.226561222234
8.77423800791	0.219881356243
54.5580229391	0.128171732047
22.1007467972	0.185487436754
29.825166874	0.171234361766
27.8152063198	0.169813489608
21.7742249803	0.185786095326
4.79830685993	0.224460989941
110.081565287	0.0708462298478
87.4724073647	0.0911643701651
16.622037597	0.195344481658
48.443893241	0.137762610478
67.8767115998	0.113212366025
26.246839942	0.175115233802
18.0228479448	0.192530436944
5.47620711716	0.227123096646
31.2153571201	0.170511474201
56.911648063	0.127789625701
2.40899093589	0.232874969382
109.912955224	0.0689303630897
24.6681950074	0.179045867167
33.1175281002	0.160638759053
-3.20757679367	0.250603511839
23.2900013504	0.182795272983
48.5232456872	0.136024752285
122.233672804	0.0614875067457
28.1758031285	0.170571720542
11.0833147591	0.213141704953
30.8440188331	0.171461966855
22.1206613687	0.189186501842
-22.8759790085	0.314233921982
84.9176273282	0.0915802909481
12.6702664032	0.204997466855
21.7595321519	0.186497292446
35.1060905186	0.163350504462
39.3506923203	0.149509707424
45.1720047185	0.140416726574
19.5712261413	0.19128357133
15.7893569608	0.197392159835
27.0754907339	0.173869106138
30.5809504105	0.167378171592
19.8721147207	0.19154239994
84.0627309937	0.0947021163296
-12.5355079935	0.278696985825
37.3123430912	0.158856499042
24.5374135372	0.180169649712
52.1835218491	0.13348449783
26.9782104145	0.174768716252
120.903003524	0.0608516676604
29.1314483575	0.174079946831
18.9342235576	0.19394970116
42.6750463815	0.146250721789
21.9936478035	0.181842613094
19.4981202076	0.190686640955
66.1564142221	0.115607259207
40.9121492389	0.149349614955
2.90770121355	0.234882097734
25.1020287051	0.178888399477
10.1239450871	0.213606837636
-1.04407215269	0.242473477963
52.8285229135	0.132631023919
53.2777116733	0.133015835191
53.9175269631	0.129352659039
39.4509143492	0.155438628589
25.9044092045	0.175173156703
14.452411178	0.205376433657
27.4722956537	0.172549091572
15.8873998734	0.202176432362
10.0488694033	0.215797359862
-9.56693281899	0.266134586797
-5.71547210088	0.255370626885
22.7319870077	0.183407689844
49.6612008287	0.138877436918
31.608979583	0.163371635687
20.7568539009	0.191506072414
24.9411929427	0.177282448717
34.6796479578	0.157559922025
-5.72214845203	0.250515019377
21.5568386441	0.188828730579
120.884276375	0.0610761211088
6.6937760026	0.21928003065
12.934018384	0.204224665647
72.6517914451	0.105463894091
63.4787833637	0.11635035694
120.134696119	0.0627609792911
27.7972619508	0.173463397631
58.7916403228	0.125301548711
48.5796557233	0.136166510849
37.6142976376	0.152892014001
25.1218111214	0.177566234754
-0.2252498028	0.243426303923
130.349764639	0.0563352984556
57.2055326226	0.12494318758
19.7989035655	0.19415599812
178.401306508	0.0326756505537
58.6088157144	0.122518670422
27.6095071537	0.174104680059
76.3602210027	0.101358791152
-2.11179374718	0.246395818616
114.391736035	0.0660492971999
85.5493487012	0.0908906201008
22.0325416408	0.185786272848
126.58317122	0.0573250601995
56.205207455	0.126093083459
7.72220982141	0.220561642669
42.5298600207	0.149101410389
-0.1965944268	0.241396594323
128.876498187	0.0570062255212
38.1463757835	0.154441094896
-0.644597817842	0.240564710625
154.937702567	0.0424177637878
27.7527557635	0.173372577917
59.511775616	0.124185583988
18.8654006782	0.194126576695
17.3528687999	0.197930997246
20.2429635768	0.191238287803
31.6780504945	0.163444514771
13.5998759901	0.205509404642
24.3792557807	0.183844095008
53.2637790654	0.133098870971
4.34822728812	0.225970713621
0.449977501808	0.235352655904
26.2084183534	0.176582369806
27.1614304718	0.17454562015
21.1693925953	0.188858320764
23.2936512442	0.18381645023
23.837758628	0.182153394561
-1.40715799087	0.244937099585
17.1217971008	0.194323381159
-9.03036307196	0.263639241028
52.0735348041	0.135188736617
40.9366105648	0.148725615421
149.861290286	0.0444738515215
37.0346596525	0.159842382105
32.5154194471	0.165826554731
135.850354744	0.0522501522181
22.3508769381	0.186458684616
28.9516911943	0.169100548698
15.1076647328	0.19928058644
28.4452922563	0.170196824444
18.3360777783	0.195400022622
37.8425274311	0.155837778788
45.0521203584	0.142052565828
59.9132129029	0.120990730839
62.6912969742	0.119979329108
129.996495238	0.0557208814518
37.4531084911	0.153549164605
71.5523785738	0.106033338273
38.4820457371	0.15663187723
13.572637885	0.205366044608
-4.58505745698	0.253325911622
20.9571675738	0.191052455267
85.8820565962	0.0928208152446
21.842457826	0.18421132602
25.1164639437	0.177982521223
67.809338105	0.113299167501
17.0432380067	0.198926824887
28.1592056967	0.172561925136
41.3088858112	0.147620270281
49.9444252668	0.137984020514
112.887960172	0.0686149581242
29.6549411568	0.167936176452
19.4960630986	0.193174073213
50.3484443544	0.134252936628
24.8411277017	0.183410146701
15.6579554364	0.201395255897
29.5821001118	0.168746712131
57.9905572765	0.12289100262
55.739716901	0.127710978196
12.2102610037	0.209072840908
30.2655576487	0.17258980376
6.02218766098	0.22565384531
57.6409837526	0.123080542496
93.5935751199	0.0851739535611
29.4666436724	0.16848691262
31.0770715434	0.165222143881
71.1239981057	0.109408663358
29.1155933783	0.169621107517
35.5146967147	0.156525118386
76.3150429232	0.103279803358
29.5462335777	0.168654679556
30.5713620715	0.16625107977
112.388567444	0.0690050472839
28.1562462982	0.171401368157
24.8148736839	0.180654933434
108.043748578	0.0724968670055
27.0796210447	0.177630842326
23.6041274526	0.183438632417
36.5064680036	0.16011688235
20.7512902579	0.189503953731
23.5670731817	0.184231569268
29.7059874802	0.172488133801
93.0479064823	0.0849863931372
25.318054678	0.179156195654
173.505107071	0.0344241235681
22.2060813498	0.186114852956
28.0444233416	0.172053191992
18.9984068612	0.194305267494
44.5632214668	0.146066860242
24.7328031213	0.180924075524
26.2347378572	0.176992797958
21.6326149732	0.189067769986
42.6595368165	0.149621444204
71.859946608	0.108456877642
93.0385518386	0.0855466211522
6.80252218064	0.221521091828
88.8650706699	0.0875076362154
26.0269822607	0.177384843986
24.6365436398	0.180266863388
24.4007127072	0.184090015862
49.0489403511	0.137676835229
67.1527123584	0.111495577954
75.7640863947	0.101925479566
184.766441716	0.03045694451
51.8405676047	0.135310007339
90.9528585469	0.0877364042295
24.9177399697	0.180485783652
61.076345121	0.121410441439
119.25929256	0.062557855373
61.9306976511	0.119492035472
45.2721337718	0.142662073521
44.37006798	0.144348861289
42.1239838057	0.148038284245
88.6164741523	0.0900224052929
86.3640264146	0.0923365952329
63.6986049988	0.11855265658
116.085344751	0.0661872435449
16.5139614718	0.198774017676
31.7503789093	0.168491544964
161.889850755	0.0389702678937
25.9239986293	0.178162338883
34.4393135613	0.163705186438
26.2175906791	0.179373942862
57.189388605	0.12371237406
40.172345992	0.148597835634
75.0244360402	0.10244391206
85.3103894312	0.0934351627692
16.436613611	0.198713380911
76.1528331367	0.103338293512
26.9488028856	0.177682506945
25.9841367648	0.179612580611
47.8690776609	0.141091332539
21.7510812501	0.187129561467
29.7554176225	0.172176104426
23.512751584	0.184468997501
31.8655234808	0.168379885135
14.9806135669	0.202740880944
33.6855515508	0.164935651813
36.450083352	0.160163355844
18.928474753	0.19417627365
46.032191233	0.144079569038
20.6975456735	0.190470096643
72.0075750843	0.10816025303
24.5275409596	0.1819721058
47.0417159512	0.14256830652
24.9257278552	0.181308754943
45.0276428283	0.14569010324
25.2065349723	0.18076373083
40.8442263619	0.15254801782
23.2647288517	0.184909939883
26.7188043409	0.178208677929
26.9106292284	0.177788616865
18.240295319	0.19461967728
93.2227065467	0.0835661406621
74.0760914247	0.105727341394
31.6725439142	0.168748494651
44.8291153219	0.145970668926
30.3230961781	0.171174502343
27.7289332742	0.176354837241
28.6558861154	0.174417014433
143.593072449	0.047724349691
134.384224904	0.0529283360456
109.790119372	0.0710387084633
27.6282114921	0.17711121378
42.8495218724	0.14920843332
70.885131342	0.106864704403
189.890726931	0.028721224419
27.7440546065	0.175949878686
65.0527219504	0.11374434891
54.2090015702	0.128359533697
71.8278147745	0.105569339043
60.247098341	0.120589567241
42.4604016816	0.144922957066
45.8197807855	0.140848665788
21.8152561228	0.187885099392
47.9419169967	0.141068968379
84.531155551	0.0915178064416
98.0284676549	0.0810902801177
27.6088133583	0.175612810382
153.712401122	0.0426422425955
72.6435664103	0.105175755617
89.7826801489	0.0888848810809
84.9355487856	0.0914676251571
97.189420578	0.0817695921643
62.5076752737	0.117484898314
64.5269924464	0.117606634243
151.114843191	0.0444620420917
44.0655643725	0.147597772544
61.2015156891	0.118792441175
52.8174361387	0.131287144484
42.4410938732	0.146923515976
98.0953097152	0.0788798057913
142.502315282	0.0484102511206
101.592216192	0.0763082667602
82.1090284951	0.0941389950986
73.7663706886	0.103087965213
133.872620358	0.0539500291358
138.107597736	0.0513966343417
99.0639769106	0.0778441385427
67.6984801008	0.11066853246
61.9009462607	0.118096569741
131.029610151	0.0548813993097
57.9226471475	0.122504117433
42.0646836058	0.145615433414
133.941544308	0.0529614789705
56.2940470301	0.126196583839
123.290964875	0.0594657122865
67.8326492374	0.110225986796
77.9115300064	0.0983366795087
112.144048607	0.0691881723172
79.7203197885	0.0964174665426
124.88011126	0.059902461835
66.4392702517	0.1123172309
70.0543151888	0.109238944934
71.1358519005	0.106373006121
90.4965277565	0.0880425546178
140.433044309	0.0496637128259
72.5855078862	0.107494757709
55.6539836472	0.127114545518
64.2449739174	0.115478050452
61.4225831988	0.118052717627
134.16034633	0.0527896898335
105.809939197	0.0741814330208
100.713149889	0.0765855129515
77.4857771035	0.0988522915617
85.9736167187	0.0907002132266
92.9516355283	0.0835729942775
113.18715452	0.0682332998952
168.120707837	0.0366621732769
105.746299879	0.0721683158044
108.72150688	0.0698954412005
85.7857317682	0.0904923833708
96.9107247009	0.0809831135322
80.4283155871	0.0958194123363
147.56862509	0.0462295176889
103.509808331	0.0743026140747
147.817007791	0.0461998033731
102.571171591	0.0747164974488
98.175501941	0.0809621570475
169.439287711	0.0358354718863
127.515485423	0.0581217949612
115.401251788	0.0655922107325
168.818334551	0.0365027082938
99.4598724549	0.0776378008097
114.16092061	0.065642870925
127.745635419	0.0579769386502
109.686114869	0.0692282056731
136.125845682	0.052723748477
99.2516760851	0.0776005838055
102.832110165	0.0768435055882
105.590454188	0.0721959997836
132.740825564	0.0547607336923
98.9469245019	0.0779188718118
89.836770073	0.0865769751011
143.736765228	0.0480965043414
125.623195516	0.0585797921772
137.078044344	0.0520499532328
116.750809888	0.0650020951376
138.682606302	0.0509612200719
134.206552797	0.0531439280251
156.423078643	0.0414133416585
118.299537863	0.0628732612802
115.420247042	0.0650228732621
104.028084601	0.07364202683
103.861530018	0.0737761348347
93.3883732297	0.0830368427151
85.78949739	0.0906478894894
78.1193433504	0.0981611032935
64.5740648476	0.114337213648
69.9202819405	0.107820847953
180.623193809	0.0320141786892
153.440800049	0.0427550917496
198.240799374	0.0261609448366
161.513097978	0.0391474868809
201.893564074	0.0250876003657
171.931650396	0.0349443453731
194.558776536	0.0273490351673
127.516805547	0.0574834385437
201.665269845	0.0252678112228
149.868574671	0.0448151770836
153.914264518	0.0431190782617
216.117956554	0.021410194754
167.860081644	0.0368949369984
129.484875095	0.0566656643786
124.039595988	0.0602645870392
150.92905703	0.0439444739045
193.187234009	0.0277428091298
99.7862903407	0.0790318969329
180.541143866	0.0320266426959
176.709035355	0.0333960287519
150.408627473	0.0448937182652
190.536465977	0.0286159979275
94.0991064728	0.0847280730112
143.64992698	0.0477704446707
75.5456510411	0.104111670538
95.3189899273	0.0812451639834
182.090446356	0.0314431688751
147.372938972	0.0461039531731
208.566020989	0.0232945787141
158.032027342	0.0411240806165
125.514842945	0.059510384161
130.485440635	0.0562338531955
83.5634929422	0.0952572427307
104.856951272	0.0731821730021
108.687484064	0.0719627248861
153.408558464	0.0427947260642
81.0657548326	0.0978971856307
96.2777796769	0.0805462140954
110.212657403	0.0705412295196
190.380171975	0.0286230379091
84.4342961604	0.0943146572247
69.623908838	0.111100783588
110.328269112	0.0706519774537
156.137933189	0.0414942807258
197.578110994	0.0264032887683
133.527475572	0.0535248752311
92.7395485132	0.083714096914
73.2818638078	0.104449295478
95.0465830278	0.083813448645
145.207262547	0.0475969482455
93.3070347103	0.0854447321611
93.9204983544	0.0848888693364
122.248309506	0.0603743808657
104.915597236	0.0750297162499
117.218484929	0.0653647733177
136.839032783	0.0518916840388
134.456110201	0.052931058392
114.118538323	0.0661335960083
172.621848692	0.0348593120975
105.495221216	0.074566574949
149.698478825	0.044954248146
112.960519478	0.066977004232
177.222133203	0.0332008950251
118.379791979	0.0643880734081
88.1443613668	0.0905175542935
203.310272322	0.0247749900685
130.123080305	0.0554669367006
86.2725099874	0.0899932539175
151.70442303	0.044063964822
90.5129761906	0.085921584183
142.950623362	0.0488648952192
124.032096337	0.0604303570178
82.2363183666	0.0966548092368
175.599810256	0.0335621326298
195.126337079	0.0271163763651
99.3420671412	0.0783356233654
103.382450749	0.0743347458415
73.2463875401	0.104570347509
159.945514689	0.039983263973
77.7763192693	0.0985975533192
149.411054747	0.0447724595529
111.795844683	0.069427760027
211.459299717	0.022575612703
140.674023279	0.0492116137955
213.332439645	0.0220822906128
195.101049962	0.0271721918527
205.121168169	0.0242275129319
107.51929179	0.0729067693903
125.601889981	0.059386619752
186.850365109	0.0297596162017
74.1234022876	0.103199663086
119.949756887	0.0627057550974
73.7884787198	0.103158022185
114.075858925	0.0675597672557
128.475902716	0.0575448783849
135.605316765	0.0529864755293
130.99396636	0.0559146916529
117.988848857	0.0631642231259
126.614217591	0.0575026020221
84.0390412754	0.0922463120383
121.107892713	0.0622553148247
98.7148006951	0.0804908531379
91.6612293604	0.0870697878984
112.716976291	0.0687678099564
127.13833188	0.0574614902567
162.518673221	0.0391715172725
128.69041474	0.0561401907213
80.7710726003	0.0982758717199
117.259570622	0.063656784491
94.7698822919	0.0840998965137
125.118514494	0.0593291437693
180.872697462	0.0318339522058
162.240597466	0.0390043492803
185.677349271	0.030191780489
115.823176035	0.0663988242186
126.143268792	0.0578144556916
123.300428017	0.0609647085457
124.255690559	0.0602215728649
195.726871342	0.0270109141606
166.951116734	0.0372569016647
128.980924971	0.0561796172658
186.118534121	0.0300408688815
127.262455919	0.057072696519
123.545560292	0.0608230823024
151.314487147	0.0437945736887
164.531160529	0.0383096671659
143.885062269	0.0475968953377
136.392076357	0.0525587283319
163.068267074	0.0385559131695
167.337523029	0.037116080236
185.290347519	0.0302511891801
161.352030668	0.0396899053984
174.581940165	0.0340793197434
170.045376109	0.0359920208674
188.56271948	0.0292290804011
228.194293376	0.0186487084641
175.138556643	0.0338365335096
145.23981838	0.0475144564266
232.341893055	0.0178026614049
178.223926187	0.0328311945378
206.571756363	0.0238612153051
144.363845974	0.0479763082241
192.690938493	0.0278410895628
194.54326044	0.0273008489996
176.31066753	0.0335249625836
205.113890705	0.0242651230685
197.284432904	0.0264965358033
217.847537747	0.0209421651568
176.086695933	0.033640369401
212.744864509	0.0222207612075
214.994913105	0.0216819916225
228.841679645	0.0184958964952
172.436239853	0.035031679731
203.064346489	0.0247943910593
200.940565385	0.025396884685
225.452684266	0.0192699841861
204.685867955	0.0243704008784
161.766699432	0.0394759974604
178.779104175	0.0326368704241
141.105644338	0.0496467518329
218.878373515	0.0207203194367
165.807627936	0.0377510438895
226.663721693	0.0189566873116
178.50645782	0.0327354047801
166.639480566	0.0373543676822
212.138948575	0.0223830625973
213.915604035	0.0219165766593
228.352294625	0.0186086010128
215.746292065	0.0214423997261
217.227341314	0.0211272257174
194.761431475	0.0272834866872
191.91768665	0.0281549712093
232.009646733	0.0178469632632
154.109200473	0.0430004423681
185.583708022	0.0302154078289
143.697017439	0.0482874656905
183.911839904	0.0308403803447
216.223485849	0.0213459000299
171.769038992	0.0353040952246
146.798602783	0.0464086046843
182.511878459	0.0313301668898
228.627973461	0.0185443764362
173.707509771	0.0345327950048
183.468971127	0.0309303401853
162.85768888	0.0390193109129
219.196394337	0.0206267157045
149.504248378	0.0453567094865
200.297640039	0.0255863647555
193.5138947	0.0276274283168
160.907255241	0.0398440342719
194.180180275	0.0274453536073
179.744254304	0.0322122957286
167.746416051	0.0369283652414
151.264001516	0.0442649775835
156.015460155	0.0421094222708
213.389132356	0.0220670210554
150.549688768	0.0447830199739
142.585846485	0.0484333181475
189.289571827	0.0290199466927
160.297511045	0.0398710660054
229.102643634	0.018482233721
165.851890195	0.0375851620997
192.50887155	0.027924041933
198.913036382	0.0259753449719
166.688742825	0.037117734212
175.823311099	0.0337509950397
168.32339875	0.0365054073303
207.163713385	0.0236265121505
165.180319683	0.0380205616917
223.469842357	0.01966057105
161.626375323	0.039613707789
217.165811618	0.0211057826079
154.095123278	0.0429641463618
175.499007487	0.0337418708047
158.070432389	0.0411487515802
196.733024659	0.0266407973114
150.9950861	0.0446274047644
198.406818094	0.0261296666148
191.282993057	0.0283236054511
158.012646555	0.0411279308993
168.129417522	0.0367401475507
176.027745907	0.0336530492207
165.561174834	0.0378142326603
201.146583092	0.0253422601144
169.963448185	0.0360059644478
200.880655475	0.0254197422498
177.95384258	0.0329244802992
213.529210547	0.0220170082429
219.863246216	0.0204639955214
178.100402893	0.0328800804676
188.091809145	0.0293687072262
181.390417543	0.0317034426662
134.339679305	0.0537760332574
171.269177658	0.0355172837337
227.737092071	0.0187149011102
221.997479493	0.0199898605485
211.426827259	0.0225926793542
191.399096819	0.0283469963588
164.004251426	0.0384812340732
187.270786958	0.0296514939485
146.196300051	0.0470585652576
213.342792769	0.0220539762067
153.098977773	0.0435386160895
171.405968544	0.0354304620316
168.420225918	0.036647265817
144.002593148	0.0481943913806
125.230162408	0.0596997849791
222.309848169	0.0199827844293
195.802082045	0.0269522838432
195.400357523	0.0270407145978
167.371392341	0.0370463635034
201.014701504	0.0253508182482
144.986562796	0.047697921572
151.446730838	0.0443181581946
159.1928897	0.0406781699538
148.325258986	0.0459481698961
161.883165394	0.0394742908443
158.425802206	0.0410122572242
215.12610521	0.0216251940022
192.891958109	0.0278094600533
229.507152386	0.0184222244984
190.013593514	0.0287556584697
184.949340447	0.030434400681
199.080487634	0.0259611319275
210.349989239	0.0228515883182
166.285666363	0.0373219911426
144.788932256	0.0472571468433
141.342312755	0.0490825343893
154.318541192	0.0425044337679
146.910070609	0.0461631369266
207.215093481	0.0236696471675
193.165031238	0.0277631660162
159.758833455	0.0402567155481
153.902183143	0.0428376179095
161.475891953	0.0393111290739
157.897699761	0.0409089600599
226.818864028	0.0189951335594
186.15731454	0.0300178299221
209.892166244	0.0229183722001
166.18504847	0.0375456309141
210.637491206	0.0227642738927
207.432017871	0.0235700308207
214.907649357	0.0216512614859
196.79948478	0.0266075122637
172.453639695	0.0350292557107
211.030027988	0.0226679687504
186.65134415	0.0298863914799
216.170533666	0.0213796463575
173.65692624	0.0346006157337
230.709136314	0.0181409081502
181.835126936	0.0315467655124
189.543450882	0.0288736277538
197.514691477	0.0263782516139
203.948856774	0.0245653090524
178.561029627	0.0327153832566
223.032552281	0.0197903836104
175.241777323	0.0339916435309
228.333794127	0.0186106633451
159.568484668	0.040446326373
169.330853082	0.0362881237095
157.641157008	0.0413915030955
224.175914789	0.0195357362035
155.088086882	0.042604733777
230.598343203	0.0181420214963
150.196549381	0.045008822683
216.400048941	0.0213089905504
169.124906282	0.0363940468603
186.501798326	0.0299209488421
170.903063933	0.0356711316749
221.894861735	0.0200360886937
150.82987162	0.044706583028
212.083411317	0.0224082877655
196.985169693	0.0265563244922
217.903544637	0.0209832688961
223.074379617	0.0197675615134
164.967990126	0.0381510854474
225.813274381	0.019159141735
209.367322037	0.023101365128
192.256404656	0.0279936118649
188.093922153	0.0293766671945
199.486269809	0.0258497190478
154.230977889	0.0429948796648
229.205382766	0.0184955231754
206.387613853	0.0238677606026
160.717398103	0.0399715878115
214.334507752	0.0218468378826
155.299160427	0.0424783910909
214.916238096	0.0216400836476
193.047823864	0.0277976147337
180.976038138	0.0318028793319
224.946310464	0.0194041045248
147.955954377	0.0456649643589
193.237564112	0.027749487697
162.968375007	0.0389617588485
175.428837911	0.0338579699762
196.212307121	0.0268318205035
209.02181842	0.0231779628713
199.488255053	0.0258617436589
161.978775321	0.0391387066967
181.370369505	0.0317450915144
166.197405947	0.0373108107736
197.082638996	0.0265076679322
186.235155757	0.0298833525987
211.301370839	0.0226063510289
199.051227624	0.0259206087281
139.792253843	0.0498011392863
174.122486571	0.0343461809212
234.557265291	0.017381787373
170.562963595	0.0358045013219
189.176930465	0.0290144952597
198.779494053	0.0260144984569
178.569813313	0.0326853959179
194.87215692	0.027232835324
183.693188276	0.0308597419758
183.164489972	0.0311001930245
188.72502454	0.0291533136894
199.382474373	0.0258860455923
216.373253552	0.0213109439388
193.951949208	0.0274866891626
237.714600486	0.0167484160628
214.688718718	0.0217385348508
241.543514392	0.0160682069442
230.423142814	0.0182000972094
207.172341097	0.0236780510698
216.033833962	0.021412043769
210.014421232	0.022925408146
217.308079092	0.0211072343051
239.906148883	0.0163672550287
207.271060523	0.0236568624689
217.867213208	0.0209825695367
210.796879421	0.0227296224186
235.876410805	0.0171280545848
242.595052186	0.015868889491
218.978556055	0.0207234891415
225.656993127	0.0192106432528
210.534000607	0.0228024660728
244.142784473	0.0156109328908
209.033735318	0.0231934918928
233.615712976	0.0175578970162
240.771885468	0.016210621278
201.818504681	0.0251614305535
222.570323236	0.0199062043603
218.576559227	0.0207955346591
205.14038923	0.0242495883566
231.33828353	0.0179995704237
219.960739804	0.0204962633365
200.381019195	0.0255660623998
214.539736746	0.0217925845294
213.682144071	0.0219723840544
219.753008763	0.0205361505001
223.444597501	0.0196750289522
202.358161567	0.0250235283047
234.300327751	0.0174522347814
218.792677328	0.0207884901898
215.774358563	0.0214575110651
202.432378765	0.0249987472633
197.438381359	0.0264170852752
226.799428048	0.01894831843
224.610567096	0.0194121966841
211.066226046	0.0226699478793
231.464273615	0.0180072988507
201.215763832	0.0253437258586
213.824306923	0.0219438036081
216.671099063	0.021266096164
210.163847991	0.0228785464445
228.811094228	0.0185686509656
219.593169334	0.0205698381976
181.654421148	0.031434827789
245.319625692	0.0154192063045
211.302376214	0.022604414034
212.801413792	0.0222302276743
205.399308886	0.0241684181556
219.180322143	0.0206516439578
224.494024063	0.0194457305067
225.526121723	0.0192184444609
228.404840091	0.0186086542112
234.520226007	0.0174003516992
226.760370594	0.0189507378732
214.08078896	0.0218966460159
233.082390767	0.0176493229409
225.333892538	0.0192776087833
218.011905359	0.0209226686421
229.480543527	0.0184175421649
220.8615088	0.0202389563819
215.817249493	0.0214931716531
219.625453204	0.0205722646934
241.352806969	0.0161197997744
214.384197174	0.0218248822034
251.290903046	0.0144321176572
229.690987064	0.0183619322118
239.774540183	0.0164043883172
243.319533594	0.0157593983405
222.070214487	0.0199791697761
232.6701894	0.0177495980729
210.797536716	0.0226907105127
230.983691155	0.0180831640049
206.229831286	0.0238944460131
231.01272453	0.0180702617603
208.981347337	0.0231318634225
223.60700592	0.0196371281377
202.997583428	0.0247656674757
214.853887762	0.0216868670725
199.81628956	0.0256619731552
228.845182099	0.0185155523797
201.98514065	0.0250486460509
209.736243494	0.0229840724172
189.144813997	0.0289090182152
213.435444403	0.0220390147489
193.146830098	0.0276516288178
223.110485683	0.01975864201
183.666301919	0.030742013976
220.679895622	0.020295640729
209.093362621	0.0231460867777
214.836666173	0.0216888657275
215.619676974	0.0215049001274
202.257933339	0.025016744896
207.471624655	0.0235779229402
197.150977079	0.0265063696059
229.547835488	0.0184073258482
223.075041874	0.0197607755904
222.59595418	0.0198527400399
217.964739412	0.0209746621523
223.044566244	0.0197861205408
209.337572444	0.0231202121853
214.539720502	0.0217344975818
203.205084492	0.0247880810777
211.341574826	0.0225457768822
203.266893269	0.0247773760741
233.77983717	0.0175507266084
212.81200056	0.0222201292777
228.229024115	0.0186300697977
219.211484081	0.0206620534909
233.654981176	0.0175278927457
223.507867899	0.0196976769447
215.05165661	0.0216323518702
224.467052997	0.0194629345573
239.954188095	0.0163533409744
233.926980856	0.0175184099814
237.126114066	0.0168629761809
236.521019994	0.0170161448357
225.477437832	0.0192360590578
225.688362915	0.0192248210748
234.450170449	0.0173991050462
236.039153779	0.0171165319988
246.112084602	0.0152571035385
216.887275851	0.021230461369
250.394344071	0.0145604596288
232.985881455	0.017697096594
235.421928382	0.0171932998011
248.676080679	0.0148373025753
227.238057541	0.0188822301479
228.524636991	0.0186119109183
244.78155151	0.0154983268002
235.226937492	0.01724267583
228.151125068	0.0186811692837
249.182946434	0.0147448865297
228.41679518	0.0186402111582
238.964353283	0.0165286188652
233.071966803	0.0176911725327
238.13115697	0.0166840969661
242.654551846	0.0158751624791
246.853956858	0.0151333550737
238.463706311	0.0166501695758
241.484051364	0.0160636045592
233.567808357	0.0175810563479
229.485784009	0.0183852541881
230.610658955	0.0181661718719
236.620413558	0.0169730387492
224.162008866	0.019539431114
235.419171732	0.0172128507707
227.863001174	0.0187390763947
236.132592075	0.0170845760524
236.776867664	0.0169427565698
239.309932702	0.0164976484821
233.852051564	0.0175198755488
238.244147098	0.016702032533
222.955218783	0.01980331479
231.495441915	0.0179753568569
242.615405695	0.0158500589993
244.071893888	0.0156311560621
247.380045274	0.0150641747499
231.933981479	0.0178978574627
246.985877688	0.0151159429456
228.725318147	0.0185593388784
241.472972086	0.0160883270964
227.450937906	0.0188221908507
254.324173428	0.0139333641745
246.75672632	0.0151590838906
242.275961957	0.0159346052624
238.77262318	0.0165679825137
231.787466397	0.0179155743417
235.478741838	0.0171887063294
228.540793021	0.0185675698277
240.043058841	0.0163343165192
225.809328139	0.0191444722799
248.305533343	0.0148894662257
233.606262896	0.0175552174375
226.19207544	0.0190760459295
226.259812492	0.0190354740095
232.922884022	0.0176927786342
214.761445473	0.0216737509691
241.861141157	0.0160313197786
228.852586028	0.0185364271123
218.574609453	0.0208223786475
223.609321999	0.0196499012866
227.613494062	0.0187913731387
224.488678362	0.0194511143029
229.397176892	0.018395778143
231.082745111	0.0180507219744
218.72636533	0.0208030393659
227.785656423	0.0187352749812
225.043848868	0.0193762975759
238.314486043	0.0166363532784
223.080184821	0.0198014893436
239.513881256	0.0164367364427
220.889506535	0.0202836849846
240.94370478	0.0161709780575
226.84278886	0.018968858953
237.855275553	0.0167401534582
242.049720927	0.0159722185039
240.126520701	0.0163243415688
242.598142125	0.0159008329329
249.337592426	0.014737579054
240.452842573	0.0163021969846
245.095615548	0.0154386841443
238.71089552	0.0165958596801
237.490741332	0.0168311855699
239.712679323	0.0164111991229
248.116231866	0.0149441769661
230.528147325	0.0182121700209
253.332268152	0.0140952189543
251.506198054	0.0143641373087
242.722556513	0.0158906232797
237.368174881	0.0168525424639
239.085365109	0.0165527465086
246.051966542	0.0152931181647
238.920522165	0.0165810369161
249.850122955	0.0146433979264
240.958914561	0.0162073210837
249.656878362	0.0146882691166
242.418812767	0.0159470703228
249.966967728	0.0146365445229
250.166328576	0.0146305660842
245.641411479	0.0153423933962
233.322591374	0.0176376574001
242.000590968	0.0159812940026
237.409027235	0.0168503714256
248.101641356	0.0149375154419
246.062477683	0.0152811654282
242.482768751	0.01589147375
241.23075383	0.0161434487938
244.276705313	0.0155803396992
244.436703898	0.0155718226601
240.607546744	0.0162275202799
235.150300609	0.0172880374089
241.505946752	0.0160615514473
248.491618046	0.0148858966706
253.426276465	0.0140761423715
239.504521437	0.0164155240051
249.770051642	0.0146641053546
233.838643437	0.0175260125306
247.82374333	0.0149631392199
241.719111971	0.0160522399595
238.826133733	0.0165792084
237.537415987	0.0168275150945
240.649669353	0.0162435410704
257.712087807	0.0134097764659
244.24517701	0.0155880642714
239.930740959	0.0163628661095
240.558871402	0.0162730340708
243.061058914	0.0157996138838
238.668423504	0.0166420651588
248.216409815	0.0148725054347
247.413232472	0.0150266799465
237.170165977	0.0168867544642
242.254938784	0.0159060100988
241.842539218	0.016023029492
239.809599981	0.0163781737338
240.2499039	0.0162926791962
244.872615831	0.0154919792974
243.418076425	0.0157029853333
202.660807222	0.0249818509533
231.842834639	0.0179303844491
235.249993888	0.0172550383907
254.297794125	0.0139550102483
258.770674746	0.0132666321494
251.252052282	0.0144036282466
244.834044616	0.015516153001
238.976197809	0.0165414577
249.091032508	0.0147838424287
253.306889802	0.0140905221848
249.551866519	0.0146936990354
251.079772954	0.014427362211
248.440347566	0.0149038805891
251.578061476	0.014368327844
246.279241412	0.0152698685867
257.103190331	0.0135200409485
255.662757059	0.0137466519945
258.157441235	0.0133815931171
256.258684695	0.0136621440957
246.502225688	0.0152274528088
248.441419762	0.0149127114434
260.309045956	0.0130381608467
260.48649072	0.0130291570773
257.678923306	0.0134463851863
257.977626762	0.0133899051263
253.110168736	0.0141564922861
255.139649087	0.013818450956
253.987705301	0.0140181011992
255.897701107	0.0136989693711
252.791021837	0.0142018558759
248.519214684	0.0148633321765
245.649529523	0.015372065117
257.858952407	0.0134149608212
253.199523605	0.0141423432144
255.639050173	0.0137285987127
251.516028881	0.0144120834965
256.807151717	0.0135517557684
255.726557827	0.0137450304086
252.30686479	0.0142456223806
245.349571817	0.0154176588231
249.339670612	0.01471966275
258.585310855	0.0133176702484
256.281567118	0.013637568303
254.648938529	0.0139050203999
253.957589972	0.0139891258373
254.285622986	0.0139616281974
255.11079739	0.0138138446837
253.728946391	0.0140435732825
258.754565323	0.0132773001361
254.375740542	0.0139443631104
255.651224872	0.0137424939433
260.8384721	0.0129774494355
258.136048197	0.0133571465566
257.954944693	0.0133831438492
254.372412931	0.0139382440363
260.399824452	0.0130186908478
258.763730709	0.0132794680622
257.777637284	0.0134104889725
247.643642479	0.0150232391115
246.827659021	0.0151408688869
257.162554293	0.0135182164522
254.070904112	0.0139702560145
254.351966558	0.0139512249148
251.098618316	0.0144421132924
250.729631881	0.0145308327391
248.455962191	0.0148755432299
249.391942176	0.0147605621722
248.758908922	0.0148292783312
253.598925844	0.0140602398675
250.530269381	0.0145481068383
251.559967083	0.0144170363293
253.070697236	0.014132656759
256.022576314	0.0137060716609
251.776599855	0.0143379588709
257.767066148	0.0134439458136
254.260192589	0.0139470454751
260.0434712	0.0131024150472
258.376376793	0.0133305384035
251.252234252	0.01445317823
258.682241898	0.0132837922435
257.126196886	0.0135273422609
261.036580942	0.0129440835437
257.873131835	0.0134131313536
256.683519607	0.013597745826
258.535069398	0.0133164070655
255.195981981	0.0138245221587
261.399113567	0.0129096788012
254.614999748	0.0139143144764
261.813450719	0.0128377646462
258.026675202	0.0133862564836
259.112788194	0.0132303772604
256.044221135	0.0136973784841
259.285153042	0.0131997468862
258.242294173	0.0133786297458
255.474868123	0.013759664933
250.599413702	0.0145566902662
256.652892731	0.0135701439341
256.708956445	0.0135886515856
256.964936895	0.0135270157309
257.368852722	0.0134844597636
259.131832196	0.0132196542866
258.522512867	0.0133250513005
257.79242768	0.0134140399931
251.95213085	0.0143324367358
253.844262128	0.0140085104424
260.354551768	0.0130331189396
256.107953876	0.0136634110137
261.409593989	0.0128966482122
255.22149085	0.0137974117942
257.346222863	0.0134806663199
258.010530181	0.013372310331
261.37402783	0.0128774587047
256.238298532	0.0136473269972
259.500329448	0.0131618991754
253.332816987	0.0140846375191
257.072938867	0.0135063802386
257.633227834	0.0134320212555
256.473594489	0.0136053010527
259.924995988	0.0131099447641
256.976558771	0.0135502948687
258.118220459	0.0133697838336
259.25645029	0.0131987512477
258.843502938	0.0132728688152
259.067501869	0.0132245740688
255.217184155	0.013813899333
257.193754901	0.0135008596116
258.324023095	0.0133600631754
258.906087524	0.0132814135315
261.15836311	0.0129376354688
256.252340405	0.013663675314
254.610453652	0.013921804129
260.123145137	0.0130830643556
261.533814488	0.0128928576123
257.86761699	0.0134155291514
261.236009012	0.0129365664925
256.999656712	0.0135443861508
262.690520888	0.0127059065731
257.661350481	0.0134516313035
262.508169082	0.0127469197705
259.935815501	0.0131292710226
259.957499095	0.0130998524328
258.43234429	0.0133277217322
261.918798947	0.0128310846474
259.795564265	0.0131529034756
260.981121936	0.0129511564219
257.861655562	0.0134142678988
261.320990068	0.0129216245734
259.717341093	0.0131360493628
261.355565779	0.0129111060464
257.991471092	0.0133934566839
260.474869314	0.0130340796431
256.97184297	0.0135457736786
261.580066534	0.0128712909346
255.498947806	0.013776288065
261.930231062	0.0128127177328
260.339733669	0.013071815261
262.243986327	0.0127991577066
256.493358279	0.013620711151
260.115220703	0.0130954304467
258.404406984	0.0133541646855
262.071466634	0.0127980812543
254.767911937	0.0138961863681
260.247015694	0.0130690520973
256.449368269	0.0136386775319
259.710603667	0.0131636066289
257.24729096	0.0135108773441
260.376227316	0.013065135639
256.168886547	0.0136763921879
257.951089884	0.0134140479204
261.134335688	0.0129525632571
263.660662663	0.0125731271169
259.297936854	0.0132050703956
261.304976379	0.0129331280976
259.646103416	0.0131628959071
259.685977977	0.0131526036351
254.347158155	0.0139608274324
263.221941947	0.0126371439841
261.279863443	0.0129349590497
263.561276287	0.0125955416647
257.380103094	0.013497277117
259.288390722	0.0132164204215
261.874798883	0.0128467882197
262.858591756	0.0126859311827
260.074821444	0.0130956791527
260.885284187	0.0129819735181
259.445286545	0.0131903263101
263.203517554	0.0126529609323
260.76865587	0.012987285682
262.850455282	0.0127026519155
259.019919643	0.0132451577578
262.701758249	0.0127311355064
259.43709727	0.013202548274
264.121675361	0.0125094157895
262.12572306	0.0128015320339
263.786959591	0.0125534225122
257.995007271	0.0133993128406
263.062483498	0.0126665950156
261.652509288	0.0128699680196
259.865487905	0.0131348121299
259.380172576	0.0131929366236
259.232253666	0.0132169244691
257.451673435	0.0134742155286
241.610988664	0.0160600675708
247.998167626	0.0149828086576
255.258749723	0.0138357182167
242.773874278	0.0158641255747
248.043580719	0.0149751877718
247.714469156	0.0150176071093
247.212917018	0.0150471015741
244.844187038	0.0154803308644
246.505614292	0.0152439534228
252.040074906	0.01433272692
258.406397873	0.0133378209893
257.166346431	0.0135298387797
255.328924239	0.0138183131179
255.377056561	0.0137953788417
261.048280389	0.0129534188326
247.851985733	0.0149655658656
262.295626876	0.0127802544033
252.933824975	0.0141601245409
260.549388168	0.0130244517743
255.677718794	0.0137401248286
263.414840478	0.0126104741497
254.871339966	0.0138344556182
262.207240657	0.0127865498765
251.973778237	0.0142995655804
263.161661973	0.0126568367439
257.915316224	0.0134162288528
263.184553254	0.0126503065986
259.287326787	0.0131882113985
262.574585905	0.0127264438397
258.908855745	0.0132390482747
262.751089859	0.0127005810591
259.860362979	0.013118443866
264.030132887	0.0125269957426
261.626979977	0.0128522923941
264.784342247	0.0124127318034
261.83745681	0.0128116536126
263.667428655	0.0125719633896
259.146272199	0.0132153304262
262.463789067	0.0127485618247
258.848785431	0.0132616658248
265.851990583	0.012263082698
262.741357047	0.0126930703995
262.841794109	0.012691462509
263.477191822	0.0125843959313
265.818662689	0.0122726973882
262.301763583	0.0127553493225
265.956130081	0.0122599246544
264.341960944	0.0124822502478
265.482672067	0.0123255123823
265.429190313	0.0123307989111
265.517992057	0.0123172893675
264.378385009	0.0124587656004
262.649396753	0.0127138689472
262.051163939	0.0127942408752
263.093288252	0.0126505951278
262.047983864	0.0127946064745
260.098351398	0.0130863408174
263.935295726	0.0125207266875
265.213045691	0.0123683116925
265.06680628	0.0123601376658
260.978167867	0.0129580038782
264.401418968	0.0124520905985
266.542501208	0.0121792509356
261.990323535	0.0128079196448
265.887866923	0.0122704032569
262.407720611	0.0127489009502
263.951083416	0.0125311595551
265.166661808	0.0123729474627
265.164853576	0.012366748372
265.259485071	0.0123612238159
264.992373086	0.0123940820604
263.33975175	0.0126195161898
264.092714179	0.0125133687197
265.278667338	0.0123347576376
265.745422714	0.0122932224761
265.977633913	0.0122398413114
265.260968757	0.0123387381698
264.643618836	0.0124327225079
263.777530604	0.0125536448235
266.511399558	0.0121670567938
265.636131414	0.0123077699233
267.556979761	0.0120302196324
265.041465748	0.0123937160778
265.009209831	0.0123857399848
263.937159855	0.0125368901007
264.079575768	0.0125138423316
264.201146849	0.0124993213837
267.313094833	0.0120595547182
265.697811847	0.0122993050948
267.104975413	0.0120868682021
265.38261753	0.0123289532601
266.830142931	0.0121302719348
263.793384929	0.0125527061632
266.267038111	0.0121974041416
265.227019663	0.0123517215433
265.323401324	0.0123394590892
264.459130893	0.0124557346735
264.75472519	0.0124173009655
263.990353349	0.0125376699655
265.63865375	0.0123089815591
264.2863814	0.0124880806766
267.882945057	0.0119849104459
263.872067058	0.0125408284116
267.637971403	0.012024214749
264.937816777	0.0123828993518
267.489586531	0.0120430788237
265.061072616	0.012365896947
266.238047706	0.0122016993919
264.454125912	0.0124640314855
267.525081843	0.0120360326949
265.466848495	0.0123134048452
265.726494783	0.012283858357
264.836243235	0.0124050420984
264.655410937	0.0124308563922
265.419602247	0.0123226240157
264.383786248	0.0124550430252
264.675357516	0.0124185587654
265.026157143	0.0123669477434
265.129336098	0.0123610393724
264.319049781	0.0124635933658
263.83033617	0.0125440918631
265.045574221	0.0123671366313
264.067622016	0.0125140532892
265.891778715	0.0122609696623
263.042037087	0.0126629049485
267.744332869	0.0120097207395
263.878632494	0.0125395579433
266.69434163	0.0121449133773
263.833194635	0.0125454866995
265.160347855	0.0123509388991
264.443962805	0.0124534909747
264.698347299	0.0124244160504
264.19276951	0.0124949511371
266.216591716	0.0122146702851
264.007887124	0.0125187464323
266.628365354	0.0121584192714
262.621662619	0.0127121203042
267.534654906	0.0120372114485
263.587229817	0.0125782513402
265.399436429	0.0123138456464
262.597949881	0.0127202940028
265.853888212	0.0122532552362
262.748607483	0.0126982951095
266.036566824	0.0122379184577
263.087220036	0.0126379202045
266.056008772	0.0122288097271
263.151909954	0.0126287800217
266.442216932	0.0121798166654
263.297852487	0.0126079176418
266.312939278	0.0121935394746
263.377446749	0.012598438667
266.321216017	0.012194025748
263.992354961	0.0125198545456
265.624156759	0.0122924549546
262.852734577	0.0126814978289
266.066552429	0.0122261577959
264.035938154	0.012513320958
266.043173623	0.0122339503749
262.468778112	0.0127357795656
266.071971607	0.0122289284365
263.111200098	0.0126331652881
264.811570643	0.0123922754856
262.141930833	0.0127682497913
264.997879772	0.0123648591287
263.617533614	0.0125685582276
264.015411153	0.0125015611961
264.241835666	0.0124854740687
263.689537577	0.012557025217
264.958473806	0.0123773777103
262.101897459	0.0127694273711
264.496837728	0.0124503813435
262.382914228	0.0127299142279
264.622632887	0.01242024915
262.381644203	0.0127179111401
266.003001942	0.0122413208291
264.60726342	0.0124272510396
265.627872738	0.0122701352867
262.846053823	0.0126614772679
265.306727115	0.0123247301933
263.313811532	0.0126106452658
266.330009367	0.0121759959021
265.666113196	0.0122650071871
261.925938437	0.0128064289213
266.767318916	0.012119640325
264.409009136	0.0124423409273
261.630126435	0.0128489476417
268.820731692	0.0118575644975
261.154619569	0.012916660225
265.034964655	0.0123584782206
265.117318658	0.012353649206
265.54808427	0.0122900045111
264.814848831	0.0123908320585
264.561325921	0.0124265340245
266.40488811	0.0121845480912
265.587464738	0.0122936836002
264.849614138	0.0123867865296
265.057030563	0.0123691753286
265.533269772	0.0122961085006
264.30919389	0.012467004601
266.254227324	0.0121997225718
263.709227771	0.0125464098534
265.699190575	0.0122814034613
264.511704569	0.0124448351983
266.795826151	0.012128824174
265.389986674	0.0123220479225
265.536725321	0.012301926054
265.389301306	0.0123180780778
264.348329071	0.012456641155
265.069696666	0.0123599299749
264.418804549	0.0124471753485
265.878985943	0.0122532097866
265.14866499	0.0123554546552
266.083602495	0.0122271613965
265.627564099	0.0122879594846
265.648988357	0.0122860929434
265.419289063	0.0123163878964
265.356104432	0.012326162751
264.395884789	0.0124589982199
266.219638464	0.0122046324547
265.073109383	0.0123646183917
265.695660025	0.0122794453546
264.79403499	0.0123966123391
265.444054924	0.012308185532
264.839406626	0.0123882678859
264.876252532	0.0123826181979
265.947376707	0.0122431691764
266.03850334	0.012229661481
265.21483662	0.0123433352603
265.731514314	0.0122707039215
265.306931507	0.0123227595613
266.012280949	0.0122310566186
265.567172777	0.0122934691051
266.42093752	0.0121734205494
267.222908333	0.0120645369257
268.44277425	0.0119018956415
269.2141546	0.0118056546619
268.848547155	0.0118462912079
268.723238549	0.0118680240627
269.037588444	0.0118215832675
269.247253567	0.0118008739873
269.463543565	0.0117695219455
269.18671923	0.011808983563
268.815360615	0.0118546837976
268.940251888	0.0118498760695
269.322287041	0.011789543901
268.841101986	0.0118543771899
269.257628886	0.0118083699281
269.218733368	0.0118237194092
269.535038838	0.0117784461798
269.066477293	0.0118359156883
269.260151415	0.0118041621322
269.539707748	0.0117569315478
269.1597587	0.0118078310801
269.290932919	0.0117911781706
269.843586695	0.0117208088171
269.654953812	0.0117421306773
269.628404303	0.0117532643537
269.583192437	0.0117521289288
269.924443339	0.0117077085936
269.755246428	0.0117349047727
270.029704503	0.0116963354387
269.472149828	0.0117735551646
269.455683591	0.0117685858828
269.128597762	0.0118169482663
269.554065761	0.0117588336913
269.860840339	0.0117146350515
269.918734852	0.0117146989285
269.72457517	0.0117313035722
270.062550667	0.011694272306
269.745147046	0.0117279490493
270.164974997	0.0116749265505
269.753608905	0.011727253609
270.312107069	0.0116584116955
270.198883868	0.01167156203
270.08365649	0.0116919966136
270.021830515	0.0117006178082
270.198477142	0.0116763287583
270.061704852	0.0116951738418
269.933189627	0.0117033810539
269.787640936	0.0117254324217
270.040897974	0.0116888986524
270.183611609	0.0116699877065
269.892231142	0.0117086597697
269.750263459	0.0117353906269
270.189512001	0.011669395009
270.473011652	0.0116375837835
269.974073979	0.0116976785276
270.479482096	0.0116382005727
269.86493994	0.0117124471756
269.847229679	0.0117155104019
269.795013572	0.0117275371003
270.494032757	0.0116307778829
270.313259518	0.0116601935865
270.522470497	0.0116284175879
270.484766534	0.0116357797927
270.481618413	0.011636000847
270.335549011	0.0116568317808
270.528853257	0.0116271122681
270.142281222	0.011672750546
270.073855509	0.0116830722853
270.346790988	0.0116475378512
270.581258816	0.0116212781459
270.310416395	0.0116598382059
270.538641341	0.0116282342903
270.354741774	0.0116507899204
270.354794137	0.0116529800495
269.952190718	0.0117000105791
270.021256996	0.0116905902569
269.785937008	0.0117204432825
270.003127244	0.0116914548248
269.916887254	0.0117078553341
270.192603668	0.011672495028
269.508605415	0.0117585547253
270.223654846	0.0116632795174
269.882554921	0.0117144138187
270.180668107	0.0116738463367
269.701577373	0.0117342036091
270.276783621	0.0116569414354
269.683087507	0.0117354839731
270.143337364	0.0116721215442
269.987692323	0.0116974975622
269.97183332	0.0116952662411
270.1857226	0.0116710433601
270.359646637	0.0116469111778
270.189349794	0.0116716742655
270.300951971	0.0116573402482
270.239244321	0.0116675181723
270.485499404	0.0116297360498
270.362647985	0.0116503862954
270.227465738	0.0116597418999
270.425517317	0.0116418976489
270.235804719	0.0116586946288
270.326880253	0.0116548337142
270.451139205	0.0116337133653
270.458428684	0.0116347068682
270.201321642	0.0116625409588
270.307132521	0.0116504415788
270.214916036	0.011660784578
270.504273728	0.0116269148058
270.335380529	0.0116462723073
270.427479332	0.0116414904415
270.467906723	0.0116341928072
270.404224468	0.0116398707278
270.481427181	0.0116308125408
270.442083363	0.0116398908504
270.520828484	0.0116254753908
270.538967731	0.0116248483376
270.33411927	0.0116457849401
270.493668773	0.0116334741076
270.607211031	0.011616944319
270.588530456	0.0116216043361
270.58591662	0.0116198544836
270.521210708	0.0116275629315
270.439820006	0.0116394739033
270.150856735	0.0116727657258
270.143308043	0.0116734847436
270.404127768	0.0116435687388
270.392831736	0.0116459756997
270.447044948	0.0116396314019
270.192516399	0.0116672086922
270.374732164	0.0116452556278
270.473939058	0.0116336039682
270.342659345	0.0116471520274
270.539390464	0.0116227114141
270.572127667	0.0116218639792
270.568925749	0.0116208044345
270.602745547	0.0116187670506
270.602018789	0.0116171872512
270.622745606	0.0116143490639
270.575316785	0.0116202870512
270.432523325	0.0116346440359
270.53581694	0.0116249410038
271.288534187	0.0115247173144
272.673593095	0.011344707221
273.933194396	0.0111862166644
275.00074509	0.0110547663971
275.908671163	0.0109428102015
276.735938149	0.0108439313053
277.490447637	0.0107510074387
278.215334716	0.0106642172863
278.913401568	0.0105816928859
279.547699904	0.0105078765775
280.147504336	0.0104363449094
280.724363529	0.0103695236904
281.276579917	0.0103061787474
281.784123823	0.0102483791901
282.281321551	0.0101911203847
282.644275129	0.0101467697863
283.060360951	0.0100991793256
283.575330748	0.0100430650164
284.031471577	0.00999447494814
284.380974633	0.00995269244852
284.857110027	0.00990229885436
285.141516961	0.00986913790715
285.561525967	0.00982376074338
285.872526183	0.00979094363096
286.12625431	0.00976152178335
286.391308651	0.00973491646266
286.468934679	0.00972269400286
286.68859755	0.00970281649954
286.633012284	0.0097052618409
286.719643632	0.00969944199211
286.649721097	0.00970572804245
286.468495993	0.00972703762726
286.126675967	0.00976073857921
285.891353745	0.00978923929901
285.54798728	0.00982716139647
285.172435854	0.00986903348647
284.818512639	0.00990719457793
284.553413878	0.00993715993359
284.238586202	0.00997133766862
284.029258662	0.00999603719798
283.833005803	0.0100181889172
283.62799316	0.0100387751567
283.714191972	0.0100313009312
283.755545495	0.0100246488543
283.915638817	0.0100079251626
283.962359474	0.0100029080925
283.976201935	0.0100016360111
283.885032875	0.0100081364856
283.892643806	0.0100098432259
283.76940668	0.0100241977532
283.421633793	0.0100612426743
283.277703747	0.0100771537013
283.395160443	0.0100625337413
296.556967574	0.00868628163757