100	-0.0452	0.0	0.999953129487	4.68705129116e-05	0.0
104	-0.03423	0.0	0.642681622321	0.357318377679	1.55317097396e-28
105	-0.03816	0.0	0.0	1.0	0.0
107	-0.03907	0.0	0.0	1.0	0.0
11	-0.1003	1.0	0.0	0.0	0.0
113	-0.04587	1.0	0.0	0.0	0.0
114	-0.007304	0.0	0.0	1.0	0.0
115	0.002989	1.0	0.0	0.0	0.0
116	0.0433	2.05741201844e-165	0.99973236739	0.000267632609822	0.0
117	0.04153	0.0	1.0	0.0	0.0
118	0.07029	0.0	1.0	0.0	0.0
119	0.1017	0.0	0.0	0.0	1.0
121	0.1138	0.0	0.0	0.0	1.0
125	0.1951	0.0	0.0	0.0	1.0
126	0.4862	0.0	1.0	0.0	0.0
127	0.6287	0.0	0.0	0.0	1.0
128	2.263	0.0	0.99998329489	0.0	1.67051099891e-05
165	-0.0798	0.0	1.0	0.0	0.0
166	-0.1045	0.0	0.999157360322	0.0	0.000842639678473
167	-0.1661	0.0	1.0	0.0	0.0
168	-0.1373	0.0	0.0	0.0	1.0
17	-0.1293	1.0	0.0	0.0	0.0
170	-0.1004	0.0	0.0	1.0	0.0
172	-0.08304	0.0	1.0	0.0	0.0
175	-0.09557	0.0	1.0	0.0	0.0
176	-0.06503	0.0	0.0	1.0	0.0
178	-0.06424	0.0	0.0	1.0	0.0
189	-0.02531	0.0	0.0	1.0	0.0
190	-0.02284	0.309994174546	0.0	0.690005825454	0.0
191	-0.02484	0.0	0.0	1.0	0.0
192	-0.02144	0.0	0.0	1.0	0.0
193	-0.0261	1.0	0.0	0.0	0.0
194	-0.009158	0.999053463894	0.0	0.000946536105565	0.0
195	-0.008096	1.0	0.0	0.0	0.0
196	0.01664	1.0	0.0	0.0	0.0
197	0.02	0.000136701453808	0.0	0.999863298546	0.0
198	0.05324	1.0	0.0	4.87339677242e-131	0.0
199	0.07101	1.0	0.0	0.0	0.0
200	0.1039	0.0	0.0	1.0	0.0
201	0.07105	1.0	0.0	0.0	0.0
202	0.02692	0.42917653011	0.0	0.57082346989	0.0
206	-0.003807	0.834907611873	0.0	0.165092388127	0.0
207	0.002703	1.0	0.0	0.0	0.0
208	-0.01532	5.81924973196e-05	0.0	0.999941807503	0.0
211	-0.01677	0.0	0.0	1.0	0.0
23	-0.0888	0.495039058543	0.0	0.504960941457	0.0
24	-0.07799	0.0	0.0	1.0	0.0
25	-0.0854	1.0	0.0	0.0	0.0
26	-0.08862	0.0	0.0	1.0	0.0
39	-0.07685	0.0	1.0	0.0	0.0
40	-0.06243	0.0	0.00588048285407	0.0	0.994119517146
41	-0.03917	0.0	1.0	0.0	0.0
42	-0.0127	0.0	0.955168195723	0.0	0.0448318042768
43	-0.026	0.0	1.0	0.0	0.0
45	-0.03616	0.0	0.521191568186	0.0	0.478808431814
46	-0.04044	0.0	1.0	0.0	0.0
47	-0.0203	0.0	0.0	0.0	1.0
48	-0.02466	0.0	0.606509818261	0.0	0.393490181739
49	-0.04003	0.0	1.0	0.0	0.0
53	-0.05483	0.0	0.0	0.0	1.0
54	-0.03834	0.0	0.523314098174	0.0	0.476685901826
6	-0.06682	0.0	0.0	1.0	0.0
61	-0.0567	0.0	1.0	0.0	0.0
62	-0.05131	0.0	1.22346447471e-85	0.0	1.0
63	-0.05138	0.0	0.0	0.0	1.0
64	-0.06356	0.0	0.0	0.0	1.0
65	-0.05926	0.0	1.0	0.0	0.0
66	-0.05658	0.0	1.0	0.0	0.0
67	-0.06116	0.0	0.0	0.0	1.0
68	-0.06616	0.0	1.0	0.0	0.0
69	-0.05693	0.0	1.0	0.0	0.0
7	-0.08565	0.0	1.0	0.0	0.0
70	-0.05516	0.0	0.0	0.0	1.0
72	-0.05958	0.0	0.0	0.0	1.0
73	-0.05341	0.0	0.0	0.0	1.0
74	-0.05457	0.0	0.880465768969	0.0	0.119534231031
76	-0.05865	0.0	0.480669087179	0.0	0.519330912821
79	-0.05305	0.0	0.0	1.0	0.0
80	-0.05312	0.91644118086	0.0	0.0835588191398	0.0
84	-0.1203	0.0	0.0	1.0	0.0
86	-0.1009	0.0	1.0	0.0	0.0
90	-0.05833	0.0	1.0	0.0	0.0
91	-0.05672	0.0	0.0	0.464441771555	0.535558228445
92	-0.06425	0.0	6.03518544797e-06	0.0	0.999993964815
94	-0.0491	0.0	1.0	1.40574924436e-68	0.0
95	-0.05014	0.0	0.999986856696	0.0	1.31433041668e-05
97	-0.04572	0.0	0.215914437188	0.784085562812	0.0
98	-0.04149	0.0	0.999999999998	2.00189821435e-17	1.77730855522e-12
99	-0.0442	0.0	0.000715390288503	0.999284609711	0.0