100	-0.04646	0.0	0.999970527153	2.94728471572e-05	0.0
104	-0.03478	0.0	0.595086202891	0.404900155088	1.36420211013e-05
105	-0.03861	0.0	0.0	1.0	0.0
107	-0.03958	0.0	0.0	1.0	0.0
11	-0.102	1.0	0.0	0.0	0.0
113	-0.04628	1.0	0.0	0.0	0.0
114	-0.007709	0.0	0.0	1.0	0.0
115	0.003783	1.0	0.0	0.0	0.0
116	0.0452	1.98727156988e-208	0.999878477773	0.000121522227395	0.0
117	0.03905	0.0	1.0	0.0	3.6377776777e-280
118	0.06755	0.0	1.0	0.0	0.0
119	0.09886	0.0	0.0	0.0	1.0
121	0.1077	0.0	0.0	0.0	1.0
125	0.1884	0.0	0.0	0.0	1.0
126	0.4885	0.0	1.0	0.0	0.0
127	0.6299	0.0	0.0	0.0	1.0
128	2.264	0.0	0.996321111166	0.0	0.00367888883376
165	-0.09478	0.0	1.0	0.0	0.0
166	-0.111	0.0	0.999989186483	0.0	1.08135170138e-05
167	-0.1571	0.0	1.0	0.0	0.0
168	-0.1248	0.0	0.0	0.0	1.0
17	-0.1283	1.0	0.0	0.0	0.0
170	-0.105	0.0	0.0	1.0	0.0
172	-0.07695	0.0	1.0	0.0	0.0
175	-0.09285	0.0	1.0	0.0	0.0
176	-0.05991	0.0	0.0	1.0	0.0
178	-0.06174	0.0	0.0	1.0	0.0
189	-0.02582	0.0	0.0	1.0	0.0
190	-0.02317	0.458978385417	0.0	0.541021614583	0.0
191	-0.02515	0.0	0.0	1.0	0.0
192	-0.02161	0.0	0.0	1.0	0.0
193	-0.02624	1.0	0.0	1.24049364969e-126	0.0
194	-0.009058	0.994128498577	0.0	0.00587150142328	0.0
195	-0.007998	1.0	0.0	0.0	0.0
196	0.0169	1.0	0.0	0.0	0.0
197	0.02022	0.0337971180974	0.0	0.966202881903	0.0
198	0.05361	0.999998469157	0.0	1.53084257445e-06	0.0
199	0.07114	1.0	0.0	0.0	0.0
200	0.105	0.0	0.0	1.0	0.0
201	0.07261	1.0	0.0	0.0	0.0
202	0.0281	0.478569225544	0.0	0.521430774456	0.0
206	-0.0031	0.634021864123	0.0	0.365978135877	0.0
207	0.003166	1.0	0.0	0.0	0.0
208	-0.015	2.5134743167e-05	0.0	0.999974865257	0.0
211	-0.01651	0.0	0.0	1.0	0.0
23	-0.08618	0.531703178692	0.0	0.468296821308	0.0
24	-0.07571	0.0	0.0	1.0	0.0
25	-0.08264	1.0	0.0	0.0	0.0
26	-0.08616	0.0	0.0	1.0	0.0
39	-0.07413	0.0	1.0	0.0	0.0
40	-0.05865	0.0	0.00337400232338	0.0	0.996625997677
41	-0.036	0.0	1.0	0.0	0.0
42	-0.01338	0.0	0.971528379649	0.0	0.0284716203509
43	-0.02543	0.0	1.0	0.0	0.0
45	-0.03697	0.0	0.480125198456	0.0	0.519874801544
46	-0.04094	0.0	1.0	0.0	0.0
47	-0.0235	0.0	0.0	0.0	1.0
48	-0.02788	0.0	0.444117005325	0.0	0.555882994675
49	-0.04195	0.0	1.0	0.0	0.0
53	-0.05529	0.0	0.0	0.0	1.0
54	-0.04201	0.0	0.435216961386	0.0	0.564783038614
6	-0.06762	0.0	0.0	1.0	0.0
61	-0.05849	0.0	1.0	0.0	0.0
62	-0.0525	0.0	1.70208249976e-08	0.0	0.999999982979
63	-0.0533	0.0	0.0	0.0	1.0
64	-0.06481	0.0	0.0	0.0	1.0
65	-0.06009	0.0	1.0	0.0	0.0
66	-0.05757	0.0	1.0	0.0	0.0
67	-0.06216	0.0	0.0	0.0	1.0
68	-0.06645	0.0	1.0	0.0	0.0
69	-0.05716	0.0	1.0	0.0	0.0
7	-0.08724	0.0	1.0	0.0	0.0
70	-0.05531	0.0	0.0	0.0	1.0
72	-0.05915	0.0	0.0	0.0	1.0
73	-0.05289	0.0	0.0	0.0	1.0
74	-0.05379	0.0	0.84416231204	0.0	0.15583768796
76	-0.05726	0.0	0.532542721449	0.0	0.467457278551
79	-0.05211	0.0	0.0	1.0	0.0
80	-0.0524	0.796894290188	0.0	0.203105709812	0.0
84	-0.1214	0.0	0.0	1.0	0.0
86	-0.1035	0.0	1.0	0.0	0.0
90	-0.06067	0.0	1.0	0.0	0.0
91	-0.05944	0.0	0.0	0.707002749712	0.292997250288
92	-0.06739	0.0	0.0729291769329	0.0	0.927070823067
94	-0.05119	0.0	0.999986927234	1.30727658582e-05	0.0
95	-0.05252	0.0	0.996177213918	0.0	0.00382278608195
97	-0.04736	0.0	0.378664360317	0.621335639683	0.0
98	-0.04312	0.0	0.999756864719	2.82980992067e-06	0.000240305471441
99	-0.04587	0.0	0.000503682538301	0.999496317462	0.0