-67.1561413397	0.51706394839
5.15181087034	0.228910854396
-56.8506222744	0.460784016044
33.5617196923	0.163475871948
37.8995840904	0.153065411197
32.497130151	0.163558509438
9.48224937296	0.217948097858
-22.3412028774	0.312259514645
68.1304461518	0.11285380931
19.314669499	0.191881464622
-10.3530192608	0.272808338036
-7.57121977615	0.264477040565
-26.1058702879	0.319698804486
39.9806325176	0.150684673203
19.6512133657	0.189275068162
24.3900739445	0.177660378074
26.2223227212	0.180579418047
1.41146552041	0.235649085099
-33.0586245254	0.351046706146
5.95965552814	0.227042434178
-69.0038331587	0.527884612529
-66.716892221	0.515276360604
-62.2283326221	0.4893432001
-63.4067503996	0.495717646459
-62.4983538181	0.490931484591
-62.8420738727	0.492754125344
-62.945451321	0.493496814607
-62.6918504168	0.491865326325
-62.818394402	0.492787246054
-62.7150353561	0.491986574229
-62.7854819101	0.492605750422
-62.7304204087	0.492083163897
-62.9236658204	0.493389256725
-62.6207527729	0.491452553222
-62.732649185	0.492332708876
-63.0195679468	0.493717391938
-62.7542169172	0.492418897596
-63.2356460006	0.494986458223
-63.1362123447	0.494569668327
-62.5827875242	0.491311918598
-63.3342526812	0.495736232334
-62.817572588	0.492536318836
-62.6611362326	0.491928329779
-62.9164767768	0.493151335387
-63.0581600153	0.494144364009
-62.5804951544	0.491321011482
-63.5248788435	0.4968060242
-62.8605720732	0.492912420533
-63.3849285504	0.496016954453
-62.6406342036	0.4915674318
-62.6191272832	0.491712751412
-62.9831680001	0.493427695354
-62.6903884519	0.492104480513
-63.6065012728	0.496823204524
-62.6789811991	0.491937955092
-64.0582640802	0.499359370223
-62.8188456647	0.492903469041
-63.6038369468	0.496832637167
-62.730148682	0.492339090287
-62.3753422893	0.490170006852
-63.2288922582	0.495182002484
-62.8784961084	0.492878353051
-62.7353641691	0.49238159422
-62.4928740244	0.490811643771
-62.8397913758	0.492983498974
-63.0553839108	0.493825699081
-62.6836380129	0.492102826821
-62.6115804616	0.491420872197
-62.4698932174	0.490922955141
-63.9276112804	0.498633183061
-62.7212228495	0.492317470793
-62.450191008	0.490591351867
-63.1348389126	0.49466260871
-63.9444194929	0.498764108014
-62.332613623	0.490175098563
-64.7097760592	0.503027281697
-63.2725814792	0.495435211168
-63.1704903322	0.494501045251
-63.3968256065	0.496134638182
-65.2626889917	0.506158814652
-64.6017312341	0.502944118582
-71.8491271692	0.544996063032
-77.9421848589	0.584474254472
-74.2137716701	0.560271600654
-37.537922848	0.370204201657
-64.2522065725	0.500758173472
49.4168435175	0.136110330273
20.1482005381	0.186996656632
97.2121707923	0.0818046146607
16.9406351225	0.197588647346
21.994619456	0.185479875238
42.3709391622	0.144971100274
34.5859241843	0.157709861549
24.2099744536	0.178558818624
41.1582403343	0.146527269392
23.1591211831	0.179958544089
5.64015109999	0.226577838271
34.0059661074	0.160090221122
-24.4900902425	0.316668127265
43.3250994239	0.143462124004
35.3404140724	0.155996954851
48.6513596478	0.136908639719
10.1013247103	0.213917243847
48.1432128149	0.13766587416
62.4874381113	0.11854149028
20.6750648983	0.188627162499
41.5448194979	0.147673963846
63.4821775241	0.116671247273
5.56883502335	0.224151108665
59.3921805695	0.121675549991
47.5209861128	0.139219252739
42.4493419585	0.148432061726
58.1759291151	0.123339140703
34.4719391362	0.162258995055
41.8153116342	0.1487230988
54.5675493085	0.128436127334
27.9223256931	0.172465706774
54.1107821875	0.129540278915
63.1398883822	0.11730460772
42.6523897711	0.146369371687
62.3827370631	0.118531047173
22.522704994	0.182986422068
50.978305964	0.133931983721
25.6405515917	0.176891763319
69.0922711289	0.109920446107
59.2076204064	0.121922964884
49.8742319376	0.135063348105
17.6236408812	0.194321318709
34.2876577592	0.161714490716
69.0280804005	0.109919216166
46.1078036733	0.141063281378
28.6139564761	0.173701636143
2.6790388273	0.226781677139
40.1585506805	0.15251903459
7.76038483213	0.214344994848
16.7505657324	0.19942581973
25.6965492355	0.175719132407
29.1315197678	0.173450196105
35.2717452909	0.157239850621
18.5155539205	0.195214949563
27.8067618009	0.172018340671
33.8236684854	0.164302041936
34.6326048586	0.158853521854
18.2840638242	0.196022970978
35.1382188495	0.158751176921
10.3513195512	0.214523852983
40.4729674192	0.148337652867
-5.7554106879	0.257507696007
23.449449661	0.180256587835
24.1168859103	0.183617155272
42.2997954498	0.144556455142
-1.6062697994	0.245018577473
33.0604881249	0.16358563239
-9.01882306989	0.264438773874
48.9334147307	0.135813510071
12.1881586461	0.203610595617
45.5707812914	0.140617600221
31.1818057542	0.164047846691
14.2863225565	0.199612078447
51.3031598358	0.13304804655
28.1007145915	0.173000096787
8.86891185851	0.21759637028
51.444526733	0.132815452447
-4.72100935478	0.254168055537
18.8235745212	0.189601028602
-16.8199546695	0.29086514061
28.0232952292	0.170292643514
24.970700895	0.177389187504
120.720012507	0.0620748264382
45.0277007066	0.140921346903
36.0405092147	0.156039043287
47.5868549816	0.138134953125
2.35308144132	0.233187127924
28.881782133	0.168565441447
18.3082307085	0.193431901309
19.1115039624	0.190973053483
24.7337715484	0.180164253316
25.3668147406	0.180060368408
32.9045724331	0.165032354326
-5.66216968492	0.252224459006
-8.58551769218	0.262963207821
-4.93942549697	0.24946493609
24.7785852662	0.179045775797
36.6274979513	0.158011133062
44.4040513707	0.14411917776
-7.66770679025	0.260525272305
-11.4698506463	0.269843367106
35.392204366	0.159457795932
17.7975453781	0.193314592213
7.13206753453	0.21708280793
30.492519454	0.167808961052
43.0606651117	0.146768106794
36.4869993757	0.157624364477
-11.0123294846	0.267892779693
26.8079948505	0.174445712604
-1.66490916516	0.241034531626
42.4468985326	0.146018743232
42.9823022485	0.146600493485
30.8357214075	0.167317521194
-12.2481409088	0.273350889011
-3.33904552647	0.244905673443
93.2746539083	0.0832819807232
40.9713529032	0.147362860897
34.1824360202	0.165057419922
54.0833615756	0.129200999902
23.1917743238	0.18233319377
104.824399286	0.0750876004123
98.6650933726	0.0785021469079
52.5655085173	0.131072388295
17.7398567032	0.192161809077
14.8488682771	0.201127134009
89.2193495449	0.0881388126542
78.0894425375	0.101111130209
37.8324496728	0.157480008545
36.6228776293	0.160487678099
62.209665273	0.120731222344
28.4521405191	0.17016458458
25.4977576095	0.175930291329
0.936032331654	0.234708353505
22.9193875771	0.186325496239
122.989286379	0.0605410544025
22.7239536015	0.186880920236
25.4557212459	0.175578307192
101.956013397	0.0775620554635
10.0098855858	0.216767381051
14.4693645785	0.205887908261
17.7645343119	0.195898735245
15.6478509631	0.195180970571
45.7897058214	0.141062928985
2.61989105128	0.229389791152
-2.74625541575	0.244526846641
15.0138153948	0.204874688923
83.8846110417	0.0925559419395
28.2881414656	0.170153530309
78.4105864143	0.0985146567435
105.180499198	0.0748180362392
55.2882644592	0.127263985026
77.2089884459	0.101112175965
-5.33778367678	0.257027416752
47.9810153367	0.136345755085
59.7882768496	0.121076654167
36.2960343519	0.160831251366
24.1304963376	0.177055399115
13.7421183408	0.204150694379
25.4883319385	0.180912976952
15.2195922551	0.203959275925
32.8210546244	0.164555267903
44.6508667421	0.14559533588
121.63014343	0.0621788789182
90.6656930889	0.0875552234143
109.78541241	0.0710531843311
88.0195989019	0.0885661609424
-7.24809886353	0.257356753255
27.846379366	0.172253735069
-18.6572468314	0.29098317788
40.6969556525	0.147004312471
145.892800314	0.0468307109183
127.833705485	0.0575924773747
44.2451733503	0.146929538304
47.9975037538	0.138108095391
53.8660650147	0.130934143079
14.2196527623	0.206189811277
29.6781555751	0.173666943558
22.7642279885	0.184711277622
41.434703077	0.145816600171
46.8607358329	0.143321420889
25.6846284403	0.177486728247
18.8306305178	0.193035000543
40.0657323412	0.148286385362
29.9186992013	0.17007942665
17.6798604958	0.195053568818
74.2823674071	0.105546164154
29.2180868203	0.172124028534
24.8207176603	0.178744278332
44.4650119613	0.14272681341
26.3351303488	0.179189177664
104.968484148	0.0749789892133
85.2641199505	0.0925587818958
79.7006126605	0.0993640131723
61.5481906367	0.12158923128
22.0879962465	0.189217291556
75.3117431042	0.104197530149
103.098785596	0.0765871078636
74.9804413731	0.103391304885
73.5349781161	0.104328398835
160.480933801	0.0398636835271
31.4349334939	0.164638596273
21.5735523575	0.182596635887
25.1425921246	0.181676463959
127.757480927	0.0575167557623
36.4016342592	0.156546521317
2.78804882081	0.230504132255
59.761273263	0.121271672007
83.1670189087	0.095169747029
78.0596618133	0.101248174069
8.1099853055	0.218013512054
22.2385034906	0.186538159373
128.029806147	0.0577298389536
52.444956101	0.134181159991
61.800059399	0.119327501709
19.7231896192	0.194198163792
151.842878594	0.044009230154
9.17657373558	0.214042686797
50.9369534118	0.132826020331
35.7006254305	0.159020129598
51.565826447	0.133003363372
44.4800865718	0.142494688192
47.3693095436	0.139737009129
37.8972139032	0.15208175556
73.7411747703	0.106263009982
113.218618647	0.0682718507813
100.089181274	0.0791904875368
36.2180654865	0.154880041621
46.780873504	0.138194246933
18.2485330173	0.194406091139
113.194960545	0.0683971690741
57.5604552115	0.125590094354
8.73907960659	0.217572715664
69.8368664257	0.108502801776
65.7236794922	0.113717121553
17.1439275786	0.193804464093
37.3047009109	0.157617400656
91.8729883527	0.0868095974826
37.3722263345	0.154484415996
39.0782280398	0.152177349699
129.808892776	0.056058087418
20.1819990882	0.190854095953
5.47218683231	0.22445234904
46.3543317526	0.139308605229
12.1617043839	0.204414704195
42.8420258756	0.149625224267
45.3158795631	0.145201602888
43.3471963903	0.145734519667
150.902522506	0.0446544863721
28.6418897316	0.17001184853
72.7921319532	0.105547206326
19.694745549	0.189375147685
116.83460781	0.0647127076381
113.576597579	0.0666090605419
67.311516461	0.11380412216
116.640814465	0.0656729509509
36.938765669	0.154144974976
49.0480638577	0.136023652699
70.8263741412	0.109688586154
69.4988353052	0.11024593267
103.892534211	0.0752925985559
59.9994345859	0.12195077408
22.0363821867	0.18639466977
8.36313640849	0.216704322135
19.9663806849	0.191470935995
110.97531815	0.0687071951433
42.0245732582	0.14842222077
175.004992242	0.0339846390815
53.3746998598	0.129338469202
50.399404748	0.132992204946
6.63991944772	0.219759691733
155.488893165	0.0418069236702
48.2432549338	0.140656097803
94.0774128724	0.0846884490252
193.488560592	0.0276130162388
21.2183123603	0.188377483936
121.511116146	0.0621322369795
27.0863057563	0.17771658155
17.0006425885	0.198186981493
25.4373336632	0.180766727297
217.828851168	0.020998544812
84.3352138372	0.0930338568653
136.061896684	0.0528084701872
-2.16083043257	0.247983179974
52.9798013597	0.130895359458
39.9665695097	0.151045840605
44.0494612117	0.14733039656
90.3157619676	0.0883026173167
84.8489559566	0.0923323053311
18.4330037057	0.19352846232
45.883770946	0.139430378812
56.0914445636	0.125536534653
54.5083283747	0.128434180857
67.1198044871	0.113900285163
64.9655873608	0.114183218312
44.4441578261	0.141550135302
23.7668785165	0.180098519422
45.9437749816	0.139851957077
66.944392911	0.111815804059
83.2068591595	0.0934165559373
106.059849668	0.0732797910233
62.8582296224	0.119786904298
43.7608654829	0.148231792349
40.3250002224	0.153913694792
39.1568182742	0.156043507348
41.9825924269	0.15116706928
59.9295284698	0.123844566935
76.3958045018	0.101805604026
28.9797669832	0.17421063773
53.9908023474	0.129421626973
40.123567181	0.148741546317
87.5916897464	0.0899321294788
90.9191898244	0.0877429861169
64.0016827895	0.1154513361
88.2586259494	0.0903787711808
128.822330572	0.0572917994287
84.9617250856	0.093767456119
183.470581789	0.0309159510631
45.5547119297	0.141802473782
32.9490921457	0.163182865723
55.9429095782	0.125206916526
213.987598507	0.0219363799901
211.019283676	0.0227253559746
103.515741334	0.0762443256375
132.234752627	0.0551362774753
79.9799436552	0.0982961709067
106.972182287	0.0730749923585
67.5469059786	0.113619575464
92.4914382854	0.0838781138753
58.1461110773	0.122901036725
142.633020737	0.0490104112022
110.75721467	0.0694962163005
77.2484241535	0.102162268198
128.985802203	0.0556945961128
205.876081436	0.0240407998788
42.5657153167	0.148117492016
70.3338135577	0.107388303306
72.8400089438	0.107214610601
94.3220209323	0.0844737615962
170.630362978	0.0357380233985
12.1934794073	0.210490596826
62.4464186351	0.120151156542
49.6865501255	0.138304745093
92.6585792147	0.083703519465
50.8842224653	0.134927381534
173.453587379	0.0343039961176
68.3907875775	0.109725092038
63.1668026171	0.11623092219
113.349860899	0.0676235973928
61.7174673587	0.121371063736
79.2402336792	0.0998334797035
89.6037370348	0.0867630977187
188.81969091	0.0291695240281
68.917549899	0.111841749887
66.5070263561	0.112017954464
113.584483223	0.067536119572
114.453481523	0.0656552840315
97.7079731289	0.0791289194897
37.5203798383	0.158328710865
90.9720299015	0.0853811931924
102.078005672	0.0774520343822
63.976939897	0.115258024444
53.2140872503	0.129354117801
104.465003163	0.0737304382713
46.2940769603	0.140837300159
36.1331915461	0.155362649889
65.6229579918	0.113710651534
52.3422396773	0.131452916503
41.4418990736	0.147055797644
65.8938051933	0.112776399918
57.3349195952	0.123387160489
56.7143504752	0.124675065074
52.8107372849	0.130311838111
15.6184955493	0.201403153892
63.766197135	0.11850670329
79.4768081578	0.0967624468892
218.994783173	0.0207028312433
123.449819116	0.0608030634331
65.9157454745	0.115596631745
122.616304289	0.0600862846097
84.9269079411	0.0937748413448
75.1135084374	0.102491958434
116.117521806	0.0661243706207
102.456703551	0.0771570178583
98.0407468585	0.0796959076237
81.6978015742	0.0951913413708
77.5820857955	0.0988978831058
108.170800643	0.0706821095529
100.400971762	0.0788216090545
124.128797005	0.0604451669257
93.0990330421	0.0840312810929
117.87681224	0.0629009837351
77.6118310944	0.0987539494617
69.0625126571	0.108920823007
37.8956157608	0.152364469972
77.4924879297	0.0988346060157
50.3546964562	0.133423897001
86.4005394877	0.0899777993902
59.5330092983	0.12407100082
101.323607264	0.0781436069223
107.352304373	0.0730051422478
204.971603696	0.0242744379103
50.0447187014	0.137770495902
117.090401506	0.0653428584836
97.3580838338	0.0816295550511
217.790928954	0.0210012916358
63.4982589217	0.115799365871
90.146349574	0.0862243910964
124.825824407	0.0591340828859
133.789925465	0.0541608148832
84.8396803411	0.092413740393
77.9651061735	0.101386099605
110.280079591	0.0705259965423
77.6263310286	0.0987334067863
65.2822527885	0.113728761696
74.7366293783	0.102049766278
65.2888112605	0.113709304776
72.2138691267	0.108050766136
97.9584520292	0.0806427768197
82.5635123601	0.0934843458967
80.5204375046	0.0958551118793
160.497015832	0.0400667008293
108.07001904	0.0722244585582
82.5330124214	0.0961228086437
82.6647990337	0.0962081814952
97.8219999402	0.0811347980039
148.144235764	0.0454280549835
77.2487218448	0.102165297402
88.8095361833	0.0898710673739
172.899419132	0.0345426644882
106.107535704	0.0719778872173
207.043357705	0.0236518474228
170.546695639	0.0357643366499
78.6323194629	0.100631850887
89.1876797254	0.0870730920553
63.8163698359	0.118626796321
120.351890254	0.0630570652203
128.903404257	0.0560112102785
78.8165274215	0.0979225947821
60.2952756913	0.120460699468
94.8697971732	0.0826747401881
219.739004883	0.0205635813753
130.080373113	0.0564959625076
135.340969227	0.0530767308208
99.2701664072	0.0777343944082
87.1482871853	0.089131850597
107.881062703	0.0707537459323
134.979315861	0.0533909310936
97.7825968494	0.0812847675916
103.105622616	0.0751227862343
120.047436544	0.0619977616262
155.135187385	0.0419077407301
114.987104507	0.0669670063358
139.979859905	0.0504508974416
88.6550772294	0.087880991855
85.9754408409	0.0926120594922
198.564086091	0.0261454385551
142.83148891	0.0482259340037
150.245392159	0.0443309155432
141.507025075	0.0489657684085
111.406858803	0.0696778330086
234.524318277	0.0174130916047
198.294907234	0.0261776019991
105.8149108	0.0724254492517
96.5186777767	0.0824610178312
92.0478165694	0.0866848644673
116.519034006	0.0645465005322
113.814580926	0.0678419718184
122.193807685	0.060706371413
153.133958898	0.0435213173089
140.674456971	0.0500993310317
177.331386057	0.0332063013878
222.170352144	0.0199511184638
135.210096561	0.0528691923249
103.503374647	0.0740269388473
93.5614972324	0.0851838648421
79.7617429436	0.099184241383
225.822651984	0.0191626856986
223.821614447	0.0196160015229
160.288415078	0.0399430677831
165.075903633	0.0380246189083
153.946865001	0.0425897919085
113.537320758	0.068002198405
131.759638214	0.0554182063833
207.008429045	0.0236760782938
117.516178181	0.0636008488341
181.497116127	0.0316081017525
124.918131363	0.0588733245264
234.405904921	0.0173720665798
143.614486892	0.048471738242
150.765672138	0.0446557908328
232.104835947	0.0178909063539
148.864611959	0.0452928757343
163.591806582	0.0383586766764
86.3951388879	0.0895670373314
75.7153377776	0.100750388046
59.0677812408	0.122121189894
104.262239083	0.0734583538657
113.604510028	0.0665523823763
67.3005180647	0.111686998677
88.2082830935	0.0879200050361
179.101114451	0.0325299238737
95.7471663384	0.0811986754299
229.653596955	0.0183619467013
120.638895027	0.0616498565662
120.252882731	0.0617657778717
150.372486848	0.0448853284125
86.264644049	0.0902888703428
144.399505777	0.0473120059737
129.363203587	0.0567888843026
130.397708824	0.0563011090297
185.5035698	0.0300876907681
110.95244169	0.0700671874569
107.520414322	0.0727890668762
70.534900239	0.10995595557
217.376949725	0.0211333664115
126.057539705	0.0591185461757
192.729696746	0.0278995769678
151.938992215	0.0435489106809
190.623683897	0.0285519931017
145.927347483	0.0468138845129
125.37667944	0.0584076549134
173.721091229	0.0344819234488
80.8767801665	0.0952892655091
105.865379117	0.0723760942964
131.958209293	0.055000632338
140.94293106	0.0499599292378
84.1068578763	0.0945643008528
118.594361096	0.0642720586362
240.314470506	0.0162681857925
104.959474521	0.0728890006103
233.679536561	0.0175614358975
207.806681617	0.0235454024912
148.040390252	0.0460381109122
123.333360494	0.0609732307231
180.178554824	0.0319745113453
186.917721816	0.0296299677244
193.327563795	0.0276887319655
163.237709274	0.0384280822977
160.441120504	0.0396688148545
149.182182548	0.0450156918711
75.8199578128	0.10052764276
119.647664195	0.0635588841806
109.872992297	0.0709939842091
94.8785426803	0.0817515886273
107.338765067	0.0729347625506
156.297592915	0.0417818778971
147.595809809	0.0457959370973
151.967234695	0.0435220113936
94.2000429256	0.0824171597713
103.035946215	0.0766385594133
200.674950612	0.025400250047
219.080766139	0.0207031779858
186.716516047	0.0298731094434
172.982707423	0.0348497255712
181.314207299	0.0315476582706
122.867898819	0.0602088410111
82.6825672689	0.0933615837593
89.4748000938	0.0868489399864
115.006942344	0.0657188726282
197.111510831	0.0264279472672
226.38238553	0.0190862820432
134.652885111	0.0536018482149
150.553538208	0.0448113515321
175.531063433	0.0336233599552
145.60234024	0.0466878585802
141.803120675	0.0494573482927
137.456563235	0.0519528354873
172.917129155	0.0347812506293
131.129849369	0.0546759139596
189.319621931	0.028989149717
212.593932563	0.0222848296731
142.245723882	0.0484105365445
119.409810659	0.0637456667017
142.372036483	0.0491366481255
199.397596987	0.0258579446086
171.717986831	0.0350207605468
127.725893017	0.0571461610308
153.761037289	0.043182960372
218.11737302	0.0208875124832
170.222324308	0.0359751374986
116.174751942	0.0645003741599
152.465836571	0.0438733917443
122.199867887	0.0605964556593
189.449888114	0.0289739587327
140.29443199	0.0495320068432
111.473021192	0.0697200455445
96.6728996073	0.0801454286555
109.526587593	0.0696604139153
120.995147169	0.0614196947506
138.302278946	0.0511180237586
175.503712478	0.0336238247706
196.796541499	0.0266800661048
222.680586842	0.0198748847769
165.445207741	0.0376514026919
152.551410822	0.0438262020944
209.587601072	0.0230094860777
163.085587137	0.0385868549804
153.054404886	0.0432033572893
143.968306179	0.0482841755732
207.630404218	0.0234996348037
137.036243367	0.0513928061815
232.760873159	0.0177698206266
206.289367344	0.0238981157116
207.005410202	0.0237032872608
158.239687501	0.0407767006774
154.055414386	0.042872987498
214.581381062	0.0217917868329
168.164552113	0.0365108001668
187.755525366	0.029530701348
165.372496984	0.0375773824528
225.314669922	0.0192958259903
179.216658999	0.0323143317723
227.233971582	0.0189357753523
146.684856931	0.046156738175
184.617432216	0.0305846582531
165.742984611	0.0374968918204
160.164610045	0.0398151900784
150.188238615	0.0448752308132
201.087617017	0.0253713030318
169.447989435	0.0360442536205
225.283149492	0.0193246543892
162.239710354	0.0390023669823
226.235512579	0.0191138981329
191.972824182	0.0281102950421
173.139866456	0.0345558574673
236.519951451	0.0170153093786
160.305923449	0.0398647802687
204.141657393	0.0245143631559
194.998233469	0.0271424943794
150.213676513	0.044938517088
194.271680404	0.0274077124778
169.685332569	0.0360615327877
147.216013131	0.0461140800394
146.921863039	0.0465154297802
215.406439764	0.0215832685127
197.402624191	0.0264399267141
165.281041312	0.0377051263839
194.409697285	0.0273602035648
214.713533362	0.0217677258554
157.379408979	0.0410898040244
153.808724515	0.0427848349583
179.993164383	0.0320965501137
234.010437304	0.0175087330063
142.670467379	0.0484255373879
186.368184297	0.0299365699443
170.580796663	0.0357583555914
190.95611643	0.028476925553
133.027005688	0.0536976377952
169.248765937	0.0362851839085
172.286683587	0.0349557653068
169.156246142	0.0363043925849
161.364796985	0.039555033779
159.77302993	0.0403775366178
174.524454335	0.0341189427998
192.193033245	0.028071208648
169.822803402	0.0358884087458
191.377432235	0.0283343534537
168.644838287	0.0363606872043
221.619605179	0.0201189383667
148.308315093	0.0455842335253
211.164527857	0.0226450894287
162.949368185	0.0388736171931
225.212720384	0.0193492575806
142.885424764	0.0481677965087
205.917517137	0.0240231214436
152.679459041	0.0434179774502
212.542772808	0.0223108579545
158.836976538	0.0404304476843
239.612548275	0.016445584104
158.291050771	0.0406803397207
191.444226589	0.0283245360485
147.575039809	0.0457656087123
208.219865872	0.0234077776644
152.663853301	0.0432619928906
221.836421866	0.0200633900613
154.154375996	0.04253373657
178.312940488	0.0328121821341
156.769481282	0.0413477691335
191.557256236	0.0282571896518
150.794670096	0.0441398957218
166.398471935	0.0375117722155
149.975806881	0.0445302412066
198.921657313	0.0259978668171
146.229600997	0.0464405929181
202.802666711	0.0248762230344
145.79534126	0.046657578959
179.447387195	0.0324149894692
142.053924706	0.0486655194536
189.793910718	0.0288119205731
141.812994702	0.0488582424484
149.029123018	0.0456263953058
161.994797443	0.0390491092673
166.089410488	0.0376905193365
175.901779577	0.0336759522058
199.476657926	0.0258748977807
200.839072214	0.0254380573682
235.715952922	0.0171748756326
203.636992612	0.0246673752626
235.871545956	0.0171503480688
186.911736059	0.0297969503375
230.9493315	0.0181060398028
209.672166362	0.0230529866414
216.09507891	0.0214378577668
143.768586635	0.0476527505573
205.331805349	0.0241709821911
164.042431329	0.0381660228992
157.02967539	0.0411701828714
148.570140031	0.0452755123313
156.360726926	0.0414902647522
170.369383534	0.0356353608626
154.660084794	0.042389926805
151.185061842	0.044017094998
138.577930247	0.0506983332046
152.693359051	0.0432352109743
152.602179195	0.0433455105311
223.532075997	0.0196651419753
233.401320583	0.0176064209556
245.639820526	0.0153380332638
175.955684533	0.033713236341
232.945958544	0.0177265924693
193.383068538	0.0277058214526
221.110248232	0.0202519743129
184.474780888	0.0306447978681
216.112147468	0.0214311764989
180.011130589	0.0322331909462
206.530129422	0.0238792375447
162.525794077	0.0391803703082
196.649167831	0.0266944082349
168.384854622	0.0366658087716
185.559079149	0.0302278938171
154.326122916	0.0429897761588
226.570161504	0.0190656691861
154.614738163	0.0428459483859
194.016751391	0.0275085285807
227.12848935	0.0189089694626
165.496164146	0.037888861987
173.519493155	0.034669688385
175.57803411	0.0338070215047
160.416816367	0.040109094486
188.43376902	0.0293234992344
151.308653475	0.0444428262061
166.986769143	0.0369495883733
214.157604349	0.0219000417338
187.816324327	0.029339437234
211.654134564	0.0224499003407
237.865684579	0.0167562255743
178.392334844	0.0328338778117
250.105075359	0.014599346598
219.328509515	0.0207014660128
170.860729443	0.0353665528145
213.480628737	0.0220353944557
223.454370883	0.0196931086747
182.130536801	0.0313497786655
221.43962731	0.0201886711739
216.101095804	0.0214559548446
189.289647523	0.0290325052346
217.375899856	0.0211434743042
190.201245924	0.0286480698501
228.717800366	0.0185997500918
221.069382165	0.0202718376158
154.757600838	0.0427651575685
191.985116598	0.0281662225279
242.998385456	0.0157785068142
222.326665959	0.0199587824325
185.990433374	0.0301385907597
201.248122083	0.0253608467443
225.518286561	0.0192431082639
232.69233667	0.0177879307514
236.583006211	0.0170098615844
220.492027998	0.0203929262478
205.092697653	0.0242745268902
229.471810665	0.0184424497739
229.091902213	0.0185327749713
188.417394648	0.0293426537759
209.406980954	0.023099999865
247.401884046	0.0150344101673
214.915382927	0.021724349715
176.102476181	0.0336866367756
243.891515711	0.0156791940823
238.864973286	0.0165785034155
241.073730221	0.0162063325688
189.044833426	0.0291132933765
228.197697607	0.0187147245394
204.282442533	0.0245014849135
231.819974092	0.017963095726
217.938125767	0.0209970524473
237.255307902	0.0168418956952
206.793518821	0.0238010892133
248.730812333	0.014851631601
239.600013441	0.0164647720265
246.060741881	0.0153095488096
240.071551131	0.0163787778268
208.999943309	0.023210444748
218.5657961	0.0208636861798
246.374342231	0.0152629043654
218.99541145	0.0207497621016
208.09447408	0.0234507116339
244.015267717	0.0156769660825
244.841375737	0.0155165152429
218.19376803	0.0209054412975
242.893271476	0.0158716138245
202.562203252	0.0249747663069
242.625638835	0.0158935628906
224.907498476	0.0193485140126
216.334608036	0.0213825639164
220.371410313	0.0204347951352
207.19057197	0.0236961732193
230.204851681	0.018249547482
223.041854945	0.0198168314634
232.210780768	0.0179000673537
238.213839622	0.016691466176
251.823563019	0.0143400269438
222.458222435	0.0199386134248
196.908811056	0.0266471988607
231.831826491	0.017948100385
227.549535081	0.0187920958417
218.460333157	0.02086173723
217.204766636	0.0211762642071
242.596225989	0.0158980227587
241.658280228	0.0161056638953
206.453592178	0.0238273115137
218.540651589	0.0208835799165
243.613541749	0.0157124547303
215.421296985	0.0216049868485
206.556871286	0.0237954892755
218.839815949	0.0207952293022
216.715958204	0.0212772476674
244.808630123	0.0155231427709
224.803322058	0.0193849273888
245.739955928	0.0153339934275
241.422416498	0.016146215317
246.696421194	0.0151961677749
244.826170781	0.0154785645049
230.375507565	0.0182350231282
222.858658243	0.0198662257429
227.223482442	0.0189213280055
227.725300966	0.0187566425983
232.940317889	0.0177123286474
240.083528627	0.0163637238756
233.075143489	0.0177232410157
234.956602378	0.0172834232392
242.909696807	0.0158314464225
240.719765175	0.0162541145285
220.680316763	0.0203659523118
242.432940631	0.0159121975525
214.66479141	0.0217639029326
231.738409605	0.0179450469109
235.120034698	0.017292188342
231.971300117	0.0179093683881
249.741861912	0.0146763287045
249.074575508	0.0147657612915
233.933578326	0.0175128117246
256.250126173	0.0136514023463
227.23034818	0.0188975682002
241.238252369	0.0161163499858
228.683656056	0.0185825206002
249.524498271	0.0147161903326
241.062351074	0.0161609895597
255.914222501	0.013718420724
233.604819305	0.0175797990244
250.689652462	0.0145485666877
238.365501281	0.0166539694379
227.121784993	0.0189102708524
242.011682893	0.015998191674
230.908557272	0.0181528936714
224.924624887	0.0194011114312
243.281900555	0.0158003097528
215.084421082	0.0216645445961
248.874123476	0.0148354976016
233.112893847	0.017709151317
243.550740529	0.0157518061224
231.087050122	0.0180981938262
228.343674996	0.018673575258
228.425128228	0.0186788452964
239.45824616	0.0164873619064
245.858885498	0.0153082794077
230.454286114	0.0182625993597
227.724572311	0.018807533809
248.482831478	0.014915612661
236.790633453	0.0169562165808
217.702922094	0.0210480054325
227.94608854	0.0187676186663
236.996335675	0.016907080635
223.048319172	0.0198033000643
228.031233282	0.0187368581348
241.732885872	0.0160881211986
244.490200542	0.0155384772261
242.259012785	0.0159418347698
217.688384096	0.0210766639624
232.959694575	0.0177294399549
248.538160962	0.0148654479813
242.686147743	0.0158651624627
238.976267885	0.0165769488571
248.564172918	0.0148484287214
233.877542085	0.01750955879
244.275636325	0.0155963085049
242.981306033	0.0158379393471
231.996269478	0.017899724789
257.235611766	0.0135073036358
237.71120931	0.0168020872016
234.728841874	0.0173842116069
251.609841977	0.0143530683342
238.912504729	0.0165431259478
248.561344916	0.0148480514963
233.891428143	0.0175628462888
237.982653196	0.0167368580049
247.949899668	0.0149961526522
243.107505423	0.015784700307
239.028855286	0.0165748486613
246.846163506	0.0151338971825
233.110750037	0.0176738289397
249.184066399	0.0147611387222
254.299761621	0.0139407975759
229.777919978	0.0183463002467
257.156159112	0.0135245693664
223.878577163	0.0196220193605
237.898160392	0.016785253326
244.125970126	0.0156509765908
243.10185524	0.0158379729421
242.305991718	0.0159494637618
246.384962048	0.0152438198472
237.052734807	0.0169120715127
257.705206144	0.013434958404
250.582086045	0.0145364356467
243.625768845	0.0156922572565
248.2144253	0.0149304937049
243.342294752	0.015775609861
241.523167285	0.0160721122629
229.205594298	0.0184599802264
251.938056157	0.0143372067791
252.859768374	0.0141729085376
230.671845346	0.0181729612736
222.36403988	0.0199271232377
246.912299804	0.0151493722977
252.366174535	0.0142687778577
248.629392048	0.0148359115792
247.630053858	0.015030508822
240.499077991	0.0162970780546
254.466720017	0.0139370137371
252.079981134	0.0142793720478
245.433549023	0.0154081999349
255.197135681	0.0137984740187
240.678129442	0.0162498209439
249.245111151	0.0147626593379
247.979577682	0.0149750526247
239.998043472	0.0163543641703
244.390177682	0.0155819441831
255.791506983	0.0136975380118
235.645916761	0.0171892991949
255.083446764	0.0138026333896
254.497271167	0.0139451038018
233.903506346	0.0175179225925
252.107453058	0.0143057540885
251.531744862	0.0143843736348
245.916304209	0.0152951074081
244.150123586	0.0156283877053
252.724861942	0.014203237985
253.558290451	0.0140611183567
259.85191351	0.0130995377964
243.414362611	0.0157366497689
247.33561459	0.0150724820785
236.795182677	0.0169587644813
239.066348925	0.016512409944
253.542820339	0.0140444335906
235.201338961	0.0172706255736
256.48293459	0.0136010209948
259.385526133	0.0131733393684
244.215336264	0.0155919448973
256.599892889	0.0136161418151
254.095822426	0.0139674569151
250.505370407	0.0145697779204
245.887854018	0.0153017310995
233.95692744	0.0175334957862
250.342257505	0.0145999069749
258.355696741	0.0133310140184
256.528305123	0.0135946027538
243.922013521	0.0156695858842
258.009227866	0.0133813702415
240.629936027	0.0162254249727
240.462811831	0.0162701915724
255.149836819	0.013834612878
249.763353279	0.0146851846193
257.571030643	0.0134451217338
256.954749	0.0135169159537
240.767279434	0.0162497444985
247.119463429	0.0151341412965
260.02311096	0.0130877466017
242.424491049	0.0159420721369
254.140006552	0.0139974112871
257.422441615	0.0134714958728
240.012075879	0.0163905470623
243.644889654	0.0157335573594
244.428966593	0.0156065815128
254.304584271	0.0139250801404
260.342677132	0.0130469207675
257.698356973	0.0134044224089
247.474053096	0.0150586329496
253.058247955	0.014139372245
255.375527509	0.0137887699633
247.496895195	0.0150593765324
260.822755107	0.0129655990112
242.814757928	0.0158715378745
245.632575122	0.0153957415498
258.803315161	0.0132591866829
242.333489229	0.0159655270188
246.895360317	0.0151633889203
260.313835534	0.0130489629721
253.132243901	0.0141062053304
255.774464397	0.013715228522
258.246716956	0.0133467854993
252.249321343	0.014302212985
249.912252806	0.0146344343885
258.578878547	0.013301277466
245.640168991	0.0153450317991
246.446811547	0.0152228172363
254.341036323	0.0139158494842
254.029401627	0.0139737015872
260.041150602	0.0130796976608
253.075211585	0.0141340722954
245.558975704	0.0153538274704
248.412865856	0.0148797043933
245.016616671	0.0154507166266
254.807970423	0.0138940422958
260.541942755	0.0129900219689
246.866764606	0.0151856618616
253.227947972	0.0140950353169
251.900519931	0.0143262690063
260.010398103	0.0130778189068
258.279105658	0.0133421794131
260.408228087	0.0130151416362
256.211219427	0.0136485529212
246.537450217	0.015184207653
248.822820253	0.0148183176668
249.727900213	0.0146522846373
256.843815124	0.0135725946421
258.280480282	0.0133240352483
248.854276054	0.0148531720519
252.904856041	0.0141566210033
255.241020851	0.0137993492428
258.426829968	0.0133007143456
257.494294474	0.0134704283583
259.695236895	0.0131211834833
255.419198375	0.0137691202
249.685291856	0.014657380874
255.810225179	0.0137158138088
259.066125551	0.0132145784756
254.320817461	0.0139664402752
257.898090099	0.0133748363059
250.577543887	0.014569704697
255.01601476	0.0138185953234
249.882666795	0.0146430399182
249.59739118	0.014670915004
251.53921424	0.0143767612804
259.998436892	0.0130795561935
258.228693224	0.0133450268169
248.101734776	0.0149204567405
253.694970509	0.0140428700809
256.27768959	0.0136282071476
255.159845984	0.0138370183894
259.317426702	0.0131852314919
251.052156383	0.0144940744417
256.23635761	0.0136221678085
249.976460707	0.0146294959275
260.231821189	0.0130410881716
247.771563199	0.0149991379449
257.775599396	0.0134091475878
259.260294962	0.0132112948425
255.886002814	0.0136948797211
259.475411934	0.0131855758437
260.7981739	0.0129745256005
257.144922844	0.0135308007007
260.903117774	0.0129555090977
259.329523937	0.0132112462317
253.189931768	0.0140878534032
247.697314712	0.01501609419
254.015919242	0.013960583496
254.75517319	0.0138946689739
259.80679352	0.0131133716506
257.017693319	0.013532493479
254.913175982	0.0138510108506
259.742837567	0.0131336795998
255.006684127	0.0138449334733
253.546636351	0.0140891611985
260.844186823	0.0129617014899
254.525806203	0.0139083576769
255.740706167	0.0137037204183
255.54106557	0.0137505678494
248.692535943	0.0148202195607
257.187797683	0.0135254085901
257.659618589	0.0134359416325
254.230271136	0.0139616099997
255.37018453	0.0137774164638
256.005994774	0.0137048848797
260.506305647	0.013002028915
249.854402216	0.0146553336796
258.202146575	0.0133213912917
254.218912791	0.0139849574087
250.143104436	0.0146176802495
258.244849463	0.0133619063398
257.226173645	0.0134982157863
254.727632475	0.0138940459008
257.842607655	0.0134088296505
258.640417515	0.0132804971076
251.014708213	0.0144549169521
255.440968071	0.0137944793393
248.748361548	0.0148393132819
249.275106881	0.0147527897733
258.162864929	0.013326764878
257.348538487	0.0134957119712
253.406702952	0.0140918462338
255.595959258	0.0137476519102
258.925717519	0.0132399611183
249.827579616	0.014690195858
256.333182209	0.0136202234867
256.545898515	0.0136038509244
255.444272264	0.0137575598561
255.261934173	0.0138195676649
253.960713918	0.0139988657054
252.818311572	0.0142026356423
256.809326833	0.0135311813391
255.818154832	0.0137353037406
258.182857321	0.0133317141478
251.249328164	0.0144304546375
256.95912587	0.0135324097554
251.666976849	0.0143902227676
260.912906501	0.0129539345459
257.432483352	0.0134807120963
259.99366509	0.0130883888631
257.918329203	0.0134158614174
253.965856699	0.0139848593643
254.416613077	0.0139478758029
258.981798485	0.0132149877751
256.700768185	0.0135879738333
255.857577087	0.0136764410565
256.945408302	0.013551010166
255.627293179	0.0137391094044
253.678067358	0.0140676099719
251.344213765	0.0144024546946
250.026552544	0.0146571239637
260.839701106	0.0129678237573
254.289500884	0.0139648735712
257.648433151	0.0134115363015
255.458440632	0.013777707169
249.604717421	0.014699883411
258.066222017	0.0133877846767
252.181746236	0.0142538319548
257.287554425	0.0134997829649
257.727940659	0.0134301055061
251.01224144	0.0144725124688
248.886657335	0.0148225049849
250.680123973	0.014490496157
255.971429884	0.013701312257
258.702005127	0.0132641753411
256.4877206	0.0136193453431
259.192831594	0.0131880394908
254.093602898	0.0139855026753
248.502643036	0.0148852261963
249.380428303	0.0147413023329
258.595084719	0.0132682948993
254.142690863	0.0139813434368
256.996615029	0.0135242454746
256.593660643	0.0135989547869
251.026310786	0.0144701208604
253.923638365	0.0140230678761
258.324311031	0.0133184437227
255.181148473	0.0138245253622
260.892510143	0.0129562653098
256.313410878	0.0136457996008
250.526645504	0.0145169960668
255.215677654	0.0137836433133
257.557833914	0.0134409166752
253.075755713	0.0141593087726
252.761069549	0.0142032293374
255.324616369	0.0138012572518
253.545959205	0.0140400687723
252.817947297	0.0141522327075
249.326226225	0.0147518789028
252.267367681	0.0142711203792
255.993497106	0.0136980954439
259.843073146	0.0130730007207
251.41467816	0.0144266267967
256.183515196	0.0136566951628
255.662317894	0.0137345319099
258.757248409	0.0132478264577
250.960317671	0.0144657483039
260.441580299	0.0129892716009
256.506043145	0.0136020950692
253.699762287	0.0140396498264
255.908125712	0.0137200097592
257.397732793	0.0134593056219
259.796538129	0.0130752143335
258.016397617	0.0133567968289
255.472607295	0.0137747290307
252.606327186	0.0142405509736
253.488560892	0.0140894266498
253.894774328	0.0140036486872
258.838269582	0.0132234253158
253.956560442	0.0139755380266
255.369795198	0.013793525423
255.109961601	0.0138194730485
256.144071487	0.0136828096288
254.871340467	0.0138697879259
258.409650781	0.0132845017002
260.271154328	0.013013879395
259.264610767	0.0131635932488
256.580456167	0.0135890211339
254.210384207	0.0139763521279
256.377156145	0.013641419081
256.127410113	0.0136732097483
252.91767281	0.0141651698618
255.51841067	0.013778254594
255.45202852	0.0137773893412
252.209022926	0.0142872712133
251.68894826	0.0143578623981
253.810628269	0.014033751616
254.482462324	0.0139327058227
254.656093828	0.0139101529547
251.994437023	0.0143142956001
256.145621733	0.0136726004021
252.593129538	0.0142146141463
256.544489029	0.0135886915545
251.271350908	0.0144448916501
255.991796521	0.0136978007716
252.028749436	0.0143117318761
256.385155352	0.0136364324708
252.747654432	0.0141962219344
253.56764853	0.0140678649022
254.344772919	0.0139406928384
255.83763124	0.013704156153
252.168450345	0.0142971235802
256.83483207	0.0135644870769
252.088624223	0.0142998561051
256.919959862	0.0135509435122
251.259147232	0.0144353682596
252.143300001	0.01430262251
255.786937863	0.013726078531
256.230518517	0.0136359195473
253.887980849	0.0140149830048
256.185810438	0.0136640443663
255.096519871	0.01382864269
255.886982321	0.0136858522365
256.349424752	0.013638578471
256.246385657	0.0136461084578
253.950661903	0.0140094698161
256.81249159	0.0135533122313
257.655449826	0.0134244231305
257.829238785	0.0133892159124
255.904191375	0.0136945547152
258.33883662	0.0133419751177
256.849337286	0.0135344544744
255.465335537	0.0137623055237
258.15074802	0.0133677280485
257.563391965	0.0134529343998
255.518887798	0.013769857262
257.882751875	0.0134123642837
255.702122093	0.0137169559021
258.476958894	0.0133118100224
253.766464959	0.0140285317805
257.856623623	0.0134174489377
256.702828637	0.013587621163
258.936909148	0.0132629882948
254.615474612	0.0139110907524
259.043428635	0.0132367502257
258.421229837	0.0133414971824
259.254321646	0.0132157653554
257.201482564	0.0134990630818
259.173058515	0.0132099029823
257.753233395	0.0134182440178
257.640865569	0.0134414718539
259.266860834	0.0132157719216
259.564653122	0.0131638311071
257.682660767	0.0134456618455
259.009567179	0.013229064499
256.958442658	0.0135498924462
256.651531347	0.0135942545833
259.066402623	0.013243815885
257.514588502	0.0134600127036
258.214355099	0.0133664157263
258.294193646	0.0133570242251
261.633519886	0.0128453271412
259.688869044	0.013129309408
260.182909181	0.0130609007734
258.884185664	0.0132526088251
262.244617919	0.0127450104444
261.039699245	0.0129234569392
261.052562032	0.0129240200836
261.030812568	0.0129314323212
261.056516347	0.0129019775191
257.552939393	0.0134140062974
257.017610534	0.0135071677094
256.827641449	0.0135164044724
257.013113358	0.0135027315682
245.14480155	0.01549032067
255.547134159	0.0137148240259
249.128413047	0.0147980652972
252.470110223	0.0142107019188
246.854202056	0.0151807797563
259.292395515	0.0131612980405
250.928266722	0.0144967314641
255.799694124	0.0136539960083
252.142774835	0.0143070762345
253.434253828	0.0140551945544
250.939851391	0.0145009024261
259.84266337	0.0130716230265
257.330516578	0.0134993764507
258.100049921	0.0133078502508
254.994613402	0.0138478220896
258.338066689	0.0132675145241
259.041643777	0.0132490862717
255.021271511	0.0137989963487
252.462695661	0.0142597130606
260.849653281	0.0129275049611
258.902286823	0.0132618128838
258.984441124	0.0131904522304
256.053022993	0.0136847581019
260.869325544	0.0129391089016
254.163787898	0.0139880200442
260.171557093	0.0130245187035
258.038621778	0.0134059403525
261.640825432	0.0128030865359
255.268257449	0.013808358595
261.575224777	0.0128021229327
256.954394998	0.0135522519487
260.75159442	0.0129235105505
257.354704993	0.0134933960316
262.310396172	0.0127465105142
261.745280463	0.0128229485868
256.713906787	0.0135984402742
255.078891092	0.0138043471055
257.27050383	0.013458488855
258.784556064	0.013247727755
259.064308774	0.0131773655839
261.03097301	0.0129143218063
254.323657079	0.0139657610087
257.60780403	0.0134400251237
256.312764163	0.013599609188
257.903913096	0.0133998108044
257.991012169	0.0133325542314
260.931820678	0.0129689998206
260.853509516	0.0129247678492
258.703232138	0.0132831553183
259.286422638	0.0131456777754
260.742390894	0.0129821429437
259.998122914	0.0130466258155
261.76577954	0.0128385053104
259.184111613	0.0131937331695
257.525535232	0.0134665384765
260.612256936	0.0129550589881
262.133176321	0.0127950209339
262.249787499	0.0127309165175
259.789549025	0.0131258525505
258.778887228	0.0132319244947
261.125777626	0.0129447325345
262.149629416	0.0127437324641
260.036468988	0.0130912851658
260.524359072	0.0129612843742
261.190067854	0.0129105302095
261.471123064	0.0128473159285
260.779733984	0.0129675693138
259.48073986	0.0131606566757
263.712956067	0.012572214572
263.499506009	0.0125734339863
263.564216826	0.0125941818668
263.488374523	0.0125545903095
261.068928933	0.0129412752578
260.730685895	0.0129452587034
262.729696865	0.0127152148508
261.501540834	0.0128523131125
260.819683849	0.0129818450065
264.963540661	0.0123571422946
263.322609249	0.0126296075892
264.095648243	0.0124595978149
261.71521392	0.0128458181113
262.296906598	0.0127376020065
263.028819339	0.0126549078745
262.183889189	0.0127567915404
260.851027332	0.0129453371572
260.446807692	0.012977404609
263.012225788	0.012641237305
260.321452113	0.0130261194245
260.015396577	0.0130930561875
264.248617963	0.0124784967663
261.01552795	0.012943948483
261.013560174	0.0129325139494
263.637733675	0.0125628841298
258.385727743	0.0133350409974
260.321872208	0.0130506841404
260.676415157	0.0129693425403
260.682421901	0.0129679446537
262.382290061	0.0127028085373
263.60362902	0.0125671833827
263.446853396	0.0125420911928
262.901753874	0.0126588666568
263.175981498	0.0125819191909
263.19721179	0.0125883806101
262.92910643	0.0126232245991
262.716682194	0.0126815431057
262.010019778	0.0127626435273
262.560798577	0.0126859878241
262.233860496	0.0127200653096
262.643868513	0.0126775235722
261.279720203	0.0128605215464
262.947923352	0.0126449461652
263.363829903	0.0125669476367
264.240263985	0.0124698691774
262.748458999	0.0126651317395
263.881417371	0.0125298315989
264.987837541	0.0123406506569
261.419507427	0.0128599256771
263.164001509	0.0125819815043
262.561267808	0.0126869412701
262.202442821	0.0127460330772
263.907132813	0.0125097769044
262.019043309	0.0127575627477
263.365196774	0.0125863902796
264.069869139	0.0125147007544
264.594135933	0.0124355797076
262.427033132	0.012750103229
261.132916173	0.0129390995283
264.514964536	0.0124511458164
261.730277932	0.0128504493495
262.988374122	0.0126563660496
265.365235056	0.0122995866245
264.284586314	0.0124812000238
266.108296211	0.0122328944918
264.122269845	0.0125030936199
265.677938535	0.0122830651822
265.018530811	0.012376149044
261.440819615	0.0128873529388
264.568318049	0.0124256851687
264.3880819	0.0124565888125
265.938201901	0.0122372762217
264.453371771	0.0124434768667
264.131387106	0.0124651774256
266.222079271	0.0122186342547
264.881581414	0.01239080928
263.33913916	0.0126044041655
266.338537705	0.0121685058449
265.906989515	0.0122296661497
263.987530601	0.0124904683331
264.529424487	0.0124196810665
264.38237009	0.0124355190575
264.327131553	0.0124549780435
264.728379732	0.0123840140588
263.121349013	0.0126238732044
264.861642027	0.0123626769129
264.116742117	0.0124813558854
264.542285105	0.0124025818716
265.44236106	0.012299227644
264.734447415	0.0123887990994
264.80901249	0.0123899561788
263.927717766	0.0125018599407
264.26390805	0.0124542041468
264.023790919	0.0124860615644
264.846430267	0.0123814495108
265.235030315	0.0123186129981
265.959935361	0.0122257086294
266.398951848	0.0121744635127
265.52048537	0.012274473361
266.357270806	0.0121969547532
265.205930479	0.0123302500197
266.523005136	0.0121733295832
263.993987514	0.0125039856986
264.098807314	0.0124918937792
265.130845216	0.0123391166113
266.202544645	0.012189474184
266.497922456	0.0121588555457
266.341963622	0.0121946578062
267.346147141	0.0120599156707
267.293122321	0.0120574883227
266.591620265	0.0121608898584
265.892122578	0.0122452335352
265.961943972	0.0122379340742
265.907534712	0.0122422463816
266.210035952	0.0122130048141
267.030447108	0.0120969623936
267.025429539	0.0121012300674
266.447137377	0.0121739538816
266.442634228	0.0121600497626
266.585139948	0.0121386399651
265.704354903	0.012258967254
266.618077807	0.0121509937401
265.525380592	0.0122794319213
267.482483127	0.0120434012849
265.256746777	0.0123317116142
267.877702275	0.0119782626934
267.592694012	0.0120293894541
266.948613823	0.0121201337861
266.472093907	0.0121765568434
266.094391567	0.0122369521231
267.012663568	0.0121085236951
266.860511016	0.0121061654527
266.104349144	0.0122156980574
267.032609365	0.0120848672975
265.792120511	0.0122595523631
266.716411053	0.0121425912599
266.567665159	0.012167141199
266.840239065	0.0121285682687
266.5293527	0.0121612058002
266.461106374	0.0121747197205
265.738974949	0.0122773467762
266.46857841	0.0121768752183
266.597074983	0.0121567345281
267.085877553	0.0120851926595
265.821298895	0.0122684133736
267.233013889	0.0120656495161
265.71331744	0.012280981702
267.114645028	0.0120822891519
266.141102333	0.0122107813154
266.962024286	0.0121124568669
266.596326066	0.0121521862845
266.573710861	0.0121670109627
266.598823697	0.0121568687622
267.378459581	0.0120482000927
266.572677983	0.0121571537956
267.169694703	0.0120732622514
266.436243075	0.0121761719819
267.567879882	0.0120296962538
266.354826341	0.012193639939
266.855100773	0.0121294541125
266.624151931	0.0121478542079
267.79200446	0.0119949319559
266.588955364	0.0121590338917
267.790848151	0.0119946530543
266.353484598	0.0121953134506
267.406096111	0.0120434003643
266.93929316	0.0121093498431
267.687880695	0.0120070656283
266.976184999	0.0121023748021
267.617407595	0.0120167306698
267.100171546	0.0120855979069
267.35692479	0.012050595668
266.632393447	0.0121588685664
267.454123529	0.0120439708429
266.782217616	0.0121388683606
267.379588699	0.0120484139714
266.989216279	0.0121001058571
267.211916071	0.0120702427094
267.173751228	0.0120824490563
267.340780011	0.0120623120562
266.822505651	0.0121340703165
267.058497569	0.0121025385898
267.272809556	0.0120631013681
267.571970834	0.0120281589366
267.265201203	0.0120647026123
267.333553694	0.0120560119023
267.299500343	0.0120602216621
267.062601131	0.0121025025815
267.536379259	0.0120308935609
267.444374404	0.0120418837566
267.44711523	0.0120419724353
267.564605827	0.0120280555752
267.435286808	0.0120436814387
267.107722988	0.012097911067
267.414759197	0.0120466371989
267.086794868	0.012100566462
267.327392823	0.0120661931514
267.185122363	0.0120786268217
267.429464974	0.0120457523965
267.347096939	0.0120638757094
266.984635386	0.0121155960288
267.414170255	0.0120518186943
267.079514171	0.0121028091092
267.278780136	0.0120677382377
267.173780822	0.0120893029628
267.339038475	0.0120650398852
267.366280598	0.0120551249822
267.339386181	0.012059460632
267.417321516	0.0120488245956
267.26866813	0.0120772999061
267.250072614	0.0120790228773
267.060818587	0.0121071610248
267.192679262	0.0120882447574
267.271637053	0.0120778659992
267.28373406	0.0120675632509
267.592089598	0.0120288670944
267.38802462	0.012053967148
267.622616601	0.012030083956
267.381382899	0.0120627287461
267.713049259	0.0120114511548
267.743794572	0.0120112525379
267.71649817	0.0120181928852
267.768454681	0.0120032129721
267.785323176	0.0120091886514
267.620952944	0.0120305226125
267.549512549	0.0120415645692
267.83078919	0.011995682419
267.854146442	0.0120002512436
267.54958801	0.0120412489384
268.09190996	0.0119664865995
268.017314797	0.0119709624509
267.864573019	0.0119988153271
268.020956145	0.011972965082
267.893007826	0.0119912791235
267.900355972	0.0119908127485
268.09132526	0.0119655491104
268.037218535	0.011971696816
267.867597754	0.0119926784039
267.541822864	0.012037642281
267.384127744	0.0120593015612
267.319132789	0.012059215209
267.180696367	0.0120836808917
267.266722765	0.0120596868394
267.038348982	0.0120942357222
267.311121879	0.0120447893026
267.50622241	0.0120142387773
267.860786167	0.0119722254454
267.794115284	0.0119816369304
267.574079756	0.0120062776037
267.662911993	0.0119960273063
267.60769572	0.0120020599306
267.726718351	0.0119889420379
267.541272517	0.0120099025594
267.534870284	0.0120102673994
267.578755873	0.0120051385605
267.702209509	0.0119915346779
267.618147921	0.0119998615086
267.705995833	0.0119890736041
267.533675144	0.0120089582517
267.663609957	0.0119942039929
267.741400481	0.0119863646076
267.738154792	0.0119842363461
267.845269019	0.0119686179485
267.79312901	0.0119727505017
267.786587442	0.0119741313008
267.688847316	0.0119863491546
267.960158624	0.0119515689919
267.916782008	0.0119580748253
267.970811295	0.0119495901248
267.954242157	0.0119538749555
268.06472267	0.0119404135436
267.839929766	0.0119656292994
267.908472281	0.0119575979887
267.950643867	0.0119530012967
268.102297334	0.0119353749543
267.99714122	0.0119476037099
269.752910835	0.0117116313593
271.038105178	0.0115467519318
272.234427166	0.0113954341262
273.271511282	0.0112642836082
274.154693326	0.0111501183395
275.067413136	0.0110371099616
275.812106468	0.0109441984634
276.750036182	0.0108329671436
277.508163153	0.0107416647525
278.251870634	0.0106537525486
278.931488537	0.0105708529324
279.60168223	0.0104922665258
280.251531964	0.0104185142827
280.809460844	0.0103514716549
281.460698789	0.0102781413949
282.084739813	0.0102075797266
282.676723547	0.0101414604751
283.356468819	0.0100653699283
284.003602707	0.00999478388827
284.458304615	0.00994276774144
284.847461746	0.00989527171468
285.34456393	0.00984195877098
286.12264244	0.00976127862496
286.447375117	0.00972668453173
286.669595474	0.00969768542537
286.919097536	0.00967286694094
287.176363932	0.00964492867803
287.229175451	0.00963848100944
287.18521741	0.00964120208361
287.082990812	0.00965335511812
287.108133119	0.00965408906294
286.821506678	0.00968394847988
286.594852404	0.00971068325562
286.119540509	0.00976001329674
285.655479371	0.00981243720172
284.939037997	0.00988920115321
284.329035498	0.00995958752391
283.422087717	0.0100586729528
282.630174807	0.0101489952293
281.846323372	0.0102387115038
281.109907827	0.0103249168356
280.330880526	0.0104132259781
279.653192484	0.0104929854672
278.942104045	0.010575339814
278.178693668	0.0106635028839
277.70145825	0.0107230188718
277.204458343	0.0107820209309
276.717149686	0.0108377605553
276.191310658	0.0108991700371
275.822643948	0.0109441927155
275.605819886	0.0109723147549
275.303910415	0.0110098298669
275.313265279	0.011009465452
288.223248314	0.00953607862338