-80.9492709881	0.602264500829
-19.9496484403	0.301277180167
-24.054978132	0.314094603467
-15.9959274622	0.29098798689
-10.2207852789	0.272291962682
-60.4189682909	0.477743938909
-26.9281623168	0.319128188527
-45.9318215858	0.407489043424
-17.4865987522	0.284328678696
-49.0578483679	0.421484558532
-1.40349861325	0.246992032206
-41.4157932864	0.387185488187
-27.3423637408	0.318046569749
-13.4648250126	0.279955062034
-41.529779725	0.377829198252
-46.8219010525	0.405848669641
-32.8009654614	0.340860086479
-2.22933817785	0.248442046072
-61.1913510171	0.478161597972
-19.4721852565	0.302504155894
-61.6692284574	0.479098063204
-53.691799097	0.440792700101
-14.0506464185	0.284130880809
-28.7211581645	0.335972941888
-28.4512090946	0.325142420861
7.03527673939	0.224888288882
-4.46025566688	0.25456255427
27.5089100359	0.178280819772
-41.288106411	0.386808429024
-42.3377944307	0.381738160975
-16.5464256221	0.279827524887
-23.4279764557	0.311776933238
-20.0850923125	0.301792770798
-5.20039228211	0.257609297685
-7.96498530415	0.265242313846
12.8159320242	0.210807893296
-53.6375972438	0.441460186403
11.0969260179	0.213556232821
21.4313973365	0.190352751945
38.3973038946	0.157317594071
-28.3362355133	0.334243213204
-9.66932793144	0.27046294981
-12.061142815	0.264611837853
4.93484892166	0.229799190955
-11.6156283983	0.276915184022
-74.6429894912	0.561678833159
-65.4864601714	0.507854546146
-33.6813843428	0.354874915759
-32.7179048376	0.350297433822
-21.0107825474	0.308016305464
-6.52866063259	0.24791994648
-65.5998348724	0.507807765546
-53.0079434279	0.439317947325
8.77478401886	0.220424296985
14.0490688625	0.20767777241
-4.76282614613	0.25629120162
20.9006366161	0.190535166805
44.9440734835	0.145660033685
26.2921048592	0.17898593246
38.3335379395	0.157877970131
28.6180301606	0.174625965702
29.9564729898	0.173501868485
58.6409254292	0.124805289007
42.1435128218	0.151122857781
63.9422760531	0.117406114184
62.2827570539	0.119545801816
63.2159606725	0.118259054515
64.1967107318	0.116992076687
62.3196014095	0.119353072881
62.9902833182	0.118519229284
66.7172068077	0.11369800816
66.3539070456	0.11415800069
68.1280112818	0.111923803894
68.2207041356	0.11181529829
69.3064155871	0.110415037766
68.5988958289	0.111258626616
71.1911596845	0.108169324896
71.8644970516	0.10736826375
72.7542873084	0.106263871189
72.9708013468	0.106012015472
73.8312519652	0.104988673304
73.8555518587	0.104975985152
74.7875737285	0.103891915476
75.1475797786	0.10345838754
76.0293155768	0.102455693168
76.0631132349	0.10240928441
77.0544198479	0.101255957178
77.1936154443	0.101074140914
77.7492343354	0.10042330723
77.8012281388	0.100407180957
78.6539927362	0.0994381898597
78.6783410612	0.0994422429846
79.2855539548	0.0987457982178
79.5496907365	0.0984237353907
77.243167397	0.10097761533
80.9562707086	0.096900757534
80.8926570704	0.0969787166407
78.6978618705	0.0993660819678
82.3162192308	0.0954535088941
81.3218665538	0.096554903157
81.6191449289	0.0962226439261
81.0232760436	0.096886782447
80.4489433767	0.0974913206071
81.5766188915	0.0963011858625
80.9708187337	0.0969371117811
81.0436811043	0.0968882568772
78.3462814476	0.0998134798369
80.2633690764	0.0977464863611
76.4654306374	0.102027278635
77.1939412768	0.101171538941
75.8208074936	0.102815435524
70.593095791	0.109129152916
64.4189120416	0.117129728428
72.5448782812	0.106782358817
72.6957632362	0.106579663468
82.4487495526	0.0952323166959
84.0113882623	0.0935228152288
82.3450449953	0.0952958306738
77.4146742016	0.10069476656
75.9938574178	0.102333285256
80.6634768757	0.0970596910824
84.5027223287	0.092904950736
84.8544396005	0.0925835492859
83.2365586949	0.0943013466134
88.9149796121	0.0884711349925
89.4885602811	0.0879390385429
91.032891902	0.0864052472228
90.3221650188	0.0870222048739
85.6782897111	0.0916621780677
88.1546299997	0.089154725929
81.7740979843	0.0956481214619
82.5788453916	0.0947030105352
62.1925140743	0.118847536715
29.5460881537	0.171576186596
7.55240526827	0.223438466411
-4.20018058065	0.246739516518
-22.122701507	0.302078963758
44.6499414459	0.145731716798
-2.24443209393	0.249033612242
0.165001844002	0.241632366516
52.4438891011	0.133415894891
-17.0351084297	0.294055495678
36.1309774344	0.159829875248
-7.84651484201	0.264623019122
18.2943364121	0.195306571523
-11.4473789142	0.275994959861
-12.6426829007	0.277461724119
27.3466286168	0.177923214303
5.90963035966	0.216682870649
-18.0547989279	0.288836025649
20.9248268984	0.191719807121
-5.00458435008	0.248613074541
16.3415178931	0.200367919394
-10.6697825999	0.267837976583
63.9886879335	0.117032521431
57.3169173224	0.127157627255
65.912872118	0.115194669145
38.2397427028	0.155102956401
-34.7314613594	0.351788404918
7.03631684455	0.218551828815
5.89024777193	0.226775076927
22.3154322511	0.188118241071
-32.1087385796	0.347727021796
-2.94234784966	0.24824664813
2.29916815373	0.227786841657
16.2015290463	0.201392366968
36.2155052013	0.15864247072
14.788261	0.205654894153
8.49556066782	0.216363655534
76.9286249993	0.100857979443
-1.68444943246	0.24275182318
-2.76062552764	0.241343632633
0.373810763657	0.241465254825
-1.37717623933	0.240761583387
-22.9254337101	0.306466767639
-2.677933488	0.243185666845
-13.057985243	0.273942758167
60.9124028523	0.121010448025
-14.2818852425	0.281982968157
14.4757478798	0.206361850615
7.35706370173	0.223166778253
-25.0145628284	0.3223146773
74.7363105647	0.1035750201
28.1245699083	0.17627774433
7.74487276926	0.218175558047
10.5080103085	0.215050207314
40.9145413738	0.153006069605
7.24398097234	0.221102874598
27.2442587426	0.175696647661
-6.7096002735	0.258870888895
48.7636596401	0.13971676205
-3.78265356458	0.242613664983
81.3243811136	0.0960362515746
6.84599513263	0.217009824569
-22.1389902507	0.304417657388
-1.28034298178	0.245244317854
70.7630079323	0.108603010614
21.0206594767	0.190156082864
-20.5834659207	0.297501826391
35.2395050671	0.162960494444
-9.98380478547	0.271612847158
17.6709117675	0.191533241622
54.7067079133	0.130736363756
15.7634389391	0.195357487395
-19.9935846534	0.302739989362
3.49005220538	0.223602139829
17.6365441542	0.19704093433
-32.9713167487	0.3450638932
21.6492485574	0.184585069536
0.131709003682	0.234684404138
7.88129687206	0.221499824209
46.0054199577	0.143584092372
39.5987043422	0.154858295427
58.4643797744	0.125328989114
32.0034106756	0.166104674676
-36.2250586412	0.361720411321
22.8003328895	0.181775411881
23.491852841	0.180710080475
36.4567679957	0.157705618578
14.7376964767	0.201154129233
107.747165913	0.0714136273449
49.7612781505	0.138700773657
8.8430531171	0.213284443069
8.40880507789	0.218468173017
17.9549453094	0.191280759782
15.8275443881	0.199446880259
-19.7039506715	0.294384366734
12.9467299566	0.209280262389
81.5519322517	0.0951419523962
39.381336439	0.152449254325
10.2327850026	0.215641973887
90.6264567882	0.0874523191281
7.97953170007	0.214447181249
84.0054141468	0.0925936655893
54.6383443261	0.128133320939
73.8591788793	0.104494175223
-5.53478401497	0.258373782819
-5.39003911088	0.2506265666
-4.24802811624	0.245691993119
31.650482026	0.168123069554
26.9132305746	0.174765447695
119.126020507	0.0628901217905
14.3925923072	0.19841283489
12.0921622834	0.207539055914
24.2806557397	0.184086092089
17.7158435795	0.191818706435
54.9338063462	0.12863523077
40.0405210839	0.151919162621
39.2566187188	0.155663564658
56.3495988234	0.128102804483
-6.75479913781	0.26028540232
-3.10605756644	0.247559649011
-8.17763053958	0.262312238759
4.95054117604	0.220854057854
79.5407838657	0.0991471816566
22.5831390318	0.186209926665
-15.4937964705	0.287733161103
42.5232714521	0.150353112379
29.9177013529	0.170018502928
28.734153126	0.170290569083
41.1940647566	0.152632417801
54.039665105	0.131113452221
-15.8767067616	0.287702446715
9.19925840361	0.216228609612
8.52477361386	0.218609259784
45.3110506173	0.142579787938
8.16444311822	0.212911108329
11.288931792	0.211133429828
25.9785263955	0.176071617082
4.48169078126	0.225036545835
5.10367129811	0.221410076266
4.63925198215	0.225815385341
6.54442440195	0.216775759366
6.38065037054	0.220572004787
-2.65716654099	0.243130429111
16.3333514974	0.194814509343
36.2462126168	0.160877107772
22.2216827872	0.18489917981
7.02639667958	0.223832647008
21.8892288053	0.183076099313
103.231574498	0.0752896200779
6.56746970582	0.21799303023
31.6063925502	0.169088792836
41.3238132477	0.152213392343
43.3614582435	0.148409272382
5.12364389494	0.22126179537
54.6794423338	0.131088741892
25.0359190601	0.180252891525
18.730397528	0.195724483178
6.30998824183	0.218802543002
13.6860990388	0.200591338053
5.84192632161	0.219492947662
3.97526456613	0.228261458985
126.978212724	0.0575423115344
105.967110882	0.0726167773785
38.6363346973	0.153757941913
14.5880201612	0.202905389449
101.924282735	0.077033235784
25.3676518668	0.179698411246
-1.3303374412	0.241371550721
37.5916252898	0.155937775136
128.961467952	0.0561479208158
6.59256012399	0.219834593881
7.87496894252	0.219188478766
37.802483377	0.155846075567
6.98047228065	0.21917920801
127.711346033	0.0570681632539
72.1282833009	0.10795257997
75.4944283165	0.102973208551
-11.596995952	0.274843436289
44.9497719302	0.145365914954
74.3820321886	0.104933835373
16.6957218278	0.194731910071
95.8842124901	0.0812368141941
25.3089886437	0.179692706233
33.4751259143	0.165258599423
14.7615746063	0.200641848367
19.6209546658	0.188042316465
11.2383053229	0.207040275763
115.140295032	0.0657225458257
26.3225528417	0.179187613475
115.734076996	0.0649462915944
28.456122411	0.172922799518
24.2521776741	0.179816018798
17.6745836593	0.195151721897
12.3093975783	0.208118969743
63.790973598	0.118482390492
8.54003872871	0.215043494362
29.6760141719	0.171792534608
13.3045288823	0.201957792539
43.4542860273	0.145709138253
33.1973298394	0.165720870708
80.2769010301	0.0964565515032
14.1996076272	0.202250300067
97.3794768233	0.0815034011334
18.6457284257	0.195954191653
36.7415752351	0.157568148261
2.48075307623	0.228658703364
60.9164377686	0.119493481796
17.8605974174	0.194814607048
101.12514018	0.0765635103209
22.358141023	0.182406097059
75.3808763132	0.10190849672
91.1578365319	0.085572277705
26.4066134199	0.175453253206
96.0821821359	0.0827892879899
33.9353609445	0.161121970986
87.6065874055	0.0894157613467
5.19482613811	0.224294047501
65.2607021261	0.114305907588
66.7783626124	0.11173764284
19.7471084314	0.189248352106
69.5405137299	0.108478464325
64.5941229674	0.11476200692
-2.68511547986	0.246967221908
30.2344207549	0.167180450206
43.5961734415	0.147556323165
40.8966895205	0.150187351668
107.003664109	0.0715175376485
27.9369599853	0.172132050823
2.18411507813	0.231344529222
14.3399939406	0.202909811163
45.4640967552	0.145344956483
89.5616084954	0.0870953443997
92.367174436	0.0850337892183
13.8964993236	0.207299513853
16.6425141464	0.196386390163
100.045173748	0.0791763213143
8.30199785316	0.21783993876
13.3732390183	0.203769913056
49.0541782573	0.13673884316
104.973749022	0.0747798372931
32.2972661304	0.166183390959
14.1395479663	0.202529188093
37.9024397945	0.154329478292
16.5803849073	0.197197555427
5.24443540758	0.223588025518
62.3763821323	0.120144620404
22.3294173229	0.185767080929
94.3762320921	0.0843945313074
5.33549628772	0.222974175597
16.026392916	0.196164423566
69.9475673827	0.109030620429
76.1391810475	0.100846687511
35.4812493878	0.160505828959
31.0605156556	0.168856634156
95.2898151989	0.0817232656968
67.1332503659	0.111409976483
43.8934988949	0.146986192855
8.54555175041	0.215013401827
54.8100393327	0.128445173456
38.7514516608	0.156122979413
63.7447322168	0.118362915745
90.9967770698	0.0859240951293
92.5856793527	0.086003807421
20.5436505436	0.186522206695
37.251751396	0.155813505113
8.24258531062	0.218714692889
102.508374291	0.0751571833257
91.0866216115	0.0857397550784
64.0849860487	0.115391999631
3.86948632981	0.227799075976
14.982792803	0.19954648503
59.7694627628	0.123614574218
108.67935301	0.0707673130619
82.2722162834	0.0959376932176
58.217415434	0.126100126363
87.9997736935	0.0902262377669
117.223895424	0.064937002956
78.5556016376	0.100601230672
66.3795312425	0.113779524132
129.567636796	0.0561929433683
76.2153408861	0.10146764107
22.3053372196	0.188402010681
68.3465270807	0.112287540338
18.5289213515	0.191300239092
72.4099528239	0.107675967346
61.106970524	0.119170927345
43.4691660643	0.144980767748
111.623192832	0.0680002994993
137.436309816	0.05131075293
68.6237357468	0.112361640727
88.8189707641	0.0875123233681
35.2603016083	0.16129194156
11.6909552672	0.207232922247
73.5786774549	0.106243070935
46.3168869062	0.141688968353
54.8406439718	0.127614843325
66.7148324651	0.114554688392
121.490989548	0.0609375834463
41.9831070695	0.149436762728
12.1463468011	0.20645280528
89.8179192808	0.0867744676963
38.5479764341	0.15529141826
60.0235093005	0.120984291917
64.641177624	0.114651702306
51.8934359016	0.133074868481
55.4388122234	0.126636902241
50.9279283689	0.134529614126
61.8261002522	0.118872505507
91.9796263425	0.0844156230232
99.7801753174	0.0770751757592
91.6219534348	0.0857387966456
48.366421531	0.138673859791
145.135188269	0.0470138972016
54.0918816766	0.129290871048
115.705734684	0.0661734373608
62.7134934346	0.117156359963
99.6700167438	0.0787666050361
63.231838628	0.116881567848
55.5749133329	0.129424240948
31.7129716429	0.166146585585
94.8948939229	0.082246264272
62.556652903	0.120117571771
78.8534828621	0.100245590114
73.6484126552	0.105934818447
116.93453775	0.0642037399109
104.365344733	0.0736831582566
128.394180733	0.0562936843255
90.8617748994	0.0852581047103
77.2453217606	0.100008605298
47.8289792684	0.140216345439
41.0837801485	0.150995137392
46.5169264767	0.14188810934
49.7132320905	0.136688802061
47.84126874	0.139847116177
53.8748042306	0.130204353495
101.203474566	0.0761437246452
35.6022925574	0.160537131867
133.897752109	0.053123402363
77.0284744787	0.0996422529592
72.5121820476	0.104995538345
122.058121642	0.0613497283049
102.975885479	0.0747345277636
90.8053650588	0.0855642883869
84.4778166826	0.0919784737365
109.121264276	0.0699917491716
129.668833818	0.0557187849516
88.2862251929	0.0881149062745
57.5840861833	0.123790358864
57.6276205734	0.124417489389
132.888408824	0.0537437936412
109.899431799	0.0693119524499
107.271960368	0.0714731104795
119.914389965	0.062425282326
101.331534631	0.0758892159805
64.8907452657	0.115979527526
96.4460783793	0.0821838108811
73.8055120693	0.103428780034
49.2233441716	0.137935707573
69.7260479813	0.108532903603
79.8042072909	0.0977101012697
123.108634775	0.0607343535646
55.0477972797	0.129556519494
48.7106217614	0.137152852842
60.3494186735	0.119934540153
141.680133456	0.0488677238909
40.1886846396	0.152248959793
89.4153353694	0.0890692662994
73.0054122025	0.106266373841
90.6086828347	0.085583816891
122.997352313	0.0605415097143
136.791936049	0.051373714924
76.6109375748	0.100809081
133.121079352	0.0537501433056
144.518852287	0.0472848664871
89.10524508	0.0873953534058
112.637931527	0.0679997791535
112.506343443	0.06709869476
77.4919819923	0.0996516412974
115.566217177	0.0648794059903
84.3077475357	0.0925852970704
43.6885071662	0.144179619068
82.4701969568	0.0943071433944
104.703136754	0.074909954966
116.164573129	0.0654776956311
54.657472852	0.130076768514
137.116271427	0.0513972217953
82.5604473377	0.0961627846117
62.4492117331	0.118383856543
69.7880058386	0.10802953834
72.9480334643	0.104275718615
77.5058403581	0.0996139712054
127.786724409	0.0575972903607
143.344955576	0.0479591354522
95.9283644777	0.082461354835
142.312206918	0.048731020885
114.549873363	0.0662263882964
69.2642719812	0.111261283572
103.013265702	0.0763562667567
36.8227457458	0.155822596829
135.094784067	0.0530939340585
107.418547074	0.0726585189815
68.0481487968	0.109687759568
49.4068087122	0.136002770068
64.8644939922	0.114382852449
50.061187162	0.13539879394
120.245443743	0.0616405822881
41.6884115681	0.15037355566
92.4613458686	0.0861313612999
105.099864998	0.0730245148024
81.2593250344	0.0968144690619
62.3513963894	0.118994442754
84.8961731666	0.0931374790996
63.185555226	0.116461352615
63.1426916498	0.115891922571
47.0689031763	0.141226508922
110.353449956	0.0694266714179
55.8807108022	0.127103626164
80.230157617	0.0962461399565
66.7367661366	0.112412529021
56.6286641059	0.125698126209
138.298898327	0.0504776636284
74.9721809774	0.101775795098
111.142804554	0.0689838198683
80.192325006	0.0962097057662
141.011413436	0.0493883227481
78.7838538715	0.0974858148987
103.07291114	0.074905818301
94.8433237267	0.0817978088213
47.8852533848	0.139315702608
104.450805574	0.0749332067961
70.3192538019	0.10980115013
85.2085092371	0.0926435950707
100.104825501	0.0784205242587
105.768013171	0.072263903613
94.9317996727	0.0815833835552
60.0900843613	0.120626307209
71.5788347953	0.10863934351
55.7703580359	0.127044264469
85.2225651394	0.0914036589757
62.9787903592	0.119144256207
103.48891842	0.0742286772925
115.991619601	0.0645019004537
117.222961577	0.0635817822531
135.887516864	0.0524265074952
50.6227580032	0.134958761698
77.7541147314	0.100883260911
100.305648643	0.078647327083
137.684317224	0.0510454046478
50.3867475135	0.136592968166
143.921195869	0.0476078042264
83.3542862752	0.0932133267611
136.156298503	0.0519717130556
101.819180517	0.0754961603054
69.3989466155	0.108584169784
118.012953717	0.0642737409858
88.0751642931	0.0899798544676
79.2260828673	0.097325659598
102.65114936	0.0761806674602
36.1933710702	0.157086011967
52.7034384555	0.130850488141
55.9048792674	0.125574091529
68.5032427005	0.109632237255
74.6784160614	0.102010507703
62.0473286299	0.118046647935
94.3248266956	0.0822901728467
69.2838995072	0.108272013206
120.076292951	0.062837999455
115.430015537	0.0659634268971
96.8033486142	0.0805984980316
65.2255492859	0.114127696408
86.8308798389	0.0895224126832
97.2752640904	0.07963424602
70.5132606734	0.107342001455
74.712993933	0.102192966209
95.1538470393	0.0825337422585
116.119498883	0.0657837963089
58.6077417989	0.123125828762
61.2335031379	0.119021068714
101.831979679	0.0768489655829
57.3011003714	0.124802030314
78.8181160552	0.0977213293081
110.170126698	0.0702085706905
62.8423532884	0.117228366087
118.342619582	0.0640958346986
94.0065931602	0.0825923445826
84.1044673428	0.0922888063514
53.527004528	0.12884409336
153.810804695	0.0426309875469
61.2611712375	0.121046921622
106.431503833	0.0718912761459
41.1958638818	0.149063033339
71.1140555275	0.106648625718
116.140167305	0.0646896510744
141.730829918	0.0488255524781
85.1672005702	0.093154161561
114.748889469	0.0656181704396
136.451844493	0.0521874862721
130.538106228	0.0552196392158
68.1324020866	0.110349525443
123.588913454	0.059960214006
82.2093181123	0.094018383596
132.033321418	0.0546961892234
66.4632045347	0.114005663085
94.5397150852	0.0837702562285
79.6514351062	0.0965822338529
102.736477424	0.0747615339051
76.5183300848	0.0998956140457
47.1171899221	0.13933388585
61.9612710591	0.117414260083
121.78362196	0.0615130375641
60.7757863539	0.120312163963
73.935263671	0.10322319678
64.2944875922	0.114926479006
133.159831208	0.0538635178869
103.229470282	0.0758107499218
105.7880675	0.073363387845
106.09122577	0.0723442477269
79.8710158692	0.0968868571949
158.555442424	0.0406185712063
83.0576479971	0.0934722027459
83.9560584996	0.093706089142
106.446417609	0.0718559866505
66.3686632878	0.113153445721
109.746540638	0.0692237167027
96.7852740096	0.0801248829187
93.3026791197	0.0833401042058
100.946142684	0.0775357777794
98.6278318815	0.0785172539996
113.598174821	0.0673249183235
144.780758929	0.0473784945767
79.0781661846	0.0980611922616
111.55519921	0.0689282736504
127.197313796	0.0575148053368
82.3447554817	0.0940172954316
139.832365157	0.0499273753392
126.813860096	0.0579344679596
76.8747117373	0.10036331083
117.985449208	0.0642188247979
91.0152804047	0.0856091308765
80.2854273564	0.0984518163818
78.479057448	0.0985963668461
122.122239037	0.0611123284947
132.330653449	0.0544729471547
151.662016533	0.0439133288675
131.865138354	0.0549554587674
100.034927778	0.0788492604929
150.973879833	0.0443070497704
164.096848794	0.0381977364978
146.989521533	0.0464122941709
154.88930214	0.0422462499058
154.635154514	0.0423430776246
121.129027295	0.0613683966371
152.648749838	0.0433433943229
115.445370039	0.0658862532178
91.034933493	0.0873413683205
83.12276984	0.0936340528372
72.2663466335	0.105472588852
130.133121482	0.056171805136
138.490262982	0.0508552641461
103.033003998	0.0747902119037
122.170154916	0.0608764972209
112.627603964	0.0674153119312
111.512889629	0.0691207965838
75.8699086388	0.102040217638
135.790048202	0.0526766284718
110.890906919	0.0689430154818
95.3590902493	0.081927981442
134.978814623	0.0526373248743
76.4165433319	0.10062755955
82.7838715313	0.0940199918265
170.039526332	0.0358526170274
95.7822985198	0.0811262755327
136.095551713	0.052569361801
115.9413518	0.0649248794819
158.349528326	0.0407796498177
88.9693492023	0.0876897351513
137.083109088	0.0518934982967
123.456663319	0.0598576039579
157.818219832	0.0410624845668
98.481356938	0.0786062241869
133.479146686	0.0540882188618
135.828705783	0.0523079927001
157.270542553	0.0414747313966
101.108640924	0.0764160684855
152.543778898	0.043777330448
109.283151482	0.0701209500244
121.518743923	0.0615707034728
93.6076852021	0.0830678413643
117.065881817	0.0641636664792
79.8632078461	0.097438190508
105.563658788	0.0730052474023
80.1424906854	0.096846843744
107.007449195	0.0721598402998
112.453722926	0.0687540682809
119.406375786	0.0627982898185
91.5343808602	0.0852124004057
138.407595791	0.0508781739005
147.057270039	0.0465461571366
112.723031144	0.0684923220971
148.560434703	0.0457728849316
134.235606462	0.0535328539603
126.082053893	0.0588388678665
129.916933606	0.0564759222306
105.846772549	0.073926936702
150.225644683	0.0448611688318
131.03958395	0.0556783953323
125.172678871	0.0594215629303
133.465960546	0.0541776329771
116.560016248	0.0654020366782
96.3971174877	0.0805261217056
96.0384183403	0.0810922433767
149.980518071	0.04481986484
90.6840429213	0.0859800441491
152.306445277	0.043754125957
103.983068841	0.0741321756567
144.516589856	0.0479334724295
127.487585911	0.0578420647483
123.948636182	0.0602169010738
142.253952424	0.0489511466437
110.970210985	0.069547565056
111.087036977	0.0694797385845
169.498525828	0.0361279528691
126.039047433	0.0588532133022
138.235713066	0.0513333784511
144.055368436	0.0481177331807
108.295023425	0.0718774965867
155.271849075	0.0424313056176
100.114621501	0.0788805427947
146.728025056	0.0467256412836
116.129038146	0.065655215878
129.116206698	0.0568527148793
133.610985736	0.0541551369072
132.190088901	0.0549324608059
152.783265284	0.0436476525617
147.712707093	0.0461712426649
161.184055113	0.0396043892302
102.763009906	0.0749472872
107.806501827	0.0713479023855
144.684535041	0.0474952679005
136.14038201	0.0523449003463
137.615682277	0.0516256091747
134.204694089	0.0537436092051
120.619832695	0.0625636060822
104.219686041	0.0754399684871
123.154220949	0.0608292950727
122.130233498	0.06114039466
139.323265277	0.050346676173
152.926473986	0.043472843154
163.27723432	0.0387394752858
136.427975406	0.0524859570555
130.384785306	0.0560961617706
128.606813747	0.0572140353835
133.1950351	0.0544472405731
134.194105655	0.0537448296654
175.140234197	0.0339276483707
130.324978915	0.0562338873012
126.820302228	0.05755302974
158.014868773	0.041007142197
148.86701992	0.0454603702134
165.919274882	0.0376997589155
121.661907632	0.0612898557335
160.565291886	0.0399013931148
152.391465149	0.0435995970746
165.254112851	0.0379299232497
162.6386097	0.03900287135
120.630966878	0.0617171398171
146.77098701	0.046470420089
156.308054564	0.0418706222879
139.431442757	0.050680500228
157.811193984	0.0412054599594
153.170574672	0.0433029712278
158.033031554	0.0410380434134
159.300929665	0.0404350266757
136.48338646	0.0518874389539
105.436766783	0.0728946457604
149.999046696	0.0449435964338
123.946484719	0.0597339473325
121.50649119	0.0614867354722
160.338023892	0.0400040133287
141.069813875	0.0495021483068
144.782397555	0.0474989912318
135.708667947	0.052338805916
106.765210622	0.0717933180814
113.437881192	0.0666729204351
114.547957216	0.0663588893147
95.662436558	0.0812378582523
123.589395896	0.0599734643969
94.5870646369	0.0825280841146
102.335171071	0.0755616749661
134.679152712	0.0530192698104
120.417923624	0.0622274354052
125.040011503	0.0593780667878
138.59466435	0.0509117988332
146.29649331	0.0468576665858
127.785175848	0.0575437767583
144.277822732	0.047969854152
144.271807022	0.0479336468566
126.025157161	0.0587888005646
132.47330814	0.0546922834493
122.996202152	0.060770507279
131.47190706	0.0551769972491
137.235341154	0.0519084438488
145.135308006	0.0475912168839
149.797083458	0.0451697871739
134.380678186	0.053725571872
158.083223409	0.0411995329391
129.521006454	0.0567662848151
139.683754115	0.0504176520875
126.992401674	0.0577528131432
119.236587884	0.0630379019378
143.905432383	0.0481008503738
128.853451998	0.0569608620321
129.387149257	0.0565376075755
147.825088517	0.0461124683509
129.174080068	0.0567044048524
144.331607022	0.0479696357513
127.210822786	0.0581493233573
161.847092303	0.0395006302583
136.633457923	0.0524046045432
140.076394125	0.0503401407684
155.927897955	0.0421890278241
162.498345139	0.0391811894654
137.276687955	0.0520000584567
136.371609809	0.0525533374663
139.037667996	0.050960857921
161.19170138	0.0397505892145
165.987054694	0.0376594915224
170.351330577	0.0358532354593
169.656371808	0.0361055901149
148.11215412	0.0458303976689
145.797940595	0.0470586316056
158.387122042	0.0409807922509
145.680014609	0.047268777635
151.873950455	0.0441105740562
149.925814896	0.0450581271612
152.199883235	0.0438765748851
160.549229786	0.0400115630384
161.464194523	0.0395784624684
149.197448802	0.0454170467513
163.569432032	0.0386057742114
151.757454757	0.044141871495
169.918860799	0.0359582489045
144.345308378	0.047967211297
159.634794197	0.0403007164239
135.867670788	0.0528057469105
152.123879166	0.0439591158491
155.005053471	0.0425908639599
145.912208685	0.0471041535844
155.94076821	0.0421483715952
162.418581833	0.0390400861047
141.085458085	0.0497753994409
145.803635045	0.046892095663
140.514324663	0.0500917093295
154.391626467	0.0427561840237
144.538627055	0.0479053311471
164.402687722	0.0382403124447
144.686943619	0.0478277945616
168.131469705	0.0366137234123
140.1145185	0.0503262380459
148.850075832	0.0453579979929
150.198632765	0.0449540677734
145.672820946	0.0470421158451
147.663411641	0.0462659023714
146.516010864	0.0465811039452
150.458579336	0.04482910549
148.788566668	0.0452778671936
150.518591276	0.044807937598
145.65401082	0.0470051160821
154.630421106	0.0427755197662
144.935572039	0.0472690428656
138.2834131	0.0513804103164
147.44900286	0.0460020848918
151.714036577	0.044208516975
138.730332333	0.0507692186826
149.00213855	0.0455819663006
160.191177057	0.0399357791995
148.706598106	0.0457288018258
145.192381537	0.0471374662468
143.855464223	0.0482931783508
142.913439468	0.0485103178577
142.256862661	0.0491653659506
142.455569883	0.0486898688738
143.359368017	0.0485526598613
166.889247362	0.0371700104791
133.396474979	0.0542649120741
174.795152767	0.0340411795269
131.568688156	0.0553816857388
174.118037121	0.0342975417012
135.90195653	0.05277757494
173.73799312	0.0344675144992
123.410704084	0.0608258315234
160.973399493	0.0395734936017
123.116837878	0.0610286888408
156.039812023	0.041824716426
122.50951792	0.0614521750338
147.172598998	0.0462510851089
134.701508134	0.0535082602678
145.895137655	0.0470029849602
126.01788215	0.0589306763266
144.643062064	0.0473926896555
153.883787164	0.0431042453184
128.49118884	0.0574104217054
167.451785773	0.036966099851
125.503218952	0.0592861696641
143.408947045	0.0479479024703
144.883194469	0.0476711891785
133.174752312	0.0544352049519
133.839490151	0.0533596848941
165.996924439	0.0375466151713
125.151183192	0.0587308061979
162.465571022	0.0391310993957
135.079027819	0.052760539052
159.813352484	0.0402793860186
160.665204216	0.0399529072387
140.5046654	0.0501552680379
132.157657228	0.054456314912
165.517915543	0.0378210002384
161.74637156	0.0394522597314
158.322327015	0.0409997130172
151.974513916	0.0438094476212
134.644270906	0.0535929279727
158.35681897	0.0408417540381
150.722546127	0.0446508019175
166.784607814	0.0372985514806
166.974889545	0.0371495151489
159.137108229	0.0406342010711
126.774727323	0.0577683114149
161.759868277	0.0393632400932
166.89945601	0.0371184732138
154.046219692	0.042935231228
118.275640388	0.0644883958589
173.083442437	0.0347395281535
156.325606368	0.0419652102517
153.420011477	0.0433108877505
153.816879258	0.0429501765516
129.137324231	0.0569426901128
156.396211827	0.0416855264636
170.868869751	0.035606482855
155.148553089	0.0424794511307
158.110227236	0.0411315223416
158.148627001	0.0410972799103
170.04784041	0.0359069082985
156.079220764	0.0419306145703
168.474555786	0.0366169501295
161.380581088	0.0396117224027
150.997687522	0.0442233229846
153.650568069	0.043196454451
164.617749134	0.0380831394676
151.430168776	0.0442770025156
157.153746369	0.0415518134496
172.22531707	0.0350496290446
162.816834616	0.0388145636332
162.179702654	0.0392868060184
157.72238636	0.0412579882581
152.62559117	0.0437127837804
170.246955316	0.035868743649
151.305130425	0.0444096337799
149.790504329	0.0451180391526
151.852141151	0.0441159877749
157.82990253	0.0411700914817
167.946491023	0.0367773204893
137.276640513	0.05140097188
134.247550163	0.0530878340058
141.262868361	0.0495457934425
133.17270663	0.0543856364391
171.502583951	0.0353769936887
151.688600853	0.0438818669115
153.521068389	0.0429585832066
150.491284883	0.0444031582744
162.44291355	0.0389307561155
142.411755625	0.0490688050569
155.151045435	0.0424641184074
178.277090851	0.032720635817
162.621587237	0.0390302259824
154.008024167	0.0430146751091
172.147762034	0.0350580405962
135.698031127	0.0523068043897
130.446727506	0.0552862969427
137.763093651	0.0510931784337
149.961553431	0.0447714665718
132.051270505	0.0545094329597
143.354824741	0.0481542340213
166.058939594	0.0375206139434
145.29415411	0.0475080651758
142.214369933	0.0486918959534
169.864286465	0.0359156343314
173.141674477	0.0346215944983
165.807997487	0.0376969627645
170.851419124	0.0355575875682
178.285378868	0.032674026207
151.733701524	0.04384378388
177.83993863	0.0328791659622
152.981143257	0.0435485093324
180.016675871	0.0320709662685
163.725397152	0.0385933695307
161.881073784	0.0393787324646
165.036031808	0.0380213741922
160.295540656	0.0400863341236
179.08703407	0.0324267495781
163.718044005	0.0383734847476
160.858474552	0.0395958550082
174.815991169	0.0339529394434
146.896982077	0.0466366829915
156.965181049	0.0416219622018
136.27762578	0.0525902216523
172.412906387	0.0349927071129
171.471867247	0.0353743067743
136.388565417	0.051917550673
168.411645274	0.0364152585555
169.190502754	0.0361947697868
173.435739455	0.0344834024531
173.113032926	0.0345898061012
163.28929191	0.0387562884194
167.090262906	0.0370491698882
168.199056212	0.0365961404776
171.79438501	0.0351352328879
170.153997936	0.0357937730528
169.820768803	0.0360254527144
154.897604599	0.0426305841729
169.196279106	0.0361606455807
159.429465527	0.0404762472295
166.179141618	0.0375146115539
159.261574484	0.0405610664003
163.530853618	0.0386474152502
163.66650533	0.0386135062856
162.301197816	0.0392128880247
178.513474923	0.032660759014
171.576997301	0.0353119120156
161.32919391	0.039486399498
173.741518043	0.0344355007222
172.017208133	0.0351457378912
173.381847924	0.0344242395887
178.637282171	0.0325666423059
161.875649213	0.0393565386299
172.410586469	0.0349928588219
176.562124974	0.0333178352074
166.470315897	0.0374028700143
170.046149595	0.0357921739964
149.191848947	0.0454322649236
181.564507654	0.0315191315492
167.051454892	0.0371533892048
172.391310229	0.0349091328229
175.214429239	0.0338938382428
166.380239039	0.037438934664
176.87701565	0.0332327533951
181.06495711	0.0317208749291
169.983655023	0.0359107170773
166.810834083	0.0371684204532
171.055658594	0.0355212670204
179.946241297	0.0321565400413
180.530498259	0.0319349797296
172.609452388	0.0348337307804
164.21735484	0.0381367049495
178.297937486	0.0327065961368
174.187883065	0.0342520034279
162.538161863	0.0389742728332
180.548895679	0.0318123054093
174.09004163	0.0342942962217
166.473603297	0.0371869876384
163.346086271	0.0384950677074
165.252681703	0.0376309197948
183.155737962	0.03095802933
180.697872968	0.0318491642038
149.02744835	0.0450591654541
162.145209359	0.0390440485951
163.758348114	0.0385323850742
171.901305004	0.0350211566258
166.636937445	0.0373078507402
160.454842259	0.0400004356731
165.998866091	0.0375927286746
170.148822325	0.0358809142721
177.819422178	0.0329049297646
176.368277144	0.0334417663382
185.52411551	0.0301003069194
179.887733552	0.0321616099192
183.023313044	0.0310269441627
173.435164208	0.0344714077416
170.645928303	0.0356960361079
176.419717554	0.0334465931156
176.879897075	0.0331593831306
166.877738112	0.0372013877695
184.070143386	0.0306377037077
169.7654533	0.0360183845487
185.088654637	0.0302858255425
167.952746116	0.0365701771098
181.643702182	0.0314736190593
168.938334938	0.0362981324569
177.497803058	0.0330009164871
181.051187782	0.0316595967779
177.718726042	0.0329050588332
165.439290495	0.0376316655061
177.328159756	0.032999532069
184.118160026	0.0306336214084
164.536386164	0.0382231048013
180.182272335	0.0320780492809
171.30495712	0.0354190496779
168.02755959	0.0367456205373
172.305310527	0.0349390822565
171.343886728	0.035398188704
179.927135349	0.0320970931078
173.841928726	0.0342630329255
175.025812091	0.0339364274697
182.440478162	0.0312492909961
174.442598204	0.0339992568481
183.145444841	0.0309623332859
177.500777541	0.03288799504
179.970385723	0.0320668330409
177.262172821	0.0331058263557
177.970663329	0.0327898980875
184.099468952	0.0306050127783
180.127224777	0.0318871864467
185.516343873	0.030176962859
175.307800382	0.0336827214806
178.383513481	0.032684019105
181.906763	0.0313687786934
182.086111884	0.0313112251032
183.461422024	0.0308499901051
185.162989165	0.0302639074422
182.053070136	0.0313911677583
180.15326822	0.0319497856122
187.255908723	0.0295806007977
183.760214255	0.0307900753303
181.361182793	0.0316273316364
176.625651693	0.0332825232792
180.43254536	0.0319659601786
180.656137303	0.0318745254129
182.990988362	0.0310507136425
181.270113893	0.0316559244967
182.044451077	0.0313778123167
176.430655125	0.0334176607094
182.530549849	0.0311862483332
184.677958389	0.0304455003916
178.281527099	0.0326764514488
177.91246127	0.0328675740398
180.37533456	0.0318869323414
183.422474236	0.0308713329007
183.216055583	0.0309055145319
172.313550002	0.0349917058691
183.551859623	0.0308015544831
181.139174717	0.031668529086
189.362892871	0.0288806146044
168.024110887	0.0367245152904
185.231378285	0.0302219421251
178.136105022	0.0327535213681
181.853294017	0.0313793250221
184.16845643	0.0306354420532
185.691814798	0.0300994135129
182.072907516	0.0313325566922
177.544085359	0.0328629921175
187.124723882	0.0295863129746
180.779062248	0.0318040886004
179.171573094	0.0323888242544
183.906412591	0.0307329869739
180.109890935	0.0320193396164
177.944015014	0.0328423049489
177.969117604	0.0327930544825
185.448340954	0.0302033853893
188.323638506	0.0292326290491
177.632309545	0.0329781421345
183.161279231	0.030971187742
175.544593427	0.0337574397344
184.495767366	0.0305320439433
175.361676639	0.0338453564384
180.126939643	0.0320263260149
179.77847628	0.0322059610041
184.791369634	0.030414429147
173.705450743	0.0344569884788
184.809400904	0.0304277810153
172.562307689	0.0349144636444
178.803435866	0.0325483783983
176.186973908	0.0333700131547
176.761114051	0.0330593233567
183.021448702	0.0310135586127
178.463064951	0.032454641837
177.998381496	0.0327349374036
172.944284604	0.0344773330429
186.88515095	0.029700329252
180.006056954	0.0319329699468
189.28749063	0.0288766479228
188.07565215	0.0292644639217
187.607428059	0.0294421429175
190.588715313	0.0284826036366
189.447377956	0.0288594137238
182.563808529	0.0311451933661
185.287552787	0.0302307503223
186.791258162	0.0297235977299
185.944887274	0.0300189918449
180.786134769	0.0318064580622
186.771018216	0.0297437760034
183.784719832	0.0307580523668
182.53416643	0.0311830392372
186.474597537	0.0298573214073
185.020997443	0.0303365399745
186.844899944	0.0297202515325
180.664067225	0.0318549363094
183.6429096	0.0308297561583
183.588348451	0.0308316992573
184.703419768	0.0304613490481
182.493980215	0.0312044863373
182.2245094	0.0312994354675
187.192643257	0.0296110040563
183.20011499	0.0309626770916
184.521297688	0.0304901627955
186.978708597	0.0296853036811
182.028717915	0.0313277932474
180.445792438	0.031888487611
183.973791087	0.0306859020881
178.836481839	0.0325418916764
184.443821714	0.0304960928479
188.234042568	0.0292039984593
184.104821767	0.0305946676011
187.690401021	0.0294117676655
189.516892283	0.0288158062713
182.117842523	0.0312985321261
192.608144218	0.027836905998
185.635031589	0.03009914679
187.423162584	0.0294260209319
186.376924847	0.0298601722378
180.751561171	0.0316626318186
184.874068653	0.0303654902074
180.135776577	0.0319524428258
160.216237846	0.0396770443053
179.60268297	0.0320450444839
172.024029462	0.0351224673355
183.330970836	0.0309232244548
191.019783962	0.0283371104899
190.607111313	0.0284854991486
187.487925388	0.0295327073449
189.319001009	0.028922283132
181.033858785	0.031745019483
184.282622956	0.0305725312274
185.735413684	0.0301218463161
184.81274346	0.0304463439692
186.181634726	0.0299809836314
184.272466194	0.0306311392021
182.418436431	0.0312698843023
183.360021279	0.0309318804539
186.827237723	0.0297685518549
186.569864378	0.0298505374276
190.345147961	0.0285933831524
191.180076867	0.0283017817414
184.342568764	0.0305437567734
192.278550796	0.0279708213206
189.565896537	0.0288140726121
188.8135456	0.0290426057837
184.782552534	0.0303492090575
185.240799223	0.0301851229293
188.31468637	0.0291617809504
188.112261435	0.0293004846332
187.648508125	0.0293804469783
188.659035777	0.0291520598956
188.264488742	0.0292299118337
187.885506824	0.0293874670288
191.264602099	0.028272482031
187.905680187	0.0293945269953
192.131594065	0.0279986271167
189.900297814	0.0287326840083
187.157785969	0.0296330428387
189.804992913	0.0287645822538
184.931583744	0.030375584299
195.343144791	0.0270212589029
190.764960311	0.0284682187839
190.779904564	0.0284509615877
192.226694661	0.028008667585
194.875070852	0.0271824663794
192.496240346	0.027905896299
195.195055724	0.027076101756
192.205745311	0.0279883953086
193.122367456	0.0277313769829
192.043938389	0.0280334040194
189.01308739	0.0290412317026
189.212085305	0.0289579163861
187.018288645	0.0297135467845
195.065158759	0.0271216281708
192.222678754	0.0280191984204
190.93351322	0.0284296351012
188.498439484	0.0292271106952
188.949796349	0.0290912211586
189.833232973	0.0288008777866
188.442264837	0.0292539645293
185.936580527	0.0300703228576
191.111652302	0.0283848406395
189.883549437	0.0287717846064
189.401763422	0.0289320237774
187.697582726	0.0294860931062
191.961252268	0.0281154895092
192.334714163	0.0279918887549
189.230343578	0.0289872228416
190.272472444	0.0286542410936
193.700049887	0.0275728996562
193.942945043	0.0274839037323
192.750306664	0.0278529731651
193.572937104	0.0275854998271
195.532573477	0.0269965724349
194.453809287	0.0273105410726
192.529403999	0.0279050490449
191.028380376	0.0283841932585
195.264147572	0.0270623550531
195.551660987	0.0269725023895
193.517174317	0.0275720783131
192.704446897	0.0278204545323
190.260211064	0.0285752134
191.729486092	0.0281173478265
190.482057323	0.0285018712899
191.091953301	0.0283118592063
190.792624462	0.0284039901841
188.575231519	0.0291306675922
189.557103774	0.0288078134916
188.584438928	0.0291695173329
189.119455842	0.0289298797446
186.772035649	0.0297305134538
186.223919365	0.0299471639638
191.244815085	0.0283024363432
189.513568284	0.0288633063743
187.988796173	0.0293818331518
190.778128125	0.0284676303897
189.621411067	0.0288673488685
191.802879267	0.0281098337939
187.542975157	0.0295171116137
189.068915673	0.0290364848748
191.203731822	0.0283645377376
191.625209001	0.0282154814936
189.490487293	0.0288886164362
194.361118128	0.0273624832009
190.731319904	0.02847469074
190.775479963	0.0284846200487
187.935867131	0.0293761618892
190.487694689	0.0285988564902
191.036919133	0.0284141044055
190.116216286	0.0287177644157
190.594597703	0.0285598320099
189.0186734	0.0290715846494
190.705859572	0.0285069348755
191.915482163	0.0281472576422
191.338013567	0.0283155275658
190.784872667	0.0285041913723
192.123766784	0.0280710339578
193.087192479	0.0277681308678
192.930301491	0.0278306663392
193.635366984	0.0275876412006
192.673638159	0.0278986666418
194.001210598	0.0274793158977
195.204951586	0.0271109119909
193.3584535	0.0276637523253
192.009973061	0.0280838076659
194.357679905	0.0273510307222
194.249066312	0.0273827592565
194.176197622	0.0273952159763
193.955845969	0.0274579758258
193.755712162	0.0275179818317
193.076688526	0.0277193837694
191.763578171	0.0281454412906
191.725649584	0.0281650743682
193.334086534	0.0276664715934
193.650690778	0.027561466586
192.762545304	0.02784677294
193.031377659	0.0277469464178
194.232371667	0.027390418354
193.321258092	0.0276579634543
191.753330631	0.0281570232467
191.191587956	0.0283376025362
192.021877917	0.0280720407443
191.546875139	0.0282262440902
194.307996625	0.0273704296731
194.683714316	0.0272504002643
193.701933895	0.0275444546762
192.187317376	0.0280241627902
194.007116127	0.0274573188427
194.436773898	0.0273278576638
193.806014548	0.0275171649585
193.125608361	0.0277303489339
194.503545829	0.0273027990405
194.626305746	0.0272696423181
193.567958865	0.0275914775948
192.943476867	0.0277908904461
194.365160567	0.0273484627028
194.209328717	0.0274072944733
195.200471124	0.0271081976509
195.282605803	0.027084790011
194.869759607	0.0272088161198
193.434783378	0.0276451139514
193.871406352	0.0275151132991
195.172848061	0.0271031106899
194.746245287	0.0272591155491
195.920633994	0.0268809098352
195.356350732	0.0270723868572
196.086410134	0.026854668314
192.689584326	0.0278928865156
187.040064127	0.0297020318011
190.596820285	0.0285620996008
188.218966697	0.02932311762
194.46484931	0.0273327488897
192.573681614	0.0279033842965
184.995209171	0.030339267859
186.706946338	0.0297855873735
192.469615703	0.0279901109823
191.65251788	0.0282239263401
193.425480444	0.0276790393239
187.742956781	0.0294539084672
189.788880462	0.0288268992227
196.049954093	0.0268593645597
188.265101829	0.0293294822607
192.38121044	0.027963728777
192.229992617	0.0280514006117
193.238144638	0.0276993547391
195.784709696	0.0269373812295
192.250011575	0.0279811620333
191.888899658	0.0281480632986
194.076530182	0.0274397012702
193.164254027	0.0277369369519
193.79256811	0.0275321250211
193.837625124	0.0275275183677
190.893781305	0.028447985079
190.662760813	0.0284994992
191.560598327	0.0282047790646
191.814145147	0.0281356274394
193.997346183	0.0274718095426
192.916551631	0.0278286812781
192.403181881	0.0279973228907
190.14104352	0.0287181153675
188.667658214	0.0292013867351
191.492284822	0.0282691696606
193.677470273	0.0275884470786
192.470564658	0.0279702194834
193.125824607	0.0277475501809
194.061462504	0.02746585224
193.341673026	0.0276786581368
193.17052262	0.0277606455053
193.939764774	0.0274960896674
193.620517661	0.0276077471611
191.417414488	0.0282793671836
193.521406906	0.0276090207194
193.087859888	0.0277617241198
193.382562091	0.027664306642
192.630949284	0.0279241652801
194.091858221	0.0274240730952
192.838682152	0.0278445625979
193.803643971	0.0275342327776
193.360708629	0.027676860437
193.243295245	0.0277137560676
193.767238889	0.0275349908304
194.246669509	0.0273924361177
193.405672137	0.0276608015587
194.919525199	0.0272117453887
195.386547	0.0270578440119
195.445012304	0.027055323934
195.699164203	0.0269727908166
195.380207528	0.0270692121235
195.263245858	0.0271154936128
195.168436314	0.0271470685159
194.976785121	0.0272019168952
194.473404702	0.027371697047
193.97944369	0.0275183260013
193.132126244	0.0277673313806
191.485936079	0.0282845576192
193.154985996	0.0277749585162
191.963588401	0.0281611362255
193.332401864	0.02771378428
192.6693255	0.0279203241891
193.504660757	0.0276503172026
192.342128871	0.0280144123729
192.840517623	0.0278542053673
193.025654371	0.0278024532246
194.028872032	0.0275088993203
193.440509983	0.0276893100591
192.48415477	0.0279780554488
193.071162801	0.0277866630829
193.744493486	0.0275950436713
193.672224064	0.0276211343357
192.859399837	0.0278579379206
193.381421102	0.0276946888007
193.591335558	0.0276379270454
193.879463394	0.0275408539158
193.679043392	0.0275968504678
193.068678271	0.0277858737209
193.989784769	0.0275089500545
193.990976272	0.0275054143663
193.457429274	0.0276735201627
194.292750063	0.0274185981157
194.771591849	0.0272799407593
194.085332389	0.0274729273693
194.147028759	0.0274522630273
194.744790245	0.0272902249184
194.779232905	0.0272672099465
194.857748825	0.0272571044311
194.718356836	0.0273056403976
194.00892755	0.0275212611567
195.386242432	0.0270957135217
194.87934947	0.0272597818706
195.833116244	0.0269649087465
195.612625863	0.0270347881163
195.445899664	0.0270665416006
195.655773818	0.0270027361195
195.601633995	0.0270390580562
195.499062453	0.0270506919892
196.113544289	0.0268817941048
195.847159513	0.026957854477
195.898129106	0.0269496060062
194.863025346	0.0272583769889
195.469139403	0.027078540093
195.685388194	0.0270120901287
195.632951773	0.0270131523056
196.048378785	0.0268972378471
195.426537517	0.0270939747286
195.26231799	0.0271274105605
196.024812483	0.0269148713292
195.668777563	0.0270227251963
195.642167561	0.027027791719
196.214810242	0.0268556690956
196.631041301	0.0267322268956
196.429711899	0.0267921081254
196.794998747	0.026682579434
195.729739212	0.027002535215
195.66267956	0.0270213874638
196.591520136	0.0267439640342
196.765726283	0.0266857738257
196.787810867	0.0266806936052
196.47020692	0.0267812323366
196.683450812	0.0267113736938
196.486396767	0.0267586179005
196.774872404	0.0266807836674
196.242630485	0.0268490983014
195.897003665	0.026951360454
196.191156854	0.0268470822058
196.448780787	0.0267849051805
196.141934891	0.0268766038378
196.316949497	0.0268239173937
196.226337	0.0268412780911
196.504083236	0.0267610106737
196.527838208	0.0267560525672
196.080116293	0.0268772397415
196.359864744	0.0267973240973
195.806476137	0.0269557678648
195.604127935	0.0270117135475
195.728162772	0.0269764454102
196.513163961	0.0267676122708
196.318922026	0.0268236391125
196.306216823	0.0268288363352
195.65020536	0.0270277569995
196.454211764	0.0267667715482
196.756433109	0.0266931969365
196.262683544	0.0268437185997
196.741088161	0.0266886465408
196.711059559	0.0267017673804
196.503090848	0.0267702261836
196.656072914	0.0267230481029
196.561059618	0.02675189067
196.896775068	0.026626580376
197.448432239	0.0264752271188
197.492141792	0.0264665174373
197.794436026	0.0263735077251
197.028514835	0.026592537968
197.818323821	0.0263600019976
196.911760319	0.0266225312303
197.934282593	0.0263416845475
197.150590483	0.0265841425462
197.616260406	0.0264403677235
197.704407189	0.0263960708723
198.42208448	0.0261954281875
198.044406878	0.0263069316236
198.256482916	0.026248793957
197.425042286	0.0265005496924
199.01289263	0.0260195859443
197.992473159	0.0263033785262
198.978847757	0.0260355534627
198.335919762	0.0262083451653
198.901949676	0.0260278911656
198.050423438	0.0262813900072
199.338688298	0.0259286680535
198.849247035	0.0260650673024
199.538392481	0.0258575440086
198.900632669	0.026043992458
199.677228055	0.0258129577575
199.028478427	0.0260117855366
199.408286739	0.0259120292811
199.319377739	0.0259348444355
199.749433932	0.0257871354422
198.89332958	0.0260326374909
199.683058521	0.0258054114635
199.214497565	0.0259397877801
199.945163892	0.0257493576694
199.794484318	0.0257860026259
199.885763151	0.0257679024713
199.934915205	0.0257504470307
200.014558413	0.0257103610505
199.923522653	0.0257593295532
200.174346286	0.0256696572622
200.22084772	0.0256688740123
200.168181555	0.025679508286
200.31044844	0.0256216858609
200.213880829	0.0256696964202
200.672750411	0.0255203787759
200.348762783	0.0256284506463
200.993825207	0.0254379874975
200.286315849	0.0256294677989
200.737375563	0.025495785895
200.544968569	0.0255744355214
201.159348318	0.025379170746
200.688539398	0.0255103319573
201.053212614	0.0253982761393
200.57541212	0.0255360576981
201.518489961	0.0252665389634
201.197253603	0.025369526394
201.986383695	0.0251486150186
201.318382547	0.025329626792
201.890770895	0.0251555976098
201.139225136	0.0253723899009
202.224477525	0.0250619012076
201.773377084	0.0252100099304
202.525383501	0.0249804881357
201.601114263	0.0252449010787
202.722109755	0.0249228017054
201.910298768	0.0251748790541
203.079266569	0.0248315682154
202.264208427	0.0250673223562
203.277691105	0.0247701202578
202.105613277	0.0250985750452
203.322557538	0.0247511748368
202.234709328	0.0250616451904
203.439038207	0.0247383985281
202.502370602	0.0250010264518
203.669485865	0.0246677373069
202.568161192	0.0249886229568
203.78538865	0.0246359176044
202.43944941	0.025025355795
203.505593492	0.0247275008703
202.515590738	0.0250043749543
203.743008403	0.0246578488282
202.704335288	0.0249486679207
203.82307671	0.0246217622205
203.064502493	0.0248381170218
204.326232582	0.024473816965
202.8413553	0.0248924411366
204.381281692	0.0244723576975
203.283978367	0.0247843666247
204.270111014	0.0244951719923
203.322648786	0.0247727725121
204.303907488	0.0245028423829
203.413190623	0.0247385085365
204.132326571	0.0245271509791
203.348208354	0.024745570229
204.622299351	0.0244094058029
203.688115916	0.0246758023759
204.791366617	0.0243672386231
203.645844289	0.0246865201351
204.925287348	0.0243318155419
204.200654086	0.0245240323501
204.608727476	0.0244226044341
204.560538164	0.0244313920184
204.907702091	0.0243251143296
204.622009227	0.0244003258799
205.056815675	0.0242958801311
204.880989549	0.0243418975931
205.239033266	0.024234731474
204.861144616	0.0243294005856
205.205289153	0.0242432358326
205.145606672	0.0242632364215
205.140052964	0.0242728235421
205.123370457	0.0242805699667
205.385686571	0.0242007839794
205.234966593	0.0242470610875
205.47242837	0.0241733272089
205.343686893	0.0242149731682
205.617969817	0.0241390715537
205.66086013	0.0241181587626
205.795644195	0.0240946512792
205.8712412	0.0240696737137
206.009238765	0.0240314405847
206.137233726	0.024004500316
206.176967364	0.0239836821351
206.203798194	0.0239805031808
206.356644361	0.0239432233494
206.488120533	0.0239027078251
206.495647355	0.0239073176915
206.668439614	0.0238532766617
206.597066226	0.023873188242
206.819503339	0.0238171381357
206.683755042	0.0238421256314
207.078587917	0.0237485130139
206.92439372	0.023781736803
207.122874995	0.0237261278194
207.055194446	0.0237523625864
207.255175979	0.0236973976036
207.256601915	0.02369166193
207.369707295	0.0236608807423
207.391239716	0.0236553415648
207.413002565	0.0236549912243
207.512884127	0.0236343124758
207.3982434	0.0236640361149
207.580123647	0.0236196004754
213.660678207	0.0220362257822
218.913732491	0.0207698061793
224.117682651	0.0195900274912
228.52210781	0.0186500167187
232.589106981	0.0178226194142
236.216600768	0.0171062595336
238.986943196	0.0165766383191
241.883584268	0.0160452611829
244.288799223	0.0156179590244
246.532226525	0.0152153876766
248.662915089	0.0148451280337
250.417963182	0.0145486787698
251.760403398	0.014327820658
253.008068443	0.0141267175823
254.036915111	0.0139692978989
255.091505671	0.0138172993166
255.895414554	0.013706872083
256.821085747	0.0135738055748
257.960139722	0.0134114935287
259.323562729	0.0132163912567
260.216914367	0.0130846971767
261.200521906	0.012938607834
261.479705198	0.0128968069017
262.014926708	0.0128193099226
262.575107769	0.0127353698141
262.741762533	0.0127153272525
263.018337813	0.0126778231464
263.431142088	0.0126187163017
263.630961677	0.0125913495276
263.653462565	0.0125888350353
263.718812944	0.0125782930644
263.759488527	0.0125726175707
263.53884864	0.0126062908321
263.510115293	0.0126093417697
263.469889779	0.0126188236175
263.304167412	0.0126417622124
263.320589162	0.0126429027227
263.102107776	0.0126746190425
262.887234508	0.0127020199398
262.885730614	0.0127065293994
262.571656348	0.0127492223392
262.80348213	0.0127188986425
262.7216531	0.0127324329097
262.504758973	0.0127653420356
262.43327248	0.0127733315501
262.171060945	0.0128132295427
261.826294611	0.0128635874976
261.501996397	0.0129104119712
261.249678379	0.012946352817
260.836778292	0.0130025274816
260.227935268	0.0130901325761
259.839366322	0.0131502543994
259.855268005	0.0131477884037
262.639721182	0.0127408465966