6	-0.07197280323491578
7	-0.08824607446450188
11	-0.09439633970399744
17	-0.14538599480829179
19	-0.12834777309262443
21	-0.1196001766764867
22	-0.11725338187889386
23	-0.08887044822248953
24	-0.08003775012957638
25	-0.08574963385804717
26	-0.09433070791567195
29	-0.13052657788538796
37	-0.10104433195775561
39	-0.061062005422670915
40	-0.04942588284594946
41	-0.04111535328462425
42	-0.020198455692153082
43	-0.03200542825100081
45	-0.03627832082379057
46	-0.04127095398947701
47	-0.03208895436168444
48	-0.03358171295276095
49	-0.045026102492363516
53	-0.0549126195614488
54	-0.04223877494736115
61	-0.05852037052695605
62	-0.05076800010767396
63	-0.05225413988887158
64	-0.0627142909142415
65	-0.05953117094524123
66	-0.052851045702342905
67	-0.05897035826924807
68	-0.06658071135609059
69	-0.05694633566639509
70	-0.05361833701883903
72	-0.06525129422368686
73	-0.05644359456732953
74	-0.05913879925111247
76	-0.0678850828963262
79	-0.06214763499601592
80	-0.06373917768521876
84	-0.12699922146195347
86	-0.10165166597373078
90	-0.0496345343738069
91	-0.047469907115202103
92	-0.05474010962035229
94	-0.043496651607322356
95	-0.044270590072911856
97	-0.042016884048840596
98	-0.03826591839383413
99	-0.03029435880669185
100	-0.03422737641024296
104	-0.03219441682929666
105	-0.04157055870750331
107	-0.04382316561905795
113	-0.05026026407282342
114	-0.008405120574598928
115	0.004590770325538347
116	0.06050320822853924
117	0.03327742507663351
118	0.07034325795253749
119	0.1129348168830303
121	0.07732578758681205
125	0.19841507578921683
126	0.49106965049594375
127	0.660043515313477
128	2.3832460041645276
165	-0.06309147367523163
166	-0.1001893548774782
167	-0.17586859484675685
168	-0.15484208943288277
170	-0.1036871884265046
172	-0.09288259579671726
175	-0.09032090194428713
176	-0.06098492583572584
178	-0.06366912228070494
189	-0.025296184565145565
190	-0.023053141248824655
191	-0.02694689276600905
192	-0.02468292179854884
193	-0.026546882316757982
194	-0.011918381634312063
195	-0.010336508302441101
196	0.01640631650790039
197	0.02684106331370644
198	0.06354286820203957
199	0.07355799733199661
200	0.1051296493505565
201	0.08053862152163696
202	0.04291280989369354
206	-0.002142538274871964
207	0.002470478205245959
208	-0.017490653988989007
211	-0.01728793308427455
