100	-0.04469	0.0	0.988545336454	0.0114546635461	0.0
104	-0.03414	0.000824152592586	0.621879604482	0.376435425999	0.000860816926416
105	-0.03811	0.0	0.0	1.0	0.0
107	-0.03892	0.0	0.0	1.0	0.0
11	-0.087	1.0	0.0	0.0	0.0
113	-0.04282	1.0	0.0	0.0	0.0
114	-0.006388	0.0	0.0	1.0	0.0
115	0.0002292	1.0	0.0	0.0	0.0
116	0.04081	0.0623281336326	0.928183737889	0.00948812847884	0.0
117	0.02103	0.0	1.0	0.0	0.0
118	0.05057	0.0	1.0	0.0	0.0
119	0.07698	0.0	0.970358124683	0.0	0.0296418753171
121	0.08502	0.0	0.0	0.0	1.0
125	0.1776	0.0	0.0	0.0	1.0
126	0.4883	0.0	1.0	0.0	0.0
127	0.6292	0.0	0.0	0.0	1.0
128	2.266	0.0	0.950507138687	0.0	0.0494928613134
165	-0.09558	0.0	1.0	0.0	0.0
166	-0.08718	0.0	0.506191110893	0.0	0.493808889107
167	-0.1104	0.0	0.0	0.0	1.0
168	-0.1078	0.0	0.0	0.0	1.0
17	-0.1273	1.0	0.0	0.0	0.0
170	-0.07945	0.0	0.0	1.0	0.0
172	-0.07296	0.0	1.0	0.0	0.0
175	-0.07904	0.0	1.0	0.0	0.0
176	-0.05683	0.0	0.0	1.0	0.0
178	-0.0571	0.0	0.0	1.0	0.0
189	-0.02445	0.0	0.0	1.0	0.0
190	-0.02233	0.513403801117	0.0	0.486596198883	0.0
191	-0.0244	0.0	0.0	1.0	0.0
192	-0.02114	0.0	0.0	1.0	0.0
193	-0.02562	0.998665788388	0.0	0.00133421161235	0.0
194	-0.009376	0.940653316775	0.0	0.0593466832251	0.0
195	-0.008041	1.0	0.0	0.0	0.0
196	0.01506	1.0	0.0	0.0	0.0
197	0.01889	0.0618638977197	0.0	0.93813610228	0.0
198	0.04991	0.98046618694	0.0	0.0195338130596	0.0
199	0.06688	1.0	0.0	0.0	0.0
200	0.09862	4.01465959149e-30	0.0	1.0	0.0
201	0.07134	1.0	0.0	3.92354120281e-129	0.0
202	0.02789	0.470971160098	0.0	0.529028839902	0.0
206	-0.00506	0.618995369452	0.0	0.381004630548	0.0
207	0.00111	1.0	0.0	0.0	0.0
208	-0.01635	0.0425501802043	0.0	0.957449819796	0.0
211	-0.01791	4.92922270445e-09	0.0	0.999999995071	0.0
23	-0.09219	0.510917982322	0.0	0.489082017678	0.0
24	-0.08104	0.0	0.0	1.0	0.0
25	-0.08864	1.0	0.0	0.0	0.0
26	-0.09136	0.0	0.0	1.0	0.0
39	-0.0814	0.0	1.0	0.0	0.0
40	-0.06851	0.0	0.206795695349	0.0	0.793204304651
41	-0.03397	0.0	1.0	0.0	0.0
42	-0.003227	0.0	0.300825711079	0.0	0.699174288921
43	-0.01791	0.0	1.0	0.0	0.0
45	-0.03077	0.0	0.502463083626	0.0	0.497536916374
46	-0.03665	0.0	0.98630455365	0.0	0.0136954463503
47	-0.0164	0.0	0.0	0.0	1.0
48	-0.022	0.0	0.54740876676	0.0	0.45259123324
49	-0.03953	0.0	1.0	0.0	0.0
53	-0.05921	0.0	0.0	0.0	1.0
54	-0.05086	0.0	0.529112194917	0.0	0.470887805083
6	-0.06378	0.0	0.0	1.0	0.0
61	-0.07266	0.0	1.0	0.0	0.0
62	-0.05318	0.0	0.0172485712717	0.0	0.982751428728
63	-0.05477	0.0	0.0	0.0	1.0
64	-0.06645	0.0	0.0	0.0	1.0
65	-0.06141	0.0	1.0	0.0	0.0
66	-0.05877	0.0	1.0	0.0	3.98390509285e-149
67	-0.06401	0.0	0.0	0.0	1.0
68	-0.06846	0.0	1.0	0.0	0.0
69	-0.05863	0.0	1.0	0.0	1.66213341252e-233
7	-0.07937	0.0	1.0	0.0	0.0
70	-0.057	0.0	0.0	0.0	1.0
72	-0.06109	0.0	0.0	0.0	1.0
73	-0.05473	0.0	0.0	0.0	1.0
74	-0.05597	0.0	0.79850958974	0.0	0.20149041026
76	-0.06022	0.0	0.483799196423	0.0	0.516200803577
79	-0.05419	0.0	0.0	1.0	0.0
80	-0.05404	0.8095850487	0.0	0.1904149513	0.0
84	-0.1189	0.0	0.0	1.0	0.0
86	-0.097	0.0	0.999994765749	5.23425142756e-06	0.0
90	-0.05489	0.0	1.0	0.0	0.0
91	-0.0539	0.0	0.0	0.271202461398	0.728797538602
92	-0.06151	0.0	0.012095034139	0.0	0.987904965861
94	-0.04732	0.0	0.998596565362	0.00140343463846	0.0
95	-0.04865	0.0	0.955629996025	0.0	0.0443700039753
97	-0.04466	0.0	0.315260200052	0.684739799948	0.0
98	-0.04071	0.0	0.958621715962	0.0305475564809	0.010830727557
99	-0.04353	0.0	0.0257392095161	0.974260790484	0.0