-82.2983491646	0.611309082471
-19.9596397115	0.300393813942
-46.6812183296	0.406737547593
-39.4509460444	0.370116568741
-30.7692466681	0.330463301769
-58.2927857857	0.462005056612
-33.2131132967	0.353196566208
-46.0755135716	0.407800259764
-24.4345586827	0.31697914898
-64.848114273	0.503676514163
-4.83163741294	0.255947735133
-45.3717479994	0.404270724674
-32.6016246115	0.350865193708
-61.8765161887	0.487049505693
-9.72841976005	0.269486033819
-27.4843063909	0.330629756981
10.658783519	0.214805538535
-44.8404892929	0.4026014314
-2.00764510397	0.247536120548
-54.3558177351	0.439751722876
-29.9234054323	0.337855142893
-73.0408604284	0.552036894669
-37.9948508789	0.372406228846
15.0960442786	0.204187265887
12.6790765866	0.209457159434
20.6352053043	0.191751576013
-22.8198097234	0.313823719045
-17.0723199379	0.294481094573
22.6139456113	0.187848430534
13.0019433777	0.209134872414
-52.5952799018	0.439303282246
-22.6894226508	0.300616799229
-18.4327306909	0.299317003366
38.1234980822	0.157252551752
-7.47966832078	0.251675471421
-10.2723573629	0.260157309347
12.7835218875	0.209746649661
-34.0067463276	0.356063394363
-41.2169368016	0.378724259078
-19.7164807166	0.292183533652
-34.1376380526	0.350804154379
4.42116755094	0.231694329748
4.85303796734	0.230509080452
-44.2688351133	0.396248565927
-26.1939384141	0.322123126399
-43.7525392499	0.3962122165
-25.2156266434	0.322106375667
4.44551217658	0.230478127587
-36.4065058123	0.357544856974
22.1128380573	0.188794183202
51.159764944	0.13624038901
-57.0089563662	0.461637504323
8.76226906769	0.2194503214
-23.7453766377	0.316664862408
4.1302337764	0.230373742036
-57.0899983831	0.46155175654
-28.5633216997	0.334870109462
-15.9959005929	0.278796599439
4.57575575871	0.230190858393
31.5723629679	0.169439971323
-40.3193493937	0.380523821651
42.7306838951	0.149074008431
-55.1244064081	0.450528868353
-6.50197196358	0.253054815148
-0.096381831503	0.241675589266
29.7953430847	0.173549113831
58.8949192655	0.124349667251
-48.327235425	0.417158043731
-27.0558096519	0.326146906786
-5.38025996938	0.245981160545
-10.5081517957	0.270689001511
-31.1998256024	0.34411095343
19.0265227735	0.196378747405
-35.0211792771	0.359674940176
-9.17866580095	0.268051289708
19.1308166541	0.195181916713
48.2040730858	0.140546748843
-8.86114126992	0.266327224552
-10.1767365692	0.271091917174
-8.23826691948	0.262519162681
-8.72229639209	0.264770670518
-31.5160109552	0.346752094011
-37.1303529683	0.367058278661
-14.9850179419	0.287250573608
-43.6861971063	0.397522269527
-19.8484281895	0.299807128844
18.519525448	0.193405190782
66.3385705127	0.11418728534
0.242127991327	0.230740064141
-1.51118611936	0.243227489007
5.17088695155	0.224526287216
4.17147667079	0.226489258067
2.29143460021	0.236031060267
8.20019641988	0.220485297474
-13.1113245217	0.277418334467
-4.5316148997	0.246210952411
-8.51597398285	0.256343431975
3.33824931853	0.233981467333
-17.2481681855	0.294180040641
3.70378556864	0.232270616212
-23.0934779003	0.312937810824
9.56292820038	0.213645646469
7.59310398829	0.217782903061
-13.5797890675	0.274533128651
-3.15367692509	0.241713693121
36.082111278	0.161916591951
-20.9955976523	0.298881635318
38.6022388659	0.157163345366
-21.4583072651	0.309005783792
-15.0199817721	0.286804722029
-20.7765283301	0.300353130821
31.1618733606	0.171254309233
26.8102204477	0.179748123862
-27.0131891178	0.32897479809
-24.9155081849	0.319336081115
-1.71607050211	0.238566647289
3.84032976958	0.229939758908
-6.3026311244	0.252855836825
9.90417634748	0.217585077025
-1.37071084042	0.245653158994
17.6716358415	0.196161192788
-9.25074613362	0.263132009998
62.9147284205	0.119435027217
24.9437526289	0.183456791241
36.7748056567	0.160435895995
-36.9661649396	0.367540922182
-42.6718314215	0.388796353322
-3.51031378513	0.244184868201
20.3905545645	0.193172727351
-7.45977848381	0.255125327021
80.3231409709	0.0974179502029
-2.50632798026	0.250002339114
-12.9190414973	0.278926183553
-9.74480555589	0.269641565913
-7.39110792874	0.257929969426
-2.49717007071	0.249942004686
15.5428236999	0.201525505497
2.8158976433	0.23161015815
-7.72142357786	0.258625581337
-14.2544265777	0.282732801683
-27.485418312	0.321220497129
100.652215541	0.0775062761081
66.09787528	0.113732505276
21.4439196514	0.186986724433
-21.114690835	0.307363345363
-44.508791217	0.395457940605
61.4292965168	0.121405467149
49.5106300642	0.136554425628
14.2151022639	0.202848313505
-2.72831132423	0.243798939883
-28.7586018817	0.329664404765
12.6823308893	0.202465272863
20.3441367464	0.188696603606
41.0919672204	0.152526157123
-18.0582061607	0.297328897913
-52.8360214432	0.43938264081
62.4354715062	0.11876518824
-4.47263899527	0.249436826801
0.675037727941	0.231943663757
-15.3527657905	0.281923715047
39.0280041093	0.15614477633
38.4833813303	0.15555753381
-19.5112277584	0.302257422227
5.25340611604	0.228316285385
-18.2652288414	0.289969135339
-16.3987516211	0.281862287688
22.3111238214	0.188174494053
31.4410398262	0.169778227905
-9.89920944514	0.269419516866
4.12315818938	0.231300402048
-23.967282184	0.315781415228
31.1903915994	0.170794392739
14.1145901336	0.203381209605
5.00866155926	0.226084346023
64.7691882901	0.115558152571
12.5515506139	0.204932298139
20.9487794065	0.18816343193
-17.6544528651	0.29664004781
-21.9165065186	0.309425830276
-24.2339225718	0.315958301784
8.64251679939	0.219876739075
29.7050288775	0.1736394687
59.3071078938	0.122946668665
16.890422359	0.199385699962
-5.94734409003	0.253447383053
3.42011725668	0.23299535709
-1.99536059132	0.242445279707
-21.4070174717	0.302899545792
17.3750870198	0.199150097523
50.9433874776	0.136810706132
5.43324263055	0.22307859396
94.4953622678	0.0829793293995
51.4003773252	0.135704732722
107.455819624	0.0717463849152
7.74352257908	0.217926689311
4.43776560767	0.229900503354
12.3293509737	0.210308640614
14.7556876124	0.202536840779
30.0583972499	0.171359156501
6.81317854499	0.223844819267
96.4681522429	0.0816226143608
20.1553944417	0.190724924202
8.5148392283	0.21960886032
81.0747465403	0.0966468554318
43.2316224473	0.149106527533
-5.21146892458	0.247273134791
42.6127591768	0.149262422425
-9.52893737618	0.262239847538
16.1843528614	0.197577196052
94.5603292166	0.0835855679473
45.6804354871	0.14481451818
1.14962363361	0.231869627831
16.0135832756	0.196626154597
-11.9916457694	0.272118756795
50.3663097524	0.13463695837
3.53349893188	0.227213584208
4.23771947027	0.222984070388
52.7772939932	0.133934296527
42.6723777209	0.149679908958
4.53134358877	0.229816252735
12.2148663873	0.206414032843
37.1321035365	0.158531189399
43.5577340359	0.148454775881
10.9380725925	0.213577113337
-7.74532310527	0.257991260808
-4.6662418334	0.25107091413
11.9192907261	0.205100302004
-7.55909036705	0.259239841271
5.89845369228	0.225070388396
110.687641501	0.0690702926043
20.8851341536	0.185356575614
23.590762321	0.179635691203
-4.60029594259	0.255403894135
-17.8305425776	0.292705951812
111.821887342	0.0682462635556
97.9658757287	0.079373605613
31.9513362184	0.168577310596
82.1963937172	0.0958363466641
42.503478155	0.148278055453
67.7109782925	0.111253031148
-11.9732204955	0.275710844231
28.5057286838	0.174553792751
14.9894634033	0.200292639528
6.42563480189	0.217198821343
101.781455295	0.0770661629912
-1.73850995387	0.242966585312
1.4873578522	0.231198630718
50.2780557655	0.137478420933
42.6085150033	0.149805622323
25.493878539	0.179369903909
44.9711299052	0.145677253519
83.0315693125	0.0943154332544
110.486062808	0.0696999441425
7.45867414867	0.218751880259
-3.23200436166	0.245578285513
27.9107746314	0.177132568235
14.5093056765	0.202854046245
48.2027494757	0.139028622288
23.351980419	0.183292125302
-11.6174416715	0.272106210324
8.8361125958	0.218780128345
60.1486531101	0.121213253765
-2.24648792427	0.242834886236
16.9824566946	0.19688723404
4.98555380967	0.220822250126
-2.5913201747	0.24732776661
92.1347470717	0.0849663998826
-3.15652621939	0.242368089191
0.874879944586	0.234338238646
42.2010292277	0.147614734236
13.3699586949	0.206177278774
68.8314878576	0.111367061393
14.9987224682	0.198540377622
39.5484850656	0.152039475315
50.2589596951	0.137510426998
23.2011504468	0.186747021554
112.515908724	0.0675347988466
65.5494333473	0.116069880473
8.46621534763	0.214989964252
-2.95987915906	0.246234341735
64.3702576896	0.115574296185
20.425987264	0.191958665755
13.1240345257	0.208626605136
49.19916188	0.138099251208
107.12864027	0.0715853030196
2.18991204962	0.229974541102
2.50019603019	0.229520572572
13.1172391232	0.204448355629
74.4303354497	0.103685039334
7.25086342781	0.217038486134
29.4605328782	0.173134338011
55.2968027498	0.129997483363
114.628953647	0.0657770132043
17.0105586269	0.19799025474
47.2170451981	0.142447238234
-7.05926622229	0.258491354491
8.61467446466	0.213048407848
46.8994754607	0.14008887225
28.4632378752	0.17166599699
7.63982120665	0.215421999228
1.13644114324	0.233260713661
23.01562444	0.183454175336
31.2578983637	0.168685532165
-17.2385516286	0.286305643384
1.01723788999	0.233546692025
16.2088874833	0.201889726852
-2.72392778582	0.243626486568
3.94354983607	0.224690259951
-11.6200449708	0.273086130003
75.4537404731	0.10273450448
20.4479144645	0.192186608668
25.9775256481	0.17852508573
29.7269304493	0.171474902163
51.7567139515	0.132719812559
66.0004774697	0.11491681368
18.6662129562	0.193327478112
25.9068770085	0.179756612977
17.64087653	0.192230913734
26.3173914757	0.17976725024
45.0311279301	0.145820816784
21.2283449376	0.187683872423
89.9490702153	0.0877223227531
36.8845330316	0.159731031162
27.7920226854	0.176243771632
88.4035459379	0.0894505995398
57.0226028396	0.127199426413
32.0773587484	0.166630727769
42.3398199707	0.147330364642
-4.55020375743	0.249248040303
70.6989522874	0.107275962826
36.1193674632	0.160367800003
67.2519746013	0.11384713993
68.2683758958	0.110169367819
5.43205646542	0.220279316203
37.2545479942	0.158694464081
8.34060139762	0.214314922644
20.2367743448	0.187270033604
6.04724502271	0.219595475559
19.9929584427	0.191870166812
25.8713568907	0.175475710684
54.2767093932	0.131252720664
9.52353242796	0.211976108347
51.2757933085	0.133458031732
45.3813880911	0.145475482888
-1.91335363667	0.244979378504
78.955731204	0.100008590871
66.3129142053	0.114644193918
8.66096715206	0.213667543744
33.7166811124	0.164034372792
85.5246454935	0.0908705907147
51.8957595747	0.132592996482
49.9525168446	0.135783779358
56.5718077626	0.128091298486
39.8498979729	0.151462781573
138.555064498	0.0504982489235
40.6951892573	0.150310198034
81.3051276825	0.0969468225838
43.1567404404	0.146281532872
74.6306145603	0.104438031697
27.2501226634	0.176360330353
101.502062905	0.0769566749772
23.7711342277	0.183841684154
5.61034064287	0.223020178521
113.638781388	0.0669648688464
21.6039427865	0.185704182436
39.1741997735	0.152690973364
19.6334978375	0.194292848722
39.0554515677	0.154950802397
40.6042413959	0.152472281051
40.6189354325	0.152955639446
49.4168968891	0.138853526904
68.425294338	0.112585961043
28.5936933686	0.173029042308
49.8615655009	0.135421084803
40.2547304867	0.152647776495
10.4640957694	0.20809017472
68.6111573487	0.111769970073
98.8578678583	0.0790020848121
58.6836733919	0.122877038964
75.6015066368	0.10391821225
114.038131623	0.0662847126243
79.2650609621	0.0981692876441
38.1947310047	0.157627233586
119.09524921	0.0631326062809
101.208394467	0.0778931836569
100.639292823	0.0777939275125
91.7996463864	0.0859618802687
112.647553184	0.0680586718216
27.3945383096	0.172752895809
12.6869503014	0.204297861682
27.865352415	0.171542316222
24.5780635647	0.181127585186
49.1992736636	0.136298245124
33.1753768671	0.165576264455
101.704708665	0.0759246109112
107.161776909	0.0720367080581
134.809663634	0.0523981602388
10.2061071705	0.21173013508
49.5668386716	0.137975755002
50.6294797586	0.135496231167
57.9635142039	0.126291202731
104.218806024	0.0738084801567
62.2386793074	0.117843483305
76.0945577514	0.103360430877
107.054658503	0.0728604518371
24.2848370523	0.1811543253
48.1179360567	0.138022948911
82.6773996137	0.0961136002002
110.540672349	0.0700282724792
97.4467252919	0.0809824713695
85.5081622382	0.0931559245774
94.5111283236	0.0834009714139
82.7061969365	0.0952668806611
116.085832995	0.0654697840254
50.9381409869	0.134321913283
68.1781861638	0.112840698853
92.5650563211	0.0858974256687
115.720502731	0.0658599979381
93.8760542189	0.0848042112563
28.315164883	0.173680143615
13.3979863793	0.202864001154
54.2164453281	0.129281585314
25.711982818	0.176036291883
9.89948547757	0.209776726714
94.5226844499	0.0822622305829
76.4450008583	0.100971966902
36.720515854	0.15721230819
22.0896424391	0.185428933888
92.661295835	0.0859796634808
50.0824139333	0.134866894595
70.7995734422	0.109590199964
136.571907865	0.051483170421
51.2807301085	0.136154564444
96.4944953343	0.0818980431157
34.0818073355	0.162974428328
137.862830166	0.0507929574433
100.719160171	0.0765649897575
48.2756117202	0.139122774414
105.517169544	0.0726756295638
143.122355095	0.0478987734285
138.877469035	0.0501336334372
109.991213149	0.0692405436341
99.7521805628	0.0788095955568
44.3157483391	0.145078677077
125.749602326	0.0580890763413
104.398168703	0.0740623959253
107.891271153	0.072291727255
146.008086053	0.0465369672317
128.329149177	0.0571553717765
109.479541002	0.0706131772265
107.484918613	0.0726940119307
96.0710796771	0.0822666987857
110.541380005	0.0702268692742
123.277119957	0.0603836446852
112.053130309	0.0690146420822
121.00806891	0.0619202417141
107.974340173	0.0723407895788
69.622134713	0.110756522733
102.30955556	0.0771199197163
86.8000295144	0.0903499596931
78.5468765205	0.100666348128
71.1825165063	0.106343111843
110.146082583	0.0703679574596
72.9264312353	0.107083113686
96.9422172505	0.0813939739956
95.5136886772	0.081369121611
100.482396849	0.0782826257859
90.3697175513	0.0862726043379
116.49917926	0.0654738019203
73.0876881255	0.104132755886
122.843444839	0.0606901145043
48.7149044678	0.136671935544
19.2809475768	0.190825644781
54.1097423495	0.129335730845
76.0399871583	0.103405829991
99.6568617349	0.0775656489611
98.2088362175	0.0789351317659
58.3039941343	0.125355204669
60.604118453	0.122598178899
159.174558238	0.0400866994165
71.1845615967	0.106352591031
96.0286136229	0.0827630560239
143.404827525	0.0478070074128
83.9743935686	0.0944167555666
40.9206607266	0.15071437508
43.3716151792	0.144406377376
24.301961927	0.180705333201
20.7353974686	0.186287018482
148.874952635	0.0449727816543
83.9990054044	0.0947124656588
128.692160441	0.0562915715985
87.8867104369	0.0905886822145
118.598132873	0.0635079707869
103.117815995	0.07644672027
84.3896583643	0.0919573119646
90.6873959119	0.0857296246211
56.5691646463	0.126560942296
55.9948385856	0.127716703564
73.6186809936	0.104412143998
74.1334642319	0.104324663069
107.685236461	0.0721048721427
18.0361929594	0.19642178934
71.4888627366	0.108444120563
107.59390417	0.0716519408136
121.766445038	0.061592299173
50.6703903821	0.136054609307
140.905577245	0.0492600211957
78.7864916457	0.0978701954454
73.7174861342	0.105835712505
87.7460994358	0.089436112815
121.421739742	0.0615764751166
148.347579868	0.0452224126698
83.4690167113	0.0951314843098
111.351759064	0.0686906927899
73.4188599945	0.103650202963
83.82073679	0.0926837255638
50.3917222181	0.133881038695
22.0494246087	0.183718984157
52.8522520612	0.130551463644
67.6062248235	0.110788425525
57.2790651969	0.12677999837
147.958070196	0.0455307784393
53.4006900784	0.13227312591
119.616836609	0.0629434130466
132.984555827	0.0537168886852
114.798597398	0.0667238144885
23.1186414852	0.184507979401
149.662076999	0.0448258957816
85.3637134233	0.0926319931447
71.2900061421	0.108678882727
62.4745479243	0.119859361585
120.479258858	0.0625588377766
104.564759711	0.0751336874873
33.1629930204	0.16505039053
104.623363491	0.0751052380306
117.284311991	0.0648624726287
57.6501467825	0.124630624107
42.8612691354	0.145517267393
111.716486569	0.0685962209683
110.627126657	0.0702124420278
86.6155004751	0.0919823238122
61.9429936348	0.120191365458
103.96222453	0.0756619520248
85.9114078089	0.0926489350266
76.6870613577	0.10261323463
140.636236543	0.049811745818
59.399176584	0.124021640308
154.830911139	0.0424233875933
46.0381600267	0.144178375021
80.6902632925	0.0982212369809
102.593996687	0.0768848643442
56.3375740532	0.127606773316
93.9783168214	0.0847031731426
75.3877675066	0.103954427213
86.023238114	0.0925120078431
126.643916963	0.058509847514
79.8377158084	0.0992054565947
38.8968563287	0.155290659558
97.5142449799	0.08140739098
103.989878049	0.0742771020035
72.1242103037	0.105894914952
97.0473400738	0.0798755651002
67.2763723789	0.11093791525
127.586378783	0.0572615833659
78.645080057	0.0979364812663
98.5661409191	0.0787249186653
74.5974190678	0.102306802026
122.079192338	0.060505565599
82.1682008751	0.0945677973609
62.0716670186	0.118179394333
106.911472138	0.0716012321811
51.3373806477	0.131968037297
62.3628940506	0.117736850883
70.212740195	0.10764208401
65.7105769968	0.115993062561
51.3925628467	0.135199897298
66.5268875915	0.112049850646
143.42143595	0.0477996859724
71.0500362206	0.106776254009
67.8779461045	0.110096800008
61.5359606678	0.121034064247
132.88024056	0.0543092438609
85.487302349	0.0931016481153
79.684185283	0.0966563085236
77.0688540097	0.102037382335
73.4374689816	0.103894788159
126.733864596	0.0581759978374
81.1870655569	0.0954188386965
61.0787001574	0.121867500999
101.203812662	0.0761942839418
74.112123263	0.103757044904
71.9910750771	0.105043067624
77.6553865725	0.101559311688
105.126083348	0.0742986139317
87.0195173993	0.0913196432242
148.642603744	0.0454585282764
76.4830827944	0.100165309945
139.769449324	0.0501644650068
76.5407755051	0.0997872139598
60.7189171093	0.121628137751
124.433830517	0.059874764977
77.9049958031	0.098540764423
70.7107361266	0.10910935974
113.265141706	0.068016638966
89.1163973395	0.0890588647502
34.9176154547	0.161433226853
80.3266628029	0.0957573278627
102.903761073	0.0748129174894
60.2636456092	0.122371805391
49.7576598351	0.136956586774
141.666519858	0.0492023655459
60.1829852477	0.122270946034
116.927135988	0.0639552817269
77.3800787362	0.0996639291739
75.9952359376	0.100298505653
92.5379413226	0.0848860737731
102.671528448	0.0763065398353
72.6189154806	0.10494023589
53.3616747277	0.130349226246
81.3908753417	0.0947055983861
121.211107063	0.0609719565048
59.3404411533	0.122090154391
85.8414489819	0.0926856355642
120.458649182	0.0625816443915
95.535446479	0.0813789971629
146.037123319	0.0466098097101
152.648833366	0.0431846210764
102.927780866	0.0746487400777
128.049287054	0.0573453771674
80.3788481063	0.095696336504
61.8615674673	0.117071101658
99.5437512936	0.0774470118133
83.0336079013	0.094156971552
135.999597273	0.0518912448861
117.932074741	0.0638968305916
151.439913482	0.0439186072353
92.8086825639	0.0843085736151
69.7675539008	0.11020543821
106.838187696	0.0724928774067
125.981931015	0.0588790903536
74.3404061957	0.102795478071
66.8953433478	0.111387099611
125.922701951	0.0587539151839
72.8955560544	0.104656652632
100.687624543	0.0781014929459
141.804418733	0.0492740077515
45.7820761702	0.143449623045
88.0971388223	0.0883412589739
100.376152218	0.076713093022
116.165575178	0.0647557728022
141.841703467	0.0487227933671
105.294812999	0.074273609757
48.1100348702	0.139651079672
115.880940768	0.0651690305819
88.6472332634	0.0879520966902
98.3964296912	0.080379089808
51.3856374959	0.134853847756
53.2322598363	0.131812165467
50.2781755688	0.136320215269
80.020080538	0.0959352957736
50.8302464675	0.135589046645
74.5779078698	0.104670930371
118.448102331	0.0641812143729
56.3839586779	0.12797415333
85.3597910727	0.0909470449428
64.2534385031	0.115531278612
80.1172559029	0.0958353408874
69.0522281087	0.111130036137
53.7427722655	0.131704679956
72.3417754936	0.106954475873
43.6047943736	0.146703166335
86.4234833047	0.0897723486461
54.5766177117	0.12767912813
70.0649256825	0.107406263817
45.0127751529	0.144883817762
125.00269384	0.0591473119959
63.5013887697	0.116358811145
86.9246299261	0.0911664640332
83.57311602	0.0931314404968
84.6671455689	0.093452739551
114.003713614	0.0661922376786
103.891002363	0.0748541676817
160.226404492	0.0398963096286
88.5444123456	0.0879445968369
111.819156755	0.0683691460821
144.354619711	0.047813636148
145.3488696	0.0473886885645
104.348397607	0.0740456625331
118.737957621	0.0638717974032
149.364972465	0.0451999604555
79.9489444624	0.0961160584928
155.146896269	0.0424234587754
146.040537397	0.0466607896238
125.648302189	0.0583552823971
93.018860864	0.0852766796583
62.8232039856	0.116249536894
94.9444570696	0.0820461948084
122.741449301	0.0603255219064
93.1603528999	0.0838553902528
155.854245531	0.0421324173632
82.919701352	0.095783574
122.238759437	0.0607963267443
135.937191893	0.0524858653392
105.085881039	0.0730312573129
133.821625846	0.053673905028
125.835135272	0.0585927758873
109.698581735	0.0694118852751
78.5428726808	0.100581489083
94.4795263401	0.0821818441054
94.6037834634	0.0839631365183
154.261971473	0.0427906477676
94.0864737234	0.0844936530532
126.743444503	0.0583244128901
129.379986997	0.0560974433124
91.1340616166	0.087342940006
148.125419548	0.0456153101782
110.044068136	0.0706352545219
84.9593963929	0.0915494506032
107.374119014	0.0726228690334
82.0362163739	0.0947350430224
88.2007056565	0.088362627838
76.3849519606	0.099980194939
159.920071411	0.0401497747939
81.7133235865	0.0953051377574
149.47510053	0.0450439585237
106.097730694	0.0730832561956
83.4983815169	0.0928319420207
122.60022391	0.0605489719086
160.939603217	0.0396378144169
85.3762558347	0.0912615974606
108.291728389	0.0720399422419
122.741032118	0.0605895658365
162.73374591	0.0388588414364
116.697928891	0.0653780702172
97.5149603477	0.0799197003917
149.024144178	0.0452578675961
124.744069888	0.0596908033075
139.226802157	0.050607121635
166.844760525	0.0372427785344
137.054866758	0.0518549718799
165.763614814	0.037706701825
135.005532065	0.0530593399062
148.630757649	0.0456463164533
128.131688081	0.0571617352812
119.666308274	0.063276891043
142.73329162	0.048589576209
167.06831484	0.0371469905183
142.749671327	0.0486905937748
128.801033652	0.0570692385447
136.918431675	0.0517412292118
125.802977144	0.0590014196424
132.21427809	0.0545594805987
143.667514524	0.0482764595553
132.702001731	0.0542808589186
119.516546317	0.0630449948564
121.131719126	0.0616308743105
162.855759578	0.0390009317648
144.79592417	0.0475872283672
149.445892636	0.045172435774
138.600569043	0.0511191615753
87.3538388952	0.0906999442667
140.678625749	0.0497394610614
130.826912902	0.0555533595201
141.173087368	0.0497665686194
131.703061436	0.0548621780012
124.81923349	0.0590189935975
117.712305798	0.0648114187325
100.149610596	0.0772461164398
118.089323256	0.063413491251
139.152235875	0.0507369092991
141.573741789	0.0492128516215
169.699728597	0.0361156119762
141.047976099	0.0494150008046
122.338616538	0.0604927941822
124.902700486	0.0592499563008
147.92037327	0.0459282276646
140.586701715	0.0500676997719
171.771588659	0.0352859977561
129.687069232	0.056587103229
167.198145041	0.0370969059771
130.567481009	0.0560309150854
169.050521818	0.0363534443994
135.201823598	0.0532110788601
141.564553716	0.0493757068814
134.502985627	0.0536264431366
160.000462088	0.04020346539
142.347189322	0.0491281519523
172.763898727	0.0348845973343
143.036463503	0.0487487562704
172.369566653	0.0350448023711
125.130929164	0.0596306790832
144.494907198	0.0478194071191
111.02148745	0.069940967692
142.693659071	0.0487721760587
150.709153459	0.0447105113548
164.678228229	0.0381972190382
142.799074641	0.0488786003617
173.373397893	0.0346838730584
123.088331678	0.061020633686
170.155310531	0.0359350479394
120.988596688	0.0624833567098
161.725741245	0.0394377160201
121.973430433	0.0617949938623
142.294654436	0.0489784181429
114.183099805	0.06749878449
141.819932495	0.0492217492665
125.585881817	0.0593453933727
158.774827025	0.0408419467028
131.14650784	0.0557028693433
167.558624395	0.0370134945792
136.299760195	0.0525757103479
145.52394848	0.0473763968931
112.241660353	0.0689924729553
149.631133688	0.0451721508961
122.982213727	0.0611050888973
163.566083295	0.0386804931206
143.005459755	0.0487696240039
137.208770229	0.0520398576004
120.144500984	0.0630340543441
138.312877963	0.051336353121
127.438443451	0.0580825481277
137.508903542	0.0518312044529
129.310528352	0.0568712336959
149.540635062	0.0451875517648
153.340042684	0.0434131875715
161.482568104	0.0395149673467
116.583296988	0.0656887694747
162.546325603	0.0391208695101
123.088505267	0.0610244554276
152.546736841	0.043731625037
128.041367149	0.0577021662949
145.390020635	0.0473934867349
132.36202765	0.054965344004
116.621480891	0.0655923860714
135.874280745	0.0528208049346
132.264133045	0.0550516530056
130.592069082	0.0560269756929
129.280298867	0.056856148926
132.155564979	0.055054617663
168.20707553	0.0367270833909
159.064459886	0.040704094001
137.397614155	0.0519027180314
145.266625009	0.047526727064
128.830516596	0.0572051222783
146.163427958	0.047046595477
137.983212672	0.051611280435
153.482019005	0.0433193715079
151.97317563	0.044066958665
163.880475048	0.038571767311
136.351115544	0.0525229891412
150.597812497	0.0447522274577
140.074033243	0.0503626356528
135.040437479	0.0532981835063
161.12508108	0.0397749202171
153.103484483	0.0435160779732
165.397317436	0.037929891754
159.077315088	0.0406958701857
143.833539742	0.0482693751109
149.834119346	0.0451319487363
159.123286296	0.0406616560158
144.030580379	0.0481495100903
159.345410254	0.0405675106342
139.654715178	0.0505832671785
155.64395048	0.0422760614007
137.52884276	0.0518321671091
169.338971502	0.0362979190001
152.563818989	0.0437730053962
152.165926484	0.0439619512592
143.448130225	0.048522794397
162.990096496	0.0389434490666
142.410803627	0.0490706870798
160.231832962	0.0401111415879
161.621185707	0.0395659513794
173.397039844	0.0346726972554
139.753729398	0.0505072829428
163.120964742	0.0388174519633
157.068049003	0.0416130834273
150.446904	0.044717530083
154.312469565	0.0428715645455
156.992336733	0.0415553773843
152.741279615	0.0436514224588
158.186035807	0.0410582644351
147.331875287	0.0462817477056
148.481460623	0.0456380360464
159.799215511	0.0403810802093
165.925987216	0.037700622029
155.893112166	0.0421698435748
151.725707033	0.0441732906835
125.148536624	0.0595878780362
172.774549635	0.0349082616192
123.957776894	0.0604210301285
159.425195004	0.0405308052288
139.067041281	0.0509639677656
171.490744598	0.0353461288709
139.156473303	0.0509272532928
173.442028728	0.0346370767624
136.976225001	0.0520730410206
165.903642408	0.0375627481171
136.703433295	0.0523401180196
151.589260454	0.0442381181505
144.481065411	0.0478863434161
168.640447612	0.0365369707382
135.187916009	0.0532136019769
132.62467962	0.0547285659198
164.280015866	0.0383848490621
170.862465098	0.0355791010671
137.347349161	0.0519722448585
153.955645875	0.0429235437835
130.165287155	0.0563323462267
166.514024815	0.0372738528945
134.176392404	0.0538584016131
169.999124281	0.0359912801351
149.186855911	0.0454186806514
152.644762018	0.0435016945166
129.42492548	0.0567694819261
156.043525774	0.0419946715685
131.526796755	0.0554302445371
162.004523499	0.0393742707136
135.76331544	0.052812746745
167.273508064	0.0370700310425
150.823099496	0.0446225437795
159.79616214	0.040375215114
126.480332557	0.0586472983551
155.934389939	0.0419549869247
130.303115907	0.0562590037035
171.69938726	0.0352720177694
123.948060292	0.0603691528769
148.649243029	0.0455577787197
136.373972836	0.0524543663147
147.397605645	0.0463557657216
154.555306005	0.0427755788868
168.76657837	0.0365150199332
133.501458894	0.0542508522044
129.671465088	0.055932780904
149.806419457	0.0450579862028
139.476750427	0.0505144612097
135.870680848	0.0526699011432
169.556029273	0.036159574982
131.7148681	0.0552666196858
149.784698017	0.0450262731614
126.903836302	0.0582882391669
151.997817461	0.0439462619979
136.669030999	0.0522555132363
160.215266266	0.0401615993348
134.759813506	0.0534819461522
139.25031427	0.050343982383
141.138860945	0.0497144287668
127.877428694	0.0570846328644
128.93157946	0.0571660696853
169.395643371	0.0362073818548
143.773048847	0.0482240513411
161.276870803	0.0396595090817
147.195035811	0.0464350010715
124.520605689	0.0600151816052
152.717180266	0.0436282645318
161.199845164	0.0396528307679
152.939661324	0.0435237439015
156.921940751	0.041640344185
169.264683623	0.0362768068594
162.128350216	0.0393083219046
160.519320176	0.0399845506207
153.481939111	0.043246275192
153.190996176	0.0434248015039
143.355662887	0.048478408202
152.728285694	0.0435750486455
158.79169609	0.0407860231516
162.839926341	0.0390041402883
124.743325591	0.0598773457014
140.751139053	0.0496538568965
150.471892242	0.0445879283552
135.270598736	0.0531201041602
162.939291619	0.0389108454622
164.113277345	0.0384721271156
169.229562119	0.0363275503256
153.664361266	0.0432160678367
159.629546035	0.0403803978448
151.255077638	0.0442972298934
166.896204401	0.0372598539381
149.572371757	0.045229740048
157.675264567	0.0412721344006
121.401234864	0.062194320839
153.682147599	0.0431396931216
160.193319505	0.0401910517594
147.017840907	0.0465147728841
149.114313288	0.045246665068
156.751198161	0.0417579415171
152.443366982	0.0437778059163
152.419434923	0.0434534406637
153.433335821	0.0433380095553
146.303378247	0.0468383092061
136.147395232	0.0525935476582
130.311769893	0.0562202469473
140.819589512	0.0499817821011
150.151529582	0.0449101963864
138.082888143	0.0510395687632
169.101771385	0.0362237180652
157.977497911	0.0411545268264
153.721458192	0.0428327893987
161.585174486	0.0393955249195
156.623558604	0.0417752772725
131.156346223	0.0549555645374
130.104361971	0.0557082900913
134.255969162	0.0532241120806
158.036159169	0.0411558445503
171.290754492	0.035490528889
164.366555564	0.0383438257484
163.539569517	0.0386573429532
176.437680666	0.0334819484167
170.402482941	0.0358431992431
166.446202325	0.0374188403888
145.198629235	0.0472958195504
134.483942184	0.0530758717421
133.272007293	0.0537122689561
134.479023738	0.0534985837936
155.846153908	0.0421555614075
139.214362354	0.0504133432781
163.35269351	0.038766072094
164.743786248	0.0381994273893
145.166930311	0.047530848582
166.158739684	0.0374380133236
149.300414763	0.0450910935832
152.343613522	0.0435851695837
162.074998785	0.0391612895224
164.864512444	0.0379491913106
159.703142137	0.0403325269719
150.428633023	0.0447483112735
158.532315211	0.0409133769288
150.204591399	0.0446801048485
174.181980422	0.0342687909944
173.103014305	0.0347746202288
171.917385215	0.0351447866036
171.011740814	0.0354858861057
176.183454969	0.0336031503713
158.252500039	0.0407996393246
165.699092539	0.0376408103444
173.883772817	0.0344763600894
146.552559334	0.0464374253211
146.511635174	0.0464165192712
166.119557051	0.0375164609648
154.444610155	0.0427157979143
159.21211413	0.0406145760058
169.102705288	0.0363365130337
154.884019379	0.0423058683442
165.160504281	0.037864339091
166.663406967	0.0372524472137
157.433271088	0.0412428030744
144.497027181	0.0474791828817
168.115981809	0.0367277661312
152.191357123	0.0436806190981
163.65398456	0.0386271395607
163.256757145	0.0385980898162
166.381887317	0.0373203770555
157.390493594	0.0411321678989
172.20925327	0.0350124514218
160.588132882	0.0396618131491
165.174819081	0.0379483839294
152.480012433	0.043446640903
164.64833031	0.0381826820295
170.575887643	0.0357351990328
179.80453841	0.0322323515917
163.700189231	0.0385362968656
176.364392468	0.0333991172935
172.830475952	0.0348189901727
180.023573721	0.0320724499399
170.007467249	0.0359750882087
174.11872968	0.0342793051695
170.133004154	0.035932704506
172.371445511	0.0349491386784
173.760738021	0.0345157437108
184.534626455	0.0305910059235
168.634966439	0.0365521267625
170.065660962	0.0359826543085
171.514168996	0.0354041289885
179.270835171	0.0324805002114
186.125300597	0.0300667169897
174.976766554	0.0340618130343
170.772952506	0.0356872759458
165.031888732	0.0380471110471
166.55141794	0.0374029880972
172.894391132	0.0348538750697
180.055278703	0.0321563722832
168.467140783	0.0365906844708
171.254261753	0.0354749395137
180.758648398	0.0319401071398
178.312886586	0.0327879135167
179.064093984	0.0324602010097
182.136570135	0.03143417397
170.166204189	0.0358243007058
186.255551024	0.030025822889
166.732740121	0.0371950623507
177.843474757	0.0329005717932
177.640942961	0.0329815661592
177.909114802	0.0329740814578
188.243964791	0.029320548557
165.686445804	0.0376778438874
171.307989929	0.035436515757
177.445109958	0.0330933635614
172.03999841	0.0350911913417
174.974287638	0.0340841664775
186.872555104	0.0298262904116
182.376906184	0.0313746146036
182.287741083	0.0313430225074
176.792304447	0.03336971727
193.420311859	0.027644226454
175.456607742	0.0338837216826
182.202832139	0.0313721394693
178.944075774	0.0325829873857
171.758234734	0.0353223423275
180.366654293	0.0320510656843
150.08150459	0.0449977997579
183.694755733	0.0307146643494
178.372824481	0.0328206225083
175.889281769	0.0336990775784
158.663721702	0.040814046939
189.571655911	0.0288790464616
174.959883948	0.0340279025802
183.995470442	0.0307887806944
186.975203733	0.0297802917428
181.100074378	0.0318200265702
173.464641695	0.0346338811468
187.734056137	0.0294440234473
184.579453834	0.0305428248376
189.994055973	0.0287291886697
182.261117418	0.0313644055079
193.623179542	0.0275873443136
188.718986247	0.0291488988809
194.332928564	0.0274033281322
195.877430754	0.0269340958057
195.138492883	0.0271619252439
194.654315058	0.0273089305167
186.25346935	0.0299989144304
186.646551417	0.0298884223226
187.164192153	0.0297251259068
192.10163474	0.0281309173031
190.919836999	0.0284988836789
181.051427786	0.0318493206099
177.021248098	0.0333219697653
181.920943883	0.031543413059
184.896020674	0.0305047335928
186.960889988	0.0298172238024
174.170350208	0.0343924507524
178.217285342	0.0328720793564
180.431659156	0.0320761532562
176.711971143	0.0334240614029
173.803547347	0.0345347014897
173.344440735	0.0347093526088
180.78279461	0.0319372726254
184.966152028	0.0304586529236
179.783450836	0.0323188411793
175.295250836	0.0339479017323
186.153143488	0.0300785690332
178.955849228	0.0325959626475
182.299600034	0.0314083993134
181.439876353	0.0317088450487
178.064369371	0.0329311641272
187.386858544	0.0296677942977
185.480471317	0.0303126315977
184.610169786	0.030559499579
191.512645385	0.0282921509351
180.269719362	0.0320875018014
180.941819996	0.0318073103538
185.665755808	0.0301836794325
187.520054128	0.0295709792198
172.094003043	0.0351945647315
183.773586435	0.0309020163861
190.257357024	0.0286867234821
188.633183653	0.0291343646455
187.963403754	0.0293970031594
193.024572055	0.0277501643235
186.416475365	0.0299605403297
193.751157702	0.0275731881273
193.23406191	0.0277720194776
201.98464769	0.0251734342301
200.190009258	0.0256835225206
185.691488618	0.0301439278652
192.105822854	0.0280872282024
192.912303799	0.0277236155188
192.907227803	0.0278782597396
192.587612359	0.0278307119831
198.799019971	0.0260856503879
184.713786648	0.0304548408618
196.602617615	0.0266992791366
181.104492443	0.0315498338116
192.203813772	0.0280665010592
191.05093453	0.0282645705596
198.147045853	0.0262629436609
181.530106768	0.0315243442642
194.428043683	0.0273689411837
181.479026192	0.0314675720509
196.178756709	0.0268115948053
197.977278556	0.0263197769942
199.536056262	0.0257450636922
193.641894665	0.0275613639893
203.002362788	0.0248168530526
200.033091631	0.0256663482618
202.551862365	0.0249550023286
207.011093087	0.0237468192025
201.660651027	0.0252166760072
204.377054727	0.0244771858626
207.901685637	0.0235225334344
207.739356825	0.0235619907681
199.289057234	0.0259385571798
198.750543051	0.0261037910641
203.761126431	0.0246756734153
208.85655145	0.0232691349059
196.00065288	0.0269295285834
198.51483044	0.0261760402197
201.616032131	0.0252903344514
203.457901606	0.0247758909661
205.07967185	0.0242984441785
194.676204737	0.0273385713117
196.874872885	0.02667183402
197.034802	0.0266262906164
204.928550618	0.0243502640919
195.135410764	0.0272004124772
196.089907798	0.0269234047797
204.347226344	0.0245134026257
203.935992803	0.0246190255906
199.71116484	0.0258267978137
195.537506344	0.0270681622542
194.271545364	0.0274629457645
200.900760759	0.0254815039033
203.792539203	0.0246842527562
196.778555449	0.0266871421353
199.609354384	0.0258623738794
203.667176448	0.0246972197006
201.147292039	0.0254271404953
211.012574424	0.022705719591
207.988889135	0.0235076053935
196.448916171	0.0267963237235
204.951263288	0.0243637527683
201.395571921	0.0253681619537
206.171707401	0.0239992622719
202.763591897	0.0249774935654
200.381444346	0.0256332286263
199.353040275	0.0259285309896
206.690558252	0.0238622600068
204.147516228	0.0245564442263
204.410337894	0.0245041221308
205.653556614	0.0241375896392
205.049218415	0.0243342837731
199.029009901	0.0260171535508
202.776593843	0.0249455005275
193.194734616	0.0277842433319
198.589275162	0.0261539590807
193.548262382	0.0276846385238
199.251358804	0.0259853589403
197.193696837	0.0264781229804
186.389460573	0.0298159936736
203.096374959	0.0248487333841
205.558116405	0.024177818916
214.632114453	0.0218005124155
203.117379992	0.0248409915328
212.653165374	0.0223023157433
211.038141397	0.0227067474921
205.516514485	0.0241775270708
206.867415292	0.0238123870228
211.635684755	0.022556522306
207.7256889	0.0235736847753
211.051694135	0.0227051667341
211.155033253	0.0226798241906
204.39743973	0.0244853467164
211.59612165	0.0225853490309
215.251192812	0.0216466015363
205.834676657	0.0240810149059
210.399102624	0.0228758119657
207.520794631	0.0236071038575
208.18037224	0.0234342258467
211.256266937	0.0226097672361
204.215529902	0.0244798246296
200.130385861	0.0256104981155
207.527325855	0.0235817856483
205.679960004	0.0240599735825
206.369934427	0.023939122047
207.783121214	0.0235702674955
211.199023234	0.0226580209035
206.535401711	0.023918522225
207.203871448	0.0236962274225
209.457153989	0.0231256299886
210.46336773	0.0228314124805
204.165781251	0.0245567341955
205.157997558	0.0242742470523
210.974263041	0.0227295050513
209.065626146	0.0232657424184
211.774595526	0.0225577075494
202.544172532	0.0250254316299
209.824250614	0.0230285624404
211.26327672	0.022664163857
206.666502507	0.0238419176384
211.335551397	0.0226378821074
203.99901985	0.0245984687088
210.436954037	0.0228689004192
213.067745781	0.0221930992426
208.035403205	0.0235026675088
209.853775023	0.0230230627506
210.59759413	0.0228267162829
212.72615446	0.0223026208242
208.76444363	0.0233333579714
215.160089492	0.021680029462
210.966494519	0.0227297034215
208.874266555	0.0232800805067
213.161035985	0.0221740840003
214.82984516	0.0217600856688
207.11355222	0.0237482632718
210.970113784	0.0227337938569
213.796410682	0.022027668714
211.600706959	0.0225688458941
205.568333099	0.0241853315976
210.410044141	0.0228638737426
211.999107882	0.0224694625927
215.546289657	0.021593238401
208.25092069	0.0234647760034
208.695891013	0.0232991225703
207.965480354	0.0235167465885
212.262043662	0.0223926522654
211.475300057	0.0225954017377
207.312739789	0.0236819061511
205.340086755	0.0241579924819
208.100479716	0.0234564102339
208.330148033	0.0233641726981
215.129150028	0.0216934967112
216.769438794	0.0212932091873
212.234617369	0.0224079279565
210.928674826	0.0227425726765
214.981315633	0.0217194090821
219.887322466	0.0205719329739
215.727916448	0.0215522302537
217.712475191	0.0210586237324
218.706891307	0.0208486999294
220.360071102	0.0204674341178
219.67261609	0.0205933960357
214.358813773	0.0218811967793
216.523271681	0.0213484008564
220.346116607	0.020435158777
218.75291275	0.0208400542821
219.365754136	0.0206659580631
219.284001473	0.0207143134363
218.837780185	0.0207871510552
214.570645504	0.0218256179556
215.808658506	0.0215188893293
219.085671335	0.0207272360106
216.328829958	0.0214152041478
219.926372933	0.0205595153402
221.202440121	0.0202588082158
220.525886801	0.0203921292421
215.126863877	0.0216898373116
219.699687655	0.0205787606791
220.889188229	0.0203019192867
218.392428612	0.0209235413768
217.565139099	0.0211161593246
219.109914917	0.0207559026771
221.652892064	0.0201725307612
219.709979522	0.0205850893165
216.506940379	0.0213544067453
220.271622607	0.0204488220104
223.155856524	0.0198282570364
216.811801531	0.0212933744563
215.469320069	0.021604301674
215.30621791	0.0216597324367
220.541588373	0.0204230422267
220.469731324	0.0204085917289
215.854669664	0.0215159460474
222.896290354	0.0198667849757
219.712443236	0.0206014992421
216.874326534	0.0212781426561
215.94359705	0.0214827673299
218.848324553	0.0207914117331
221.384675774	0.0202258594662
221.280588669	0.0202287648395
221.33099965	0.0202147203084
224.150897665	0.0196102719521
223.59705636	0.0197388900571
222.17324176	0.0200508616561
222.031463654	0.0200589670636
222.803227513	0.019910140647
224.153651318	0.0195750522066
220.472462687	0.0204211898198
223.36167336	0.0197549510609
223.88069611	0.0196355506196
224.100405196	0.0196185653085
225.79744292	0.0192377483289
223.423924937	0.0197619070351
225.624299235	0.0192719192994
224.333144333	0.0195386319939
221.241528437	0.0202413013246
225.06146773	0.019399328409
220.874494282	0.0203350898571
224.935387231	0.0194262848718
224.312889601	0.0195623609492
226.873305068	0.019007783683
223.788300011	0.0196655171364
222.391873263	0.0199796818638
226.820628878	0.0190008120295
225.869726112	0.0192023872093
225.410852994	0.0193280216774
222.505541549	0.0199649934511
223.580903134	0.0197291729762
226.674315932	0.0190504408372
224.197113594	0.0195726495329
221.773756092	0.0201227914145
226.383714869	0.0190920075842
227.230128979	0.0189163393617
225.168820387	0.0193796995149
225.468938327	0.0193141198105
227.104743456	0.0189675366997
227.393546302	0.0188966950818
224.574924228	0.0194989443073
223.109664396	0.019827968283
227.531062053	0.0188740933887
222.958684243	0.0198709751223
223.342304844	0.0197829268548
227.119240763	0.0189608509858
228.208294692	0.0187177973601
224.977764593	0.0194153695442
227.160884422	0.018936154359
228.145974573	0.0187362060141
227.27039823	0.0189295925096
227.845347051	0.0188231751538
228.590643603	0.018656943817
228.790253741	0.018613771315
226.437520427	0.0190992592008
224.706522074	0.0194801708675
228.980148721	0.0185579911457
227.044654094	0.0189664204223
228.939913694	0.0185809485373
229.920892872	0.0183770362627
229.598038038	0.0184341066002
227.198063167	0.0189352105073
230.469548841	0.018253441746
230.302452132	0.0182960844922
229.780610305	0.0183947259037
228.998273577	0.0185586009844
229.141302802	0.0185237144285
229.798938999	0.0183765091112
227.505029216	0.0188692318968
231.064229607	0.0181372630157
228.981145488	0.0185640628898
227.575074513	0.0188400529922
228.455577788	0.0186713465687
228.475267394	0.0186721616055
226.078078841	0.0191842729155
226.862796521	0.0190069708025
224.373007818	0.019563665814
221.509853644	0.020208397137
221.48885278	0.0202120064807
217.877310946	0.0210408317302
219.464688732	0.0206873930282
222.586985595	0.019941537016
225.877210082	0.0192201759199
220.060762958	0.0205405306636
220.893063841	0.0203630929774
228.706705051	0.0186174958906
224.627330046	0.0195101034608
219.196359863	0.0207370604914
219.009501132	0.0207839624055
227.88212373	0.0187616371165
220.898012685	0.0203513238005
223.578322007	0.0197229726206
225.159824992	0.0193950767261
229.723470959	0.0184041813433
219.199914487	0.0207330591559
227.976364279	0.018762962099
225.941045503	0.0192383595425
228.507576095	0.018646508745
224.816793126	0.0194688576993
224.822118601	0.0194406793038
222.61986295	0.0199448839532
223.857339327	0.01966260388
220.940805044	0.0203346729772
229.150917404	0.0185076395396
228.050422704	0.0187794175842
227.433412642	0.0188869919013
223.430707241	0.0197662003127
231.329053873	0.0180584062382
217.811680735	0.0210901097153
226.936581509	0.0189914720962
228.608776242	0.018672249644
229.722963348	0.0183881393731
224.639516285	0.0195047365073
226.087114924	0.0191657223134
225.38499168	0.0193478863424
227.066283454	0.0189623166936
227.231055624	0.0189323830246
227.019028725	0.0189867279423
227.254448266	0.0189477820368
215.659819157	0.0215673206068
224.772252407	0.019462935192
223.27788972	0.0198008520052
227.925288267	0.0187852677395
230.535372718	0.018261975652
223.530338983	0.0197561863415
227.186767674	0.0189612663323
229.853767581	0.0183786183114
227.068142318	0.0189916000798
230.257669713	0.0183147137317
227.254676117	0.0189409587243
227.501773859	0.018871421633
227.634590836	0.0188513540007
224.035904002	0.0196461720966
231.051797188	0.0181374947152
221.908766595	0.0201134537334
219.522129587	0.0206420584909
230.074609358	0.0183395878641
220.750381327	0.0203764793043
229.704557179	0.0183862167599
228.920555977	0.0185822887473
225.688067078	0.0192708759361
225.518633884	0.0193143493817
230.361524372	0.0182724357278
222.626728939	0.0199429217691
227.730953329	0.018825048114
221.482052647	0.0202007246675
228.790572335	0.0185795088878
223.539324776	0.0197514756353
230.858560785	0.0181822147216
224.213552411	0.0196106118713
229.046071039	0.0185373522234
223.530606335	0.0197672511165
228.8650006	0.0185731770464
222.881038417	0.0198875661162
226.60777932	0.0190628682633
226.940695165	0.0190097209384
225.319952857	0.0193700235515
228.082096567	0.0187574471662
226.057378958	0.0192021228605
225.624180449	0.0192797230458
229.130390936	0.0185369706834
226.985655745	0.0189815385421
226.961445083	0.0189840156346
227.869832992	0.0187980514556
227.465447121	0.0188914863538
228.517549303	0.0186597583265
225.6699444	0.0192572636029
227.873978408	0.018805520264
224.87102762	0.0194497264031
227.617074919	0.0188434765114
225.390896232	0.019323929729
229.617375267	0.0184455992686
225.331267005	0.0193504942856
227.119702965	0.0189543701156
227.117217817	0.0189672006094
228.191098747	0.0187182923265
227.347606227	0.0188978069926
228.211635363	0.0187411738078
226.771315102	0.0190432917515
228.35427161	0.0186895855642
228.202210652	0.0187231067952
228.867211281	0.0186032045926
227.928111204	0.018792804554
227.78631441	0.0188082898965
228.393138743	0.0186732697008
228.577583887	0.0186629763489
226.988318662	0.0189888506104
227.596641172	0.0188701579322
228.959796125	0.018556128183
228.869056197	0.0185709925259
228.359589933	0.0186847351707
227.882149105	0.018803197083
229.487288346	0.0184504380261
227.508388922	0.0188695451781
227.355816316	0.0189025037625
229.577287113	0.0184251554274
228.743911554	0.018599000032
228.028885224	0.0187607221464
229.058259266	0.0185339292397
229.875843266	0.0183842478297
229.723670134	0.0183990258443
228.81736231	0.0186032236131
228.903070047	0.0185966379833
228.747122117	0.0186231797426
228.546562095	0.0186409393941
228.245279428	0.0187146242993
227.630892175	0.0188566661113
227.026638904	0.0189873004225
225.207506872	0.0193757093943
228.705333296	0.0186005092411
226.317125057	0.0191200450559
228.073735634	0.0187631589606
226.74047667	0.0190418550819
229.343147603	0.0184663788742
226.266074709	0.019129402533
229.251237178	0.0184896358858
227.20884712	0.0189151891639
229.136777032	0.0185327090092
227.0450954	0.0189844184457
229.875101829	0.018354258306
227.350007495	0.0188954984326
229.448518062	0.0184518232236
227.853533668	0.0187805407598
229.859772691	0.0183593384477
228.290228149	0.0187026585862
230.510608459	0.0182300789602
228.255617676	0.0187097081098
230.829518943	0.0181625989073
229.092519095	0.0185222804257
230.846723997	0.0181604790523
228.497678358	0.0186528177854
230.731892329	0.0181873386152
229.540086685	0.0184474699362
231.214211145	0.0180970882954
229.708109974	0.0184125556758
230.347313851	0.0182841852064
228.639343265	0.0186449961705
230.177028006	0.0183240776642
229.702435726	0.018399968531
230.269662707	0.0182923316845
230.183727096	0.0183186132425
230.35800038	0.0182819467729
230.338620703	0.018270338879
230.802491674	0.0181766424126
230.469356395	0.0182617709628
231.449017584	0.0180500123303
230.74649741	0.0182025433646
231.479904449	0.0180393099547
230.799096534	0.0181693590949
230.98541181	0.0181252221662
230.963068849	0.0181548143373
231.221893991	0.0180963502692
231.291209911	0.0180725031281
230.999242594	0.0181237429066
231.122562639	0.0181005511537
231.076239084	0.0181085772898
231.214421551	0.018093901908
231.08380949	0.0181123477517
231.181523682	0.0180998591276
231.355750624	0.0180638774291
231.533425449	0.0180144197729
231.28813055	0.0180864292683
231.552222108	0.0180157539433
231.077097742	0.018123779232
231.133272708	0.0181228149215
230.638652022	0.018221283281
231.410112276	0.0180681332738
231.483179229	0.0180443418728
231.389234935	0.0180536526939
231.0426495	0.0181158399801
231.161615862	0.0181087901773
231.385651824	0.0180677408053
231.37934628	0.0180689982606
231.484475797	0.0180482591461
231.491597361	0.0180409762134
231.272521967	0.0180757127174
231.219965711	0.0180936101055
231.29483658	0.0180887333704
231.387928333	0.0180667672299
231.023179915	0.0181399447231
231.675619596	0.0179968208217
231.368860768	0.0180620648571
231.768500659	0.0179756631665
231.208089704	0.0180716489151
231.276678464	0.018064344599
231.027615413	0.0181116559045
231.583330334	0.0180027000135
231.203371285	0.0180743563387
231.638265737	0.0179996089725
231.476332258	0.0180215852912
231.566579808	0.0180076043918
231.285275125	0.0180616084432
231.316690204	0.0180534908503
230.901142708	0.0181371744045
231.400406803	0.0180439308337
230.928965951	0.0181374856367
231.273967508	0.0180716557857
230.814744928	0.0181694352639
231.013922048	0.0181311861745
230.553791651	0.0182142163405
230.934230448	0.0181192911479
230.627882525	0.0182073923512
230.939910707	0.0181450943249
230.777414521	0.0181857286919
230.81847922	0.0181873300625
230.84745205	0.0181810930056
231.075316457	0.0181251538711
230.783939555	0.0181698794399
231.158278095	0.01810870351
230.833917684	0.0181854040798
230.932656359	0.0181551023427
230.892387743	0.0181582654861
231.038819478	0.0181257849793
231.165943833	0.0181115303922
230.771956459	0.0181871521208
230.997746925	0.0181349099901
230.895712319	0.0181616428158
231.041654889	0.0181420689202
230.789733669	0.0181942576956
230.931801232	0.0181665794845
230.502861457	0.0182521527711
230.483542312	0.0182552258559
230.47976946	0.0182579494374
230.255567383	0.0183032821728
230.433025343	0.0182667571859
230.419527146	0.0182702844359
230.349802122	0.018284989016
230.258739999	0.0182994267666
230.23494478	0.0183046322652
230.201361986	0.0183086224382
230.416488441	0.0182736979575
230.018319395	0.0183535604491
230.207109994	0.0183063975239
230.004817263	0.018340291792
230.265394064	0.0182919006618
230.277520837	0.0182957432037
230.400519343	0.0182763164481
230.254565504	0.018308169274
230.344822359	0.0182901003088
230.195108052	0.0183200018625
230.241909565	0.0183097671576
230.322194544	0.0182950628388
230.161277567	0.018325617147
230.305068545	0.0182954685791
230.29199583	0.0182987598032
230.392462284	0.0182752397322
230.283429867	0.0182967815305
230.475373945	0.0182618497645
230.236935544	0.0183104734119
230.661925283	0.0182230275008
230.283581595	0.0182991992715
230.934757239	0.0181519067105
230.512933699	0.0182505577651
230.938250062	0.0181657904758
230.298992227	0.0182948315385
230.849666335	0.0181852829329
230.705680171	0.0182106034484
234.260664555	0.0174988817136
236.740813307	0.0170236819113
238.995791795	0.0165937326668
241.161257987	0.0161965703891
243.295911102	0.0158199258944
245.062424749	0.0155083300269
246.56374108	0.0152521338257
248.017900586	0.0150018504335
249.5122888	0.0147501423567
250.557530798	0.0145786826561
251.866474619	0.0143669661257
252.887186165	0.0142016930855
253.74183044	0.0140648919281
254.931195756	0.0138735226267
255.739598506	0.0137463276811
256.453148088	0.0136322887629
256.994428237	0.0135460566933
257.472878181	0.0134771735198
257.93861107	0.0134039362931
258.41126261	0.0133313893399
258.525290595	0.0133169425004
258.733432741	0.0132825331264
258.795636664	0.0132790431712
259.093146805	0.0132359427762
259.455509112	0.013183751119
259.703621458	0.0131478271898
259.974731429	0.0131062655642
259.844495081	0.0131280632881
260.089942653	0.0130877791976
260.291301015	0.013060715825
259.778138986	0.0131343446104
259.474372275	0.013182703031
259.220665081	0.0132176955334
258.77815197	0.0132805239441
258.616007588	0.0133023027813
258.451526847	0.0133276248565
258.468563312	0.0133131137927
258.023673565	0.0133822092181
258.112740769	0.0133504977781
258.149401113	0.0133399333508
258.088678192	0.0133482183451
257.923487965	0.0133688837123
257.81930535	0.0133798189167
258.148487642	0.0133351488952
257.662538846	0.0134205269218
257.38893947	0.013443728054
257.495895141	0.0134402813713
257.139148411	0.0134899669042
256.819088855	0.0135458196229
256.367655501	0.013613564692
255.987186682	0.0136729230932
256.031211339	0.0136638261982
257.944736361	0.0133861019177