-82.8144505937	0.6154402844
-24.5922171131	0.317989582012
-45.6175320013	0.402792340051
-2.54586758695	0.248363048655
-0.0370626183564	0.241639003512
-49.6616793366	0.424854773521
-18.0243453684	0.296774120464
-28.8135563648	0.326372846486
8.13673646374	0.22128188918
-39.9135521792	0.380648444742
-18.2782089754	0.290769078028
-23.276884145	0.303913595978
-15.3294357956	0.284101549652
-23.4570704471	0.304290411124
-1.52482405877	0.245747500015
-22.9075887586	0.31449376461
-6.56857546794	0.259489595241
-48.4810709771	0.414953894455
-29.3685984517	0.337041554499
-73.0074110477	0.550655870984
-62.9604243596	0.490418255235
-26.2802371422	0.32413927521
-40.9644422302	0.385046266893
-44.8359882378	0.400995772653
-23.5402063456	0.316376851699
-3.47864095979	0.253274066498
-3.89176533415	0.252681979972
1.9838478909	0.236205035308
-5.18228805371	0.254568731897
-19.1076014986	0.301276701341
-43.8750686113	0.39676397463
8.69219847312	0.220988912776
7.15851458413	0.224592729005
34.6865712948	0.163582652977
-58.7498775203	0.468766082102
-26.4981469794	0.318234554269
-22.9095243895	0.314788425588
-46.1278607729	0.40837087488
3.14720737779	0.234914668611
-16.7908470037	0.293691864124
18.2352035646	0.198182288526
-6.501074965	0.257921210437
-41.2745630707	0.383028162275
-20.3433910068	0.295562127969
-55.0749194038	0.450370667738
-58.9460859635	0.470237212004
-32.9075192938	0.351797761811
-22.2190326388	0.3096079237
-26.4061246743	0.325579619317
-49.7459737152	0.424457558344
-30.9217293268	0.335225221101
-32.52556033	0.350567799635
5.57946260199	0.227798869629
-27.6465880536	0.331742768975
-25.4469841105	0.323555883778
-6.36889182094	0.259542722904
-13.7086946806	0.282842236511
8.79147932079	0.220507292146
-48.0805357802	0.416951881814
17.9772474424	0.19757642703
-5.6235490376	0.258227784734
-22.2245664369	0.311438711358
-34.6064697336	0.349714216142
-11.0576088312	0.266261968682
-11.2512209505	0.265806033141
-11.1395179206	0.274104110344
16.7162678427	0.20189459214
3.98483089934	0.23162752791
-40.7393258877	0.383012712597
-28.5775638719	0.33523444642
-33.9580565088	0.355257691247
8.39140080363	0.221532139875
8.03108347504	0.222217136278
-30.5493981263	0.341451145208
10.6639706129	0.214611810254
-17.4858974403	0.288177979004
45.137541401	0.144995481292
-24.4135898885	0.320062950036
0.173936639824	0.242995000529
-11.9604763442	0.27840946163
-10.4179652284	0.269870767689
-33.0837776159	0.343176169347
-11.895308952	0.277421559799
-22.2126538734	0.312049925895
-2.68654887556	0.250646903047
-3.00634189623	0.245235412083
17.1502433643	0.19876971314
0.361668306027	0.241178966452
3.59324668625	0.233782167811
10.0178171278	0.217294021416
0.140349614294	0.24306692016
6.75558186361	0.22489183463
-55.3733190192	0.452084701873
14.7529716317	0.206322837026
54.1573528669	0.131299865238
18.8826543149	0.197035432083
-5.37326326081	0.254963885169
-43.3638546265	0.393555405444
-12.9208007107	0.269583260779
11.9156466742	0.21255743675
15.3069342983	0.204204769584
-18.395095183	0.297009968242
-7.41346828299	0.254191453821
-14.5384941039	0.274231001147
2.87711914101	0.222902499203
-26.3431479474	0.327015449596
4.06907947636	0.220124377932
-13.6168746598	0.281796319401
45.8432140212	0.144075380907
4.66866971262	0.229688445833
24.8140412285	0.182686390324
-6.71565817259	0.256884136614
-5.77002757999	0.25569787977
2.44651210558	0.231443456875
-31.5850356065	0.339885022416
5.39456469768	0.227834683374
73.3101302897	0.105564358005
-48.8818895724	0.417978615667
-6.81491051481	0.256540415869
2.56417420188	0.231205687121
-12.2950213456	0.274872441716
14.0477141587	0.20573494644
38.4956713188	0.156477345489
17.4978644042	0.1959855678
-23.7988936075	0.309639708534
6.48995920028	0.220704173699
5.32271237001	0.218260522298
24.7311824069	0.184127974639
-34.5254042961	0.350581922617
15.2786111192	0.205024816485
-38.6562417382	0.367306040019
39.9150852174	0.154933208814
-26.5754449028	0.328024918137
43.5120392852	0.147952231343
-38.7736028536	0.371950896357
-47.6705556168	0.414459366211
-20.020004919	0.302813967638
0.43778244834	0.241212358556
-6.78171186239	0.255349861361
-3.52276044018	0.24153339558
34.8570931332	0.163255758002
-17.9573865707	0.290704295135
-16.286377406	0.285282295767
1.20513182285	0.229881732882
-25.4905901858	0.319230943427
14.4283463033	0.206770132132
-33.5129386529	0.345201607991
5.7415208214	0.220196168593
19.8555287995	0.19458105121
81.1477709064	0.0970902751098
14.416707142	0.201514466465
-27.5126807548	0.329933373379
10.4534022705	0.205909208308
11.9973998497	0.21173500572
-2.70978284018	0.248743600229
-6.46057863652	0.259835251778
0.789540744864	0.23185890753
56.0875538798	0.12752644634
3.3781518537	0.232529027513
20.3215910993	0.188792988392
-11.2347136401	0.268054744376
-11.3135830825	0.268424175645
-4.69403396641	0.248488985673
-12.5454726801	0.27489662229
1.19276274071	0.236325976834
-1.90474482402	0.244026769424
-5.71376338502	0.258499410206
-6.75150431999	0.261076021273
-21.235820666	0.305225853538
-14.4628680495	0.285319549229
-13.1398526668	0.271298360905
-3.21465865171	0.249031753411
8.91094596956	0.213381975033
52.3670726467	0.1326219307
34.3152437039	0.162158114058
8.29956627579	0.221083829941
36.6144847126	0.160603280202
-2.30120180836	0.242536774252
52.2888825599	0.132974129983
-6.89287070944	0.255720905753
-5.38416948499	0.249110404702
5.46759196242	0.218790235247
17.6371796608	0.191290535508
21.8900151064	0.185063346191
-8.82171934514	0.260763368709
18.5209756806	0.196689691226
2.08025532666	0.236830326692
22.6025954317	0.183490073383
97.1997921986	0.0811150207926
5.6777049989	0.222530650775
74.1844605436	0.104971408872
27.061107755	0.177611646731
65.3376662955	0.115791794874
6.6777160753	0.216678224942
24.1136112205	0.179693870891
7.23404753892	0.223216671557
80.7559886972	0.0977602533045
68.7997526074	0.111698830058
-13.6742015791	0.283668135809
35.715518123	0.161606797064
-24.82545156	0.317466432223
-16.0907951599	0.28626824047
1.29748029542	0.238593098377
28.3386862442	0.176331925428
-20.271867477	0.300475934347
-14.0570017526	0.278384255427
3.49913589977	0.233744654537
-0.426500747832	0.242829708162
31.8653517995	0.169399316214
55.9233601828	0.127506583723
25.9585593774	0.179382049531
-8.17732684512	0.260535333985
16.2820066515	0.202291102976
7.95977515103	0.218157988253
24.7269066718	0.183069232649
50.5347771248	0.135903111497
19.5811145523	0.194682458137
29.7434440585	0.173504825627
40.5961832422	0.15037661694
50.2399454225	0.135091179609
29.3408426783	0.170162829269
25.8546323443	0.180719800852
-5.32399938804	0.247545973392
-8.78739796711	0.261391065742
7.12088347278	0.22352505845
22.5147348872	0.181479069276
0.187370258133	0.236890494356
-4.0229755422	0.246603734095
3.12330330144	0.227533685007
17.7382375761	0.19220216261
90.108024178	0.0879372233961
17.8748049529	0.19022419901
46.2023437513	0.144250275333
102.037594877	0.0763813377635
51.8731677543	0.134810808746
17.1628305512	0.196978672951
65.8340670765	0.114448891827
-12.2421845653	0.277437381234
-19.7148732205	0.299059532566
40.2052633435	0.153849478085
10.4388579114	0.209453322137
1.8934925629	0.230538498216
-10.4131020876	0.272800515667
76.8303863423	0.102173662054
21.0560103911	0.187428632662
39.6843584815	0.153899564073
-3.79176715683	0.243507954212
2.25142638132	0.231443183605
7.91781675807	0.213733764544
28.3706723226	0.173193493507
21.1006764402	0.191192824153
53.5440546203	0.131084669174
13.2790628242	0.203437422959
-1.86238746303	0.24194369325
9.83678995968	0.20931500771
31.2633091791	0.168966934366
75.8940802741	0.103352653473
29.8193910215	0.171563166968
10.1226620356	0.210504019734
70.0064486943	0.10864851363
-5.03809730896	0.25074800789
53.1591162268	0.133246707714
15.7145922828	0.19579223803
32.1440785534	0.165977384326
35.7732800791	0.160933578365
7.14568985677	0.216673177943
-5.97095201843	0.2540825129
8.80404663895	0.211422788243
95.9524533705	0.0819988852277
99.6254172414	0.078364471773
21.2241159145	0.190782711015
30.3599043883	0.168819838124
14.8766526242	0.200235998217
0.607829252685	0.236143444481
65.8806130792	0.115831945126
25.3308980924	0.179749441405
26.5968321332	0.17467537997
-1.90892199781	0.247810337856
27.1413789644	0.17293369635
9.31996202724	0.218634987521
48.2699051383	0.140691279719
32.5126344386	0.167093711113
26.264676077	0.179195363282
95.7307586537	0.0823543363309
51.7373764801	0.135079381465
17.204798212	0.196710928385
3.94667126688	0.224677475712
20.1785642569	0.186856587652
40.3063945931	0.15066157503
0.767289742671	0.232338095128
58.0130759643	0.126282311235
6.25548708993	0.219868981614
10.7071545805	0.214809530093
30.5974374324	0.166800177815
3.74842887291	0.224991302267
90.623752973	0.0877902740753
51.7537984544	0.133149571672
7.6346366336	0.221145245983
-9.37809555632	0.264868412915
10.0086710979	0.210444671139
6.71532282287	0.2179369712
74.6444634584	0.104904036756
21.1960808974	0.18438190426
7.3214957143	0.21741197917
66.690005072	0.113284785399
16.3928120704	0.195565055063
75.8544338419	0.102238516088
-0.0117154110658	0.237701665899
50.2495386805	0.137425275663
52.4829069502	0.134348736202
63.6716114237	0.116151539994
111.759088711	0.0683971360487
31.6411117156	0.165263291166
41.5534162415	0.151745246017
21.8987258753	0.189077279912
31.5084830309	0.166237985246
-3.76897285374	0.248146383518
83.9772488641	0.0943521899148
-5.7129951011	0.253609650086
6.12661803433	0.219866393382
31.2463301616	0.167617692376
15.7326392937	0.196766918859
38.0370180067	0.157043128792
10.1935336881	0.208701243561
76.094897502	0.103373581828
30.0962875152	0.167655760329
109.610080329	0.0706645537976
36.642553914	0.157124794235
73.2126021814	0.104865567065
26.6065654546	0.177376663343
37.4301070713	0.155220566307
33.7294128829	0.161095360121
22.7644673811	0.183392404269
8.2421599337	0.216743616319
7.40080798796	0.215381210755
22.5552359839	0.184000232271
8.04068477106	0.21472581008
39.5318969951	0.151941753983
73.5617349736	0.106352842336
24.2860575396	0.181921028488
85.1566402498	0.0925615571555
-8.80866242734	0.264269441396
39.7008530016	0.151461574646
33.4958432127	0.163089255458
71.2846124139	0.107374098886
11.5256927677	0.208597017464
109.933150068	0.0702793621834
108.282258092	0.0718241457881
31.8920382057	0.164530727585
11.8329899904	0.212336557555
36.1759106984	0.158003417687
91.2612280835	0.087325130971
43.2281582436	0.148956966712
13.1669608884	0.202274844408
25.6897075515	0.177065757463
107.95564551	0.0722875991056
29.3412859763	0.172841237221
17.5736859009	0.194070731145
53.6705638139	0.131830939908
78.2390483153	0.100973968451
27.3390053088	0.17545543478
26.6092127543	0.176953449335
63.9646319827	0.115621436857
22.4404243839	0.184166853075
90.3149705315	0.0869835113481
47.4099518804	0.139146421913
10.6211305342	0.212324893431
29.9535516539	0.169311088429
39.5121155388	0.152107547
31.4483074957	0.16677267997
24.3080330433	0.180708874348
95.2495242578	0.0817266722521
9.64189763703	0.211995205039
61.8905441874	0.118566428687
17.0625630227	0.19472162328
78.4877091418	0.1006594798
82.4310961531	0.0963888703481
89.918469995	0.0886835961282
11.1410469877	0.208306155127
61.4172312326	0.121380982107
64.4322798167	0.114939267169
85.8363011528	0.0919581976682
111.153152174	0.0684991533314
9.68134023242	0.212578975799
58.0218703663	0.125870001436
78.1959670928	0.099001741694
41.3707681362	0.149215320048
16.3736724794	0.196915992825
11.0439469556	0.211129660168
49.8604319761	0.138196186452
51.2783816788	0.135443079999
32.0227983009	0.16501690549
112.937307643	0.0681361760664
35.9952576279	0.161245836266
1.59892985214	0.233990683628
61.4636561538	0.120119393363
32.6538428056	0.163089307647
94.0284570943	0.0843114705978
76.2262718898	0.101349861526
63.0269590306	0.119171976492
34.1578720264	0.162184525335
32.4537886725	0.167698833721
28.4505519692	0.175903907393
60.2517388059	0.121797032464
58.7765883444	0.122468587849
102.213647929	0.0772001899419
55.9140487904	0.126884606489
55.1818550328	0.129930030818
13.6694802738	0.205009440742
56.2962406673	0.128256338193
81.679234536	0.0955391091186
66.2325579951	0.115210589387
17.6715060181	0.197451598763
59.5776108521	0.121348670636
65.5900749813	0.11617624163
66.1155550352	0.115062494115
80.7445198656	0.0975236759328
18.9179196981	0.190265124016
44.688830557	0.145736550138
85.4158844681	0.0920633120939
96.7382429431	0.0812222377185
49.9279037459	0.138223437242
95.1942676074	0.0835639396014
58.2351210059	0.12317950192
89.8474926801	0.0886285517875
28.746592629	0.172677585403
72.3487463384	0.107572335583
79.4814117327	0.0974861392462
51.5743099693	0.132594596549
58.3336712472	0.123698676572
107.1594913	0.0725510448497
97.2289034663	0.0813888265578
74.4467798835	0.102718186067
18.6346169304	0.193881830416
78.1776672651	0.0987925214261
116.797375652	0.0653013662253
40.2720433849	0.151704479256
59.2056217075	0.122235635636
47.836862265	0.139346208137
37.3229919835	0.157588799782
81.7245902802	0.0951739062784
66.0429814667	0.113076571096
58.7742899089	0.122649109874
85.0549892634	0.0929611310464
86.2935895323	0.0914423921449
84.4173503668	0.0941090725126
54.7146486686	0.128632130162
60.7287533152	0.119995341135
29.0657901553	0.172407494246
80.3491812801	0.0961861222909
21.3939879935	0.184945369405
58.596115496	0.122337404426
47.7194692342	0.13864956754
87.0080222097	0.091114090067
119.258498215	0.063222021078
19.9788783077	0.190334715927
125.475812581	0.0582828195142
46.2423138622	0.14170673565
84.6846564134	0.0918289103913
98.9571901119	0.0781164150823
91.5434255323	0.0862581000574
106.983755287	0.0713929994848
91.4898714214	0.0869920858765
85.7199504196	0.0927142454583
68.8235470794	0.109681572068
63.6990557807	0.118184104715
18.2923274059	0.192174742478
74.0911666911	0.105423434773
75.7083694142	0.101426738887
65.3168481182	0.113802969285
59.0319771026	0.121965200083
72.4863417796	0.104714386223
122.915435877	0.0599056028583
74.5719967764	0.105105075249
131.978872154	0.0541950020961
127.320223892	0.0579077143741
100.576018	0.0785236514848
59.4268538228	0.124184108698
25.7725815588	0.179667856432
53.8792019536	0.129602270206
87.8062834987	0.0888933496289
81.1965443269	0.0961722360194
92.683265023	0.085421728532
91.5097332987	0.0869669360981
23.0603347335	0.181627843915
22.5822778937	0.182819571688
76.995159713	0.0996733296957
88.620468108	0.0888376969583
115.648578733	0.064891872939
107.441267578	0.070966536913
130.389995051	0.0552428578362
103.595153512	0.0747113475031
82.4951886084	0.0955738536691
38.2339683568	0.155318271343
45.759846978	0.140929836117
127.621495163	0.0568125137195
83.8855179053	0.0947993058383
34.2243787315	0.162784178311
53.2337171914	0.129656740552
147.980534733	0.0454903926908
60.7063356008	0.120172777233
134.006717951	0.0530810291309
86.5370691161	0.0900819564686
91.640063147	0.0847051998566
64.4047287004	0.115282160148
62.7390741959	0.117362890656
47.0424757185	0.14253542729
70.9701610965	0.109121400743
97.7625756104	0.0797350650353
67.3907907383	0.111417851349
99.7445481024	0.0776542942108
52.7847910575	0.131875236474
64.6833415387	0.115022718539
55.4827096031	0.128061124294
41.2315683913	0.150345266645
89.583399341	0.0886364407725
70.4263986466	0.110057727122
116.591668593	0.0642870375349
94.6664727114	0.0821202071103
87.5168360802	0.0889124294939
60.2738716382	0.12125493148
85.8571390664	0.090586556507
61.3207063469	0.119234728109
109.925268475	0.0691686857491
67.789475732	0.110820792748
126.84041609	0.0577842246221
76.1525429173	0.100795431796
69.6664350051	0.108743799926
84.4082955603	0.0920546658756
63.3376042893	0.116595052049
94.0798650114	0.0824422784522
66.3557732143	0.112300474299
109.3192908	0.0703420358777
74.6431569911	0.10277564758
73.4157121536	0.104171071791
79.2570732033	0.0973675061596
92.3287800221	0.084131523589
109.653894258	0.0696558550832
108.465592708	0.070635533654
112.565386444	0.0673575535284
84.1239063443	0.092220510377
65.2444367554	0.115123892326
66.0567669964	0.112394148294
93.0056933031	0.0841874859381
76.6204465594	0.10055769455
91.4882882069	0.0851277989186
64.2363705173	0.116353179619
63.5151995161	0.116919193654
78.5782455923	0.0988246163817
55.0965189302	0.129009933154
72.6436513635	0.104814551727
62.1027025768	0.118283423354
22.7480884942	0.185479795711
80.6491064787	0.096328995468
109.523260554	0.0696301566355
78.5910417441	0.0981390832201
102.036213276	0.0756544869472
55.253758066	0.129997847428
86.6926579443	0.0898156265699
44.5028923081	0.146709529832
55.5087892223	0.126870182586
68.2643317219	0.112429751122
55.4835482912	0.127741674673
51.0818905561	0.135380720144
54.8417990244	0.128715513262
60.064177447	0.123197712807
84.5352656639	0.09377751964
115.238881035	0.0657943994486
118.490096455	0.0631005615624
96.535952865	0.0803693047102
61.5110218693	0.119596917235
95.8755049962	0.0825673540839
95.5404017884	0.0816081910343
135.718455531	0.0521151304635
80.8112140665	0.0958902169487
74.4429124959	0.10249877057
49.6672407883	0.136027231802
66.3698640268	0.114441278348
131.49277239	0.0547638540817
68.1801794709	0.112508542829
90.5696634921	0.0866968054225
63.0802335838	0.118654290739
73.6724171969	0.103691540592
115.127803247	0.0663972124949
75.2648425981	0.104098044951
108.445343102	0.0717267698662
51.5137527225	0.135173899957
94.5937869565	0.0837626133477
56.588072008	0.127785095521
136.725373846	0.0517288264982
59.9439728519	0.121137813556
111.713879467	0.0687376400803
124.428262651	0.0596895064149
116.211590429	0.064844214487
86.6218287197	0.089902948717
105.434617804	0.0739879572697
121.492417362	0.0618015601176
57.2396540428	0.126575598666
97.1236073825	0.0816231950632
55.2452923542	0.12938719465
108.636485748	0.0705776312916
111.761811327	0.0687204269265
66.1046237252	0.115201666685
66.0703700343	0.111625080863
104.882656403	0.0735096769455
92.1403332195	0.0849642668697
136.596258728	0.0516982129331
73.2379838042	0.106191967644
144.945686332	0.0470807964031
65.8984948883	0.112027086689
79.6852729213	0.0971850943855
110.907346227	0.0685258761888
59.5754975193	0.120654822061
112.380087816	0.0680149026089
97.8008938569	0.0808583341576
79.5692018814	0.0990225030792
73.9299821683	0.105308080941
149.71618297	0.0446997298372
80.5075338623	0.0958722267661
73.3402466356	0.10410894377
74.5408832804	0.104835215098
62.4701892393	0.117618563485
89.0303031891	0.087412358321
134.306902653	0.0529747634463
100.930126343	0.0766929330665
75.2610698968	0.101886243548
84.7261405494	0.0916169397371
118.646618018	0.0631331646443
66.2442557747	0.112643940694
69.8362613156	0.108622351287
143.014593722	0.0482506672009
88.6535814727	0.0898002502546
53.2959965699	0.131956011773
142.232858111	0.0488112944232
117.617433313	0.064322456003
128.18178382	0.0569528523233
94.0097942913	0.0831477966766
102.937769139	0.074985011668
115.379573567	0.0656768369415
116.932287831	0.0644972474719
102.539535239	0.0752691652666
128.594219586	0.0568963832926
86.1612398925	0.092367592119
143.567355174	0.0480327397526
94.7983643494	0.0821400203093
89.0094356043	0.0879290903715
80.578895773	0.0958290211385
78.3288170387	0.0982284641252
101.342218255	0.0765195025795
80.5010776642	0.0963829728705
77.8240770657	0.0986564756062
104.449777293	0.0751556931135
130.521354794	0.0554947424753
105.146369078	0.0744125992147
125.774526765	0.0587591020867
124.981727333	0.0588102898611
81.4732416759	0.0948449180084
74.4990384398	0.102499071875
110.437056576	0.0694130302678
55.2198537955	0.126361929091
30.4298700888	0.167784688473
74.3535214832	0.102412667056
123.38973798	0.060345850789
118.778406279	0.0636302553035
75.1045496404	0.102272809335
109.616010422	0.0696892702801
98.4712882931	0.0801616448989
85.4681542347	0.0910299422134
103.741360599	0.0740663976877
73.9982329791	0.104112230612
100.849644671	0.0766792237558
99.6402745575	0.0776733346067
144.506123846	0.0476278823362
145.867672306	0.0470605594884
148.521855826	0.045541804922
142.41165775	0.0487546617209
124.905840997	0.0588944440054
106.074398845	0.0724100304335
123.433560815	0.0600712440666
72.6123094764	0.105479928649
124.535120728	0.059602054123
126.381779176	0.0578968133388
80.7273894527	0.0959627004673
118.274236335	0.0633199934116
111.963064536	0.0683121226556
101.141539511	0.0763284847092
85.5390009651	0.0915881408272
125.369131834	0.0586914550267
66.6074485716	0.112097911281
114.126083801	0.066634052221
112.788334816	0.0674175775946
104.233208036	0.0743581455337
74.5118840353	0.103453581242
124.653493691	0.0597915536656
102.743490109	0.0756502405905
117.402638018	0.064086134002
133.7416306	0.0537804788157
124.5476261	0.0592113132452
85.2406820328	0.091638166166
124.601834787	0.0592682753551
108.970507175	0.0706058914732
66.7369394723	0.112497140539
121.55970446	0.0619516358206
120.588906876	0.0625957751695
139.538547121	0.0502445520518
89.158405835	0.0879593724913
122.301455212	0.0609712682473
96.228984886	0.0818292342572
91.1597573584	0.0855493126188
120.732016636	0.0620359885657
122.833453556	0.0606870936517
162.173163949	0.0392852509346
79.7393640615	0.0975097136206
131.466350157	0.0550409713507
124.980760193	0.0593955246881
124.263155773	0.0596893614417
98.7526592379	0.0793893464852
121.467044179	0.0617912547059
81.6700526263	0.0953883839733
150.827122178	0.0445625428326
146.886611564	0.0465374416044
140.260314473	0.0500980554519
111.974434715	0.0683027451353
132.486167372	0.0548767925128
129.910800866	0.0559825675501
123.830714612	0.0603352566804
86.2267805986	0.090668446997
143.859595815	0.0481609662123
103.530949875	0.0747216136047
106.019983174	0.0733777590251
145.377371977	0.0474326341872
139.102191773	0.0506368841318
142.974188465	0.04863528465
117.985725637	0.0645744572592
89.5699076729	0.0882136774232
125.018226054	0.0596944422737
97.2725800314	0.0816077405562
93.0885531946	0.0842130145845
139.051277	0.0507989006797
129.515396636	0.0567277391948
152.761293214	0.0436067605079
154.114244888	0.0429511254446
139.891738846	0.050308718568
127.662317851	0.0572276632725
109.255835787	0.0711514529797
139.321063032	0.0507889456711
135.100979152	0.0529173025762
114.072688533	0.0673404641991
145.787122056	0.0471849318335
137.375116698	0.0515322807644
119.747561518	0.0628932831623
122.082387688	0.0614322238939
98.6624872278	0.080358853479
124.054172358	0.0594869112725
153.377689493	0.0432898040658
103.4343693	0.0761369294232
91.8878442289	0.0852210305024
143.458255082	0.0483682552578
141.468088148	0.0494587775084
134.459021955	0.0533978122891
144.100374208	0.0477558619305
154.724533074	0.0426512193319
148.497554458	0.0457528402762
145.75070874	0.0471027324599
117.706746109	0.0646475105876
93.4301174127	0.0852094247793
91.7283530607	0.0853418411551
151.81932435	0.04402638701
141.942171433	0.049228834342
137.909235455	0.0513957972673
155.633376157	0.0422084444386
94.9417461762	0.0818824524234
118.318871422	0.0642531861526
115.504236496	0.066285422061
109.525349497	0.0696996547742
145.107160361	0.0474735673125
144.796774078	0.0477297075052
129.042313575	0.0570374720106
145.239824607	0.0474122266214
156.86175141	0.0416252761178
122.337951283	0.0615074522836
161.032740742	0.0397273297992
124.247350396	0.0602170056787
127.516318522	0.0576659179301
138.915701366	0.0506510348508
158.724861616	0.0407359703059
108.445638018	0.0717451202834
97.342717153	0.0802605570101
109.501912918	0.0697266187694
165.829622974	0.0377143304986
141.012346066	0.0496671840085
157.850938436	0.0412152047983
121.985392998	0.0617111595921
110.076509382	0.0704983549686
122.310965366	0.0615637235546
111.706909511	0.0694047433879
129.940166424	0.0564210096107
151.23075092	0.0443891417487
137.091755944	0.0519931784376
142.140082546	0.0488400413992
127.896604099	0.0575486543593
155.133203028	0.0422875284769
151.991043009	0.0440000412037
140.225138179	0.0501125517119
165.66533552	0.0377330776012
170.143079103	0.0358124023049
164.1949357	0.0383695355797
168.206066673	0.0366098662287
140.778510218	0.0498866018266
142.129171721	0.0491675437792
136.01312127	0.0526236878315
147.00983071	0.0462917114196
150.130727588	0.0447739647654
126.435455615	0.0580795048258
146.661425011	0.0465403029951
139.81712822	0.0500152971434
146.85655906	0.0464856432948
169.621384829	0.0360119288538
139.251096024	0.0507532271162
139.371218047	0.0507307723174
133.658965385	0.0540988459789
116.227143855	0.0659653091464
129.262252521	0.0568540222353
133.408531425	0.0542557253447
146.123554014	0.04672339014
134.738341824	0.0534713048321
140.660508259	0.0500408420871
121.979254686	0.0617263620668
132.697312413	0.0546877619381
151.805364801	0.0441124464604
132.482125892	0.0543530163018
92.2338019053	0.0861090990282
122.897446267	0.0611083946351
161.278148528	0.0394780285627
173.899190556	0.0343654618061
127.941105879	0.0577283288491
143.21209019	0.0485610587268
146.583978469	0.0468176503154
139.658071392	0.0506416085184
124.563297647	0.0600476511798
135.396894737	0.0530345514626
127.528998727	0.057988930439
161.40992984	0.0395539856577
155.507583832	0.0422589080757
151.816038391	0.0438979189494
165.402672115	0.0378412659947
143.175514333	0.0483707891132
154.417053101	0.0428002106066
171.077353269	0.0354403212086
164.792395715	0.0381312168532
144.222217317	0.0479890411099
156.511485815	0.0418298625797
147.179167062	0.0464191218547
143.155253191	0.0486425725075
161.78744447	0.0394275778762
158.147398582	0.0410645671177
146.678161223	0.0464741251608
163.832474212	0.0385559616559
165.731031387	0.0376526338063
160.530229655	0.0399875148769
174.59006513	0.0340981418046
147.922290604	0.0460506052459
172.181701514	0.0350107119808
137.022381752	0.0520655862184
152.675688486	0.04352019677
162.590640504	0.0391079086014
150.984809217	0.0443741384626
134.380601765	0.0535798614149
141.695447621	0.048968687762
141.800539533	0.0493243173684
163.347886596	0.0387280662485
137.89946017	0.0515703943318
160.09219134	0.0399760936927
140.393252433	0.0501797339395
138.972686986	0.050764573672
172.168792052	0.0351180978591
130.664921282	0.0552441858333
130.536859755	0.0559199332586
153.253576081	0.0433747618865
150.795684532	0.0444032221682
150.185304338	0.0446271473814
159.651801133	0.0403676568956
141.685238593	0.0489267278476
136.117691559	0.0520224870478
120.475418452	0.0618996567568
170.783297595	0.0356644670833
167.666528657	0.0369295762196
174.909768697	0.0340178921377
156.431625787	0.0418549979018
129.086978876	0.0561269306529
137.606290269	0.0515390725559
137.533963955	0.0512040227193
130.869241206	0.0556499522229
143.722282267	0.0479086560709
146.575365282	0.0464771350519
120.617926114	0.062706754111
174.076491693	0.0343894229588
144.601370009	0.0478533503253
149.944952694	0.044877372138
152.274460237	0.0438653393373
170.099975769	0.0358580480543
139.026128897	0.050951378407
167.07506179	0.0370677012077
135.494042458	0.0530326782859
142.462435555	0.0485726728032
130.297438584	0.056224438415
145.88874714	0.0468127613397
142.179272319	0.0492022948348
147.749365611	0.0458667905275
156.218864215	0.0419469962434
118.62919042	0.0632311776929
152.969306534	0.043257396228
114.93947535	0.0659040008966
171.976342025	0.0350864763612
151.076659189	0.0442153230115
151.263248137	0.0441063055147
157.205866652	0.0415275515277
155.353093093	0.04235290029
169.56986295	0.036132333724
127.775831184	0.0571814919883
169.434905455	0.0362107764101
124.539240847	0.0600553112901
163.227125713	0.0388220113775
179.349934243	0.0323470578463
123.928255396	0.0594556850717
172.251445084	0.0350539833253
160.965142424	0.0396840898933
153.112071197	0.0432507577267
142.55813918	0.0488461914395
128.076506399	0.0567966132809
162.889839483	0.0388970171986
146.782850646	0.0466711552006
147.891620536	0.0461279521156
152.039005555	0.0436958605776
147.692719489	0.0462001131869
128.816719505	0.0564699115711
149.110333678	0.0452822991478
122.872558067	0.0603178213579
151.863268402	0.0441063019919
147.570880778	0.0458877863841
163.468734325	0.0385884616746
149.614492409	0.045141184804
145.307688545	0.0474935587061
153.20363685	0.0434152346438
151.882454383	0.0440574661609
143.392198011	0.0480773309622
162.155016625	0.0392345306961
159.486228922	0.0402850385379
157.266429842	0.0412848650661
175.539740223	0.0337701902709
138.027649665	0.0509932725711
150.410768471	0.0447811819431
140.933158822	0.049438888357
153.86478337	0.0430640315749
144.35219843	0.0475884585306
129.040605322	0.0569506987824
148.792387667	0.0453436156343
149.194931759	0.0454586375119
144.549855235	0.0475037610025
151.321862019	0.0443039121409
150.817626677	0.0442649235262
169.799613094	0.0360054911684
159.748696764	0.0402864397176
163.937782983	0.0384786988415
168.2741389	0.0366501315535
159.002127305	0.0406180268411
162.789558406	0.038962825618
175.623593975	0.0337237199297
178.802686784	0.0325638038892
162.429170459	0.0391293608679
160.505404684	0.039992166018
116.330351171	0.0657630838616
162.010409443	0.0391619201861
167.303257897	0.036925050495
139.582143033	0.0506041933678
169.994749889	0.035938966717
146.817746417	0.0466633008164
159.279769883	0.0405307722612
148.406422473	0.0457383857616
145.4174643	0.0473436308625
132.035357313	0.055150829385
157.641329819	0.0413167217507
157.903642184	0.0411762259793
155.95057728	0.0417794858793
157.312680345	0.0410702119547
140.825429729	0.0494533413544
175.69078426	0.033719493872
169.490547196	0.0360862898379
179.820692118	0.0321373494139
163.432050394	0.0385548325292
167.218136095	0.0369867312551
160.753644217	0.0396598084045
144.505922536	0.0479252020535
159.650082443	0.0402928611531
153.624389048	0.0429080569093
150.865986016	0.0446258749662
168.802563098	0.0363254824383
169.590732067	0.0359211752284
159.436496999	0.040340575895
146.425354193	0.046439808792
171.436194986	0.0353877099404
181.60170187	0.0314652637765
146.708709281	0.0467214916961
175.770408948	0.033658232487
167.079436353	0.0370544165838
133.875067746	0.0540157668187
161.070445202	0.0397062261039
176.051096878	0.0334704530648
167.852969607	0.0368202390911
135.94143792	0.0521468673579
172.132387132	0.0349965001969
165.886567586	0.0376021738889
137.822063072	0.051078701762
162.13294848	0.0391134497043
180.99430981	0.0317282830809
165.592027193	0.0377047228907
151.352643627	0.0439174217052
134.571693742	0.0528834939292
142.816028849	0.0483210990525
176.344390513	0.0333187074221
168.231060416	0.0366245903605
149.048290107	0.0455093446418
164.516256876	0.0382086781442
154.452296683	0.0424825593866
168.930883419	0.0361965073538
178.351310559	0.0326150892372
164.942758368	0.0379187774441
170.068656141	0.0358616362188
156.676729351	0.0414534996303
180.629147483	0.0318717675257
178.001711243	0.0327880271636
168.774160271	0.0362380187886
162.298278498	0.0392135119435
175.920139647	0.033592074315
143.423244174	0.0479677277309
163.692120256	0.038541778356
168.948529089	0.0363165158654
154.997985667	0.0425068887539
137.039715467	0.0521504146685
162.55271231	0.0390611104885
158.404300611	0.040963793846
177.968239802	0.0327822918498
163.118412425	0.0388407655303
151.676525911	0.0441847106886
157.382951702	0.0414010204984
140.622849713	0.0500221128178
172.665625449	0.0347264950414
154.344971638	0.0428493974844
178.238766094	0.0326186618441
172.091261787	0.0350831895092
143.054308018	0.0481714999348
155.311023703	0.0423649484294
161.113621504	0.0397343474445
152.23053286	0.0438774032633
169.667323484	0.0360551506716
168.664220629	0.03623732966
166.516401543	0.0373491920428
167.685518992	0.0368873311136
173.594806862	0.034543194256
168.688887619	0.0364620671582
161.985885004	0.0393155591182
183.090344072	0.0310535800588
182.57799492	0.0312246150215
162.585672516	0.0390147538514
165.965092854	0.0374475292506
185.110235738	0.0303158243955
173.614263428	0.0343547575113
173.63085856	0.0344961799001
168.604859818	0.0364183385611
168.698905983	0.0364553882686
166.050797864	0.0375143430637
170.044366785	0.0358412750285
178.193057479	0.0327380193013
173.332358569	0.0344957887571
180.855427347	0.0317473371981
174.474490647	0.0339611722146
188.081179007	0.0292804156376
164.808552256	0.0379330988036
182.943736209	0.0310918575999
178.343792274	0.0327540511753
172.26593752	0.0350420515941
168.575169796	0.0365187331322
164.802622055	0.0377614162527
176.184000364	0.0335472470614
172.002880228	0.0350719002007
182.788003996	0.0309763579117
170.540581846	0.0356712088848
183.214308309	0.0308822127874
163.529164102	0.0386224100962
172.803573025	0.0348251386931
174.24542582	0.034075257063
173.380455511	0.0345739701002
160.197731998	0.039867964462
174.197037894	0.0342896837474
174.045783836	0.0343350894117
167.817493786	0.0366523880072
175.728907979	0.0335325210186
176.801807625	0.033159235495
183.36284965	0.0308416379703
172.377288182	0.0348211143011
190.354230393	0.0285124805309
173.781278378	0.0344392915249
185.076295401	0.0303403511542
174.305936486	0.0342571137313
170.583093307	0.0354469368667
172.09811631	0.0348847601942
165.496576881	0.0377939765282
169.499823948	0.0361141307898
182.595601204	0.031079086551
157.038581778	0.0412557600855
162.226907143	0.0389983387864
187.22265923	0.0295519213291
173.403542478	0.0345481740821
175.716623575	0.0335937456183
178.666953896	0.0324688591014
171.488635857	0.0351085955529
171.049118542	0.035261642603
177.668471318	0.0328050482264
166.425189714	0.0371193855486
183.797041618	0.0308026900358
178.985222078	0.0323186139225
186.496220184	0.0298443048189
190.468809321	0.0285999152217
183.776312791	0.0308202426217
179.972822156	0.0321557489662
181.14254868	0.0316447061551
177.760961626	0.0329536253506
162.009952365	0.0393088401519
175.372172198	0.033811194691
166.467427637	0.0374146757882
177.230412622	0.0329759605927
182.892517575	0.0311322586066
182.384823819	0.0313164844847
172.089940122	0.0351105834042
165.907289086	0.0376156350169
170.674137002	0.0356725982871
166.891409017	0.0372338139513
169.581325718	0.0361065750574
173.332602559	0.0346428421046
170.396969745	0.0357813516228
175.170497391	0.0339581413986
179.282504392	0.032420245989
178.45326846	0.0327377902355
183.663875389	0.0309002171873
184.46494197	0.0305956028759
175.867927489	0.0336653518323
183.798057108	0.0308421811063
178.437680049	0.0327174448471
181.085156677	0.0317837752966
179.499974993	0.0323057345643
185.474054229	0.0302641813542
189.91377004	0.0288007604173
184.9758241	0.030415548109
192.326617704	0.0279746441506
184.651160881	0.0305013077664
189.891491146	0.0287749337643
184.331228849	0.0306559333355
186.970307582	0.0296522935658
182.409097205	0.031253748859
186.803120147	0.0296784047915
179.860642502	0.0321035064223
183.815756563	0.0306522908245
182.929057113	0.0310404818584
178.466692991	0.0325214455792
182.716057196	0.031107167547
180.98090734	0.0316265983038
181.924810323	0.0313676940616
177.784858027	0.0328363596898
184.422310991	0.0305189939881
185.618538709	0.0302401071299
177.669199675	0.0328596804294
176.061009967	0.033623491977
181.140713006	0.0316839663329
172.230784779	0.0347950078992
170.439665131	0.0355024330327
175.621634897	0.0337482658966
192.854685201	0.0278433593253
187.950663139	0.0294178666591
178.288281104	0.032759001449
186.515095723	0.0297482008377
184.361494947	0.0305783414331
189.128669913	0.0290051430721
183.235712552	0.030973103553
187.328907005	0.0295727292586
194.057131109	0.0274402904918
186.380740096	0.0299248411713
188.106733571	0.0293387341434
182.536255034	0.0312203831581
181.631115046	0.0315489999797
192.475302644	0.0279408348646
193.195676115	0.0277266970081
189.445112033	0.0289491697854
193.469360292	0.0276731230695
185.598281212	0.0300850673553
188.669653971	0.029086417921
181.648778051	0.0315572010203
185.282668715	0.0302788268766
184.528257018	0.0305855709799
178.724769636	0.0326431303434
181.716988498	0.031577658296
182.259328732	0.0313771582778
179.900794495	0.0322360101582
177.284382732	0.0330558821289
182.045706549	0.0314548368313
194.055476313	0.0275133417775
194.169912716	0.0274229776392
182.493567387	0.0310924051454
193.016108163	0.0277577256313
185.687628103	0.0301244217332
182.743717675	0.0310623479106
193.174039271	0.0277250178003
181.870306588	0.0313102077625
192.118125711	0.0280753526239
186.752408813	0.0296419885789
188.524882446	0.0292352481172
194.105264881	0.0274570697219
190.437990175	0.0285015843251
186.8009429	0.0297745207355
187.456077652	0.0295608760431
193.044936121	0.0277844037633
188.434233928	0.0292594024106
190.186384834	0.0287203329914
191.816455232	0.0281883583683
188.120893873	0.0293881475619
186.922388988	0.0298012349861
183.541459304	0.0309193429902
188.777635894	0.0291721365789
191.178734682	0.0284039258372
187.066748395	0.0297376394151
190.902576089	0.0284895870055
188.763015692	0.0291278523669
190.421048221	0.0286472036128
192.036587935	0.0281094251086
189.699708099	0.0288200342719
193.801701784	0.0275851087606
186.850783586	0.0297815937564
190.698287831	0.0285577318004
188.888677485	0.0291007423074
188.766751188	0.0291899864296
188.065883829	0.0293899867274
195.129735425	0.0271652933369
192.904857481	0.0278163633331
190.700784904	0.0285113468688
191.609485066	0.0282389567088
198.336115255	0.0261949891988
196.135146247	0.0267933077771
193.700279808	0.0276134932175
198.493278548	0.0261079492576
190.636310404	0.0285822399795
186.064039097	0.0299823430301
188.660083684	0.0292241976114
191.784800228	0.0280859116532
192.866011699	0.0278944292714
186.417971311	0.0298310666308
185.402356185	0.0302628409655
191.232311473	0.0282294080102
187.906947607	0.0294689973711
185.551228982	0.0302217457866
171.190137502	0.0351765587801
189.061719034	0.0289883525207
195.292015429	0.0270856460469
195.306484302	0.0270491265326
197.462171323	0.0264893999537
193.900241982	0.0275362995485
185.320962303	0.0303392381888
188.312937724	0.0293061218791
189.11785486	0.029097312638
197.27039929	0.0265460379281
193.740923188	0.0276162917779
195.08907513	0.0271720848124
192.639478033	0.0279751691632
193.246044227	0.0277403116918
198.134536306	0.0262845820862
192.657102885	0.0279322102765
194.900897475	0.0272592944745
195.987146597	0.0269204367156
198.427849942	0.0262116178843
198.285119225	0.0262615620703
199.467718768	0.0258866412584
192.503769772	0.0279994867054
198.668989685	0.0261494461477
194.362384429	0.0274356821141
200.390892308	0.0256269915956
195.047436126	0.0272432178506
197.171475449	0.0265485433072
193.459546087	0.0277032198092
197.250095501	0.0265177229133
189.752287792	0.0288767744359
200.011703935	0.0257338847802
183.066438288	0.0311335515233
196.055902721	0.0268566221825
182.089977606	0.0314422712904
197.532287358	0.0264294911018
179.358869166	0.0324414756268
187.85836156	0.0293639888915
175.862298152	0.0336968454125
192.096669114	0.0280729995572
181.478461556	0.0316582458789
183.11067468	0.0309865560576
177.043427792	0.0332686599415
194.922126378	0.0272830826973
182.356032985	0.0313591574538
189.433747908	0.0289799135908
193.976008384	0.0275517989617
196.534433818	0.0267787444845
192.458460472	0.0280355250015
189.023531875	0.0291233803011
193.302136329	0.0277519320011
179.427654028	0.0324013204466
187.328326718	0.0296882407436
184.780552389	0.0305442863599
191.706416018	0.028274289764
187.634918787	0.0295689307405
189.954666502	0.0288372295916
191.213355439	0.0284177335806
195.679818511	0.0270212469735
190.671155885	0.0286077662158
198.073898812	0.0263058385247
195.946379826	0.0269592224168
196.273127613	0.0268498440367
194.025378023	0.0275331551062
198.124040444	0.0262957074462
197.161279945	0.0265950723649
199.940393249	0.0257541007173
186.223537126	0.0299899497358
196.723934436	0.0267179791825
193.238285188	0.0277957898503
198.450512789	0.0261853975914
189.140846007	0.0291103115223
192.535403039	0.0279770270503
185.992065874	0.0299793520716
180.288082746	0.0318802736206
181.603709249	0.0314348703095
188.244154801	0.0292448322475
192.922044434	0.0278647967712
189.550500168	0.028972195615
188.770713398	0.0291813100063
192.208609245	0.0281187404225
195.529195758	0.0270658993945
185.084575218	0.0304254110128
201.160389147	0.0254097314564
199.323159504	0.025926900685
201.488968319	0.0253151720432
198.073335003	0.0263168621012
197.98094026	0.0263233617206
200.788269255	0.0255226276013
198.071574409	0.0263011568172
197.385605082	0.0265175149296
195.11118748	0.0271859668969
192.927821953	0.0277997391229
190.47100469	0.0286310560774
194.797297712	0.0273195094186
194.633153044	0.0273292142985
194.411541082	0.0273885359823
194.022990531	0.0275252342956
195.524848238	0.02706944986
195.5463821	0.0270613446766
198.595725102	0.0261733733441
193.232576209	0.0277971604007
192.866156637	0.0278652884818
197.709014503	0.0264152867578
201.326516542	0.0253493415571
198.814642826	0.0260757178705
195.130076447	0.0271509386244
198.271951117	0.0262327307628
197.35349347	0.0264910199074
196.26103556	0.0268157002398
196.376850284	0.0267810473148
198.280222138	0.0262586052622
200.546971185	0.0256071711103
200.351741042	0.0256699719547
198.980667057	0.026029883048
200.706905965	0.0255345667369
193.559324064	0.0276668849372
198.913267228	0.0260846595837
198.103851467	0.0263053537794
199.664599509	0.0258651640128
193.998121743	0.0275353598635
200.199636754	0.0257047931686
199.384909951	0.0259066394225
202.020142794	0.0251820784443
202.309292184	0.0251048469905
197.887774036	0.0263770594078
198.762393887	0.0261115764536
200.963810783	0.0254787582302
201.076943911	0.0254199912144
199.852169445	0.0258146056986
201.101735268	0.0254278408893
195.707988179	0.0270175933456
192.668084681	0.0279113993792
193.505899554	0.0277256134131
196.011060972	0.0269377590823
198.225556516	0.0262825865937
197.828900384	0.0264070487245
200.082105559	0.0257387202026
200.101228973	0.0257327537002
199.262519126	0.0259473948121
202.27288392	0.0250996179353
199.072722531	0.0260332803312
203.334521988	0.0248139619118
202.485550055	0.025018583361
202.276942718	0.025115010802
201.082674406	0.025450768708
203.6537784	0.0247193068763
202.839324902	0.0249564325229
199.435350051	0.0259027731494
197.706933647	0.0264164768466
202.37032476	0.0250895877491
202.75011085	0.0249677682841
199.896326549	0.0257855725185
198.779698435	0.026129641254
200.646895945	0.0255828491066
202.827043304	0.0249270882183
198.969093716	0.0260652942048
202.77360864	0.0249339460032
199.599481309	0.0258901204423
203.148971362	0.0248595731491
200.347256283	0.0256593723274
201.211357963	0.025384037437
200.82798414	0.0255303402594
195.785923857	0.0270112830518
203.671092833	0.0246832958932
198.970442669	0.0260241620551
204.349468792	0.0244945838001
200.762808297	0.0255162753452
201.062963827	0.0254550300601
202.791951171	0.0249629404089
200.34399332	0.0256377012946
201.816538633	0.0252004425989
201.864157455	0.0252261188498
204.680173906	0.0244234742358
201.849065504	0.0251900475006
201.914457285	0.0251779812888
199.774682869	0.0258217487229
203.137591882	0.0248441682094
203.800387313	0.0246394180616
201.956669131	0.0251588285993
201.949943225	0.0251824270475
202.02452218	0.0251412948737
203.453964357	0.0247367381331
203.834390276	0.0246647807492
202.092216722	0.0251191373674
205.022279115	0.0243375348374
204.241139667	0.0245385532132
202.290959121	0.0250718590093
200.928184909	0.0254559548513
203.41894126	0.0247773363817
204.007116974	0.0245888541495
203.44187944	0.0247496156609
204.675830609	0.0244352193288
203.955704587	0.024602817032
203.845745622	0.0246312169287
204.016915997	0.0246187965904
205.266676119	0.0242482957816
204.697032071	0.0244112492845
204.850590495	0.0243532065799
203.558443634	0.0247044394456
205.187217026	0.0242658536448
205.609144745	0.0241745364362
206.380486027	0.023959694057
203.992384951	0.0246060636001
204.64224836	0.0244058844386
202.92401685	0.0248783140982
204.274737527	0.024502961802
204.375124822	0.0245119365487
205.103274454	0.0243071364885
204.12066673	0.0245776242958
206.711017429	0.0238566811259
206.685999569	0.023876926154
206.406248114	0.0239210838345
207.330044486	0.0236822039261
206.261133472	0.0239599835711
204.928229107	0.0243246918863
208.014971272	0.0235084223993
206.548014831	0.0239158336255
206.773151448	0.0238258547258
207.306129245	0.0237075047706
205.720892702	0.0241360929557
205.539882649	0.024184141948
208.151025943	0.0234844558974
207.581182409	0.0236294883009
208.400377897	0.0234123916284
208.09596332	0.0234961221267
208.167620684	0.023472186828
208.028841604	0.0235010915219
206.886943364	0.0237894132651
206.154475432	0.0239843064304
206.57880542	0.0238716883703
208.14618345	0.0234822458856
208.533722554	0.023380582239
209.168603409	0.0232098515353
208.392464631	0.0234006329144
207.850219411	0.0235248020064
207.268299288	0.0236822267382
207.420791362	0.0236377024025
209.772757137	0.0230523087154
209.865107948	0.0230262988693
210.237766849	0.0229246164267
209.222698748	0.0231653265938
209.281473022	0.0231520298308
208.93869956	0.0232388338653
211.075179943	0.022715768761
211.120065236	0.022704449826
212.106369959	0.0224521403825
210.788494259	0.0227652130154
211.446552922	0.0225875840778
212.182982902	0.0224284708494
213.073261132	0.0222060228232
211.344512647	0.0226349043076
213.379787794	0.022124069929
213.132126473	0.0221785481688
212.745367982	0.0222585200074
211.806204724	0.0224903714662
214.091412243	0.0219474554669
213.653095991	0.0220322574177
214.633090069	0.0217962181984
214.102406596	0.0219160462166
214.821818183	0.0217360199546
214.821158521	0.0217369005653
215.329569848	0.0216399948429
215.447015754	0.0215846447668
216.065508093	0.0214413367332
215.228729584	0.0216340445135
214.96338621	0.0217009518349
216.554104684	0.0213229729925
216.652689247	0.0213028914847
216.737705015	0.0212831889263
216.873376939	0.0212488112091
216.320342693	0.0213687803584
215.543810434	0.0215615201647
216.364163816	0.021384249812
217.255608036	0.0211668920624
217.345145819	0.0211344218169
216.98602948	0.0212056506182
216.961615169	0.0212109558632
216.624927523	0.0212913913592
217.047210614	0.0212147603159
217.383425443	0.0211263157732
216.835010674	0.021246532708
216.123103685	0.0214186880585
217.144677043	0.0211708160107
216.82155021	0.0212633230145
216.536106691	0.0213525362741
216.861469503	0.0212398785385
216.245501828	0.0213943619282
217.687993029	0.021059451455
216.674715831	0.0213225876716
217.986363228	0.0209851444327
217.212679823	0.0211837509318
217.720661413	0.0210391438864
217.325896863	0.0211402797577
218.208120587	0.0209230136588
216.947788487	0.0212526601975
217.315198121	0.0211403165798
217.575452876	0.0210753987959
217.999068062	0.0209758454037
218.908378745	0.0207714634618
218.017078784	0.0209818855785
218.717157082	0.0208116466988
217.192940081	0.0211679023252
217.166160554	0.0211795283681
218.63634212	0.0208269157075
218.769013112	0.0208084708739
218.707507736	0.0208217277933
219.621339724	0.0206323290325
217.849547003	0.0210372908448
219.328596411	0.020699657177
218.345713324	0.0209279447282
218.820918198	0.0208085567903
219.416490982	0.0206575608733
220.69035015	0.020370490952
219.437141161	0.0206694862341
220.523767442	0.0204048730958
218.513240551	0.0208585620751
219.844095099	0.0205563965587
219.933284671	0.0205476695671
221.409050311	0.0202220192935
219.772638982	0.0205730698627
221.383395273	0.0202155006147
219.725507756	0.0206079115313
221.506081367	0.0202073768106
220.198846846	0.0204948763601
221.300066007	0.020235899769
219.386625814	0.0206623274139
220.48365936	0.0204069073598
220.252599734	0.0204787700608
221.154802831	0.020264483484
219.995993259	0.0205410090539
221.157995361	0.0202800503867
219.987082687	0.020539699788
221.968458957	0.0200927092226
220.311516688	0.0204520132707
221.943271736	0.0200852496628
220.509702349	0.0204069931501
222.262778847	0.0200292322716
220.599911719	0.0204062268325
222.518393469	0.0199796644722
221.271703969	0.0202541810333
222.667177847	0.019940347048
221.065336745	0.0202868862136
222.780180107	0.0199120617485
221.467823725	0.0202055668893
222.438955218	0.0199639962138
221.870856111	0.020116482445
222.693068836	0.0199358244335
221.986535373	0.0200932371842
222.957189676	0.0198785704104
221.9794737	0.0200961572327
222.224525516	0.0200348827051
221.709030098	0.0201552773789
222.498083046	0.0199684708496
222.56948635	0.0199440620553
222.917029904	0.0198809092163
222.849758214	0.0199019174736
223.002828089	0.0198668826147
222.475172125	0.019983303398
222.621623184	0.019942375913
223.136074647	0.0198306773072
222.445763192	0.0199776821117
222.571712628	0.0199349868999
223.188533917	0.0198141160307
223.357258175	0.0197655501704
223.47535686	0.0197569205198
224.097628835	0.019622795826
223.486699987	0.0197531133442
224.553006888	0.0195203433735
224.147524605	0.0196018086675
225.499327884	0.0193086980381
225.247397218	0.0193710712734
226.015158019	0.0191969747967
226.06357528	0.0191928707429
227.350103429	0.0189019162287
226.990357647	0.0189833694468
228.408981597	0.0186781261465
227.845620643	0.0187961096707
229.063295267	0.0185310212486
228.693090791	0.0186094441911
229.748517814	0.0184018774418
229.139114528	0.0185260295869
230.252533418	0.0183005693774
229.529227285	0.0184500862776
230.405862004	0.0182555060903
229.120903271	0.0185066314829
230.578921328	0.018203708832
229.749460748	0.0183906410248
230.879241451	0.0181724130608
229.400837571	0.0184738221903
230.958726989	0.0181434526166
229.714453768	0.0184106530684
231.164027937	0.0181140948848
229.532963652	0.0184479679673
231.118144067	0.0181143836484
229.498337399	0.0184542271823
231.248000306	0.018091892819
229.456743606	0.0184604590887
230.901158489	0.0181681425081
229.381329394	0.0184841020825
231.150724672	0.0181165676486
229.398532686	0.0184818829632
231.076513486	0.0181348665602
229.236416385	0.0185153094724
231.172187635	0.0181102112132
229.324656299	0.0184967456158
231.121773494	0.0181294096761
228.993537725	0.0185606055284
231.126371962	0.0181205018632
229.298103367	0.0184993549187
231.024286218	0.0181488066168
229.229667955	0.0185162127261
231.09801953	0.018129273066
229.128497358	0.0185327175987
230.847348541	0.0181815834582
229.20113562	0.0185182497213
231.016371157	0.0181445040105
229.204220419	0.0185184350845
230.878029297	0.0181755141175
229.449990618	0.0184740239224
230.984693786	0.0181540387134
229.379287161	0.0184843863209
230.945063027	0.0181598001881
229.457407156	0.0184661536733
230.700615392	0.0182107649324
229.340447771	0.0184927063881
230.997044419	0.0181316108127
229.545595488	0.018446839967
230.984094333	0.0181558221194
229.154713986	0.0185296952323
230.692019997	0.0182133050591
229.3053115	0.0184965146404
230.474715306	0.0182557403865
229.598282302	0.0184324479227
230.627097961	0.0182204964199
230.072689026	0.0183337977162
230.650936289	0.018214756811
229.992330678	0.0183506639567
230.582393701	0.0182317202254
230.02815422	0.0183426455822
230.635847639	0.018224855849
230.317819914	0.0182821065873
230.320675691	0.0182901312165
230.316965618	0.0182869688795
230.313104321	0.0182904808956
230.366072599	0.0182590040418
230.277501552	0.0182992764841
230.533277728	0.018235795002
230.095946488	0.0183113969146
230.417616567	0.0182419760656
230.608188073	0.0182042515874
231.057931963	0.0181236832051
231.024388152	0.0181446262277
231.302158426	0.0180853984815
231.082080907	0.0181321747212
231.479806385	0.018045550371
231.394182355	0.0180654715869
231.568393245	0.0180291928038
231.62800615	0.0180194466083
231.672960336	0.0180096131978
231.652541143	0.0180143054306
231.800733308	0.0179855065436
231.733857988	0.0180013827883
231.629071082	0.0180155818816
231.682292048	0.0180080723725
232.367903346	0.0178669531379
237.310951643	0.0169116250784
241.416676279	0.0161671216195
244.568688493	0.0156097930538
247.366215585	0.0151226587941
249.389878282	0.0147916756714
251.649386309	0.0144084663863
254.541538887	0.0139541786112
255.587635389	0.0137867024697
256.747266751	0.0136031469196
257.905058893	0.0134296744804
258.469366064	0.0133500929537
259.009708449	0.0132595100675
259.448621042	0.0131966668215
260.114476062	0.0130944456478
260.287439151	0.0130733416868
260.412985548	0.0130440040987
260.892900079	0.012980288222
260.785580746	0.0129910563764
261.265860108	0.0129273091769
261.371536643	0.0129108592567
261.372717676	0.0129099516461
261.413194146	0.0129085753017
261.250853946	0.0129295620049
261.112923574	0.0129481393448
260.920313812	0.0129754184238
261.055958778	0.0129601776899
260.745120479	0.0130031645833
260.14654399	0.0130849578381
260.234491208	0.0130650912437
259.895847244	0.0131157521864
260.136035645	0.0130796255504
259.928385379	0.0131006346057
259.642816225	0.0131241858662
259.504943451	0.0131291486625
259.691010537	0.0131053166136
259.852637915	0.0130785915925
259.757175722	0.0130954508797
259.820503414	0.0130838980204
259.778038458	0.0130890853962
259.58664674	0.0131190308701
259.700943272	0.0131053673065
259.703157146	0.0131128426246
259.706486543	0.0131181493482
259.791230893	0.0131129475917
259.857391892	0.0131098917827
259.814657529	0.0131180686978
259.768549761	0.0131269453977
259.562551156	0.0131562245437
259.519242947	0.0131627528461
259.108336777	0.0132261555319
258.839344208	0.0132658909521
258.812886049	0.0132694302706
261.46098222	0.0128790720871