100	-0.04542	0.0	0.999999999276	7.24294998108e-10	0.0
104	-0.03405	0.0	0.727226791945	0.272773208055	8.23504817058e-15
105	-0.03795	0.0	0.0	1.0	0.0
107	-0.03909	0.0	0.0	1.0	0.0
11	-0.09952	1.0	0.0	0.0	0.0
113	-0.0459	1.0	0.0	0.0	0.0
114	-0.007003	0.0	0.0	1.0	0.0
115	0.002252	1.0	0.0	0.0	0.0
116	0.04328	0.0	0.99999999999	1.0241140053e-11	0.0
117	0.04187	0.0	1.0	0.0	1.54256444373e-104
118	0.07113	0.0	1.0	0.0	0.0
119	0.1022	0.0	0.0	0.0	1.0
121	0.1148	0.0	0.0	0.0	1.0
125	0.195	0.0	0.0	0.0	1.0
126	0.487	0.0	1.0	0.0	0.0
127	0.6275	0.0	0.0	0.0	1.0
128	2.264	0.0	0.999568066444	0.0	0.000431933556494
165	-0.07869	0.0	1.0	0.0	0.0
166	-0.1043	0.0	0.999915235574	0.0	8.47644256462e-05
167	-0.1696	0.0	1.0	0.0	0.0
168	-0.1408	0.0	0.0	0.0	1.0
17	-0.1306	1.0	0.0	0.0	0.0
170	-0.1025	0.0	0.0	1.0	0.0
172	-0.08438	0.0	1.0	0.0	0.0
175	-0.09658	0.0	1.0	0.0	0.0
176	-0.06508	0.0	0.0	1.0	0.0
178	-0.06399	0.0	0.0	1.0	0.0
189	-0.02532	0.0	0.0	1.0	0.0
190	-0.02287	0.381239901131	0.0	0.618760098869	0.0
191	-0.02489	0.0	0.0	1.0	0.0
192	-0.02149	0.0	0.0	1.0	0.0
193	-0.02621	1.0	0.0	0.0	0.0
194	-0.009287	0.982728663867	0.0	0.0172713361327	0.0
195	-0.008231	1.0	0.0	0.0	0.0
196	0.01629	1.0	0.0	0.0	0.0
197	0.01981	0.00142819448837	0.0	0.998571805512	0.0
198	0.053	1.0	0.0	8.21179963037e-83	0.0
199	0.07079	1.0	0.0	0.0	0.0
200	0.1037	0.0	0.0	1.0	0.0
201	0.0718	1.0	0.0	0.0	0.0
202	0.02555	0.567890381332	0.0	0.432109618668	0.0
206	-0.005473	0.864276053432	0.0	0.135723946568	0.0
207	0.001461	1.0	0.0	0.0	0.0
208	-0.01653	2.19061539252e-08	0.0	0.999999978094	0.0
211	-0.01769	0.0	0.0	1.0	0.0
23	-0.08972	0.482404070723	0.0	0.517595929277	0.0
24	-0.07838	0.0	0.0	1.0	0.0
25	-0.0852	1.0	0.0	0.0	0.0
26	-0.08785	0.0	0.0	1.0	0.0
39	-0.0769	0.0	1.0	0.0	0.0
40	-0.06138	0.0	0.00258144710352	0.0	0.997418552896
41	-0.03851	0.0	1.0	0.0	0.0
42	-0.01371	0.0	0.98039867528	0.0	0.0196013247204
43	-0.02641	0.0	1.0	0.0	0.0
45	-0.0361	0.0	0.430892714299	0.0	0.569107285701
46	-0.04043	0.0	1.0	0.0	0.0
47	-0.02087	0.0	0.0	0.0	1.0
48	-0.02541	0.0	0.504874823062	0.0	0.495125176938
49	-0.04099	0.0	1.0	0.0	0.0
53	-0.057	0.0	0.0	0.0	1.0
54	-0.03962	0.0	0.481506297836	0.0	0.518493702164
6	-0.06688	0.0	0.0	1.0	0.0
61	-0.06052	0.0	1.0	0.0	0.0
62	-0.05277	0.0	4.14192131846e-110	0.0	1.0
63	-0.05337	0.0	0.0	0.0	1.0
64	-0.06517	0.0	0.0	0.0	1.0
65	-0.06022	0.0	1.0	0.0	0.0
66	-0.05741	0.0	1.0	0.0	0.0
67	-0.06185	0.0	0.0	0.0	1.0
68	-0.06633	0.0	1.0	0.0	0.0
69	-0.05684	0.0	1.0	0.0	0.0
7	-0.08532	0.0	1.0	0.0	0.0
70	-0.05473	0.0	0.0	0.0	1.0
72	-0.05878	0.0	0.0	0.0	1.0
73	-0.05236	0.0	0.0	0.0	1.0
74	-0.0532	0.0	0.817933371928	0.0	0.182066628072
76	-0.05685	0.0	0.561898896227	0.0	0.438101103773
79	-0.05215	0.0	0.0	1.0	0.0
80	-0.05222	0.828759174762	0.0	0.171240825238	0.0
84	-0.1202	0.0	0.0	1.0	0.0
86	-0.1013	0.0	1.0	0.0	0.0
90	-0.05873	0.0	1.0	0.0	0.0
91	-0.05756	0.0	0.0	0.502068637007	0.497931362993
92	-0.06532	0.0	0.000315904150084	0.0	0.99968409585
94	-0.04976	0.0	1.0	2.51836866471e-144	0.0
95	-0.05102	0.0	0.992623815593	0.0	0.00737618440741
97	-0.0462	0.0	0.314221639837	0.685778360163	0.0
98	-0.04201	0.0	0.999999990047	1.58302577841e-10	9.79512988488e-09
99	-0.04468	0.0	4.4104045394e-39	1.0	0.0