-71.1048255146	0.540477720941
-1.43844580491	0.246721756042
26.5936008745	0.176215635282
57.6714469644	0.126905884471
-7.48251858885	0.255002108131
-45.3325048367	0.404530636511
26.6659831343	0.17794150558
-60.5862743511	0.478385357533
-66.4463435243	0.512234983069
31.2621883541	0.170137594496
23.9319764287	0.184585705623
16.9876715885	0.199589713337
15.1367211826	0.20292189402
37.1721577961	0.159159245827
30.4315300317	0.166426565086
-7.18129241737	0.262989339901
-69.2160917265	0.529833182474
-61.2411754627	0.484087885259
-65.2758831911	0.506497460722
98.3064257099	0.0808047837761
-35.7064051085	0.358222920183
16.0976819735	0.199238547188
-69.3599110474	0.529012322206
30.5910595917	0.165822657272
39.0379463096	0.150726753824
38.5969531481	0.156877110442
-0.846108635378	0.244791936102
30.4093641967	0.172141351388
65.3904758557	0.116302400616
158.627169737	0.040272097715
1.25132260223	0.239404614289
14.7414289469	0.20321151814
-39.1483056614	0.376652353668
-0.13935481547	0.240513711324
-2.67267635101	0.24873420786
43.556663111	0.14502666784
42.9879957805	0.144919975241
6.93553657876	0.223482008899
29.5496330827	0.170864425383
65.2011723847	0.116737110812
8.62349109731	0.217561512735
25.5944948501	0.175446411794
-50.0441019738	0.42622611894
14.5001038217	0.203716353759
-22.2289564454	0.307034412856
14.9708754881	0.203086177146
-19.1450187888	0.295161426091
22.5574459763	0.182804877102
-26.4076401949	0.325160172244
-32.5791214463	0.348783410777
53.4340946608	0.130097530043
-12.6989505976	0.280226513457
-3.97595212561	0.253804920639
-18.590203926	0.299527357182
-0.580759216324	0.243169996459
-31.0698575201	0.342045448876
7.38783858263	0.220367049646
56.2467018094	0.129025867815
-14.4612772527	0.284558230682
-1.27205296912	0.244582158497
22.6736695084	0.187112044148
10.2365129523	0.21172897673
18.5439439046	0.191576867021
106.493173387	0.0713482990296
32.9574675835	0.166880463209
-13.2692213692	0.275251743029
-8.763277323	0.268057164292
-4.80912533642	0.249737443269
-28.793752044	0.328258001655
14.0347226672	0.202942762151
18.0565058387	0.192497344371
20.1285739789	0.193466730582
-4.71132814257	0.249615389524
10.104435403	0.207038736676
2.45994880236	0.234363438141
11.5058613872	0.206920535116
28.5162480982	0.169955639531
14.5545030456	0.203243857367
30.8823642467	0.170768795824
50.9349832462	0.136628194261
2.47719357754	0.233650893701
-38.2876213847	0.372240056635
22.576869243	0.180091005751
28.4829978192	0.175291741087
3.58947769057	0.229819430673
31.8132580817	0.161989373736
15.3538115778	0.201541614418
-39.5965224381	0.377363041585
11.5847905799	0.206580051888
37.6765598794	0.154723634719
-23.920368084	0.3158651219
-29.8246539359	0.33971771902
38.3787994365	0.151129264846
41.9941065957	0.146364000039
48.3661932892	0.137668909099
38.21238412	0.151463304885
-29.207442851	0.333642626799
-14.6284479349	0.28121367956
-33.9628508891	0.351720525972
12.9295200088	0.206997007593
-10.1524553964	0.266801306383
21.4592834322	0.185892879103
-35.417260959	0.356313540137
20.6484871844	0.186879536378
16.0162731345	0.19946085145
-5.7826652123	0.256578350382
16.0391868146	0.198237424846
18.4092994197	0.193620645872
-7.2836306976	0.255864837896
-18.2897067913	0.292598979693
70.545922533	0.10986917716
13.1717720972	0.206155993436
38.4997939723	0.156760063876
8.27662880713	0.217751969723
15.1321988091	0.198776777232
24.024378172	0.184657724586
-17.7649848443	0.29150600815
35.924354322	0.155401410737
-31.1005334841	0.343450839992
188.403835253	0.0293282527576
11.5958955447	0.210631606117
-7.63960164471	0.259720448275
8.15762796553	0.214748407519
-19.4499392434	0.302345321478
23.0455455538	0.184596218456
20.3623011523	0.187831794737
93.7537258993	0.0846706400583
60.4452100473	0.123102140039
0.73387307438	0.24072253433
33.655209538	0.165990915573
2.47016401032	0.236128590005
72.3390744208	0.107898967127
-25.1638317211	0.320676535674
21.0730767163	0.187118614967
111.532534004	0.0679362208614
-5.37147332294	0.255966714005
17.8895737341	0.194348244573
27.4339200399	0.171659422363
6.344550113	0.224341084665
21.6910468757	0.185807216981
-26.1049370249	0.325287090375
33.5463469758	0.166065598671
-11.5312141253	0.267248536608
12.2018960638	0.2081783796
-5.20269566791	0.256049913464
7.76020949902	0.219200049726
14.7833303757	0.198411341262
14.0409025628	0.198869598343
3.84993105713	0.231203709225
-7.93939384397	0.264231684439
-0.986646998475	0.238864526525
38.3630859784	0.155314126353
30.5279165941	0.16642509208
23.8821511157	0.177405405409
92.975437912	0.0833234155459
47.4270444008	0.138564669696
16.5632112339	0.192740342373
16.0476065242	0.201086876772
47.3504170024	0.138052571121
7.30828821609	0.217287671886
32.7811516628	0.161235965918
40.4291612709	0.148401614643
153.690410716	0.0427098756849
76.6706012866	0.10209567257
37.8823082058	0.154245276821
258.841457679	0.0132507995668
38.0424277142	0.157448706895
37.3847400191	0.153303478872
16.0455451229	0.199033924908
-3.81665175552	0.248479784362
127.956747853	0.0578911679493
25.7069640044	0.180968394985
19.3626398853	0.189473064123
49.8724902103	0.134849077081
6.49955323591	0.224640180214
29.0712556581	0.171850741188
0.636691960961	0.234686730949
57.9604973105	0.126096068703
14.2656110679	0.200287699375
17.9035952361	0.197034489087
14.4488695209	0.20330069128
14.5317495749	0.204101324903
40.9756181686	0.146644788199
155.895625954	0.0421405282626
-13.4278727406	0.278249262973
27.3936175919	0.173136921681
14.2932287977	0.203524536897
28.037719739	0.170089968632
24.0226903868	0.179229633149
87.5454914244	0.090973972733
93.2586345106	0.0841557499468
30.4430956117	0.164900766738
2.2694435747	0.236072736966
33.5024846129	0.159527672672
46.7678751116	0.138253099746
6.51635708488	0.225561338333
17.9030185551	0.198323021583
-1.37626348685	0.246551146304
26.0275159575	0.180838287266
30.3217383038	0.17246995442
32.8878753223	0.167556062457
2.358756748	0.236390291467
0.108418091581	0.242542792887
5.26745985565	0.228725178561
86.0829835385	0.0925986780334
24.7750778583	0.176492064493
15.6152716301	0.199819021272
24.8554977372	0.182877883724
71.838079109	0.108353483514
11.3351761911	0.208449182996
32.8668175939	0.167365296857
16.5581928223	0.200482316437
-13.6105223336	0.283265004694
21.2965597765	0.190876755403
105.607036915	0.0721285055884
90.3596771666	0.0859373304086
3.17693657391	0.230015223643
21.0056021967	0.191093369911
57.993985529	0.124367233048
18.935840969	0.193176407253
-7.9693884649	0.264247561009
17.841454194	0.195929280565
-8.17397999505	0.261202533439
10.2209333789	0.213882854464
190.486473062	0.0286613526874
67.2870577708	0.113094816782
50.1751421723	0.137876725455
42.4512488707	0.150191216602
10.3959433436	0.215022676491
138.518879752	0.0513518367296
21.0677206346	0.185195503409
20.7340758554	0.187587488648
28.4798635523	0.17031015699
48.7929387631	0.135740472484
52.2972419384	0.131373833168
95.637594432	0.0832155157128
19.8324757829	0.190944335605
60.6255558783	0.12266201744
9.42262259345	0.214063215013
34.9159289072	0.157422585923
23.6868474834	0.180850380059
33.9722914283	0.16548080088
81.9414557463	0.0952926112983
12.3919176168	0.206761952206
9.51430881593	0.217903827054
59.5985441167	0.121506961206
30.0032664069	0.173102707181
62.1509932157	0.120603314783
93.7422789338	0.0850415374286
17.2265077373	0.198255844696
99.7692554862	0.0794628987886
-3.84508530933	0.250640641335
20.3519539991	0.184972362141
17.6840340602	0.196210330349
99.8676546803	0.0793723609977
25.538158272	0.180999611357
29.532366168	0.174023725816
145.274669548	0.0465932912503
-4.60347245711	0.250544158859
150.973998145	0.044568442718
61.7337285399	0.118602531764
21.0119335301	0.186900182844
14.0222119913	0.202892014973
26.1392905257	0.17983172734
34.9313946231	0.163717873178
78.8796037242	0.100308979764
11.0734442096	0.211831166266
18.2554961313	0.191811237028
33.8124337906	0.159546641032
39.9886649733	0.153268641749
45.6706355885	0.142436763495
27.0642371573	0.172766837045
48.6522846349	0.140131391228
108.645241399	0.0719942374982
76.1456275441	0.103314300113
5.98455471568	0.225072893539
19.4896614361	0.18725269648
77.0140711089	0.101945689642
20.5658071601	0.189827057355
104.506388634	0.0731055220752
33.3876866044	0.16037516327
56.696744084	0.12834470557
8.35915664255	0.212155401637
23.7786472599	0.181739883237
50.376385169	0.133181083484
45.4664705378	0.145479017237
39.7456088274	0.154764353383
176.728011136	0.0329260817571
21.085392114	0.185863167092
149.589713609	0.0452517515319
23.2804697906	0.183352154259
51.5541399695	0.134835239686
22.4626539953	0.187722806632
118.554612044	0.0643803775556
49.7135877816	0.138575085101
112.140079458	0.068769450899
76.753087294	0.10257144395
42.4970368561	0.147507400842
18.306416325	0.191907937879
137.943235757	0.0514383474113
13.8384620094	0.204385070907
140.530225416	0.0500806443215
26.0601618901	0.176646427262
129.412354357	0.0569027514296
21.4008907142	0.185079876262
12.2978654812	0.208598386822
105.20268118	0.0747835111
-5.66999578239	0.25449931605
59.0321346034	0.122023613926
66.1772844973	0.113461615819
15.8664607547	0.197580373186
104.000605975	0.0735443952512
25.094760604	0.178401278579
232.203638972	0.0178002262219
47.8703399948	0.137691885853
75.3182936064	0.104288744428
101.983981073	0.0775257194987
19.4659771406	0.192282355826
80.2882600728	0.096406346417
7.94956958407	0.21316649281
20.9192205586	0.186004052755
166.917998545	0.0367446552819
92.3967774521	0.0848096250024
22.8943618802	0.183681991888
217.546337128	0.0211384558765
19.3712911755	0.191968960894
18.3119894266	0.194585589978
16.8207331312	0.198877449489
43.683342573	0.146620476321
68.9514639807	0.110438999304
58.9339713382	0.124973030608
103.297232135	0.0764072424374
68.7076766712	0.11045876845
210.297649055	0.0227835949475
29.8244630067	0.167836888179
25.3063933699	0.18187328076
201.988810509	0.025161684233
52.8534078739	0.130514989913
86.3756744205	0.0923017385574
145.669456261	0.0472894167094
47.5276526747	0.140118146336
219.829746468	0.0205589209054
56.2406831971	0.126580038995
-2.55055477239	0.249235860437
62.6623212221	0.117254490691
28.476113603	0.170432545326
46.3401909323	0.139131388185
55.5398031787	0.126966626097
25.5058539021	0.175045645515
114.887696165	0.0663075485115
45.7276361276	0.142038010426
38.0534742122	0.154861000194
64.5412061954	0.114746142495
119.250779524	0.0618891601589
61.6603061617	0.120266598535
39.3093831142	0.155181893731
5.22750838771	0.2219442839
102.353410442	0.0749727802131
117.125748061	0.065383792081
126.806081443	0.0577246925713
74.2736384609	0.105428608808
50.4563090303	0.136303636095
63.8647065119	0.115744613904
36.766259649	0.156590929938
104.436612093	0.0731775432324
64.4185992614	0.117673083737
51.3638677594	0.136135470419
21.4862231469	0.189604989724
51.2624912455	0.135943917056
84.0536398665	0.093599681211
61.0440802442	0.119300492447
26.8666768626	0.17590102625
42.7279117888	0.146825163964
55.8232466946	0.126159984005
32.3612201822	0.162630751224
154.913340595	0.0425645233933
41.0823766095	0.152362036518
127.074346739	0.0570683088074
70.0406574799	0.108108092199
57.8074192291	0.123628196273
47.9864216753	0.136267521817
60.3370570308	0.122929844782
44.470656682	0.146551384869
33.5045053439	0.165503466046
36.0858475477	0.160915690596
66.8588617257	0.111876475588
47.9618490061	0.138483651065
100.867173099	0.0761819283472
75.6772255887	0.101704636223
200.714640831	0.025284602517
77.6087600436	0.101492326458
18.8472707308	0.191243391818
89.1690078311	0.0894553891211
132.791209877	0.0540201014523
66.1121447168	0.112727329934
116.536994267	0.0645463500482
83.8899353504	0.0948209328814
76.6110505884	0.102734914212
25.2471046994	0.179485547446
91.6550754924	0.0847295543746
32.7954426255	0.166744907852
46.105382114	0.141908649128
126.486334853	0.0575326400332
99.2579526698	0.0779385610101
117.762959953	0.0634622443741
140.839363133	0.048969982349
89.4666578836	0.0890994454401
148.581118166	0.0452038066328
63.4055182691	0.116201378387
63.5957603982	0.115953021434
61.2481903133	0.121705641401
87.530458604	0.0910909547431
53.0140311917	0.130840791209
77.6029401286	0.10129968671
136.682527278	0.0524021861421
200.428533246	0.0256244956389
56.4809180551	0.125709235316
73.8595824101	0.105976112427
69.0089184585	0.111734152248
41.4971846762	0.151605801753
36.603807759	0.159810305576
26.365961883	0.17888575579
28.0477687438	0.175675509663
35.0984904484	0.162582099526
44.9183771945	0.14587649487
82.7460858928	0.0959833792471
53.6097119857	0.132495354226
155.788946524	0.0422116156735
113.502445892	0.0663824773051
71.6773493589	0.106576526219
55.6469980455	0.12806098476
158.586879761	0.0409516731945
82.3605275446	0.094279250839
129.081081571	0.0563267560717
127.369668789	0.0582305698277
87.161937398	0.0893351634516
74.8238710179	0.102608876514
105.165817658	0.0748194576776
79.1407053713	0.0974860770129
109.152918326	0.0715373273611
72.8978983195	0.104302919174
136.06284592	0.0526388290919
69.0247035595	0.109074284389
129.975920269	0.055955604713
61.3167617528	0.118636973274
76.6206506097	0.100251775098
72.1051938875	0.108114058637
118.430790719	0.0644285572032
190.071307	0.0287753053292
70.4087003438	0.107491482179
103.783021051	0.0751234327814
96.8158599323	0.0808836278579
80.0611215426	0.0989299664448
107.47811324	0.0716060462783
201.292566347	0.0253782750929
73.8165967516	0.106002105289
107.439354686	0.0710498380547
196.249614631	0.0268271744466
58.7101366448	0.125446801964
99.5709248547	0.0775445145594
84.4948225356	0.0923203055119
69.1875391546	0.111068627862
117.257818328	0.0653018503292
106.828302174	0.0734678374805
211.915975111	0.0225277584175
135.798430821	0.0521132968161
150.308305415	0.0444083593525
50.2642705429	0.137619762728
103.160262539	0.0765483094144
55.1356493338	0.130287093059
107.281750639	0.071971545157
139.563305632	0.0496920309651
48.3662672448	0.140552983462
196.749852926	0.0264734652079
76.8740024039	0.102468538242
120.009077222	0.0616508185331
78.7757266575	0.100319551666
189.191287452	0.0290800961577
66.8693271595	0.114565509523
133.828231185	0.0537687949907
144.552345011	0.0479323929599
149.417668887	0.0452541871049
106.892564376	0.0733293097546
154.490938511	0.0424575572628
93.1864270167	0.0855617594598
224.509170648	0.0194134229164
164.015705662	0.0380104134376
57.9321770633	0.126442462314
114.808559261	0.0656962890189
212.813889073	0.0221573662515
92.6536824296	0.0860466300677
124.468993026	0.0588722449792
86.4651482315	0.0899716930417
86.5086678274	0.0898252353455
95.9730043521	0.0814442156825
86.803178756	0.0909753599107
127.772416152	0.0568716253738
101.65294728	0.0759612233239
97.8520234793	0.0792596164486
113.441262036	0.0666923032789
125.239615847	0.0584512584841
119.625968939	0.0621517574907
90.609206216	0.0856917090187
77.921217309	0.0989173742077
55.3002971182	0.127943156296
94.1788035187	0.0834260496952
144.177908554	0.0479416949364
88.3819991823	0.0885688635121
124.475559914	0.0594138370553
91.4286768846	0.0860320140635
114.695378197	0.0669518618747
111.590748248	0.0696211155349
110.150780628	0.0695802915701
237.230260234	0.0168515108941
135.269441853	0.0532583912987
177.356924994	0.0332269849476
112.303937921	0.0674659379478
145.519664651	0.0466706434306
175.408357543	0.0337423472942
139.052861896	0.0506760546944
186.489075448	0.0298052341032
208.020314435	0.0234840228334
176.343345621	0.0335859606314
156.284041186	0.0415577188552
158.576429971	0.0404483806333
135.469398846	0.0525963574628
145.053790432	0.0474460088722
167.437715605	0.0371348439178
191.450907521	0.028277259685
158.078088838	0.041128855215
151.034980161	0.0444773326778
222.581999534	0.0199282530355
151.217965335	0.0440830123344
215.209714084	0.0216912965433
92.253213137	0.0864441297821
80.994112214	0.097987861919
78.544386824	0.100694691199
113.961201941	0.066295463377
111.73182193	0.068597381812
147.664881412	0.0456157951151
91.052024981	0.0875897904144
77.2571167521	0.100455149397
156.615060291	0.0414278041895
171.931618684	0.0351500688239
161.471346737	0.0393135481588
195.964107659	0.0269506426669
178.197873819	0.032575813401
135.815648442	0.0519380511518
174.832662828	0.0341559543205
167.303880256	0.0370715534243
206.950423402	0.0236831261121
103.571399435	0.0761461459963
84.2043747456	0.0924033919282
112.381702929	0.0672798718987
181.952028513	0.0314734076026
96.6586385862	0.0801671022119
149.967480653	0.0443913622042
108.964620937	0.0699392399147
121.483125706	0.0619266822731
78.0397861818	0.099116589282
154.946959908	0.0426692321826
104.478428773	0.0754154367781
87.002292402	0.09160088745
153.317372707	0.0430859392499
101.231901263	0.0759835701305
86.5280989212	0.0900021290538
104.7486358	0.0733856491933
151.25903753	0.0444787815762
116.122299814	0.0661730334303
82.8257149288	0.0959211340536
104.869540401	0.0750959540342
107.117235787	0.0719956272696
142.384591218	0.0491722469047
142.594566478	0.0490093230538
82.764470458	0.0959632500195
144.638423264	0.0472167383211
188.476573035	0.0293082684427
83.2615994142	0.0935192404864
188.022371702	0.0292880586458
88.6681920532	0.0881863895638
83.3058300076	0.0927620583194
112.661437383	0.0688014665955
149.682882334	0.045057315573
239.259649734	0.0164634396737
145.893699024	0.0465323407669
123.180430142	0.0610506477023
209.653194735	0.022998282912
183.798598547	0.0306105804633
120.426627001	0.061607985581
106.527105836	0.0716937520678
192.519030576	0.0278750784623
77.8236017044	0.101400992829
129.123016699	0.0570994314982
189.799052915	0.0286860429135
100.519981083	0.0768536955416
209.277124249	0.0231040013659
92.8123296288	0.0842669300952
164.185240662	0.0384265940448
162.219371297	0.0389573804378
115.542713811	0.0665814612502
187.847330055	0.0294637810197
116.230237221	0.0646163636148
113.961140214	0.0662771020311
121.562656141	0.0609773399427
120.620700081	0.0628900083491
155.801606835	0.0420420836499
119.320420209	0.0625012597441
109.925466347	0.0691177305736
151.798928481	0.0436004615723
117.167473501	0.0653855352218
167.005541875	0.037118973019
163.937340701	0.0381748651066
198.332217179	0.0261341609699
69.4588215192	0.108546483558
112.794959574	0.0671699493364
165.807546314	0.0373685708687
148.720528552	0.0457546837097
130.614125569	0.0561650708458
109.554829827	0.0695278166504
118.798788793	0.0641796543977
124.277012534	0.0603261268233
227.92555001	0.0187789916476
181.330050014	0.0317033791536
166.727890289	0.0372100994609
138.784466104	0.0511182643415
146.64931813	0.0460979440403
137.339747981	0.0520010764064
148.982662255	0.0456275949805
127.418984363	0.0582146281596
149.687690649	0.045027413441
115.876466268	0.0663062349047
219.907690692	0.0204981319229
197.132299111	0.0264061157337
120.453933432	0.0615914941522
121.30485759	0.0620501940425
155.171157277	0.0425719588662
148.544739489	0.0458640557599
203.511922297	0.0246538934207
166.228823635	0.0372286265015
169.086794195	0.0360548555115
221.401600512	0.0201679063643
206.168635061	0.0239975607872
206.199983408	0.0239619226373
145.816019717	0.0472848242059
138.370437313	0.051433940006
166.80263486	0.0371852321587
200.122861957	0.0255160484965
155.014701012	0.0421236921164
168.728481561	0.0362293404939
106.854517699	0.0717640507204
175.611890008	0.0338407422414
233.64243587	0.0175507198997
145.970820533	0.0467896405606
165.777321418	0.0376603867268
148.405294117	0.0459129711193
214.167721059	0.0219236708668
206.993597664	0.0237802550794
179.584764917	0.0321116036892
181.13644597	0.0318145598132
214.151273119	0.0218693266221
132.08255419	0.054662793342
190.543249234	0.0285905498348
166.966908686	0.0372542783425
168.013039228	0.036801355838
130.865103435	0.0549888896387
151.502159663	0.0443783360427
243.30668322	0.0157303778331
193.527433967	0.0276817498034
194.429343229	0.0272490271459
142.136968438	0.0493103631424
175.205842529	0.0339141656423
164.532536029	0.0383074977552
156.616691002	0.041339294408
163.205484736	0.0389018166916
198.322967671	0.0261092265457
224.377601482	0.0195055345182
157.440042593	0.0410246674799
137.862386385	0.0517493590112
215.166594498	0.0216265474048
197.292174339	0.0265118765937
176.528402202	0.0332120877556
136.712167148	0.0524157904574
168.719998572	0.0362096749606
182.489927669	0.0313115606081
142.507475541	0.0483847140698
144.832872916	0.0478390533403
196.020169308	0.0268421464377
174.091464412	0.0344273172891
160.460258571	0.0398390533462
133.979810825	0.0540684241434
210.998421746	0.0227042532
159.029025774	0.0407615794404
145.22258413	0.0470866354598
143.666011007	0.0484702965762
237.358826441	0.0168535937295
210.635068013	0.0228057882376
190.068710205	0.0286162887885
133.51260049	0.054324858478
220.151812619	0.02046056382
229.330149036	0.0184584043911
181.031790967	0.0316084586891
149.335362201	0.0454659846466
222.558556952	0.0199014274402
117.365058287	0.0637885094176
159.264874645	0.0406451403015
162.623859038	0.0386810851293
162.106565411	0.039378205686
208.602955935	0.023286000289
173.353502409	0.0347440181331
175.425307187	0.0336995874277
178.025048746	0.0329575951606
212.208361381	0.022335697838
185.098507269	0.0302598299471
207.499812087	0.0236581672511
209.506373845	0.0230937493923
126.761721684	0.0575113677746
231.585011815	0.0179316967012
167.956209653	0.0364709478539
200.965967834	0.0254464147148
196.172149216	0.0268223505112
140.949474599	0.0492169959561
189.861728317	0.0288407177573
206.94847949	0.0238009400358
245.830722909	0.0153236283507
216.440480821	0.0213805661512
183.925229516	0.0306891724224
191.546619764	0.0283055648697
185.318634572	0.0301985643361
243.716125979	0.0156482837804
185.828629179	0.0299648796786
193.200092666	0.027782194949
185.792892723	0.0301094613454
248.998033894	0.0147722715682
185.995264561	0.0299276956345
222.029054782	0.0200607477794
178.332631272	0.032711659471
201.176586184	0.0253654418617
185.296898877	0.0301704735907
233.139720806	0.0177336060085
208.551725831	0.0232802928149
125.989139674	0.0580084794963
243.931392676	0.0156237195256
175.561149806	0.0337335804346
182.360356556	0.0313609832828
196.824397694	0.0265770310425
250.355245722	0.0146247866792
225.522246194	0.0192771896135
229.15877544	0.0185174252752
192.413643717	0.0279239769462
246.005322849	0.0152944236461
175.600488098	0.0336747943139
221.308862749	0.0202242504984
189.286746554	0.0288773494252
188.163764267	0.0293545824539
221.757204147	0.0200838398469
240.191255047	0.0163607843242
153.760702018	0.0428395852449
226.737070141	0.0190313143874
245.316948165	0.0153949722015
197.21827692	0.0265604483934
172.370310866	0.0348781349384
218.974200592	0.0207586479101
226.099672443	0.019126590818
177.714307604	0.0330703966578
204.654739535	0.0243566607879
229.479998779	0.0184380371349
161.969644631	0.0393111022288
222.157108699	0.0199954367297
235.225863607	0.0172292356831
227.192858443	0.0188898656969
196.734163632	0.0266527244886
231.589439624	0.0179789036707
254.232880188	0.0139181130951
210.031867071	0.0229760084074
251.031886315	0.0144445221445
182.046294929	0.0314895227169
244.07036957	0.015647032926
187.091130449	0.029748203139
206.193291139	0.0239667854851
178.657372424	0.0326959736093
239.204723557	0.016481974573
179.836700825	0.0322783683895
233.417998759	0.017646046522
191.340811055	0.0283729326651
240.179077018	0.0163120749455
167.794587172	0.0369205806633
204.983351749	0.0243121156828
204.7261005	0.0243881764668
189.884000496	0.0287168452944
190.154445039	0.0287397562093
239.019058134	0.0165472105686
171.745032594	0.0353526916566
228.652600809	0.0185650320388
171.554817368	0.0353783410148
166.27230853	0.037553709164
215.447862548	0.0215919212575
169.151786942	0.0363814033972
215.923509086	0.0214572492295
205.366712352	0.0242353090841
173.076181258	0.0345956427236
188.78938854	0.0292198466448
228.778143475	0.0185477650794
192.919026252	0.0278394832739
218.501412775	0.0208235908343
186.112569896	0.0301073852395
247.899938234	0.014969366818
211.621614367	0.0225575764941
241.536427907	0.0160425390748
155.270959003	0.042488473846
236.963204607	0.0169506731323
232.289031757	0.0178797822046
212.741001511	0.022248470732
222.41570701	0.0199968327097
195.288774073	0.0270499096759
233.432971847	0.017639987773
217.093529739	0.0211888881759
218.958175241	0.0207586345122
231.632830021	0.0179832370216
206.225578204	0.0239954731393
239.173830633	0.0165069224488
161.396053737	0.0396649534122
226.156745612	0.0190956498365
218.794045964	0.0208252161158
219.562444286	0.0205896991422
226.459134462	0.0190827038855
199.735714614	0.0256723493244
216.001699995	0.0214711538691
213.887532	0.021970321376
189.432362342	0.0289723259027
218.50693289	0.0208336212974
196.707667251	0.026700490492
246.034753754	0.015269334744
210.854694959	0.0227628347171
203.292876132	0.0246995204178
237.276086011	0.0169163353314
204.998762956	0.0243104768681
251.181698106	0.0144270885813
189.522415773	0.0287852274969
227.618439177	0.0188426628662
211.54210949	0.0225847643465
246.671156113	0.0152085261004
219.961067123	0.0205199623913
192.311125775	0.0280601003622
235.003457692	0.0173012523667
216.67030084	0.0213071872985
208.896630893	0.023202477519
221.663006818	0.0201464720794
232.256279096	0.0178813535862
253.514257118	0.0140506334474
217.757904635	0.0210123764231
241.367292303	0.0161527681645
207.373538017	0.0236521025068
208.198003546	0.0233970743887
214.32447358	0.0218545563029
193.340556732	0.0277302572829
214.590810416	0.0218391481458
243.044939413	0.0157936165419
214.439030277	0.0218202909886
231.255573808	0.0180845407555
211.769319121	0.0225216974866
232.705618633	0.0177496569344
231.218586048	0.0180642050562
222.410051018	0.0199785403223
211.288568502	0.0226256521708
196.574660928	0.0266802814732
246.092318007	0.0152555174312
198.934692798	0.0260344581438
223.115298196	0.0197940798437
212.720114607	0.0222324567613
223.636253249	0.0196930032147
241.679822567	0.0160946058181
199.855544088	0.0257788503494
222.875492115	0.019788915174
224.301866691	0.0194967178907
225.74492164	0.0192513832442
218.78311325	0.020818634457
187.325696032	0.0295602368501
238.842677921	0.0165521065484
209.200712945	0.0231996510019
210.29377516	0.022894843278
233.990977637	0.0174948734604
202.021900417	0.0250670237858
240.28181246	0.0163484986763
205.218449149	0.0242415196811
233.187275279	0.0176472722739
225.620262076	0.0192165628376
201.573616059	0.0252709751084
230.84772146	0.0181602323606
197.806613606	0.02624767958
236.628581558	0.0170179051108
239.784763604	0.0164436699857
219.589607893	0.0206096998192
242.961546535	0.015828162497
202.225290359	0.0250277589864
256.796845839	0.0135873242463
225.155969858	0.0193555322054
223.040661902	0.019786677067
224.987609434	0.0193520014187
219.35183235	0.0206727657238
254.033935751	0.0139770244958
199.853399763	0.0257176447792
238.60214606	0.0166010561871
234.765246394	0.0173643573292
221.403329604	0.0201796113541
246.804615408	0.0151405890628
221.705310078	0.0200795109503
243.697758401	0.0157294856589
251.303397642	0.0144099581725
233.304008556	0.0176094577833
229.692200717	0.0183885303656
222.712836827	0.0199031495737
236.831346245	0.0169503899535
212.162567282	0.0223802176133
219.193895198	0.0206568012193
258.226221596	0.013364613113
219.387370427	0.020651498617
251.019912985	0.0144162293448
248.685665362	0.0148229677625
249.946195247	0.014641189536
241.570477247	0.0160504535689
220.65612222	0.0203452517475
232.879516036	0.0177242523892
220.221362623	0.0204829545775
215.8165653	0.0214979055753
243.369884687	0.0157748618752
255.22039105	0.0137710407124
256.208760506	0.0136686657762
241.570217748	0.0160533668391
251.496397971	0.0143673515345
227.450759458	0.0188374184789
224.693949001	0.0194731990441
240.500113966	0.0162514539939
228.548368773	0.0186349704328
236.620912844	0.0169878345328
248.934074176	0.0148429252811
255.283150307	0.0137694455329
245.712762298	0.0153774931962
233.29031439	0.0176469536098
213.946901838	0.0219927471422
251.058731543	0.014435283135
221.124117852	0.0202680257171
236.809677701	0.0169677116696
207.098847662	0.0237622495138
229.092862391	0.0184941316431
242.530014563	0.0159352395027
249.821121825	0.0146279137694
238.986210665	0.016580009066
251.675981524	0.0143369862171
225.52519746	0.0193004524634
221.87220495	0.0200816552979
234.532575054	0.017443553617
240.579103967	0.0162394096754
219.200185375	0.0207250694803
241.28545103	0.016116988136
254.164663596	0.0139343618894
253.01906102	0.0141241975676
239.150901704	0.0165529770103
251.586973141	0.0143609617137
236.143045919	0.0170558787861
237.052589297	0.0169065259661
222.240319763	0.0200199306373
247.459163608	0.0150606815143
251.614482361	0.014422150286
250.993034038	0.0144744636251
250.438777233	0.014585557333
239.388302401	0.0164621288372
239.492111027	0.0165044608077
232.215321485	0.017865439709
226.361746189	0.0191155540368
253.620359375	0.0140508804434
252.36400562	0.0142848032607
251.453687683	0.0143662497032
253.278155483	0.0141345174217
248.014497651	0.0149311841728
236.877411021	0.0169567421446
246.034369475	0.0152825281153
236.816536472	0.0169949508663
251.648324913	0.0143355259344
258.408415599	0.0133444823485
256.844020581	0.0135302982725
258.435542092	0.0132972261818
231.704072594	0.0179375416391
252.074093158	0.0143232865642
243.621020053	0.015688788571
252.250944742	0.0142447459613
230.829468093	0.0181156273106
251.847159138	0.0143737607024
257.166440405	0.0134788022777
251.994075045	0.0142683624331
232.107394536	0.0178768175485
249.952777795	0.014638122548
249.370726082	0.0147246165848
239.477951241	0.0164493805627
257.862367673	0.0133864311152
239.047577692	0.016566555417
252.32395005	0.0142413988504
251.882991211	0.0142900628346
253.475399169	0.0140499026813
257.556980934	0.0134787460386
226.5073348	0.0190607268438
247.734925525	0.0150029630361
241.604756393	0.0160533034889
244.850482367	0.0155409243445
245.985757952	0.0152977747119
235.883431481	0.0171051901072
244.181671029	0.0155877755846
259.065520862	0.0132592182746
243.003465224	0.0158301256129
247.999973245	0.0149533248962
245.466126196	0.0153642893126
255.656957575	0.013777960885
248.635761635	0.0148543949127
258.941920253	0.0132740637722
247.451893188	0.0150344344864
241.656018378	0.0161078345467
237.636166283	0.0168098281731
238.834127498	0.0165659132765
244.643863794	0.0155121291572
230.723640784	0.0182011653708
251.430675444	0.0144022484573
247.634410932	0.0150014953122
251.484777199	0.0143564516308
258.996430905	0.0132613616009
243.471861402	0.015729611427
255.808243252	0.0137283725627
258.208407125	0.0133067870393
242.544564473	0.0159388821825
259.706363636	0.0130919179748
257.036389715	0.0135451744012
246.466384037	0.0151910838275
230.378830438	0.0182379910702
255.314724205	0.0137765074675
248.95141213	0.0148381150592
235.656164746	0.017178834611
237.878636713	0.0167944522088
258.660069664	0.0132715822995
244.420876293	0.0156055480965
240.355862838	0.0163044638232
259.683798312	0.0131350784979
243.574729636	0.0157085641023
259.819437947	0.0131335547746
256.417583692	0.013582876018
238.0728292	0.0167529161327
255.195137202	0.0137880558605
234.641682981	0.017372677424
241.190799562	0.0161248998338
257.293308706	0.0134574711273
252.991705356	0.0141295806737
248.672258979	0.0148675965925
255.178097186	0.0137894692234
249.854572993	0.0146359195123
238.277293558	0.0166585671796
260.29916866	0.0130564692461
247.651228229	0.0149929005892
250.228899168	0.0146144380028
256.140721713	0.0136404421182
238.349630738	0.0166529310971
255.421219985	0.013737152844
235.54907892	0.0171682167937
251.770833732	0.0143217262681
254.446983787	0.0139499386164
259.834476895	0.0130800795589
250.999318886	0.0144450713077
260.310547508	0.0130002310322
244.626464381	0.0155258255734
243.737271843	0.0156631037893
250.027372344	0.0146005485936
248.277524126	0.014884721968
258.070737614	0.0133774458757
255.557895059	0.0137202882922
242.271728506	0.0159682668989
252.09144033	0.0142872526681
258.908859242	0.0132493986714
257.970583649	0.0133662292024
258.867061673	0.0132388835978
259.77446677	0.0131137231509
248.975084839	0.0147593292773
250.33175919	0.014554235302
249.256185561	0.0147418786915
253.373483581	0.0140824512419
259.365366276	0.0131598670747
255.88257407	0.0136651440479
260.53756679	0.0130080336004
246.480089396	0.0152221743418
243.540635726	0.0157160352157
253.285560867	0.0140665753345
260.927507333	0.0129513246029
259.122790043	0.0131974414701
254.893863689	0.0138236423649
260.089509482	0.0130421543022
255.199527586	0.0137853427055
252.821773548	0.0141732576083
249.553866832	0.014662556914
260.84396929	0.0129194210569
257.479396866	0.0134346077385
254.415220575	0.0139200992722
248.830444275	0.0148173637264
243.780588614	0.0156852299633
254.450823389	0.0139000997688
245.331039154	0.0153818952921
260.386023035	0.013020581227
259.837400919	0.0130827639829
260.6771049	0.0129747476774
244.481128591	0.0155646844921
252.777546681	0.0141575982321
260.725209034	0.0129689431372
243.81097364	0.0156416860165
260.491424333	0.012999224552
260.52993816	0.0129871727593
243.83330288	0.0157016017616
260.160793941	0.0130660343818
246.163666107	0.0152371736953
243.252399045	0.0157411153534
257.331153995	0.013459593904
250.86978624	0.014483535947
253.350498581	0.0140548259868
260.377770952	0.013029642888
256.168533185	0.013670063338
242.815870956	0.0158211238193
248.823718714	0.0147928771909
260.989994293	0.012921514404
246.942526079	0.0151489289035
253.750221904	0.0140287702976
257.64894493	0.0134100998155
258.462988905	0.0132997993459
250.35126761	0.0145681693499
260.739203126	0.0129745846379
246.141713032	0.0152407482397
258.396855769	0.0133006711385
255.112258883	0.0137959004788
243.022093983	0.0157803825365
259.255457228	0.0131826841114
255.186082808	0.0137803911141
252.895575155	0.0141352656981
259.710954983	0.0131027673294
256.19702092	0.0136287473309
256.539554588	0.0135821549075
248.212005879	0.0149028225421
254.497019639	0.01387715587
247.513363787	0.0150072092685
260.952708645	0.0129286607127
260.838578203	0.0129469974144
244.297138265	0.0155551960854
261.705234201	0.0128075088264
257.875983155	0.0133636539878
259.818049605	0.0131004917558
258.030928486	0.0133533793981
258.666525559	0.0132785751784
259.708644168	0.0130918525337
249.656065065	0.0146779058052
260.576618314	0.0129657186599
260.789459523	0.0129549635755
252.555301572	0.0141812745114
253.532615512	0.0140474619557
251.442607788	0.014362118738
257.334927654	0.0134833077497
251.854841243	0.0142935041415
254.199838311	0.0139202270756
256.173982356	0.0136380020887
259.840399392	0.0131171005064
258.342946571	0.013294304482
257.830572613	0.0133915084721
258.442142567	0.0132909050621
258.631961491	0.0133042278951
254.924223005	0.0138297832165
256.955275389	0.0135087309078
259.523205774	0.0131108959519
256.789993203	0.013577308293
253.707306115	0.0140046398366
250.889859596	0.0144514602185
254.661143448	0.0138599125116
261.116893024	0.0129209364238
254.02618623	0.013966781491
261.695218626	0.0128334129638
254.933305207	0.0138218785963
254.28839698	0.0139166413911
254.995320403	0.0137992257566
259.344376225	0.0131758996357
258.726520626	0.0132267555129
259.976867455	0.0130643820789
246.210164505	0.0152356426146
248.783454216	0.0148302690945
254.399870797	0.013895448859
256.456715919	0.0135798192552
255.652947	0.0137297485563
252.008494688	0.0143519664842
255.474673413	0.0137411454192
244.032881015	0.0156257540748
254.819854217	0.0138382054978
249.046539156	0.0148326011689
256.884521332	0.013522207717
247.985510535	0.0149422425361
249.511377256	0.0146837773763
254.082331249	0.0140085219753
257.939021236	0.0133539825086
247.286247262	0.0150741968015
255.358567089	0.0137543512344
255.153351981	0.0138448523148
258.333207787	0.0132893302371
247.623970705	0.0150144013533
247.557161918	0.0150070052862
250.727134206	0.0145413765429
258.062439746	0.013325696351
253.468764116	0.0140702540641
257.225338128	0.0134536801951
250.108003343	0.0146525290826
255.100042595	0.0137922104599
250.626403861	0.0145033286756
256.710312014	0.0135511179855
256.625657011	0.0136022551142
257.731094345	0.0133847429222
258.554619815	0.0132734663095
251.733357011	0.0143141381318
260.662267143	0.0129827868509
258.021580248	0.0133361343486
255.381924641	0.013789202942
255.24425958	0.0137710714074
255.803487501	0.0136934119776
258.321318735	0.0132922753318
251.991173078	0.0143355961777
255.709561811	0.0137090620471
256.84301986	0.0135440431786
256.331041673	0.0135974476723
256.945305728	0.0135412895385
257.596759549	0.0134305492117
251.716371327	0.0143626437327
255.462612652	0.0137492385325
256.663941065	0.0136080887312
256.739400703	0.0135352313112
256.277002068	0.0136226845432
256.135180768	0.013624919344
255.561379886	0.0137741767509
256.097865458	0.0136242904855
251.175865103	0.0144500431961
255.12771631	0.0137941282627
251.070706378	0.0144629054763
254.185398079	0.01393291485
253.586157567	0.0140835162877
256.477047245	0.0135871549396
258.486608873	0.0133279934681
245.821533879	0.0153272152256
256.086159366	0.0136982263364
256.14635574	0.0136494489579
253.45932254	0.0140812183177
249.43176344	0.0147350675324
247.637094417	0.0150195692436
254.445382693	0.0138920912436
259.307593809	0.013197083261
253.055523889	0.0141171048508
259.651344683	0.0131568261842
254.600524283	0.0139215023348
258.475382818	0.0133306863351
255.96893786	0.013672220263
254.818879266	0.0138440599618
254.026611171	0.0139663778563
254.912112942	0.0138677706512
252.788398968	0.0141921346572
255.344376067	0.0137759142408
257.7734055	0.0134110200058
257.454000055	0.0134330812548
250.720086081	0.0144880409049
258.2004052	0.0133567589665
259.843701632	0.0131311912903
259.717677617	0.0131400114327
258.700226274	0.0132463182248
259.175744517	0.0131829910043
256.313349657	0.0136298684665
256.979589104	0.013531139339
252.542631379	0.014199822105
256.910317991	0.0135121682561
252.930615642	0.0141366582201
254.440580354	0.0139110703351
254.709645461	0.0138774549271
253.186564483	0.0141092651676
256.79709509	0.0135596101698
260.945531453	0.0129628151381
260.150078226	0.0130857524067
253.866038745	0.0140107669476
255.587117161	0.0137598284522
255.460114591	0.013791425629
255.901519366	0.0136904576617
253.928751804	0.0139777873217
251.36972255	0.0143881899502
254.451654988	0.0138992202082
256.320223226	0.0136163597184
255.32478711	0.0137801697825
258.257666114	0.0133280606029
257.325634341	0.0134591629318
258.025108193	0.013372507816
256.397778289	0.0136008491684
258.214339533	0.0133506705682
258.632292565	0.0132689482274
252.725456254	0.0141712756054
257.79156833	0.0134124579783
257.332632229	0.0134772922167
254.530711299	0.0138916165652
258.010648937	0.013351162814
259.202189311	0.0132018425827
258.0067699	0.013343728468
259.761683777	0.0130916504196
255.334374329	0.0137793076736
256.755691056	0.0135445416829
252.407374485	0.014232473214
255.906803329	0.0136732786316
253.070996787	0.014134912605
258.579253163	0.0132641241939
256.640253062	0.0135592250997
259.90898458	0.0130832797587
258.921110874	0.0132218211789
256.236657563	0.0136297171506
254.909273974	0.0138493595839
260.602616263	0.0129814940427
256.099237405	0.0136695095874
261.469746164	0.0128728038629
260.120831612	0.0130472539951
261.240505641	0.0128702155714
256.376578615	0.0136065709581
261.236540611	0.0128768337748
258.416466183	0.0133006982308
262.091152357	0.0127846483113
255.867974785	0.0136806352145
261.492044101	0.012841985049
260.774330183	0.0129449871188
261.11373032	0.01292246954
256.048042766	0.0136530541008
261.417827371	0.0128604057918
258.30201696	0.0133238567851
261.125450261	0.0129271849346
259.412076001	0.0131598057097
262.499686961	0.012740576279
262.336546748	0.0127135061312
262.035586254	0.0127852546178
258.391653825	0.0133109797282
262.494869369	0.0127197460913
262.412599423	0.0127222135041
263.111078231	0.0126232891909
261.206402221	0.0129031531227
261.007391553	0.0129340835613
257.648427948	0.0134091842537
262.181029984	0.0127886819675
262.823321675	0.0126670026123
261.644748638	0.0128635124654
260.162981313	0.0130751391706
259.735581842	0.013138983465
261.119758069	0.0129485826364
255.616481923	0.0137569458948
260.306250909	0.0130607050079
257.758281931	0.0134376849487
260.460803608	0.0130288665155
262.346178273	0.0127631576832
261.917695511	0.0128237098561
263.024098328	0.0126831721312
263.308600262	0.0126300075086
262.422978748	0.0127656741717
261.671251051	0.0128841416234
262.585894484	0.0127360590617
257.392522943	0.0134903371658
262.404341008	0.0127618821261
261.518722321	0.0128980942331
262.904420748	0.0127042149698
259.412415035	0.0131910421646
263.544030815	0.0125917698293
260.7631471	0.0129918447787
262.606542354	0.0127326607683
258.722031313	0.0132971819075
262.557644415	0.0127416154651
258.352925056	0.0133534354249
259.285355922	0.0132015476109
258.890384976	0.013271579969
261.054320159	0.0129360442204
260.995178081	0.0129705772497
262.044165469	0.0128137083757
258.573970339	0.0133170228953
263.059061747	0.0126536626432
258.675762938	0.0133044753763
262.034318194	0.0127977067643
259.794786759	0.0131327643407
259.438533524	0.0131460207112
257.759061411	0.0134219170061
258.203148214	0.013329944355
254.077415005	0.013974169655
256.607170994	0.0135403919802
251.020722778	0.0144410958345
257.838040422	0.0134231989495
256.867620974	0.0135801451659
259.753682026	0.013142169765
253.718246442	0.0140628639058
256.873332522	0.0135253145953
254.826681284	0.0138584816393
260.718542151	0.0129578210646
259.967670605	0.0130977116995
262.237729584	0.0127703616044
255.315172512	0.0138102969374
253.415690341	0.0140822808117
256.411991321	0.0136145387977
262.390235602	0.0127440183823
254.507742256	0.013871772286
261.750163954	0.0128266234736
255.456097926	0.0137198102515
262.090447595	0.012769180151
255.891967888	0.0136732017863
258.215673001	0.0133436782361
254.139743607	0.0139435967139
256.958093536	0.0135185701123
262.924195604	0.0126666561289
262.486727017	0.0127614006047
258.694211079	0.0132389227466
255.794383112	0.0136904236564
261.141570916	0.0129123299561
260.079382803	0.0131002097325
255.943839296	0.0136637921092
258.819842108	0.0132488810008
258.106369664	0.0133332636391
259.878151177	0.0131285776945
255.050260556	0.0137919464932
258.157075511	0.0133471922885
261.422754021	0.0128433765984
262.019939498	0.0128293136699
253.893004232	0.0139897222751
256.840623034	0.0135208446011
261.161703358	0.012946538283
258.781341821	0.0132275523411
257.541131933	0.0134465098551
257.32431543	0.0134519142147
259.917690767	0.0131248704759
259.248932382	0.0131508901201
256.706296882	0.0135352334093
260.945021578	0.012921089855
261.454631727	0.0128728051525
261.83268868	0.0128151893287
259.608971582	0.0131283810546
262.602283925	0.0126883830361
260.645599036	0.0129939637347
257.955507034	0.0133599128911
260.636519554	0.012985626245
261.310691054	0.0128619361321
260.283629225	0.0130516305889
255.239936219	0.0137563603639
259.161429558	0.0132067733033
260.305226256	0.0130046934665
262.069443708	0.0128098602424
260.284821315	0.0129945470474
260.915174612	0.0129635211817
262.381341048	0.0127067014742
254.98893367	0.0138024189527
257.738236482	0.0133866755329
258.636841794	0.013287090041
258.562234769	0.013289913031
260.716381013	0.0129901817364
260.162664203	0.013044048087
260.453694987	0.013007618052
259.852777513	0.0131329943681
259.484372565	0.0131246943489
259.67104277	0.0131302989869
259.762559102	0.0131040415358
261.64584099	0.0128602089415
260.465650306	0.0130057146635
261.863934367	0.0128358235306
260.785070671	0.0129359756529
259.201359304	0.0131840867661
261.235765451	0.0129167710142
260.257798059	0.0130578576514
262.335228967	0.012760841083
261.281314696	0.0129167659793
259.42747936	0.0131834800859
260.517340949	0.01299566011
263.650183828	0.0125648112537
262.672040444	0.0127126123008
261.571691393	0.0128300375365
262.347652325	0.0127279671129
261.392272867	0.0128867156739
262.426240098	0.0127167072407
262.736129516	0.0127042946695
261.584276431	0.012830772305
262.036499058	0.0127641686408
261.413170291	0.0128820495741
261.343541811	0.0128859721928
263.665096726	0.0125927969172
262.050443136	0.0127832616302
263.096098342	0.0126414875069
262.924270798	0.0126853738023
261.678369628	0.0128348356278
263.137259536	0.0126228318806
264.136493245	0.0125055165013
263.721862194	0.0125560668688
264.083721604	0.0125226488603
264.805953577	0.0123919521071
262.451764891	0.0127561188737
264.293228711	0.0124702687186
262.526208506	0.0127432402932
264.27150593	0.0124915523413
261.686321523	0.0128468039157
262.058019906	0.0127899691413
262.618756785	0.012717519635
262.753920795	0.0126987270871
261.043658535	0.0129034026748
264.424224677	0.0124430833497
261.620359378	0.012869315559
262.493880269	0.0127011486017
262.295998702	0.0127187512948
259.907838146	0.0130626882766
263.632659109	0.012569022311
264.278118039	0.0124820436524
263.370375055	0.0126208613167
264.61561056	0.0124258716623
262.736223984	0.0126830945368
260.398819468	0.0130057002058
263.267463666	0.0126338203208
262.602898638	0.0127234247134
261.733178434	0.0128025635375
263.705387093	0.0125642095861
262.09248547	0.0127684752522
262.711005428	0.0126803342337
262.780738953	0.0126880628558
264.083748186	0.0125137972293
263.530131305	0.0125968032665
261.923254114	0.0127722626813
264.17449321	0.0124917939234
264.835859187	0.012395105493
262.68781206	0.0127135211517
263.384889625	0.0125770861131
264.579869798	0.0124091403271
262.623766165	0.0127063518326
262.190906776	0.0127288567824
263.430254769	0.012565456359
264.352589144	0.012457245193
262.614524232	0.0127050341422
262.309837638	0.0127362682895
264.84732021	0.0124030039715
264.218533016	0.012481849214
262.710401106	0.0126939868797
264.00488982	0.0125206438491
262.950847958	0.0126698033003
262.72003058	0.0126980100297
264.114829174	0.0125012726697
262.867455739	0.0126773910692
263.073259789	0.0126280396204
262.904920485	0.0126684281184
263.558533788	0.0125819644556
262.887288241	0.0126681329812
263.628731415	0.0125551923225
263.130612381	0.0126328239055
264.002404153	0.0125152118514
263.882051223	0.0125426248149
263.535627935	0.012573052726
263.400806403	0.0126192580198
263.945152466	0.0125373966004
263.048462052	0.012661052917
264.701481428	0.0124011806223
263.804869487	0.0125603255211
264.365291774	0.0124572543792
264.199811945	0.012499956564
263.973572733	0.0125192819392
263.806154891	0.012550872872
264.258514134	0.0124849319686
263.57992215	0.0125698999034
264.623663575	0.0124207680325
264.308845379	0.0124689349893
263.892184136	0.0125386145987
263.989340022	0.0125103946829
264.842999964	0.0123930412442
264.587067753	0.0124238565612
264.110695854	0.0124935299401
264.878237108	0.0123891391759
264.131318992	0.0125044306219
264.708680626	0.0124182668809
263.828688028	0.0125451806063
263.469325941	0.0125989465361
263.464589545	0.0125861218809
262.66712636	0.0127064823434
263.542262546	0.01256558604
263.89962057	0.0125213836447
263.262188866	0.0126120552098
263.430056946	0.0125927834709
264.531269924	0.0124240130425
264.216785746	0.0124704555477
264.878390505	0.0123806590698
264.944544883	0.0123787274352
264.630954814	0.0124279547825
265.038691039	0.0123665500826
264.905914742	0.0123798603863
265.287315221	0.0123384466055
265.659790626	0.0122780665578
265.923938504	0.0122430106615
266.464761034	0.0121761146217
265.698179209	0.0122743452364
266.039907102	0.0122272856628
265.248533497	0.0123390726464
266.164742311	0.0122198283496
264.790066658	0.0124057585331
266.800566277	0.0121232121227
265.748335799	0.0122798707393
266.872251937	0.0121252357884
265.198911126	0.0123567391143
266.102798217	0.0122213577178
265.347766193	0.0123237162396
266.911890728	0.0121205569817
266.43572056	0.0121844584641
267.649269981	0.0120203934794
266.385227391	0.0121913815259
267.399508657	0.0120485127334
266.184350278	0.0122198638757
267.786188761	0.0120010675219
266.317331067	0.0121976798838
267.860934406	0.0119927900676
266.002814301	0.0122358036012
267.533869118	0.012037008172
265.759144912	0.012278579297
267.282728493	0.0120719850728
266.767881998	0.0121383467701
268.123467744	0.0119568326999
267.007554487	0.0121048159679
268.531270862	0.0119016121372
266.986696492	0.0121104893201
267.743247981	0.0119977589328
266.893595428	0.0121234314727
268.11056541	0.0119589175492
267.159048937	0.0120872732908
268.523982274	0.011902973366
267.560901483	0.0120277930556
268.916967497	0.011847716875
267.267486465	0.0120625859208
268.807022376	0.0118608711318
267.619051907	0.0120235699898
268.445631029	0.0119086621944
268.023223	0.0119642768037
268.396835056	0.0119192890884
268.240166988	0.0119391737199
268.939073568	0.0118445008062
268.255224881	0.0119384533184
268.586026814	0.0118936366118
268.377989727	0.0119169853777
268.706518662	0.0118771453748
268.462591091	0.0119074289318
269.097763711	0.0118247899962
268.499854986	0.0118987009031
269.330156837	0.0117925991372
268.530543894	0.0118914328302
269.488607564	0.0117701095264
268.90268621	0.0118506884486
269.141237787	0.0118189140302
269.028021492	0.0118331751939
269.421864627	0.011775879761
268.836521587	0.0118508978327
269.635824487	0.0117504918547
269.156700134	0.0118117187443
269.251569384	0.0117955384293
269.428853877	0.0117790750181
269.570330372	0.0117561310087
269.216016069	0.0118016277519
269.758807738	0.0117335980924
269.217229543	0.0118013764856
269.393376843	0.0117771925281
269.557282357	0.011760973793
269.427377045	0.0117725795539
269.401022721	0.0117784120556
269.880327962	0.0117173087047
269.284017893	0.011793051922
269.736701441	0.011734126239
269.561217974	0.0117603308341
269.703874385	0.011737595464
269.489862521	0.0117661148963
269.974445632	0.011705325935
269.636736475	0.0117474761131
269.710119483	0.0117352112636
269.965215009	0.0117079562032
269.791448307	0.011724361619
269.82513905	0.0117207073267
270.292998406	0.0116631617613
270.164621948	0.0116785726014
270.005254855	0.0116961901171
270.274253708	0.0116654743115
270.356080204	0.0116530633785
270.129803098	0.0116794705762
270.535243244	0.0116314727922
270.542528916	0.0116292919884
270.528973104	0.0116336342929
270.522940839	0.011629465614
270.662096186	0.0116116090781
270.691317365	0.0116075162439
270.836104067	0.0115924782918
270.945580103	0.0115757130669
270.915105495	0.0115829599436
270.794743859	0.011591466587
271.124755169	0.0115516503875
271.0621504	0.0115588168083
271.169951676	0.0115494592649
271.247635973	0.0115390333551
271.401539811	0.0115179397551
271.448358175	0.0115110604556
271.361836848	0.0115245569247
271.536835072	0.0115006872594
271.514413992	0.0115013685878
271.565257767	0.0114974947598
271.302788658	0.0115250868219
271.615736622	0.01148849061
271.49984466	0.0115012072152
271.673284081	0.0114825464859
271.611614982	0.0114920250547
271.574182363	0.011491417913
271.648650156	0.0114855898098
271.679715138	0.0114816417744
271.59875308	0.0114886869033
271.675454795	0.0114826532601
271.630268523	0.0114844953025
271.761727563	0.0114696995768
271.70585585	0.0114792665895
271.720194825	0.0114731156351
271.668323172	0.0114800751586
271.68641557	0.0114763710095
271.719869154	0.0114767809066
271.817204323	0.0114636247707
271.726400038	0.0114736736758
271.816685725	0.0114629763118
271.687584066	0.0114802932908
271.823425862	0.0114603448051
271.725490589	0.0114726622624
271.849544941	0.0114590242801
271.64434102	0.0114807979601
271.82865525	0.0114618683045
271.797406127	0.0114661885944
271.780712554	0.0114674661372
272.691124215	0.0113482707904
274.215754749	0.0111565019851
275.563240405	0.0109911312394
276.618193684	0.0108583104007
277.61601412	0.0107370892655
278.675516065	0.010613897165
279.446115783	0.0105194036065
280.388784039	0.0104106103566
281.147539853	0.0103215106886
281.850745763	0.0102401421088
282.583455718	0.0101575476374
283.181896435	0.0100881473161
283.867717175	0.0100126880274
284.360572743	0.00995566686163
284.910449686	0.00989407737664
285.46270618	0.00983421421969
285.996426192	0.00977571588076
286.444541455	0.00972601586242
286.974804073	0.00966954299148
287.443483916	0.00961798793191
287.850515853	0.00957549613401
288.254277528	0.00953177623792
288.591369396	0.00949591195415
288.909684237	0.00946237698701
289.21344333	0.00943013058266
289.505081493	0.00939953723666
289.654981027	0.00938299237384
289.717253496	0.0093756964701
289.77470245	0.00936942710457
289.734846338	0.00937329533082
289.720640216	0.00937654427992
289.544963941	0.00939411280617
289.289049458	0.00942165149683
288.926513845	0.00946111969873
288.592275958	0.00949658231915
288.172876827	0.00954202504469
287.673373165	0.00959384926426
287.297900216	0.00963505661955
286.943854396	0.00967388126406
286.633124379	0.00970914463148
286.266177374	0.00974637222782
286.134656024	0.00976287356723
286.008803501	0.00977582929701
286.022848831	0.00977480866892
286.084743266	0.00976861854542
286.11407765	0.00976480776838
286.180330282	0.00975821616587
286.145964183	0.00976294096405
286.018164097	0.0097767818857
285.725855786	0.00980626468817
285.483956713	0.00983445541254
284.904821304	0.00989776286193
285.012946641	0.00988418609872
300.842306389	0.00827832121189