6	0.0568615248929	0.00262736733742
6	0.134696083297	2.48638773794e-06
6	0.249303916703	0.00200189512423
6	0.327138475107	0.00170161135969
7	-0.186581616554	0.001703109634
7	-0.104302378391	0.00200365618892
7	0.154302378391	4.79537132456e-06
7	0.236581616554	0.00262967632101
11	-0.301492001335	0.00200494487125
11	0.177705684607	0.00170420656357
11	-0.107705684607	0.0026313650269
11	0.371492001335	6.48407721681e-06
17	0.240480251842	2.19348304377e-05
17	2.00682916565	0.00264681578012
17	0.723170834354	0.00171428752983
17	2.48951974816	0.00201676304402
23	0.121020235607	0.00168821029186
23	2.53497954166	0.0019860973997
23	0.121020458335	1.82927107454e-05
23	2.53497976439	0.00260658823894
24	-0.0385351964547	0.00170920936183
24	1.64976414331	0.00201081537517
24	0.0722358566857	1.41670623701e-05
24	1.76053519645	0.00263904801205
25	-0.0155108575417	0.00170279003475
25	1.38302798384	0.00200328061878
25	0.0629720161648	4.30307271112e-06
25	1.46151085754	0.00262918402239
26	-0.0241577151326	0.00172102304895
26	1.00926465278	0.00202463471109
26	0.0487353472162	3.21907103448e-05
26	1.08215771513	0.00265707166003
39	-1.34353638664	0.00198965073839
39	-0.140830257723	0.00169121832086
39	-1.28116974228	0.00261127254051
39	-0.0784636133598	1.36084091746e-05
40	-1.42275933874	0.00258594057241
40	-0.105825314889	3.89403772686e-05
40	-1.40217468511	0.00197049119131
40	-0.0852406612577	0.00167504312243
41	-0.96374257321	0.00202668947817
41	-0.106810789361	0.00172278394926
41	-0.915189210639	0.00265974422247
41	-0.0582574267903	3.48632727923e-05
42	-0.551813137208	0.00202939594648
42	-0.0811351247062	0.00172510503763
42	-0.526864875294	0.0026632615767
42	-0.0561868627919	3.83806270141e-05
43	-0.57322660341	0.00200801383597
43	-0.119677789761	0.00170682072736
43	-0.500322210239	0.00263538351231
43	-0.0467733965897	1.0502562629e-05
45	-0.532995391862	0.00266118842531
45	-0.0270047037801	3.63074756259e-05
45	-0.53299529622	0.00202780043535
45	-0.0270046081385	0.00172373648281
46	-0.703884250728	0.00262180822835
46	-0.0434741370402	3.07272132793e-06
46	-0.66252586296	0.00199765976404
46	-0.00211574927213	0.00169801157094
47	-0.600171577648	0.00260591881781
47	-0.0535297134689	1.89621318718e-05
47	-0.520470286531	0.00198558998465
47	0.0261715776479	0.00168778104632
48	-0.491254042809	0.00262049023504
48	-0.0467465484554	4.39071464615e-06
48	-0.491253451545	0.00199665656684
48	-0.0467459571909	0.0016971596579
49	-0.856166585828	0.00261760796385
49	-0.0526659809847	7.27298583455e-06
49	-0.633334019015	0.00199446398836
49	0.170166585828	0.00169529871936
53	-1.05298421995	0.00265473434238
53	-0.069125709049	2.98533926976e-05
53	-0.732874290951	0.00202283887636
53	0.250984219945	0.00171948496183
54	-0.722693290426	0.00198152397397
54	-0.101306821136	0.00168434414481
54	-0.722693178864	0.00260055003104
54	-0.101306709574	2.43309186404e-05
61	-0.330667728441	0.00198253577884
61	-0.103442333169	0.00168519894541
61	-0.244557666831	0.00260188679012
61	-0.0173322715586	2.2994159557e-05
62	-0.315554708138	0.00199291659173
62	-0.0486026346674	0.00169398620014
62	-0.281397365333	0.00261557243052
62	-0.0144452918618	9.30851915867e-06
63	-0.384601048255	0.00201133796811
63	-0.0968535252666	0.00170965517042
63	-0.307146474733	0.00263973117843
63	-0.0193989517453	1.485022875e-05
64	-0.458509199885	0.00199652973184
64	-0.0974869963712	0.00169705197019
64	-0.380513003629	0.00262032356588
64	-0.0194908001153	4.5573837991e-06
65	-0.40173141291	0.00201560630735
65	-0.107217255254	0.00171329914783
65	-0.298782744746	0.00264530632634
65	-0.00426858709032	2.04253766571e-05
66	-0.403428300632	0.00200222759887
66	-0.0482993135007	0.00170189415532
66	-0.365700686499	0.00262780336652
66	-0.0105716993682	2.92241683796e-06
67	-0.523387305112	0.00199104133195
67	-0.0854943004531	0.00169239650303
67	-0.456505699547	0.00261310405721
67	-0.0186126948883	1.17768924707e-05
68	-0.593114639382	0.00262910194155
68	-0.00477185086495	4.2209918702e-06
68	-0.523228149135	0.00200321800497
68	0.0651146393824	0.00170273675605
69	-0.398754745322	0.00198944567264
69	-0.043243527973	0.00169104462584
69	-0.358756472027	0.00261100237382
69	-0.00324525467814	1.38785758594e-05
70	-0.517525193352	0.00264352519227
70	-0.00576749474604	1.86442425921e-05
70	-0.462232505254	0.00201424197496
70	0.0495251933523	0.00171213384882
72	-0.432424650173	0.00199931236855
72	-0.0481847942211	0.00169941557978
72	-0.381815205779	0.00262397836217
72	0.00242465017321	9.02587508262e-07
73	-0.39063973891	0.00199922013147
73	-0.0559041026287	0.00169933719731
73	-0.336095897371	0.00262385727438
73	-0.0013602610899	1.02367530112e-06
74	-0.433129809742	0.00261132441695
74	-0.00691212876025	1.35565327303e-05
74	-0.41108787124	0.00198969011617
74	0.0151298097421	0.00169125167606
76	-0.430813633955	0.00201572195865
76	0.000813126273112	0.00171339795067
76	-0.430813126273	0.00264545726992
76	0.000813633955193	2.05763202403e-05
79	-0.0961050061591	0.00262750894143
79	0.024936344838	2.62799174969e-06
79	-0.028936344838	0.00200200309373
79	0.0921050061591	0.00170170319279
80	-0.00245016561025	0.00168175654199
80	0.0476757925032	0.00197845891109
80	0.0303242074968	2.83834805074e-05
80	0.0804501656103	0.00259649746917
84	-0.199368818478	0.00262976917891
84	0.0765310519663	4.88822922684e-06
84	-0.120531051966	0.00200372703504
84	0.155368818478	0.00170316992639
86	-0.225967797495	0.00199448684855
86	-0.0814711863519	0.00169531811475
86	-0.0745288136481	0.00261763802679
86	0.0699677974953	7.24292289068e-06
90	-0.187971450958	0.00200949626554
90	-0.146376328728	0.0017080844008
90	-0.0116236712724	0.0026373230284
90	0.0299714509576	1.24420787193e-05
91	-0.195958192576	0.00196343751433
91	-0.0490385844091	0.00166911593363
91	-0.130961415591	0.00257656761887
91	0.0159581925763	4.83133308065e-05
92	-0.227427876167	0.00202390208889
92	-0.0162177014173	0.00172039547348
92	-0.191782298583	0.00265611831022
92	0.0194278761668	3.12373605407e-05
94	-0.147564128181	0.00200750828328
94	-0.0575454590803	0.00170638991533
94	-0.0664545409197	0.00263472184629
94	0.0235641281809	9.84089660913e-06
95	-0.199955702313	0.00262410615115
95	0.0147443867284	7.74798531103e-07
95	-0.180744386728	0.0019994097135
95	0.0339557023132	0.00169949830549
97	-0.119483513435	0.00199950813407
97	-0.058926463358	0.00169958194799
97	-0.039073536642	0.00262423534755
97	0.0214835134352	6.45602131037e-07
98	-0.123801490965	0.00200198934097
98	-0.00879848757235	0.00170169149524
98	-0.101201512428	0.00262749090474
98	0.0138014909653	2.60995505582e-06
99	-0.141026541352	0.00261445513019
99	0.0102378946677	1.04258194945e-05
99	-0.0542378946677	0.0019920676019
99	0.0970265413521	0.00169326636857
100	-0.214521963582	0.00264131350797
100	0.0107974570089	1.64325582866e-05
100	-0.120797457009	0.0020125487517
100	0.104521963582	0.00171068834052
104	-0.119440476985	0.00263065881776
104	0.0169092487336	5.77786807795e-06
104	-0.0929092487336	0.00200440587786
104	0.0434404769849	0.00170374771489
105	-0.0291915904579	0.00168563360668
105	-0.0134271198784	0.00198305013913
105	0.0174271198784	2.23148006772e-05
105	0.0331915904579	0.002602566149
107	-0.0914127351354	0.00266241765063
107	0.0425480349528	3.75367009466e-05
107	0.0254519650472	0.00202874635111
107	0.159412735135	0.00172454776482
113	0.0370756572787	0.0017119919751
113	0.241444452149	0.00201407582888
113	0.178555547851	1.84272810397e-05
113	0.382924342721	0.00264330823072
114	0.0819574285385	0.00262720964671
114	0.212250735111	2.32869702992e-06
114	0.197749264889	0.00200177489397
114	0.328042571461	0.00170150910208
115	-0.110443229454	0.0026157383093
115	0.245035123517	9.14264038172e-06
115	-0.063035123517	0.00199304265864
115	0.292443229454	0.00169409310589
116	-0.120244193685	0.00200300330429
116	0.187541244546	0.00170255407344
116	-0.0515412445456	0.00262882047506
116	0.256244193685	3.93952538333e-06
117	-0.295284174778	0.00260667835982
117	0.199974068916	1.82025898639e-05
117	-0.253974068916	0.00198616571783
117	0.241284174778	0.00168826809102
118	-0.320271804194	0.002010246396
118	0.148752596211	0.00170872406745
118	-0.246752596211	0.00263830406347
118	0.222271804194	1.34231137887e-05
119	-0.439245124717	0.00268927077293
119	0.313362581933	6.43898232444e-05
119	-0.375362581933	0.00204948544794
119	0.377245124717	0.0017423928197
121	-0.803101982815	0.00260465083502
121	0.332491183423	2.02301146628e-05
121	-0.664491183423	0.0019846291287
121	0.471101982815	0.0016869684204
125	-1.44394443875	0.00198607247247
125	0.214434039701	0.00168818920303
125	-1.1264340397	0.00260655535597
125	0.531944438753	1.832559371e-05
126	-1.86056349323	0.0020051606776
126	0.48289090175	0.00170439030357
126	-1.63889090175	0.00263164774625
126	0.704563493228	6.76679657006e-06
127	-3.04569077502	0.00259558970166
127	1.00435770807	2.92912480223e-05
127	-2.80835770807	0.00197777282899
127	1.24169077502	0.00168117771621
128	-7.21048426978	0.00198290995244
128	2.91459028726	0.0016855151339
128	-7.18459028726	0.00260238100566
128	2.94048426978	2.2499944021e-05
165	-0.877811352445	0.00199322955486
165	-0.0728076659755	0.00169425160375
165	-0.765192334024	0.00261598421311
165	0.039811352445	8.89673656817e-06
166	-0.643769063162	0.00199493830098
166	-0.0247557339517	0.00169570117354
166	-0.627244266048	0.00261823167076
166	-0.00823093683776	6.64927892202e-06
167	-0.699952007749	0.00199147530436
167	-0.114997132542	0.00169276430073
167	-0.609002867458	0.00261367543935
167	-0.0240479922507	1.12055103361e-05
168	-0.813463693647	0.00199025094128
168	-0.0485112468165	0.00169172677513
168	-0.677488753184	0.00261206316835
168	0.0874636936475	1.28177813323e-05
170	-0.877394022208	0.00262317123729
170	0.0490488016833	1.70971238707e-06
170	-0.519048801683	0.00199869760963
170	0.407394022208	0.00169889320692
172	-0.618945072421	0.00202017787635
172	-0.0048418631335	0.00171720745625
172	-0.489158136867	0.00265126833904
172	0.124945072421	2.638738936e-05
175	-0.431435073045	0.00197247897359
175	-0.0648133031402	0.00167671619312
175	-0.29518669686	0.00258857731968
175	0.0714350730447	3.63036299986e-05
176	-0.574296628584	0.00262059077198
176	0.0856924244197	4.29017769825e-06
176	-0.30969242442	0.00199673307814
176	0.350296628584	0.0016972246211
178	-0.35815535998	0.00263297768058
178	0.0493532838202	8.09673090174e-06
178	-0.23935328382	0.00200617607092
178	0.16815535998	0.00170525499441
189	-0.035123181943	0.00172547232111
189	-0.00637176238408	0.00202982400711
189	0.0443717623841	3.89366432796e-05
189	0.073123181943	0.00266381759296
190	0.0346630250427	0.00201368474442
190	0.038827995474	0.00171165805396
190	0.043172004526	0.00264279748399
190	0.0473369749573	1.79165343124e-05
191	-0.0260916557367	0.00260799635249
191	0.0548386581158	1.68845971914e-05
191	0.0591613418842	0.00198716504996
191	0.140091655737	0.00168911371093
192	0.0209009786884	0.00265314079179
192	0.0729937245909	2.82598421133e-05
192	0.0810062754091	0.00202161513596
192	0.133099021312	0.00171843734882
193	0.094212233425	8.45046595006e-06
193	0.156810345437	0.00261643048373
193	0.135189654563	0.00169453930177
193	0.197787766575	0.00199356877015
194	0.100397176809	0.00170090565919
194	0.188239358166	0.00200106529387
194	0.119760641834	1.39786601071e-06
194	0.207602823191	0.00262627881569
195	0.084567585015	0.00170696102294
195	0.276922091884	0.0020081784533
195	0.163077908116	1.07179877287e-05
195	0.355432414985	0.00263559893741
196	0.186859298846	2.88543536341e-06
196	0.25473749233	0.00262776638504
196	0.27726250767	0.00170187016772
196	0.345140701154	0.00200219939875
197	0.225376165475	0.00198737435863
197	0.230928580202	0.0016892908616
197	0.251071419798	0.00260827234211
197	0.256623834525	1.66086075745e-05
198	0.166134083349	0.00265636842356
198	0.290507405303	3.14874738785e-05
198	0.189492594697	0.00202409427608
198	0.313865916651	0.00172056009027
199	0.124973136095	0.00169781550416
199	0.413827006505	0.00199742890911
199	0.298172993495	3.37597430811e-06
199	0.587026863905	0.00262150497537
200	0.305731180958	1.63785136946e-05
200	0.45923724413	0.00260850243599
200	0.34876275587	0.00168943857324
200	0.502268819042	0.00198754887273
201	0.378215493379	0.00168364328349
201	1.17776419537	0.00198069411613
201	0.410235804627	2.54276762042e-05
201	1.20978450662	0.00259945327348
202	0.305594573046	0.00171090723005
202	1.53040527981	0.00201280521071
202	0.305594720186	1.67676288994e-05
202	1.53040542695	0.00264164857858
206	0.156248810542	0.00170831406033
206	1.24118449926	0.00200976560571
206	0.182815500737	1.27943569211e-05
206	1.26775118946	0.0026376753066
207	0.0226110321352	0.00169340294806
207	0.861414385513	0.00199222870638
207	0.172585614487	1.0213773571e-05
207	1.01138896786	0.00261466717611
208	0.169283641235	1.85952460048e-05
208	0.921078709864	0.00260628570368
208	0.194921290136	0.00168801628114
208	0.946716358765	0.00198586806887
211	0.0748846025527	0.00170331566639
211	0.600062681463	0.00200389827895
211	0.107937318537	5.11266863548e-06
211	0.633115397447	0.00262999361832
