6	0.1346224948350054
7	0.15445214636926455
11	0.3703140890754971
17	0.25499811790457355
19	0.20203976304495383
21	0.12330268092614563
22	0.11101600056903206
23	0.10395986426648177
24	0.0812506713068278
25	0.06525720462652893
26	0.06110550509892051
29	0.056360120677478524
37	-0.0671821836457857
39	-0.07216298468275356
40	-0.08569107704107282
41	-0.06934455046124753
42	-0.06287350590720406
43	-0.04857371024101128
45	-0.033815184777766155
46	-0.042699237766835485
47	-0.04952288367866621
48	-0.046000512018117806
49	-0.05042724589274633
53	-0.08006650047884803
54	-0.09543806914786232
61	-0.0153062635997955
62	-0.013491847170509675
63	-0.021008665626029124
64	-0.0188618001868664
65	-0.00652521426483979
66	-0.010966204541720946
67	-0.016630238048751616
68	-0.0057149141314044695
69	-0.0013454648403484553
70	-0.00935153960668452
72	0.00255686522300079
73	-0.0012296158963240977
74	-0.004687898497975773
76	-0.002517640817751305
79	0.024815402210308896
80	0.029770202043308193
84	0.07601915929814455
86	0.07036872447027108
90	0.029776139386843273
91	0.01876573280861426
92	0.016972805388337734
94	0.02322915242055902
95	0.014807798204599697
97	0.021498415064015175
98	0.013687368851262547
99	0.010843516002078094
100	0.009404331247603181
104	0.016610432254605255
105	0.01729078392837771
107	0.040685616292879256
113	0.17997039962792483
114	0.21213534845478266
115	0.246281964668235
116	0.2557836395341562
117	0.20345680682382364
118	0.219897590152846
119	0.2957640887596596
121	0.34138028564325296
125	0.5436863523411651
126	0.6985531870741909
127	1.0505841999510954
128	3.0287881897248385
165	0.04255844313504453
166	-0.006654883830492253
167	-0.02152933955573274
168	0.0912359397162999
170	0.04965302598976134
172	0.11889329350143106
175	0.0766499138894855
176	0.08677466639241352
178	0.04810398625603177
189	0.04478596348017732
190	0.047308929163856546
191	0.05536602855712825
192	0.07244470824627407
193	0.0940094008838971
194	0.1198073719365276
195	0.163856973248037
196	0.18693375116917102
197	0.2566594170263886
198	0.2890504069089361
199	0.29780052779734506
200	0.30476124231575813
201	0.402337411725983
202	0.31332006106539795
206	0.18805270628940596
207	0.16929611523403548
208	0.16388121212848297
211	0.10895627610393578
