150.66667950508102
154.20451486940129
151.03185815925914
155.18885052918097
153.41597548488579
154.86654596760545
155.60172844056322
156.80646387406921
153.11532135808471
149.09231349438969
154.60678482286448
156.29154538106872
161.80444885249671
160.91591011535959
154.69128448279739
148.43438563388042
153.11303929234828
162.10250032306072
151.14757963292249
154.75459163995646
153.53545972547673
157.95914477107041
151.13229511350747
152.95901514705670
152.88090143685005
156.50317200132847
150.41837806281976
152.86098917366641
153.28995572284404
155.55904647200546
152.17634318253744
155.30443202644020
157.80659080700153
153.86521142287802
156.12326520038042
154.09927598673207
152.50175049301097
153.07246205954502
154.70927887014130
155.35564430880572
152.32655233017360
153.97746477221480
159.29589212103673
149.36395118847983
153.18325499621577
154.74731581859430
155.84701878826567
155.28701174626502
151.42198130538634
147.61089010582694