100	-0.04472	0.0	1.0	4.69207638236e-30	0.0
104	-0.03355	0.0	0.733639545446	0.266360454554	3.50998702214e-34
105	-0.03752	0.0	0.0	1.0	0.0
107	-0.03888	0.0	0.0	1.0	0.0
11	-0.1002	1.0	0.0	0.0	0.0
113	-0.04587	1.0	0.0	0.0	0.0
114	-0.00718	0.0	0.0	1.0	0.0
115	0.003851	1.0	0.0	0.0	0.0
116	0.04634	0.0	0.999819211562	0.000180788438235	0.0
117	0.04117	0.0	1.0	0.0	0.0
118	0.06987	0.0	1.0	0.0	0.0
119	0.1013	0.0	0.0	0.0	1.0
121	0.1124	0.0	0.0	0.0	1.0
125	0.1933	0.0	0.0	0.0	1.0
126	0.4869	0.0	1.0	0.0	0.0
127	0.6286	0.0	0.0	0.0	1.0
128	2.264	0.0	0.999898143176	0.0	0.000101856823969
165	-0.075	0.0	1.0	0.0	0.0
166	-0.102	0.0	0.999548291807	0.0	0.000451708192996
167	-0.1688	0.0	1.0	0.0	0.0
168	-0.1401	0.0	0.0	0.0	1.0
17	-0.1291	1.0	0.0	0.0	0.0
170	-0.1023	0.0	0.0	1.0	0.0
172	-0.08568	0.0	1.0	0.0	0.0
175	-0.0985	0.0	1.0	0.0	0.0
176	-0.0673	0.0	0.0	1.0	0.0
178	-0.06653	0.0	0.0	1.0	0.0
189	-0.02553	0.0	0.0	1.0	0.0
190	-0.02301	0.21854370047	0.0	0.78145629953	0.0
191	-0.02497	0.0	0.0	1.0	0.0
192	-0.02163	0.0	0.0	1.0	0.0
193	-0.02629	1.0	0.0	0.0	0.0
194	-0.009403	0.997535995003	0.0	0.00246400499699	0.0
195	-0.008257	1.0	0.0	0.0	0.0
196	0.01637	1.0	0.0	0.0	0.0
197	0.02036	1.19436882503e-05	0.0	0.999988056312	0.0
198	0.05378	1.0	0.0	1.36421755591e-25	0.0
199	0.07156	1.0	0.0	0.0	0.0
200	0.1038	0.0	0.0	1.0	0.0
201	0.07157	1.0	0.0	0.0	0.0
202	0.02607	0.430780615702	0.0	0.569219384298	0.0
206	-0.004377	0.878129795255	0.0	0.121870204745	0.0
207	0.002183	1.0	0.0	0.0	0.0
208	-0.01581	8.78919296156e-05	0.0	0.99991210807	0.0
211	-0.01724	0.0	0.0	1.0	0.0
23	-0.08834	0.510732535557	0.0	0.489267464443	0.0
24	-0.0775	0.0	0.0	1.0	0.0
25	-0.08445	1.0	0.0	0.0	0.0
26	-0.08738	0.0	0.0	1.0	0.0
39	-0.07567	0.0	1.0	0.0	0.0
40	-0.06222	0.0	9.32116956947e-07	0.0	0.999999067883
41	-0.04168	0.0	1.0	0.0	0.0
42	-0.01425	0.0	0.986636458714	0.0	0.0133635412862
43	-0.02581	0.0	1.0	0.0	0.0
45	-0.03522	0.0	0.454523869138	0.0	0.545476130862
46	-0.03985	0.0	1.0	0.0	0.0
47	-0.0194	0.0	0.0	0.0	1.0
48	-0.02383	0.0	0.464120578818	0.0	0.535879421182
49	-0.04032	0.0	1.0	0.0	0.0
53	-0.05904	0.0	0.0	0.0	1.0
54	-0.03825	0.0	0.531725994531	0.0	0.468274005469
6	-0.06712	0.0	0.0	1.0	0.0
61	-0.05799	0.0	1.0	0.0	0.0
62	-0.05177	0.0	3.92659357968e-65	0.0	1.0
63	-0.05088	0.0	0.0	0.0	1.0
64	-0.06386	0.0	0.0	0.0	1.0
65	-0.05938	0.0	1.0	0.0	0.0
66	-0.05604	0.0	1.0	0.0	0.0
67	-0.06021	0.0	0.0	0.0	1.0
68	-0.06566	0.0	1.0	0.0	0.0
69	-0.05621	0.0	1.0	0.0	0.0
7	-0.08654	0.0	1.0	0.0	0.0
70	-0.05395	0.0	0.0	0.0	1.0
72	-0.05862	0.0	0.0	0.0	1.0
73	-0.05221	0.0	0.0	0.0	1.0
74	-0.0532	0.0	0.769745657224	0.0	0.230254342776
76	-0.05718	0.0	0.480512759692	0.0	0.519487240308
79	-0.05207	0.0	0.0	1.0	0.0
80	-0.05225	0.833777329876	0.0	0.166222670124	0.0
84	-0.1196	0.0	0.0	1.0	0.0
86	-0.1015	0.0	1.0	0.0	0.0
90	-0.05957	0.0	1.0	0.0	0.0
91	-0.05779	0.0	0.0	0.572710331932	0.427289668068
92	-0.06517	0.0	0.0151287329965	0.0	0.984871267004
94	-0.04956	0.0	1.0	1.16970341344e-34	0.0
95	-0.0504	0.0	0.999990665618	0.0	9.33438219751e-06
97	-0.0457	0.0	0.245490791418	0.754509208582	0.0
98	-0.04134	0.0	0.999998544334	1.29978959058e-229	1.45566584556e-06
99	-0.04384	0.0	4.56047526316e-12	0.999999999995	0.0