-67.5209883626	0.519248549885
4.87983052354	0.229375064109
23.9422084924	0.184739603446
24.6225700898	0.183053305475
27.2546580631	0.178098831517
-10.1651271712	0.270539361413
19.4367009543	0.192756700834
-40.5462644699	0.38373367849
-32.782169085	0.349978590941
-35.2222072842	0.36136718128
21.2360380455	0.188456363158
21.9516068437	0.182336043194
-35.4924611101	0.357992634814
-20.6689830784	0.300261572511
23.2580160391	0.182555541514
12.4561257198	0.20520695046
-55.9119827028	0.455643930661
-8.78428876344	0.265236286103
53.2069257134	0.130366215084
-22.5562595905	0.30977612826
32.6639417362	0.160392652552
34.6740160202	0.15678045919
28.0338857007	0.169089482847
32.4718452208	0.160793483035
28.595538897	0.168803127335
65.9423493199	0.114901965092
8.37786745321	0.211461146251
28.338576948	0.171778397203
-48.7846481605	0.419025984347
24.7529012394	0.177609329135
27.3156886046	0.171362709825
22.0401292113	0.185565355065
23.5643039187	0.178908575073
1.23429705442	0.232402464805
16.5047551639	0.195480942235
16.1628013791	0.196233139064
-0.132197473982	0.237052983908
-10.2639619961	0.267131806422
-5.81535091341	0.25343166671
98.2067924495	0.0800092188547
12.5211995296	0.208213153801
-59.8073943032	0.476326119299
27.3514010295	0.171704588996
16.0145435969	0.202332543384
-5.43573913344	0.256820158992
-21.8099738704	0.309739611885
-10.7868223571	0.267445258702
41.8420896373	0.146775549415
-19.4526513022	0.293150345631
13.9457075263	0.201210553046
3.59243276006	0.231354292696
13.4006529735	0.208190947894
-31.4697579908	0.344790818156
-20.9454640329	0.307521171775
21.9545227525	0.184844280867
-1.20844784894	0.238711307811
16.328914574	0.198183503815
5.47085732654	0.220817285512
36.8336880145	0.160331968585
19.1942230231	0.19290966156
22.7086820766	0.1840707788
3.05811754562	0.228803774919
13.4272160724	0.20427378496
17.4033249478	0.19384273784
3.78512518813	0.228022784753
-17.7718019279	0.290256050516
-11.6597729633	0.276915570707
40.1578186424	0.15451264155
-25.2216413279	0.322962971795
-33.6847126023	0.351225655504
-25.547931142	0.32298956295
-6.13097257432	0.256728176638
41.1958412239	0.148984847458
23.737089361	0.185102901682
19.9345037402	0.192695860921
15.7335971553	0.201941975182
19.9069398868	0.191462511887
19.6606273618	0.192429400108
32.5987504436	0.164179114051
44.5963025816	0.146730819338
-1.11958877431	0.245735891667
31.1310599639	0.163232984167
-10.2273638881	0.266604278603
47.440471661	0.142160137
20.029299097	0.193326112994
-15.0146135794	0.284823859295
-41.2677303799	0.385411637421
48.0424099812	0.136063119901
15.2907533967	0.202432310475
14.3065158377	0.206037366557
34.8668823451	0.158745030071
-30.7337225773	0.343419773985
19.6627887356	0.194521941412
-2.31640858231	0.247093067841
-14.922368307	0.285244546791
-19.6647166694	0.296771232956
68.3689982472	0.111947729769
-2.0309801653	0.241397949773
36.8289727188	0.15981992312
22.7643082228	0.1798603002
-27.0008597652	0.324048404807
-1.55165808663	0.242931042138
64.7453232744	0.114507081678
14.7657898521	0.196696508456
11.9775796473	0.205856060154
69.3294435827	0.111417979582
160.295130811	0.0398008527059
-16.3766411938	0.291961778209
38.9741223486	0.15287939761
-16.1467248547	0.291230970435
54.4158663328	0.130681642689
1.09469477991	0.233444901307
20.792718967	0.190314436752
62.6971565671	0.119937818428
34.3587245451	0.162638616896
0.409859069695	0.240383627622
109.960424136	0.0703361244822
18.9202920483	0.193291174051
23.4633688318	0.179626237015
22.0839962862	0.187304638324
18.7455163033	0.196524095118
-17.6256209405	0.294812474781
9.98161692679	0.209897767565
16.6209226566	0.198429574158
14.2234225667	0.206640584235
26.5682219387	0.171761223444
-16.9785901136	0.292993366472
-14.9784800454	0.285141159989
29.2721864614	0.168823052804
45.834697891	0.144828682773
34.4695895538	0.158129785029
46.9603818713	0.13722027004
-20.9013624237	0.303177589332
-26.8948057951	0.32834654712
19.8976675796	0.193601318325
-35.6938691927	0.360214549436
33.433139215	0.158946576925
0.110334443452	0.239321828891
90.5887899853	0.0866728551131
-30.5645105168	0.338202281061
2.15557661327	0.235506355838
44.0289095484	0.141725198803
34.9345272758	0.156878748184
-10.4626466956	0.267171245852
-10.5716646031	0.272338895884
15.2465274203	0.196974006588
23.8446876508	0.183980593391
-18.4288149858	0.298217054993
-5.77205360055	0.252900862728
25.9572625096	0.176077415545
25.6148218186	0.175538990016
30.3021390527	0.170421152561
33.2621711059	0.160442061058
-15.1722812347	0.286251979117
28.0900527178	0.170294503836
12.8031095361	0.210161088122
99.2272062039	0.0780614763749
12.1846404779	0.203414692314
32.7393413247	0.1608949359
67.9702896618	0.110721577043
42.5827433966	0.150224205571
42.2682068687	0.144729023938
22.1536267398	0.18739479779
-13.6417649999	0.278190871854
19.8055420381	0.193640275221
81.0875949343	0.0961387718951
24.0900230324	0.178896463876
52.3941493941	0.131135267672
26.9095052078	0.178914631953
-14.4806533309	0.276698239262
24.8586090535	0.180393451864
89.58074419	0.0870909364472
14.7481721717	0.204062532809
86.8007835292	0.0904999428915
-20.750780135	0.298089582357
25.4701973496	0.179821130777
15.1975837658	0.203255154606
98.3894813375	0.0807656534069
14.386270947	0.205663262363
15.7769907939	0.20031306178
-8.40497152937	0.264280875068
62.2717688881	0.11959557131
20.9692935035	0.185884695853
26.4856744344	0.1762301716
4.24967301839	0.230944540339
-11.1876464396	0.27558092916
-8.67194381692	0.264870158359
24.409987362	0.177883828479
71.762789759	0.108169229026
35.1026492951	0.15793839879
31.7183782809	0.162368402249
17.4937506654	0.197974854268
66.0355695575	0.115684122322
15.5573558842	0.200526914514
-2.73866749763	0.245889948041
-18.9753427801	0.300865511103
-19.7771010535	0.297628217828
16.7947721244	0.194307154582
-3.89961721504	0.249232542862
126.72675741	0.058624942492
100.272623693	0.0790684313321
27.6395172662	0.172847663219
-13.2384434267	0.281990637552
8.30359096516	0.218070104648
15.2218459023	0.198006668362
116.425429846	0.0659508964434
2.24581269716	0.230215684618
29.8186753221	0.166972756231
2.4274215052	0.231615641987
18.420058006	0.192099062804
48.2299440533	0.138222151651
155.135145156	0.0421246577782
86.3174135406	0.0902307542893
15.3217629013	0.197954431399
69.7391917285	0.109514431812
60.0762853857	0.123538379974
8.06335642686	0.220451488298
4.98700440128	0.227303359288
8.03932140135	0.219935747606
26.8138900342	0.176634261659
23.8252958173	0.182455120421
8.84734475984	0.217711383373
98.2587003724	0.0808785027191
96.1316625842	0.0811897170438
40.2714227438	0.153812083317
51.5629106243	0.13587225934
61.4387651873	0.118744319644
44.3923060786	0.142509132394
70.6062827494	0.109450548904
87.0216560574	0.0916702162791
56.1216146055	0.125253545174
24.8511611682	0.181113781966
6.88007227568	0.221523736895
4.78909951199	0.227818096455
-0.263969049958	0.243492067526
81.3376921919	0.0964458590931
0.436687367136	0.241553427821
9.6087875398	0.214684596047
40.4178573462	0.152481844285
19.970321696	0.192983203061
23.9027956352	0.183722098213
34.1894541309	0.164403278565
42.6747751515	0.149630620898
47.1347062407	0.142409633823
48.8959606625	0.139654322882
60.3936521696	0.122955559764
48.4566921859	0.140351533465
60.2395797585	0.123277364578
59.1368290089	0.12472423561
54.721083215	0.130997637803
58.8008067173	0.125184945285
54.8156792683	0.130829350777
74.7825720009	0.105005261035
3.13898955626	0.231506082987
51.3344935889	0.13217785881
8.35284255249	0.220462143585
54.9038973583	0.128056703127
102.397606813	0.0769004649787
26.5582132389	0.177421856688
15.8484753712	0.199347202544
34.6019593202	0.157575999777
10.2724047364	0.21196026372
23.7965531924	0.181743460905
91.5469843214	0.0871783657867
53.3656994587	0.130005169994
4.25406830665	0.229000774486
47.3961680077	0.140046696952
14.7059550446	0.203297974406
26.37319178	0.177721879864
34.9178857964	0.15675246592
70.1943640201	0.110484284679
13.9512399124	0.19854613337
32.286229527	0.161960533889
131.124636082	0.054664298668
32.3112345589	0.165833231266
25.4102468832	0.179787419804
27.1019113952	0.176075976616
-9.70172426454	0.262293087748
62.4758855169	0.117963415251
24.9910279604	0.181215803036
19.7999889723	0.193808867017
101.451036999	0.0774031405592
27.4218743083	0.175628490062
58.6089816145	0.122375095751
23.5456132396	0.184860396367
33.9497248876	0.164933565535
21.4666299135	0.187256346663
44.7390994927	0.146392101395
20.3203855835	0.190884237619
24.3989424049	0.183313409298
58.3296531262	0.125882686667
27.0870671667	0.174867832986
32.6874285243	0.167227698212
25.7375187633	0.177575362857
94.5979889906	0.0823221483372
9.93450479649	0.213430407967
25.4799074866	0.179305504093
21.6519467041	0.188768087422
143.573387786	0.047548279674
45.2023724702	0.145909472316
35.4014035968	0.162561381176
77.0819066059	0.102296758788
54.5654885167	0.127700870189
135.996013242	0.0527104843931
98.1888420447	0.0809268261454
40.6710500455	0.1470135127
21.8022136232	0.183715738116
59.3571524708	0.12114646633
36.0601421541	0.154731635677
17.1816692396	0.196920184391
18.8562791381	0.196116077606
29.6958567703	0.168866027194
18.6622661376	0.195519804389
80.8704896269	0.0981539009123
24.2177000582	0.182454335903
29.4959358368	0.168923622284
143.058346259	0.0481277972058
71.4039465798	0.109065034899
17.7714071781	0.194873448505
158.977511847	0.0405898216735
27.3553984727	0.175518075918
96.6087191731	0.082390917986
28.5269946172	0.171035078489
30.2290736858	0.169534443762
3.80214555992	0.22732439659
28.3744015323	0.171772007385
60.1238032387	0.120477067522
59.7519636974	0.120981338588
14.3883764899	0.200394758613
29.4545426915	0.169238300911
154.544642495	0.0424864138177
19.211382802	0.193461609448
38.8140379347	0.149997402389
25.3885393226	0.18041423635
25.9358232057	0.17973748006
14.1924083375	0.201682752393
124.3126988	0.0586678966298
17.8411080055	0.194439301006
28.3291062972	0.169022522742
27.1182804988	0.176005946298
27.941024097	0.173130486565
111.421127873	0.0686545309014
140.188926111	0.050328176498
60.8708420602	0.119444182291
32.2821705125	0.162134939318
54.9894138731	0.126346888498
117.900857015	0.063057802174
52.5215736369	0.12937044483
30.5108774319	0.166284870126
52.1887263134	0.129819071069
23.3421269001	0.184589364998
32.3051854348	0.162685071749
172.089832543	0.0349952276988
42.4287631935	0.149747417695
64.7243586743	0.114805889149
62.4554719419	0.117502044119
14.0569857916	0.203621825382
145.168558228	0.0476049462383
32.0993601252	0.163222221031
86.7167620377	0.0919809119328
94.7600136578	0.0840437014003
81.5068080612	0.0974647966189
84.9510337702	0.0937842387759
65.1047352445	0.113898386078
26.62818465	0.173498928018
29.0735348346	0.170602738418
46.4890577137	0.138369433251
14.7170544761	0.204084813734
58.6719439538	0.125498895216
17.9865851422	0.189934324868
49.8580124703	0.13317364735
60.6075940357	0.122928657789
34.7748587701	0.163985664869
71.0951598631	0.106607181855
50.233440385	0.132520075219
29.1217844334	0.168848912101
78.0643172813	0.0987939237645
124.128120909	0.0603826678531
46.2580766281	0.144135932393
47.2585829666	0.142566827171
51.876045972	0.135411720139
61.9274825797	0.121106751804
52.6507981547	0.13407695198
117.988553853	0.064023605489
65.2292612979	0.114354342168
63.0125929237	0.116698265475
95.9450813025	0.0824512911897
45.6669168463	0.145024025813
38.085211855	0.157417667124
119.148100057	0.0638801615453
31.0041011805	0.167396274857
69.2147451882	0.108997212013
30.3323336937	0.171300521772
28.1371187735	0.1753658262
34.3268163006	0.163931280583
40.301286404	0.153554465128
32.1340634106	0.167994078091
58.8969311573	0.124983662415
26.4188758566	0.178553205721
40.1351211265	0.154000389247
32.0012650032	0.168170327977
44.1193907126	0.147185993794
34.9765015891	0.162844047986
51.3285458985	0.135880977742
33.6336411085	0.165302391969
76.3535244966	0.103089456798
27.5350890038	0.176602780198
43.632601865	0.147977462129
28.9531942473	0.174146704208
35.6600342721	0.161702544422
49.3332766177	0.139106823487
102.106780245	0.0756883794858
48.536298815	0.140215393415
81.7885442877	0.0957047084281
56.3460522509	0.128913276378
75.8257207514	0.101844807036
124.047739516	0.0598947201745
85.0080813408	0.0937033912384
101.568001674	0.0763111763454
106.450802454	0.0737624457296
114.398773246	0.0674821496947
27.4856306003	0.176165309978
65.9000795998	0.113068560012
58.4312539551	0.121917489777
46.1603951632	0.138927379963
57.1013818687	0.123441872342
53.1136826695	0.12878793633
44.1298258491	0.141909158653
112.313555596	0.0677190967445
84.9631508552	0.0931966884531
143.835791885	0.0474983716033
27.8420023145	0.175968419065
26.5890196239	0.178681210785
37.2574602685	0.158802692526
50.2226288774	0.137522867211
60.4817898085	0.12286577301
29.452691466	0.172894518623
29.9646978335	0.172098917506
75.9313120474	0.10128231743
44.3833776974	0.142566106512
24.9493119441	0.177451879767
100.089063056	0.0774542087052
68.6887283372	0.109341154634
51.3490482093	0.131053731677
35.5020097847	0.156079876453
28.9721330127	0.1735126769
89.9419027795	0.0887236751201
71.1225587493	0.106392478091
101.257452404	0.0761425487134
143.695798915	0.0482725490407
52.3091845244	0.134463902871
80.6394980006	0.0983585770056
73.9391429037	0.103343058191
65.3376441854	0.11371729508
74.1942978707	0.102720996687
76.9466001922	0.100116043223
127.609979316	0.0571723624891
148.255080085	0.0455386172843
89.259249482	0.0875883062463
138.645337919	0.0503702157118
66.3526723406	0.1122683163
125.724223735	0.0579836075002
54.6938752787	0.130963757404
156.089117268	0.0419769637965
28.9128579846	0.173963505865
78.785758318	0.100375267914
123.127788928	0.0610915433672
79.0446262724	0.100113155854
65.4726035579	0.116215929011
112.412116636	0.0690001706809
42.1218096763	0.150615091115
108.952838775	0.071596643005
107.095774428	0.0709302362721
80.1821428262	0.0988532270679
115.167456149	0.0657986940371
133.650022628	0.0542368220137
156.795118469	0.0414635782656
124.426567905	0.0586849855714
77.7418724419	0.10160239403
87.6345957677	0.08902623358
99.8267822944	0.0771296153484
148.570243809	0.0457010548852
146.580516257	0.0462384402612
152.655905823	0.0437143644869
97.2595488862	0.0817892739538
111.89562657	0.0673648791089
144.291440319	0.0472276516517
165.584079133	0.0377394156267
128.917131741	0.0563473664005
162.199298552	0.0392993819211
88.4833234721	0.0901675322557
104.12389009	0.0735731959448
134.121761139	0.0538332849296
162.176248754	0.0393330712681
100.699812703	0.0786759177287
109.587233107	0.0712255182198
128.660316647	0.0568240786166
70.5626418302	0.109892429358
107.290418201	0.0711097882418
149.78370673	0.0451494934127
99.0401300948	0.0801657703479
141.952684751	0.0492667382282
102.792359409	0.0746409200037
61.6825640596	0.118392589776
128.784511943	0.0565865873637
72.899158423	0.104398945883
100.662235127	0.0787503570945
130.574182317	0.0561352047127
106.744181803	0.0716932500522
152.765103402	0.0435798168268
114.073033369	0.0675656342818
133.740316505	0.0537780435132
141.56696269	0.0487875670474
113.449580357	0.0666032212066
128.988529471	0.0557751381813
104.209481136	0.0734930820314
126.691620726	0.0574967992746
143.224014802	0.0477856070179
155.448390836	0.0419582865068
131.181078876	0.054606371064
150.854156543	0.0441457085353
140.770290836	0.0492061169089
163.227373352	0.0383883576985
195.35631992	0.0271097837469
156.668557733	0.0413087821731
172.667535683	0.0349139717812
118.873122872	0.0635862687039
183.362323218	0.031051075396
210.14500341	0.0229324828996
178.850854365	0.0325745195704
150.534232591	0.0443843581206
109.128156736	0.0702205840007
101.476155532	0.0780078131834
122.566583267	0.0615368298825
93.2538329231	0.0855378167816
109.208277903	0.0715060938715
91.8060136149	0.0866546964502
165.796378493	0.0375271775959
91.358401425	0.0850603987853
118.456692495	0.0644566858944
97.6600507236	0.0793069731966
171.030273075	0.0355867892474
103.542911879	0.074094635663
129.772910885	0.0555735763668
142.21229853	0.04887439663
114.634904806	0.0673001171631
136.509457221	0.0514569650786
104.368478899	0.0755406767798
106.106983416	0.0717119967784
88.598823729	0.0900654502806
87.1022360112	0.0893325111489
86.6897181748	0.0902856962677
146.770699034	0.0459806605598
83.945298165	0.0922870263907
121.069084237	0.0625781158462
113.26027686	0.0683435715676
166.605810818	0.037441376953
98.2427654436	0.0808821421104
132.10030755	0.0550961476747
165.48679878	0.0378788528942
126.954616086	0.0583787585206
132.482339545	0.0543596018108
167.132286256	0.0371994655808
117.076638015	0.0635968975575
179.894856862	0.032213557138
130.785405907	0.0548487491614
107.370388236	0.0730334900629
103.179605395	0.0763499447655
115.91174981	0.0661783037474
166.47935839	0.0371351329332
168.210261646	0.0367243099874
135.446972673	0.0531663524707
138.780946402	0.0508075878375
154.874677753	0.0426613017233
104.042463749	0.0758114604387
180.368158338	0.0320862659551
106.982347628	0.0718106334812
107.820128047	0.0726852325444
171.880685037	0.0352349086941
100.270330531	0.0771493393029
116.074165465	0.0661591198067
84.4817031053	0.0919744939319
175.227336994	0.0338909225698
130.756448638	0.0560780859252
127.675581516	0.0580557754649
87.7056925384	0.0909841674646
165.676999559	0.0376047985245
85.6980909924	0.0930048670588
88.4911602362	0.087791933454
126.201798813	0.0590511128048
150.240543526	0.0447631884417
186.16557292	0.0300386136786
81.2305809343	0.0954318106545
191.085340411	0.0284457032921
123.966298209	0.0605635401228
98.3432487781	0.0807854868327
182.109682195	0.0314179658168
87.7489035459	0.0909140717855
87.1309638568	0.0892943059501
92.7680594843	0.0842457178867
157.052164209	0.0411250948065
159.797501228	0.0404015840721
118.787282693	0.0641606466401
137.760013237	0.051759966858
190.510992396	0.0286177188629
96.6420459604	0.0800816774992
112.142613396	0.067270352728
122.225935736	0.061773737511
170.725414704	0.0356543308549
142.707589888	0.0481881630266
177.151909605	0.0331892008365
158.380555512	0.0409720073489
97.0697533823	0.0819585154317
174.136338114	0.0342264354569
119.850849056	0.0625957938058
142.52299211	0.0490762651802
96.5678376574	0.0806451246287
154.655647036	0.0427339018611
90.9762888592	0.0854429166834
117.413934263	0.0635044452797
93.630026678	0.0828526400555
173.429730514	0.0345731721318
100.591888425	0.078790957203
104.278587732	0.0756319422623
183.22110665	0.0310129669184
112.206896528	0.0673913498497
95.4270103069	0.0834849868262
161.852415602	0.0394033968895
107.945138389	0.0725700846673
117.646012891	0.0635762963897
177.504411802	0.0331190543769
120.374830418	0.0616570075706
105.628134416	0.074489404759
135.078595192	0.0525304993362
105.332863767	0.0747317205071
126.285810977	0.0578906375698
174.334707363	0.0343148848389
180.795931048	0.0318793963754
100.859574871	0.078563081067
88.9621451426	0.0897070937618
84.2716953116	0.0945116078941
137.233579157	0.0518110252446
202.951720345	0.0248933139259
86.0651798776	0.0926356252229
100.755435382	0.0766521539206
226.004250836	0.0191182093806
143.92318688	0.0478265319442
88.3652595779	0.0902928974991
173.806603482	0.0343976689615
162.374721406	0.039166947545
159.725334846	0.0404026035457
122.905599378	0.060297445077
178.963869798	0.0325144052057
118.460411675	0.0644648248015
137.590850427	0.0509959647151
173.563418982	0.0344985496035
128.836139263	0.056787699793
126.784603971	0.058590692146
166.475109593	0.0373529192767
124.300659094	0.0602930653963
179.373964028	0.0323736078042
135.564116268	0.0530059780162
161.203062559	0.0393768199283
127.134388984	0.0584071107923
145.044866238	0.0470028960568
124.817016577	0.0599424267206
173.898329853	0.0344571704553
204.11816414	0.0244950663928
151.775036675	0.0442133203257
194.181092805	0.0273873397031
124.417636928	0.0601204714378
174.198920788	0.0342324354529
128.948656938	0.0572446038929
224.743578058	0.0193865129111
189.695717398	0.0288615076017
182.625718198	0.0312533800181
140.981180316	0.0491568041708
203.552054001	0.0246801736563
154.439251773	0.0428406754492
94.7886702147	0.0818771047101
91.6376826383	0.0850186600507
126.672148627	0.0578591905267
183.825932193	0.0307932487881
99.3809400264	0.0778926036588
213.899256084	0.0219508290648
182.397879832	0.0313036732034
224.268145985	0.0194863040295
142.448288057	0.0484937935528
207.51915975	0.023536995498
159.106557817	0.0405525041215
223.71465451	0.0196552863141
149.765226395	0.0447056758968
220.583470324	0.0203037129465
157.402677145	0.041383244014
185.849249413	0.030146301917
158.4675913	0.0408813260122
216.12590776	0.0213548006615
209.263484589	0.0231205467315
167.382780549	0.0368808243672
229.308410291	0.0183935760685
180.154768285	0.032140441085
206.811028476	0.023734215792
175.490622973	0.0338463334692
176.588419667	0.0334050057756
168.506555662	0.0365850213821
212.213560607	0.0223118432756
150.595058631	0.0444659802836
133.75933742	0.0538100618049
160.545848393	0.0397985983442
156.414849607	0.0419700415543
191.21067206	0.0283094378657
213.927061601	0.0219078748254
148.772481051	0.0456920224057
165.458692049	0.0378543638385
188.47045506	0.0292409836042
158.453097664	0.0408854307148
170.5089305	0.035685306603
168.399413053	0.0365982574221
174.208214823	0.034315285877
201.281199914	0.0253079121099
169.502598564	0.0361774802083
173.781203944	0.0345020948139
140.515431051	0.0496298149029
191.769201911	0.0281862822558
185.660881276	0.030192405223
171.164361363	0.0355475020177
189.116896135	0.0290571809991
158.88550054	0.0407791744347
200.108330894	0.0256015343184
153.28743402	0.0434362082441
181.89962713	0.0314686584411
171.95605006	0.0352169953712
187.259637772	0.0296142714517
158.318734139	0.0409782930942
154.108862902	0.0426332726046
174.391960628	0.0342965391192
170.158171679	0.0358414472597
207.640603904	0.023562207217
185.3564293	0.0303203325159
197.993607205	0.0262077802192
149.466479438	0.0448217675856
198.212256852	0.0261646916682
197.818540637	0.0263166544437
122.900214578	0.0611823268959
143.801745139	0.048377099812
149.701207385	0.0452411631323
148.900082992	0.0452292173705
168.296367563	0.036717136689
148.227707024	0.0455307450531
142.955484645	0.048759886392
201.46086586	0.0252255785811
189.15392745	0.0290429221756
147.717307021	0.0462221630862
141.938569232	0.0494253013041
194.860979598	0.0272398091609
142.481778193	0.0491022766193
216.994000614	0.021153697854
197.057526932	0.026557351999
189.183629183	0.0289966750977
188.179483429	0.0293055356067
140.165276551	0.0503603340552
161.101823394	0.0398324804411
194.000308549	0.027448716002
178.994672109	0.0325284010433
132.760993694	0.0548109526962
203.02344814	0.0248244900359
202.463006256	0.0249371440203
146.722249099	0.0468180027747
210.000373047	0.022961345846
159.508634769	0.0405417601661
145.301264621	0.0474319062983
185.233441207	0.0302983797154
163.866394101	0.0385603276468
173.930464532	0.0344114838573
192.991538611	0.0278152652444
186.521438565	0.0299013380747
230.257242326	0.0182007664022
174.69984733	0.0341714263103
230.10075369	0.018279705489
180.640076143	0.0319847398689
232.396403772	0.0178139807078
200.729711002	0.0254833623532
233.093016825	0.0176348613639
183.47221215	0.0309771430433
225.922918724	0.0191238892058
203.041665749	0.0248077927506
195.764496058	0.026927089052
188.410571743	0.0292925493945
223.892991249	0.0195672798731
208.073129286	0.0234569474049
190.895591611	0.0284483192536
224.765781467	0.0193989085415
196.984952381	0.0265500206274
215.774744215	0.0214710033833
205.616336449	0.0240710599888
150.446505889	0.0448637772769
179.296063776	0.0324335109848
187.362588989	0.0296388198262
152.175817045	0.0440286110298
218.437418078	0.0208123606901
226.448023623	0.0190413944836
185.77102195	0.0301382413272
184.573115572	0.0305462297811
197.137286734	0.0265076967702
176.365105648	0.0335034199267
230.474080969	0.0182080950666
166.490312503	0.0373875271174
221.004933049	0.0202409212135
181.101962494	0.0317359397303
221.626728808	0.0200480916276
201.410360097	0.0252164355996
209.02344479	0.0231323740533
179.166625833	0.0324960964611
197.225371421	0.0264657192378
191.616542488	0.0282432135941
209.174118411	0.0231036988616
189.333294249	0.0289307018082
197.735886923	0.0263479102659
196.636893328	0.0266301471757
212.077524625	0.0223819960857
206.831727213	0.0237691978377
204.144043192	0.0244780972719
207.272330524	0.0235968624095
150.609535385	0.0443837720455
215.010350478	0.0216375197254
194.52728581	0.0272821841243
183.950487972	0.0307474299238
173.794198149	0.0344091289271
192.874832862	0.0278416000268
144.331346803	0.0474939213994
191.147411465	0.0283971408588
136.952482718	0.0514502916781
175.982276084	0.0336163646541
177.719152632	0.0329567225558
171.329073179	0.0354381759374
185.124354768	0.0303583839913
221.679960727	0.0200828984494
170.657753403	0.0356090289853
180.897678231	0.0318634512382
122.612349252	0.0603943141985
190.560396434	0.0285499793595
134.575719426	0.0528303229327
156.069559822	0.0417136880324
202.543147623	0.0249215906195
164.267825994	0.0382318564943
123.132927515	0.0600871920205
175.852597158	0.0336898960608
178.360879881	0.0327259879047
210.331079921	0.0228121399523
154.731924838	0.0427796404873
178.434176832	0.0326975858108
176.101028867	0.0336678812416
160.862140896	0.0395822272933
159.333890163	0.0403325891235
201.144705444	0.0253382321214
152.049680465	0.0436933418464
198.941962231	0.0259736216153
202.214119063	0.0250723560805
160.447116688	0.0401253519365
197.685899423	0.0263774297059
212.335757862	0.0223292061183
175.432050592	0.0339260736396
161.778124137	0.0392065765186
199.459046232	0.0258768528462
191.309832357	0.028344172718
142.720183434	0.0483651360779
178.878276667	0.0326587145119
219.517308484	0.0205570666393
212.782854014	0.0222231169092
176.205982187	0.0335690101069
180.875172708	0.0318087946347
177.848879777	0.0329281157115
178.470113346	0.0326656831966
197.744825332	0.0263023702116
151.258546907	0.0439696840778
190.917629245	0.0284317756833
213.583192909	0.0220281946532
193.047792394	0.0277997665299
184.802831124	0.0305396009214
185.468349391	0.0302445628931
202.583732412	0.0249687345572
179.22243528	0.0324461059423
179.562577927	0.032392753842
203.085817462	0.0247704241216
197.047272357	0.0265651572718
193.876679157	0.0274891523383
196.333769429	0.026778651771
224.637545937	0.0194324181102
186.989749879	0.029778823623
217.723867507	0.0210085957857
185.835841931	0.0301751045881
212.363135919	0.0222784703639
194.742278215	0.0272938819448
200.333554169	0.0255540328076
207.33648322	0.023662626204
207.744235585	0.0234949989438
213.286545541	0.0221065858602
211.616489704	0.0224937233253
209.265973755	0.0231079652247
224.412580691	0.0194436769565
215.784603912	0.021476099236
230.153728209	0.0182241492072
225.433357351	0.019236607755
195.856880554	0.0268968638888
227.263068781	0.0188584415967
205.812954759	0.0240295750441
232.242062698	0.0178361432662
210.451009789	0.0228001704075
227.529264331	0.0187832112363
233.659515157	0.0175205555962
198.538028639	0.0260951124577
219.182793937	0.0206645031085
208.624773498	0.0232623725526
216.883903879	0.02121020598
212.652945607	0.0222124274482
205.930322132	0.0239931609823
226.108783333	0.0190855790153
222.780259773	0.0198278632673
213.858139867	0.0219170631143
228.581674311	0.01858315294
201.943468083	0.0250984965227
196.39218152	0.0267201579054
221.838490113	0.0200122907949
196.381470038	0.0267270690844
206.300132573	0.0238831948333
212.029795434	0.0223802376187
201.355793112	0.0252625784033
214.227050559	0.0218725860972
195.449254394	0.0270140029754
202.960140771	0.0248525786656
206.803691844	0.0237450328901
202.098700112	0.0251122466693
206.096978622	0.0239405465031
217.760929952	0.0209627313253
197.849631596	0.0262965290169
219.554973301	0.0205279316456
222.804856386	0.0198071901213
203.60057671	0.0246208807131
218.495672757	0.0208090228111
204.312223737	0.0244221748961
217.578608149	0.0210270505325
205.757338341	0.0240278210002
224.051374884	0.019580686455
219.760699682	0.020487962469
224.12669582	0.0195447778457
229.807604231	0.0183325602085
214.988485871	0.021625650037
213.289852928	0.0220758814066
221.74128369	0.0200374245154
223.385628886	0.0197013449467
216.308465262	0.0213187771179
224.883289626	0.0193288017322
222.802283031	0.0197787106707
221.605103406	0.0201026827418
212.817654507	0.0222144484472
214.138847443	0.021849365061
207.307684869	0.0236493959592
217.140362464	0.0211321976583
202.897914947	0.0248688231712
211.09925024	0.0226257274494
208.282472262	0.0233935998586
220.416658239	0.0204041351367
222.923767284	0.0197696781942
229.473853384	0.018417618099
215.365436092	0.0215511020031
235.62960736	0.0171446050099
199.688318179	0.0257458625124
221.46742337	0.0201338602297
201.996761345	0.0251119806119
227.332828903	0.0188482334863
217.27789265	0.0211075783012
223.384684318	0.0197004202293
205.30442415	0.0241575208044
232.692477445	0.0177412583703
224.279027051	0.0195028290201
239.511550797	0.0164606016306
208.997681917	0.0231763243465
227.381697559	0.0188224501029
217.81171983	0.0209753659049
229.536101189	0.0183683368182
222.828007543	0.0198186858393
212.306472275	0.022304254869
238.133850886	0.0166573599799
220.118489658	0.0204159831977
239.365735014	0.0164443014851
223.888545073	0.0195615289772
219.354310774	0.0206111530328
214.797665398	0.021689362593
235.521636174	0.0171972784412
208.293574961	0.0233542370425
219.926982851	0.0204708838967
211.417508412	0.0225691638643
213.921412235	0.0219059469115
207.009547565	0.0236806784809
222.970678175	0.0197832855835
191.647975445	0.0281672445156
231.829312555	0.0178918650197
205.050803978	0.0242456385173
230.687535099	0.0181421810129
206.387436657	0.023867495772
200.429550434	0.0256006899089
202.173835212	0.0250330523493
211.705354053	0.0224887027987
218.7054551	0.0207428154776
222.033594393	0.0199847375185
220.421934085	0.0203689546133
218.258288403	0.0208987170482
210.982845583	0.0226373334211
213.606523454	0.0220605765359
210.154326552	0.0228618929938
213.175663699	0.0221759156448
225.767771918	0.0191458754803
219.778051221	0.0205576502866
233.649454541	0.0175346586568
223.522010488	0.0196877001459
238.312165145	0.0166727074224
220.373075754	0.0203884476055
241.637377607	0.0160710897221
236.863162616	0.0169383544218
234.937531031	0.0172979592636
227.00710211	0.0189257922224
224.450640009	0.0194724232398
230.114678921	0.0182672182484
245.886239616	0.0153231734712
223.574103874	0.0196469950926
245.7398045	0.0153560655447
239.211198873	0.0164830222429
225.129335506	0.0193292887033
240.245049649	0.0162992036485
229.415005656	0.0184077678652
228.856674146	0.0185091990166
229.507353036	0.0183877702456
223.34268404	0.0196880940936
239.126081072	0.0165165668284
237.658557453	0.0167800324809
230.053476751	0.0182806577499
225.021474219	0.0193333539746
238.881189939	0.0165556002197
219.343928512	0.0206208541223
227.43281644	0.0188311312832
240.872564694	0.0162020903603
227.832502628	0.0187472979911
239.429519667	0.0164294618296
231.19264417	0.0180524624138
224.497661982	0.0194438209645
223.26531416	0.0197352855294
224.209146469	0.0194975404138
234.235818593	0.0174460557897
220.870274311	0.0202516375011
219.260620827	0.020638489092
224.061939209	0.01953581082
223.776714895	0.0196111752618
233.189675647	0.0176315194784
225.895035613	0.0191465089409
228.976661989	0.0184827788411
224.584158712	0.0194416584911
229.852910793	0.0183040907584
227.181603145	0.018877275378
230.702909587	0.0181249505018
217.612334328	0.0210379334706
222.33807818	0.0199273522666
222.973323874	0.0198056985784
237.989500652	0.0167203933423
238.397813441	0.0166176960757
240.557362015	0.0162609359534
236.59345564	0.016969760052
227.809754182	0.018732276445
234.42993618	0.0173996885311
236.028950935	0.0170932878553
221.602618756	0.0201176712357
231.97149262	0.0178639074038
243.846604405	0.0156535878604
231.506291703	0.0179793538267
246.533303322	0.0152158325067
225.151600508	0.0193043235365
239.413610758	0.0164578761745
229.759961527	0.0183319315107
247.872585813	0.0149874906541
238.955975829	0.0165399513286
246.126663429	0.0152705069072
231.368988237	0.0180015767138
240.11183646	0.016300875801
235.136753263	0.017258418381
235.265978011	0.017204729448
242.287012437	0.0159358760152
227.741047252	0.0187289630185
245.777179393	0.015299394605
237.305982572	0.0168343842151
236.511196182	0.0169841348637
235.70833936	0.0171511457997
242.619559858	0.0158735703594
232.284050915	0.0178253258185
228.666845233	0.0185466509366
220.993528579	0.0202083960981
232.170893474	0.0178384311886
229.498745291	0.0183848309649
244.148140098	0.0156136480555
217.528780138	0.0210168776912
239.868602066	0.0163501989722
231.431284754	0.0179983485069
240.044038181	0.0163212762477
234.256234414	0.0174467396505
243.085953568	0.0158058876749
236.064041127	0.0170956236895
232.939428793	0.0176930872095
232.083505531	0.0178249567861
227.851161816	0.01874350453
231.340284494	0.0179872266999
229.726845012	0.0183635439968
237.891125684	0.0167302539227
244.052789087	0.0156228505789
247.921840249	0.0149583953414
245.972258824	0.0153055075977
250.405861797	0.0145655450877
246.284315775	0.0152448712476
244.461066379	0.0155524889034
243.422151329	0.015738274054
236.678476128	0.0169886077606
239.930570439	0.0163751464492
247.554743235	0.0150382349495
251.925921346	0.0143325675958
244.351773604	0.0155913854652
244.993096327	0.0154599927727
246.297759724	0.0152513420808
250.163393091	0.0145799057636
238.891664173	0.0165693266622
242.326393782	0.0158989941943
247.789226089	0.014980171994
243.565123317	0.0156972058369
236.628812096	0.0169963941795
242.518012361	0.0158748012787
245.836066456	0.0153130935
245.100303856	0.015426467636
244.774828766	0.0154997188334
242.109616576	0.0159469036997
232.429653585	0.0178204481831
235.647181004	0.0171447251928
242.607103603	0.0158564199904
246.259839798	0.0152363064688
241.146715184	0.0161382826631
240.696180556	0.0162023520514
242.741348235	0.015855858424
246.848288502	0.0151494251706
242.736914011	0.0158616156176
237.876893293	0.0167233740943
232.640406156	0.0177628369753
246.512142369	0.0152023350296
245.002490803	0.0154798092475
247.078550607	0.0150733474122
245.662391098	0.0153609156054
242.909171132	0.0158074311702
242.563849888	0.0158791388462
238.348229178	0.0166051167954
233.871817066	0.0174804939288
222.210005073	0.0199698173313
231.371234574	0.0179852443144
244.472756402	0.0155672802588
217.010979556	0.0212217246131
235.981512821	0.0170920054007
233.791356402	0.0175579536626
234.233078219	0.0174146713942
237.420377515	0.0168522166636
216.188323165	0.0214194802401
237.347415369	0.0168026669659
245.141229136	0.0154407552369
213.586728918	0.0220453818745
231.49694728	0.0180459588557
237.363495203	0.0168108603451
233.586086782	0.0175362399718
218.749649768	0.0207713731442
227.449394441	0.0188031292344
241.309331379	0.0160649930354
236.354984784	0.0170762372387
235.490774707	0.0171724787564
248.209267279	0.0148998205337
237.339921888	0.0168548476491
236.599723366	0.0170074316653
235.703296029	0.017119893116
238.176000778	0.0166666185066
242.70037999	0.0158205381971
241.848862567	0.0160018921453
243.207833392	0.0157745472147
249.489852324	0.0146848532102
242.610194153	0.0158501174677
247.705252464	0.0149585734625
249.350196725	0.0147132721972
249.686170353	0.0146307826421
247.76216557	0.0149613586115
238.659410654	0.016571099109
244.059024292	0.0156064971524
252.332554125	0.0142439409336
252.571882443	0.0142347400262
247.467839569	0.0150343365036
252.537595159	0.0142321353176
249.050977054	0.0147757917118
250.097313592	0.0146284640985
243.01165323	0.0158198556047
239.931990498	0.0163857386676
242.982519767	0.0158303823491
238.214371234	0.0167285677585
241.015734604	0.0161946255459
234.484192284	0.017444100977
232.422198815	0.0178371350987
231.390887852	0.0180406115392
232.903533364	0.0177551665413
247.214853045	0.015046397746
245.178512781	0.0154201138985
253.603188848	0.0140198505068
241.219400695	0.0161172390083
237.241295231	0.0168850214725
230.926514022	0.0181186693817
241.113401349	0.0161255017837
234.322266504	0.0174513890067
241.389494276	0.0160547565053
244.08749931	0.0156283993642
244.336465275	0.0155246295755
233.097470348	0.0176427032749
240.54603199	0.0162330884276
250.750222894	0.0144978226742
239.211020639	0.0164629088237
253.806622514	0.0140041215858
248.500410123	0.0148787502674
229.534019081	0.0184111267655
239.072515035	0.0164928343493
243.815172588	0.0156982374227
239.890536162	0.0164200912821
241.282029081	0.0161025683191
237.597769224	0.0168105169368
234.088916421	0.0175092800561
243.844952441	0.0156162906262
240.814943018	0.016189821755
235.124182438	0.0172833903582
240.26995351	0.0162564079621
247.353158085	0.0150450709063
253.453633302	0.0140880328358
249.589421003	0.0147059126658
243.826891539	0.0156927080256
251.112199178	0.0144470242839
239.322967787	0.0164297290706
246.78279358	0.0151213869813
249.551004143	0.0147128959283
252.35490895	0.0142022062085
241.066103322	0.0161645440862
245.92403402	0.0152939562691
252.26469384	0.0142208063218
250.114862714	0.0145733379641
238.213709056	0.0166724088552
234.076173347	0.0174595563335
249.111843463	0.0147879456291
251.213974202	0.0144637874045
251.586569322	0.014402600559
259.832516959	0.0130866791686
244.946387985	0.0154459398981
247.756323569	0.0149709846337
246.665964065	0.0151229917685
252.407243583	0.014219070197
242.414318589	0.0158744304956
254.804504821	0.0138188137704
243.504527802	0.015719486351
251.254686744	0.0143819379793
239.56699739	0.0164251854887
251.787778995	0.0143555452234
250.201839728	0.0146068079244
240.1172452	0.016290785742
252.870783549	0.0141652562561
248.484601809	0.0148327489388
240.582897489	0.0162290117202
245.563745087	0.0153502558721
259.035298916	0.0132204453055
253.831288347	0.0140357398233
252.29439993	0.0142759583853
256.417361478	0.0136287615274
237.763572684	0.0167735123979
257.299075492	0.0134791541445
250.296978398	0.0145772389089
252.619132866	0.0141829264886
247.816922362	0.0149455260574
258.415186462	0.0133230466878
254.281231992	0.0139440455141
253.006042139	0.0141152487107
239.283854846	0.0164609308219
252.803106422	0.014170254747
243.749853298	0.0156450350473
255.764031068	0.0137020975344
250.977094548	0.0144034122278
257.060942347	0.0134869600884
250.645053385	0.0144985471535
255.573412187	0.0136991103896
247.719261087	0.0149448235012
257.98036988	0.0133722813957
249.199053429	0.0147286860063
254.394968136	0.013893966368
244.74078145	0.0154829010106
255.446798036	0.0137629686522
245.711738668	0.0152877257273
256.196487331	0.0136366907727
252.144226287	0.0142384815657
260.262983822	0.0130016294108
251.011712602	0.0144340820444
252.472624895	0.014267007665
255.53774458	0.0137494968582
258.110900547	0.0133376872905
255.218277091	0.0137804369864
253.624195788	0.0140291123144
249.216598727	0.014706456252
253.958879657	0.0140031566269
253.46989673	0.0140416805915
261.697332458	0.0128432914359
253.222687172	0.0140925207765
260.078452477	0.0130707990029
252.382736316	0.0142442220664
256.123673842	0.0136727681198
254.50069485	0.0138846308884
259.151124711	0.0132102112943
253.199760899	0.0140728451888
253.473820085	0.0140628904602
254.745073008	0.0138410101171
253.26601273	0.0141242395958
256.839333076	0.0135035372683
259.881867949	0.013113635219
256.194328982	0.0136259982263
262.366803488	0.012753663338
253.902750856	0.0139809375689
260.643327949	0.0130007517479
256.55730091	0.0135814885401
256.758843789	0.0135731720861
259.636749092	0.0131118539371
261.073915724	0.0129441231601
259.045321684	0.0132265051167
258.051351969	0.0133847312567
259.475988526	0.0131621185315
258.024110088	0.0133896895015
256.201336432	0.0136614943732
259.934096957	0.0131310215141
258.542235405	0.0133051689314
259.911652005	0.0131320744591
255.728781419	0.0137077779284
255.358875914	0.0138024927141
258.314336105	0.0133383098492
258.658381372	0.0132971335863
254.927103159	0.0138605631637
260.352974297	0.0130725281955
257.942705627	0.0133985696452
257.221179258	0.0135220697829
254.702567081	0.0138746602955
257.860434646	0.0134282016581
256.528706433	0.0136083540647
258.781035494	0.0132919448305
254.132621578	0.0139963112406
259.381716265	0.0131886218258
254.485245294	0.0139259658376
260.051426585	0.0131153164511
252.525811455	0.0142342406893
257.350808804	0.0135123037347
256.871674817	0.0135409096439
255.563522919	0.0137594730445
253.076586524	0.0141094543131
255.158240595	0.0138341843238
253.577397226	0.0140291887621
258.11948724	0.0133816915963
253.967142235	0.013963573639
251.708887232	0.0143425752646
254.837425724	0.0137921138388
259.277327203	0.0131906893604
251.278324137	0.0143856072084
252.717395826	0.0141828540966
252.792731437	0.0141414296111
254.767349342	0.0138774076498
257.851673145	0.0133500610029
261.024030514	0.0129704875271
255.948725505	0.0136716723903
259.355531284	0.0132013931897
259.216754039	0.0131940539521
259.030156589	0.0132428257849
256.492643842	0.0136058624449
259.880751426	0.0131348257239
258.796591495	0.0132518261863
258.90105738	0.0132707104985
258.366704514	0.0133339830301
258.199213632	0.0133768986043
259.954637503	0.0130891152337
257.506422301	0.0134774840355
259.952868839	0.0130862380764
257.154181678	0.0135331605966
260.283430882	0.0130303975885
260.283749379	0.0130696435768
261.254024078	0.0128986509607
260.996925842	0.0129776168916
259.588512879	0.0131432973754
260.695107964	0.0130083831982
261.494107903	0.0128691573567
260.132856952	0.0130785903534
261.00717902	0.0129536369553
259.623322069	0.013155892032
261.970097877	0.0127837480094
257.82291653	0.0134307354611
260.859218152	0.0129563141267
258.235147399	0.0133648945443
262.110959047	0.0127662421887
259.079065636	0.0132364703528
260.897719462	0.0129588952206
260.955131734	0.0129726804045
261.223208642	0.0129181197553
257.268581769	0.0135080936667
259.61142003	0.0131480917127
260.341345464	0.0130621026653
260.460381567	0.0130359359377
257.295638741	0.0135082402287
259.444668069	0.0131650519679
257.45456399	0.013485165353
260.672444559	0.0129620187268
260.455459008	0.0130534992027
262.611471753	0.0126989516989
260.820912151	0.013003767661
262.380687898	0.0127500930231
257.498677349	0.0134758993414
262.971513324	0.0126634454234
258.641333061	0.0133085513693
262.400097708	0.012728651532
261.698632275	0.0128764530713
262.952552084	0.0126614246289
259.467677601	0.0131854138732
262.64306092	0.0126903141744
260.447760257	0.0130579661082
263.011269273	0.0126464335377
258.609471124	0.0133072209778
263.373601173	0.012587072392
258.662991266	0.013305396793
262.829370537	0.0126816831473
260.296270716	0.0130813237345
263.622422456	0.0125602730637
258.803379812	0.0132843591953
263.201301511	0.0126227291608
259.700816556	0.0131413331461
262.897941632	0.012652342486
259.293266214	0.0132005708888
262.193595522	0.0127639551806
258.199720298	0.0133721030225
261.281126153	0.0129011165097
261.0861413	0.0129641028168
262.568042456	0.012712774875
259.837702001	0.0131233159542
261.530577365	0.0128569699094
258.624206104	0.0132965198902
262.573761896	0.012723507513
259.427508296	0.0131773884162
262.010267137	0.012771322891
260.482616559	0.0130219303662
262.142491767	0.0127638208806
261.32994492	0.0129213683658
261.915903204	0.0127881978838
260.828909788	0.0129928119937
264.273695213	0.0124523827022
259.575311975	0.0131679139169
262.211903905	0.0127590786577
260.361608525	0.0130495450486
262.106275366	0.0127712489389
260.916413758	0.0129749982014
263.640177278	0.0125411037442
261.101721718	0.0129461119516
263.046152007	0.0126176829746
260.019391521	0.0130897869028
263.553923377	0.0125334048273
260.870037967	0.0129583670196
263.026110357	0.0126255416093
261.39365249	0.0128677197409
263.673453874	0.0125012137758
261.276778042	0.0128936884099
263.938423887	0.0124844934071
260.964641126	0.0129315568433
263.46882551	0.0125610586454
260.980524749	0.0129478812268
263.68722744	0.0125366357096
260.507014852	0.0130277908888
263.91255868	0.012496992592
260.359597232	0.0130260005439
263.835532046	0.0125047872192
260.61991004	0.0130010671535
262.558481228	0.0127044631428
261.157969828	0.0129209482662
261.922960707	0.0127794321142
260.686150021	0.0129852794942
263.375552063	0.0125955918117
259.312886455	0.0131799576534
263.712864161	0.0125204768282
260.411252403	0.0130340493473
263.558845895	0.0125722982021
260.567914665	0.0130233556516
263.888831695	0.0125057572857
261.386281537	0.0128985345907
263.114084982	0.012609252063
260.35992667	0.0130265627836
263.845453765	0.0124847257373
261.389160203	0.0128601715167
264.220683447	0.0124321604518
260.803924518	0.0129563428045
263.934752208	0.0124799847815
261.078946935	0.0129107352215
263.595546933	0.0125275908483
261.576898977	0.0128403396562
262.978375966	0.0126138448789
260.781114713	0.0129575965814
263.759261819	0.012519093323
261.375604312	0.0128688350767
262.737225182	0.0126632524702
261.859693163	0.0128008720054
262.798745739	0.0126557394958
261.413547868	0.0128786928708
262.313856727	0.0127282981767
260.676546364	0.0129739408137
263.516904826	0.0125442426823
261.06041213	0.0129146475041
262.458506498	0.0126911953062
260.644088237	0.0129867800083
262.837830782	0.0126524510766
261.857343245	0.0128007763467
263.923746288	0.0124720849643
262.602476707	0.0126788501341
263.453809245	0.0125422123672
261.373532803	0.0128554179013
262.700392031	0.0126565036066
262.678758059	0.0126761947983
262.276468319	0.0127060569532
262.460655247	0.0126814309957
263.2022271	0.0125579197742
261.978982253	0.0127586698042
263.157734644	0.0125924817181
263.951404195	0.0124765962108
264.301458037	0.0124317629904
264.201616855	0.0124461936551
263.194586817	0.0125995233765
265.099263992	0.012332089014
263.717693056	0.0125287991688
263.201620037	0.0126091592131
263.464824871	0.0125843748736
263.383170703	0.0125911788563
264.093288351	0.012497374198
264.527334658	0.0124166076089
265.722643255	0.0122515755491
264.568152426	0.0124101191042
266.483032819	0.0121553403193
264.950155768	0.0123641766881
266.282316445	0.0121798630471
265.058621679	0.0123530620078
266.014989559	0.0122189695775
264.9626323	0.0123682368728
266.046954207	0.012211501242
265.608330319	0.0122691114744
266.082447892	0.012216993752
264.399642642	0.012436386278
266.55656802	0.0121503481724
265.807950367	0.0122509494077
266.641623477	0.0121275056517
265.822332896	0.0122500930993
266.342172106	0.0121812844456
265.008481765	0.0123496935609
267.215851949	0.0120508064155
265.705489374	0.0122557913431
266.476114684	0.0121500486451
265.626660831	0.0122621221666
266.943722434	0.012096043904
265.484712589	0.0122794214454
266.59216748	0.0121349503234
266.270512225	0.0121742264471
267.702623297	0.0119930122768
265.941981337	0.0122186188527
267.819150807	0.0119734556838
266.066676297	0.0122172437422
267.361307998	0.0120322378205
266.431659882	0.0121665985515
267.858644548	0.0119639373062
266.667947876	0.0121331395562
268.256006105	0.0119156103307
266.578333233	0.0121446354589
267.284701995	0.0120415288389
267.492470363	0.0120193995751
268.076460762	0.0119443598864
267.624573418	0.0119978305846
267.959998605	0.0119599815766
267.618824779	0.0119989428603
268.370908266	0.0118937316912
266.943061006	0.0120806549557
268.614082668	0.0118700457111
267.44294702	0.0120152763417
268.76726886	0.0118454313034
268.079124351	0.0119412004455
267.787237402	0.0119717396704
268.160484799	0.0119278436701
268.516465727	0.0118847082051
267.921119592	0.0119551606865
268.579819314	0.0118662345714
267.70897054	0.0119783602626
268.42525667	0.0118956815947
267.746070264	0.0119736318299
267.999155655	0.0119394400615
268.295463232	0.0119124663095
268.069951841	0.0119301105775
268.409614991	0.0118874023942
268.092171284	0.011926300788
269.019455903	0.0118122275164
268.662963956	0.0118549363969
268.278362543	0.0119024881286
268.93990167	0.0118222952956
268.19315483	0.0119137011326
268.936993434	0.0118250711465
268.715531666	0.0118483884152
268.495580234	0.0118855925682
268.374459174	0.0119017926349
268.318325259	0.0118984115761
268.659590702	0.0118635764967
268.924849946	0.0118275980893
268.349799896	0.0119043280827
268.975050165	0.0118199256292
268.523251512	0.0118811652563
268.686618585	0.011859901757
268.432512793	0.0118857679772
268.680211365	0.0118603723463
268.790568842	0.0118413354989
268.906541519	0.0118242912621
268.521971351	0.0118805064328
269.036169351	0.0118118675499
268.580313832	0.0118726374583
268.820546599	0.0118334682596
268.465959045	0.0118789201203
268.885800248	0.0118235678266
269.035465745	0.0118101411926
269.320890843	0.0117721949432
268.66880267	0.0118601118438
268.918637252	0.011817624237
268.836727345	0.0118373320343
269.075801261	0.0118068231582
269.068548271	0.0118068549208
269.106630963	0.0117932878516
269.227132824	0.0117830209746
269.522087572	0.0117427544352
268.884620732	0.0118227176639
269.410622396	0.0117621446079
268.94365132	0.0118145722339
269.538573564	0.0117457891722
269.568585299	0.0117387544664
269.802011992	0.0117100753779
269.454015886	0.0117561765891
269.448315799	0.0117484330404
269.40493437	0.0117635333719
269.930113318	0.011690861565
269.538279208	0.0117392162699
269.867066038	0.011696054905
269.683359076	0.0117252534027
269.793582877	0.011703393428
269.611180574	0.0117358716291
269.779486113	0.0117052748687
269.323924016	0.0117629033169
269.981165267	0.0116797204706
269.893645121	0.0116966237344
269.881697784	0.0116915057613
269.718050259	0.0117211925387
270.043032869	0.0116789244899
269.798907594	0.0117116209454
270.24686102	0.0116508131097
269.651760383	0.0117211259581
270.122924367	0.0116607926844
270.036961893	0.0116792977861
270.259326395	0.0116444791756
270.115428853	0.0116653552469
270.280015882	0.01164126436
269.859932579	0.0116933601234
270.095450748	0.0116619261303
270.258041898	0.0116488995529
270.397198819	0.0116313834497
270.177790204	0.011659442186
270.448176246	0.0116242125795
270.300574658	0.011643268602
270.582051858	0.0116057306546
270.033441823	0.0116713391752
270.352726206	0.0116309126184
270.328737061	0.0116361305875
270.244386988	0.0116450874318
270.35397962	0.0116348368992
270.451177576	0.0116190197739
270.195894708	0.0116576333897
270.608955887	0.0116040721684
270.362404108	0.0116342232699
270.619287924	0.0116027655527
270.243260825	0.0116520183323
270.538661074	0.0116075211196
270.366177228	0.0116307858504
270.480783	0.0116139112567
270.291781848	0.011644120209
270.501465641	0.0116166730154
270.376038535	0.011628845366
270.351451767	0.0116297318525
270.322578437	0.0116348532661
270.326913233	0.0116326413427
270.359265679	0.0116319629189
270.577473727	0.0116083300468
270.163933896	0.0116537139219
270.667699861	0.0115932531274
270.257594676	0.0116431550348
270.627370284	0.0116006693713
270.472875563	0.0116197386262
270.719968036	0.0115872851814
270.351965601	0.011630342354
270.554833082	0.0116045619971
270.431160815	0.0116251039566
270.713762357	0.0115904310733
270.27086554	0.0116408991251
270.727315759	0.0115880276161
270.368087419	0.0116363597413
270.401578024	0.0116273608793
270.241805701	0.0116477707751
270.709556806	0.0115905991155
270.379149383	0.011629909593
270.695734285	0.0115917384278
270.491658354	0.0116193636038
270.578948167	0.0116048162263
270.559264103	0.0116102045362
270.722151881	0.0115877066156
270.744500389	0.0115855302748
270.805479174	0.0115791081827
270.615980781	0.0115996398763
270.737589464	0.0115845259291
270.69941978	0.0115891873051
272.458317019	0.0113672226461
273.980881472	0.0111779308412
275.168621705	0.0110324939265
276.118482724	0.0109129839473
277.124923547	0.0107917179822
277.932461957	0.0106931126389
278.746067541	0.0105962178155
279.556267839	0.0105007884503
280.267516997	0.0104163084011
281.235830927	0.0103067533127
281.981654772	0.0102230443248
282.903949517	0.0101202865388
283.514692691	0.0100485316795
283.999183619	0.00999667450258
284.456770765	0.00994627325154
285.111258389	0.00987656298741
285.748590902	0.00980433441564
286.453328713	0.00972602787522
286.674409937	0.00970451367308
287.079112087	0.00965838002911
287.973343027	0.00956095405146
288.252044247	0.00953064804825
288.700149012	0.00948445559584
289.167895597	0.00943668726516
289.630703892	0.00938632469327
289.583559493	0.00939339440558
289.772985847	0.00937488421035
290.144506865	0.00933296047545
290.334428928	0.00931334509072
290.265461548	0.00931862735679
290.309267405	0.00931511917815
290.188746379	0.00932879304692
289.865760346	0.0093590549856
289.737846743	0.00937450231363
289.530756936	0.00939557125163
289.319590798	0.00942046917292
289.03941557	0.00944982948453
288.803283613	0.00947590172267
288.63017445	0.0094932938616
288.510617535	0.00950687440408
288.379107249	0.0095213152407
288.307030459	0.00953013974305
288.239445857	0.00953385997181
288.360505384	0.00952296394772
288.406223173	0.00951959886692
288.341723386	0.00952676972504
288.237420228	0.00953698576775
288.032490516	0.00955756838689
287.830250259	0.00957868893249
287.715714736	0.00959342607507
287.427535705	0.00962301402588
287.23499682	0.00964299164771
287.298051761	0.00963445670574
300.133358495	0.0083391457726