100	-0.04457	0.0	0.993525739209	0.00647426079116	0.0
104	-0.03342	6.57735483606e-11	0.644538958226	0.343224500188	0.0122365415194
105	-0.03745	0.0	0.0	1.0	0.0
107	-0.03907	0.0	0.0	1.0	0.0
11	-0.1011	1.0	0.0	0.0	0.0
113	-0.04647	1.0	0.0	0.0	0.0
114	-0.008015	0.0	0.0	1.0	0.0
115	0.00589	1.0	0.0	6.84305429832e-215	0.0
116	0.04218	0.000629220488476	0.994928644262	0.00444213524941	0.0
117	0.02139	0.0	1.0	0.0	0.0
118	0.05194	0.0	1.0	0.0	0.0
119	0.07934	0.0	0.832914503383	0.0	0.167085496617
121	0.08652	0.0	0.0	0.0	1.0
125	0.1749	0.0	0.0	0.0	1.0
126	0.4899	0.0	1.0	0.0	0.0
127	0.6318	0.0	0.0	0.0	1.0
128	2.29	0.0	0.00783726964527	0.0	0.992162730355
165	-0.08562	0.0	1.0	0.0	0.0
166	-0.08373	0.0	0.525416463931	0.0	0.474583536069
167	-0.1123	0.0	0.0	0.0	1.0
168	-0.106	0.0	0.0	0.0	1.0
17	-0.1312	1.0	0.0	0.0	0.0
170	-0.08273	0.0	0.0	1.0	0.0
172	-0.07517	0.0	1.0	0.0	0.0
175	-0.08649	0.0	1.0	0.0	0.0
176	-0.06164	0.0	0.0	1.0	0.0
178	-0.06382	0.0	0.0	1.0	0.0
189	-0.02562	0.0	0.0	1.0	0.0
190	-0.0232	0.349701904935	0.0	0.650298095065	0.0
191	-0.02519	0.0	0.0	1.0	0.0
192	-0.02195	0.0	0.0	1.0	0.0
193	-0.02672	0.992877038166	0.0	0.00712296183378	0.0
194	-0.01005	0.939482746012	0.0	0.0605172539879	0.0
195	-0.009251	1.0	0.0	0.0	0.0
196	0.0152	1.0	0.0	0.0	0.0
197	0.01849	0.120718473904	0.0	0.879281526096	0.0
198	0.05166	0.999990913486	0.0	9.08651448698e-06	0.0
199	0.06912	1.0	0.0	0.0	0.0
200	0.1027	1.8000077477e-39	0.0	1.0	0.0
201	0.07087	1.0	0.0	3.27798952217e-94	0.0
202	0.02559	0.537902841321	0.0	0.462097158679	0.0
206	-0.005521	0.725990607006	0.0	0.274009392994	0.0
207	0.001024	1.0	0.0	0.0	0.0
208	-0.01709	0.013723571516	0.0	0.986276428484	0.0
211	-0.01813	1.25874613885e-74	0.0	1.0	0.0
23	-0.09037	0.402794720967	0.0	0.597205279033	0.0
24	-0.07919	0.0	0.0	1.0	0.0
25	-0.0859	1.0	0.0	0.0	0.0
26	-0.08845	0.0	0.0	1.0	0.0
39	-0.08511	0.0	1.0	0.0	0.0
40	-0.07448	0.0	0.557797875232	0.0	0.442202124768
41	-0.04797	0.0	1.0	0.0	0.0
42	-0.01485	0.0	0.945927133986	0.0	0.0540728660137
43	-0.02433	0.0	1.0	0.0	0.0
45	-0.03269	0.0	0.454871184203	0.0	0.545128815797
46	-0.03848	0.0	0.998688070043	0.0	0.00131192995654
47	-0.01624	0.0	0.0	0.0	1.0
48	-0.0213	0.0	0.513070157725	0.0	0.486929842275
49	-0.04062	0.0	1.0	0.0	0.0
53	-0.06669	0.0	0.0	0.0	1.0
54	-0.047	0.0	0.435048245942	0.0	0.564951754058
6	-0.06756	0.0	0.0	1.0	0.0
61	-0.07332	0.0	1.0	0.0	0.0
62	-0.05435	0.0	0.00132703634234	0.0	0.998672963658
63	-0.05456	0.0	0.0	0.0	1.0
64	-0.06681	0.0	0.0	0.0	1.0
65	-0.06164	0.0	1.0	0.0	0.0
66	-0.05786	0.0	1.0	0.0	2.64160620071e-77
67	-0.06197	0.0	0.0	0.0	1.0
68	-0.06707	0.0	1.0	0.0	0.0
69	-0.05721	0.0	1.0	0.0	4.87545095324e-41
7	-0.08652	0.0	1.0	0.0	0.0
70	-0.05463	0.0	0.0	0.0	1.0
72	-0.05888	0.0	0.0	0.0	1.0
73	-0.05217	0.0	0.0	0.0	1.0
74	-0.05286	0.0	0.615767753653	0.0	0.384232246347
76	-0.05622	0.0	0.532743037537	0.0	0.467256962463
79	-0.05177	0.0	0.0	1.0	0.0
80	-0.05229	0.663518973574	0.0	0.336481026426	0.0
84	-0.1197	0.0	0.0	1.0	0.0
86	-0.1012	0.0	1.0	0.0	0.0
90	-0.05907	0.0	1.0	0.0	0.0
91	-0.05733	0.0	0.0	0.499180884684	0.500819115316
92	-0.06468	0.0	0.0663134777803	0.0	0.93368652222
94	-0.04932	0.0	0.999864810872	0.000135189127628	0.0
95	-0.05015	0.0	0.978249612567	0.0	0.0217503874328
97	-0.04553	0.0	0.291596270695	0.708403729305	0.0
98	-0.04121	0.0	0.967273974206	0.00426986096548	0.0284561648285
99	-0.04366	0.0	0.0139868316138	0.986013168386	0.0