-81.1229912234	0.602797439934
-16.8828516035	0.290251544361
-54.4421302454	0.444304100072
-30.5026281376	0.336166902648
-45.7384624345	0.400388963002
-15.7362150962	0.290630405245
-24.9125075755	0.31992511375
-34.0800241169	0.345619066239
-11.8458194504	0.277348555095
-17.7660892464	0.282236923563
-60.4067772015	0.478338277744
-53.710404643	0.43991844107
-26.8706845719	0.324958444865
-4.07126412963	0.251924334502
-3.22787955647	0.252518037415
-14.9304171334	0.287886661235
-18.5997813471	0.299491426147
-22.5651845209	0.312544941368
-30.4388938748	0.341565686379
-58.9363576027	0.471620071
-20.8040856025	0.307276429417
-12.0175851163	0.278768540532
-30.056014619	0.337982529281
-39.4103807796	0.376872811832
-52.6729487081	0.438267304625
-32.2040438114	0.346076774159
-20.3289070311	0.305775738193
-33.6053977175	0.349442593172
-36.7907494889	0.36041727695
-24.8574934641	0.319124682404
-18.4273512057	0.287685334586
-15.3274487038	0.288694459918
-18.2585342378	0.284983966823
-10.5660033101	0.273673444495
-55.3794477601	0.450226862106
-13.6123579393	0.278749189744
15.2490865862	0.203755145087
-34.1727883704	0.356128276477
-49.4317526373	0.419777212965
6.35807099722	0.226517773939
-44.4369923987	0.400448507132
-13.4418562452	0.281738573269
-14.2467606863	0.272773716613
-6.09306070915	0.24703516503
-19.4914763194	0.302769145136
-21.089237939	0.297465665806
0.697207763547	0.240462324322
4.14240946665	0.231089816508
-72.0562692343	0.545818387462
-14.1407588356	0.284266911792
-36.9168861513	0.368274598331
-26.2264156579	0.326537487535
-13.571333356	0.282369778883
-12.7483218192	0.27958207145
-11.2617619978	0.263190026308
-0.391355555309	0.244195247692
34.3876143381	0.165061303689
-19.9485238833	0.294029518332
-21.3141471555	0.30070462274
8.16156806704	0.222053646696
6.20646098302	0.224852591979
4.50414539087	0.231319675393
-13.226388952	0.282346068309
45.1908456876	0.145114547455
10.8900185243	0.21383182225
33.3210025103	0.16713913327
-16.397800074	0.292462566241
-59.2686052427	0.473246048895
-20.0668162459	0.301589334353
-25.4179327488	0.321529853589
-8.92556041567	0.256784127611
-36.324542501	0.364285295685
-39.3379918399	0.375447752987
-37.9853478769	0.368458722112
-13.1750181203	0.281866201301
-1.85410606275	0.245493920225
-50.2897224433	0.426914529975
3.63929114177	0.231444098555
15.3357116091	0.203681935132
50.1222813083	0.137911856241
-17.1855527428	0.294451999683
12.1634697254	0.211194792641
-7.22824580499	0.263962575598
-36.9065455109	0.361390485982
-20.9999545128	0.300758775316
-15.7703791742	0.28268763208
15.3500856656	0.203814852021
-13.9864830149	0.276849525268
-5.04343728427	0.257439216691
-36.4321042155	0.366286479473
-1.80436177671	0.236885108549
16.2423761269	0.202282359629
-32.8932923493	0.345111472099
11.1283152949	0.210224695154
-26.3613972297	0.324052762679
20.3197396219	0.193020173198
-35.67153969	0.362912827363
12.7725329287	0.209003119272
-2.89807010246	0.248325474728
-30.261281228	0.341261945493
-15.9685855159	0.283332510446
-3.51478758033	0.252603260338
-0.742309908333	0.235078524187
68.1386366038	0.112039089836
-8.9227945617	0.265374725393
-4.40924607482	0.250310505827
26.1335069563	0.181290069974
-4.11546012209	0.250851082371
-28.7832272927	0.334928437434
-9.79821630502	0.261378125329
47.6524581392	0.140298822589
-9.28227675165	0.265565397521
-17.7314012353	0.296354727669
-13.504222214	0.280460383391
-45.2649275539	0.403839456922
-2.09082752872	0.238485809663
-5.42582090592	0.256603447402
2.03716641556	0.23050930958
-8.96873008676	0.263111553981
6.89505386579	0.218886259741
-29.7628652793	0.338003890006
-36.5492602	0.358497172292
33.6565853881	0.166498079564
-29.4051792381	0.337743583406
-14.6752162177	0.277560627925
39.6708558529	0.155526730042
-12.6105472812	0.280449385615
-8.63894877398	0.258996222048
-32.9545942696	0.351282948915
-8.47642075006	0.25700524918
52.7594456923	0.133561022911
46.0076266045	0.144698549575
-4.4534333459	0.248918943297
35.7064510199	0.16265507146
23.918542374	0.181985708221
10.7845345781	0.214526560689
-36.4851251378	0.365551145904
-38.677027241	0.374326903264
53.5111697403	0.131359168952
-26.8593023309	0.321875194822
-13.0827838881	0.278487606066
34.8984442822	0.160932666756
-3.59911568286	0.244621275141
-6.07284615422	0.254926777694
7.50281054884	0.220103740688
-5.14462519497	0.257719307348
55.1867888114	0.130391248115
18.9109438254	0.195721693513
72.1281508492	0.10662917983
14.6357251801	0.204965960477
-10.4261793356	0.262273217203
56.890980802	0.126812995197
20.0502539936	0.191725737443
14.281730304	0.201822141077
9.60134488106	0.208978779529
62.0465920391	0.120333639276
23.3263105301	0.186037783704
5.99845707803	0.223567211777
11.6130311568	0.207657587708
15.0083355982	0.198553236352
26.5948666473	0.176209705457
31.3341739133	0.167081654953
-21.391238133	0.303246561874
48.7654692156	0.138475105424
57.9225845901	0.125476612933
23.8019912244	0.183536823912
0.738896138033	0.240468322109
-2.85287816189	0.240013537324
18.4443984551	0.197427811454
74.7732524035	0.104002020816
-10.5496642269	0.265657662543
32.6766558346	0.167936910199
20.9569854629	0.189437637732
-3.69896584397	0.252805084904
62.1921355122	0.119509190696
45.7345598441	0.144464703663
27.7555019292	0.177459567767
97.0974360439	0.0807569459771
84.6542441004	0.0935365349472
28.0122993077	0.176441403696
95.9448835271	0.0817599091751
21.6707045069	0.187767022755
13.3985770503	0.201786075783
9.94279549564	0.208604930679
-0.0383377454088	0.234720935759
21.7051715722	0.190098298215
1.79510067032	0.232317217311
6.3170735325	0.217240954019
36.2735234276	0.1612114805
-23.4747381035	0.315588881447
52.4835310481	0.13350861442
11.8704812209	0.208390160096
32.7985812731	0.167521759476
66.2234302258	0.113916201825
19.0883895546	0.194047627106
9.93174251152	0.216788119525
33.9353751108	0.164116495306
6.42046336916	0.219227007105
17.3810342393	0.1916977569
8.0971025418	0.216775333548
0.918096052513	0.232810671774
30.3247759809	0.171014495812
43.704108479	0.145771252126
34.1580890184	0.162623345931
54.5883863398	0.128954621071
1.28029513372	0.229765587303
13.9337686851	0.201320572105
20.7507163217	0.18573698702
-3.40176237148	0.242452010263
28.3344066058	0.17632606734
22.0035504422	0.18825704106
-14.4955392049	0.285314594429
-1.9134173736	0.240260939316
30.6678064678	0.170903265982
6.22263915126	0.222151288132
1.40615584983	0.231824119506
16.9831912994	0.199528787948
44.6515890163	0.146755233463
2.09739589097	0.230393537812
32.3970933745	0.165109558844
47.2168232271	0.142483957922
-0.681895375534	0.244208080799
15.7371748745	0.203013024644
37.1204999781	0.159114059172
74.8568337764	0.104091097614
62.4593549999	0.120151669101
41.2799011331	0.150713136514
5.17861399131	0.222944928048
8.63151640772	0.21532395645
22.9755984937	0.181686832889
10.0679469399	0.208820905689
31.0204336048	0.170894258846
2.35736593759	0.23605654202
14.1044594632	0.207071011108
2.87340601736	0.232636081025
17.8282279692	0.19739121053
-2.99732037444	0.248147026122
67.2732493692	0.114028417255
31.7970687896	0.169138852032
43.9493851842	0.147716037702
37.6767967845	0.158064762793
-15.9240471032	0.287084242907
43.9193759485	0.147630108503
-3.30987566938	0.244668033857
16.644408671	0.197773725869
17.1810649526	0.193180085873
8.21169071388	0.212528847252
-3.94913951066	0.250142951045
52.1538561828	0.134907759633
21.9475872701	0.185723702386
67.3058310039	0.112745744605
-3.89272405801	0.253701384238
60.9044944185	0.122256879574
-4.50412998719	0.249702111866
10.9116070775	0.209145760483
-8.08416817463	0.264914206539
13.1180231567	0.209437980911
62.9186729869	0.117159880404
-10.7003078732	0.267109201578
8.73710653709	0.214411496558
4.8799042208	0.222252863719
88.4261286293	0.0889876492263
-11.7842510151	0.273425141588
-2.44036033449	0.243573755274
15.3646711849	0.199434247645
-10.6690149764	0.267541894866
18.0164351564	0.195786801655
87.0972280492	0.0909817218863
13.9269875686	0.203834584411
-6.90469418862	0.262153874087
29.584376031	0.169583177412
74.6453824313	0.103787009774
14.1578823742	0.201050057602
-6.18633392345	0.254932512607
17.4810422375	0.195658554098
-15.0758319661	0.279131149819
29.1272081647	0.16971114389
52.253525678	0.134410934634
107.692956266	0.0720682683908
108.316294379	0.0712923165694
34.7828706309	0.163533634233
33.7130640706	0.164166149828
35.5275242081	0.162358927329
32.2865448218	0.164318483754
83.4812495783	0.0952195310487
88.4341855925	0.0899329940197
92.9980731944	0.0853624785654
23.757043876	0.18489510977
97.852376318	0.0808388535563
47.1358939933	0.142411042728
-13.598306647	0.277166752195
-3.2076914411	0.251818606134
-1.55204926985	0.243879594334
73.9770158122	0.10378524434
28.6705278841	0.170361007525
46.0429049468	0.141465746729
22.8098542379	0.183693291315
67.2168744991	0.11161384831
40.045091438	0.154081686318
38.0047656883	0.155245608875
47.1394205991	0.142085241262
52.1050110411	0.133033025027
95.6944999222	0.0815728393866
10.0115650577	0.211414177206
58.9953772286	0.124944841686
-1.0857168813	0.240895414656
79.5896640939	0.0984060261033
14.0618851765	0.203419127226
9.27771531028	0.213670173185
26.5643035586	0.178561743376
42.9958725897	0.146378874201
26.5393268068	0.179665209191
31.9372607106	0.168088307753
73.4364506753	0.104729844272
-4.60691108198	0.249833513812
48.0437270763	0.138396638995
107.432902613	0.0718783306424
94.1923513317	0.0834368128724
58.8053247841	0.124295185392
103.192584671	0.0759784975746
32.6976807559	0.16770936095
69.7656224395	0.110152658954
23.5431442731	0.184447110282
12.2669208669	0.206187910145
62.9757568238	0.117364538067
-12.4440270863	0.273702733627
26.3169521639	0.174675907587
36.506531044	0.160409344322
11.5226069031	0.205766301767
16.4662811472	0.194921995662
44.1950834012	0.146149276616
56.6776293346	0.125507338703
8.76386245889	0.213679520519
-1.17491612027	0.239959048432
5.61352653018	0.220877303901
63.6356498629	0.116166968014
44.7119873191	0.144220715233
97.0676691636	0.0810104718917
32.193215859	0.168500398673
40.7406031129	0.150603076501
67.0958071116	0.113716863672
31.6334282179	0.167736155814
53.9837919151	0.129174552322
30.7807931644	0.166501169921
44.8503892457	0.145450719875
4.46790446844	0.224541890283
61.8092544481	0.118554463779
86.2324875723	0.0921794083342
41.3732547916	0.151100651027
95.6078433953	0.0827925491845
32.8587181166	0.166114232236
14.8508952582	0.200670220293
52.7671172758	0.131073861951
26.7844742828	0.178847317682
97.8203738971	0.0806882895425
108.746674862	0.0714354579714
44.3435252847	0.146208121244
23.8131467636	0.180883314507
17.9476833361	0.193260558303
55.2839905252	0.1300275679
15.8557560298	0.196653520137
42.7883136307	0.147167773913
28.4675377082	0.175721210743
107.538403997	0.071800335065
29.2857813605	0.17308703867
11.8611568938	0.20746754101
40.2217911048	0.151342137487
76.8243625106	0.102560288173
120.687229061	0.0615901667075
8.0053123446	0.216008278146
28.7516944996	0.1726346991
69.5629830132	0.110600508108
55.432279226	0.12973775636
1.96687742194	0.230254528795
49.1651738128	0.136400067987
14.7684090832	0.20104389546
15.5100127529	0.199654610942
24.5310959103	0.183679079962
29.4153282637	0.172657231088
55.0928316692	0.127791932756
71.1019218807	0.10899252825
49.2503009839	0.136741680464
65.0816352296	0.116729697557
109.091024707	0.0711714647501
49.2944822805	0.138327985707
38.2219335908	0.153932654962
71.3029798518	0.106438566634
73.6318612386	0.104085458861
46.7348479721	0.142676514643
10.1452330039	0.210598758755
131.09143132	0.0548823637606
67.0140523026	0.111835796107
53.8601965869	0.129790425146
33.8714173602	0.162988196875
5.44352300854	0.22342924693
74.9625574745	0.104528107218
100.613920846	0.0768237165754
53.8433571669	0.130530593421
95.1333819388	0.0818545259177
100.518266914	0.0769561392718
17.75973725	0.196382867714
59.9246964483	0.121065085397
98.2317663128	0.0806043817697
57.2645042006	0.124703893245
59.6618842438	0.121405118363
134.281193894	0.0531303748415
124.925719101	0.0590315457223
72.5705167814	0.105091209364
44.2749841613	0.14474361999
16.5011730152	0.197648356963
116.366845121	0.0646043860953
39.3899919626	0.152182567315
6.49879074332	0.221325665618
22.4110526845	0.182752064727
23.6463499099	0.180193347617
39.2870043926	0.154034086413
37.2321352136	0.154922864324
82.2257772897	0.0965195531701
39.862420412	0.152418485166
70.6100358027	0.109646589047
37.7824768057	0.1577622709
82.91850733	0.0937183933061
76.7703830512	0.10239372781
93.8934477221	0.0847822295133
37.7339277518	0.156282291695
73.961856095	0.104477261822
36.304271882	0.158960543161
46.807727522	0.143074032075
77.9391674018	0.101164075893
73.198443068	0.106759365902
139.559768569	0.0498411812311
133.500921755	0.0535597936178
75.6647009686	0.102321874198
70.6580971162	0.10717054361
48.3130481238	0.140451073424
65.9220477741	0.113035974345
29.2338666502	0.171519529602
41.7111875954	0.15035326064
48.842490276	0.137201381828
62.9263264872	0.119631659569
119.186828429	0.0624061142177
108.468478364	0.0703776491585
111.598833506	0.0679258677911
87.8507154991	0.0884129913239
83.5824584364	0.0929921436748
81.6135761602	0.0949272334265
97.5533008618	0.08065441536
98.3095747263	0.0806609114392
97.8519049058	0.0809721449462
91.1510346242	0.0854397489853
62.7463887768	0.119690236275
109.692528607	0.0708046350369
140.986459804	0.0492866962271
126.72789256	0.0575466830277
64.907628034	0.114480602114
95.0290397791	0.0822659901793
74.4858309695	0.10483245271
37.4922354932	0.158049000491
119.821529293	0.0630449585409
16.6589604928	0.195085353417
61.9305163053	0.117898181801
45.1798747322	0.144779127971
90.4705212001	0.0876849978457
60.1714414118	0.121079180084
68.5597661954	0.109609680943
83.0430309222	0.0951484526604
26.1783970138	0.177301980042
62.3864253259	0.120010460832
80.8619909506	0.0974135173477
96.3486386191	0.0824016888157
131.895588226	0.0548952270463
106.892759947	0.0731155665245
39.4428501217	0.153968462086
32.1068023286	0.167708260271
66.4722725971	0.11478894393
88.3949754715	0.0899781362135
41.3714718889	0.148842072542
76.1313898527	0.100695864162
106.899531483	0.0725410270575
46.4398472014	0.142684077147
93.7075206867	0.0849011967769
113.975779404	0.0662373992791
67.9679658341	0.110686662312
65.2824490527	0.114109819804
81.9024975885	0.0948743795196
72.2839349427	0.107713871182
101.342949384	0.0775594587932
72.9324887427	0.106690121183
73.3190008531	0.103941751426
125.783131049	0.0588531744844
54.6170974546	0.127672664616
14.6454728716	0.200680903257
68.5301132446	0.11204115776
46.2414086515	0.140783388919
119.40860192	0.0634174431121
83.7513329715	0.0946193839746
113.136917902	0.0667867942109
78.1720108636	0.0983596052315
91.5879175255	0.0846377825351
81.6920880725	0.0948607570443
90.4825954787	0.0858693956391
69.3253660815	0.10965320674
53.8144515933	0.130646190525
54.8607144297	0.127176270879
35.2365874284	0.159138422521
78.1436627956	0.0983763573255
81.3169453337	0.097008483291
64.730540948	0.114769972772
20.6948569466	0.187398054442
85.2108072135	0.0909373415129
70.6448764884	0.107266773298
21.8227958857	0.187179610022
102.831671395	0.0765245465443
96.85658647	0.0800757244239
84.4980848316	0.0920210000629
92.9508799994	0.0840830198763
82.9989650436	0.0932646963391
56.265993469	0.125881953421
50.1816018876	0.135956022072
72.0377388637	0.105191415796
101.456495528	0.0774015365758
58.4546158651	0.123908275221
72.1758381234	0.105391401506
65.708457858	0.11330597077
69.642272398	0.10945257958
94.7326231988	0.0828673174769
57.4408919076	0.127060167743
73.6225852966	0.10358749159
73.4143692019	0.10454506783
84.412973745	0.0940904355057
66.1622450612	0.113609679323
51.2871555328	0.132322060723
44.1852208052	0.14565441913
67.9076927362	0.112878473702
47.5886159463	0.140536884078
86.6507805111	0.089583914301
65.5844692406	0.113479387502
66.2616117405	0.112798383212
109.428414163	0.0695895048154
77.0356204932	0.0995710484469
90.9628611536	0.0854271308894
122.25789391	0.0606977955819
67.0807778298	0.111682747633
57.5235692533	0.123360420518
54.4145277484	0.131434784896
66.0905361253	0.115282561281
90.0484790213	0.0881650188548
52.5736090189	0.133053756695
119.772567471	0.0629554381098
72.8277212545	0.104629264137
113.231835438	0.0677177585603
36.6365383197	0.158190525492
86.6479039388	0.0898459072593
79.9554456724	0.0963929961145
70.0035866505	0.108636345215
67.1619159119	0.113905424098
85.3445601305	0.0927477632272
35.5837832263	0.16077900246
127.691993309	0.0569023629264
27.5638358684	0.175795396977
90.6852024221	0.0862043804269
113.290826571	0.0670225239625
60.4904655663	0.122133567086
126.775533758	0.0580638067461
145.71354853	0.0468266934251
36.0771093023	0.159771836215
149.49900019	0.0448871054763
68.1860174541	0.110658541136
64.7175863009	0.114913200426
73.8290605843	0.103176174455
51.3059275088	0.134012195303
67.4408339129	0.110596391317
47.1308204226	0.141019972822
135.442833198	0.0524426414315
30.7449859562	0.168562041212
128.549347296	0.0569630134863
79.554669761	0.0966194128541
75.6225688506	0.100957263173
109.407496762	0.0696124289719
80.487106915	0.0983540295392
74.8842140008	0.101934943731
71.7452959663	0.106592073315
91.452815658	0.0852438899615
75.1716450155	0.101629422361
124.517539862	0.059795680958
102.883281681	0.0764832965397
146.032470504	0.0467168943826
117.942042609	0.064288584759
72.1109398486	0.105297196337
87.4608194365	0.0888206561594
83.6935250482	0.0935140207954
53.2551315517	0.131393483277
58.7817712228	0.123304743941
70.03058234	0.107376931861
82.9213645503	0.0934420094691
76.1713746511	0.100746886959
103.789545562	0.0752152777334
84.1835858186	0.0943051523017
131.976226716	0.0549240874788
73.1496869045	0.106046050356
67.5324877414	0.112742566559
104.45857603	0.0748212538027
53.1528930597	0.132586365172
63.4549127227	0.11862606848
127.933268402	0.0574505293242
70.2354045909	0.110033296448
85.1066731399	0.0928926359222
63.0625828466	0.118550012767
73.6196161555	0.105593910689
101.943000844	0.0769613666294
81.8880582793	0.096311350112
134.307998343	0.0530566373463
144.235390646	0.0474108646129
80.4998649372	0.0982635768561
108.142800273	0.0718312976768
92.5622743687	0.0855984842615
73.6180637963	0.105621278339
120.046876507	0.0629037014994
108.521837268	0.0715322605582
76.9761245711	0.101799721304
132.828001059	0.0544446049808
115.896418798	0.0660430617162
82.4645228337	0.0957940813236
105.233890788	0.0745420528514
119.181446716	0.063648800179
118.399454733	0.0642483346881
143.312303611	0.0484598159101
98.7203819395	0.0800489493105
104.565371669	0.0749903420608
79.4056883816	0.0995907921058
101.749952174	0.077396081778
115.001759339	0.0664675787666
159.856719761	0.0399958378311
160.881891978	0.0394807950959
103.330202938	0.0752902633187
169.531620327	0.0358778266098
88.8034412356	0.0896767195703
143.964094709	0.0479951741608
105.695605921	0.0738549136908
101.172694833	0.0777035252634
109.135125657	0.0714239164964
158.293913285	0.040736459951
133.730148747	0.0538830212564
80.4622857866	0.0985146755174
93.5481081187	0.0850272431144
137.04527481	0.0517533226181
73.673570959	0.106146208798
172.104462451	0.0350056173755
115.040670903	0.0665645178388
171.427314244	0.035320576149
86.9009759985	0.0914368910278
159.918771523	0.0401454652105
135.957211137	0.052477708176
172.243517658	0.0349259396248
175.127151638	0.0338260076535
65.8703174427	0.114359349843
144.434813939	0.0474035861725
134.152163488	0.0532475435199
125.736012311	0.0590823320334
156.571504849	0.0417659396235
58.1391301111	0.12598586071
133.109874839	0.0544944847515
151.193882724	0.0441865035415
180.538395316	0.0319285555022
103.260710097	0.0742986982762
83.8112133174	0.0929935617054
68.4957589838	0.109972084938
104.516882452	0.0752533886574
146.793161669	0.0463313048546
90.2242034051	0.0883136109726
153.83244422	0.0427537545299
156.492359518	0.0419062792164
181.336972835	0.0316948430211
116.80780939	0.0652382769098
120.150746262	0.0628698412324
149.984747108	0.0449754597964
139.096422551	0.0508425714503
181.113080479	0.0317360147267
130.47950684	0.0560852573852
112.562385184	0.0685404384229
132.23549615	0.054703122952
104.347062722	0.0752895115097
166.601000491	0.0372821423843
162.391289528	0.0392527591366
178.039942467	0.0329754364984
126.959332935	0.0581744448882
121.441104158	0.0613508782544
126.416810857	0.0577885372254
147.178559318	0.0460454180133
125.836765975	0.0587293968562
117.302720805	0.0646287334646
104.827426363	0.0741503189472
174.412007987	0.034244167748
157.939113774	0.0411866847924
123.033335139	0.0608086416688
152.199663622	0.0438823087481
130.558951549	0.0557200198009
166.652692436	0.037348874159
125.663009501	0.0588719792957
134.073089429	0.0537682738599
163.508965868	0.0387592421242
158.013168804	0.0412133107714
110.811515151	0.0701442900614
147.21822422	0.0464697394353
118.711708091	0.0639640470222
114.395970411	0.0673385941594
185.616117078	0.0302882306101
121.6472323	0.0619696625667
132.933150446	0.054512605812
123.978941417	0.0603829417228
151.040123808	0.0445097761084
141.954547799	0.0493247825149
122.216786991	0.0615702725852
128.885361873	0.0571996210413
131.172219021	0.0556108159774
128.509437341	0.0574396922126
138.245957583	0.0512846170785
135.938721603	0.0528253297931
125.948242645	0.0589077261621
118.949856331	0.0640212169184
120.709255647	0.0622672144694
115.158700991	0.0668282447786
136.638940773	0.0520679222954
111.930580873	0.0692870946148
140.207561709	0.0497596283546
112.795607273	0.0686411373875
176.243800471	0.0334521430099
117.282368949	0.0652297886478
181.959459856	0.0315022595071
119.432157573	0.0636794859724
164.966096587	0.0381421834488
119.597049748	0.0635765860076
155.848983115	0.0422091235487
115.645970245	0.0664680161335
162.241242759	0.0393131098647
123.393958779	0.0608713984532
174.723639014	0.0342063383943
119.214162087	0.0638433703038
184.668867324	0.0306197971748
118.40359971	0.0644024478527
176.715173656	0.0334462148719
122.506574942	0.0613813049611
130.433995325	0.05610254125
108.01637356	0.0723918884673
176.275485523	0.0334538569508
131.754115425	0.0553279040843
157.168968164	0.0415240674755
124.000279321	0.0604784567843
127.137676378	0.0580664067474
113.180606894	0.068352869571
135.686894286	0.052665150664
120.117203189	0.0631871192936
141.796709778	0.0490819726146
115.524971892	0.0665124146777
156.907102521	0.0413635773692
135.833148429	0.0528309181146
173.220848768	0.0346634988664
116.576095583	0.0657373428021
168.074003991	0.0368555819684
120.794048973	0.0627148916111
141.318340676	0.0496529763058
125.745123843	0.0592783049762
182.643788494	0.0313140762758
136.743588176	0.0522825251477
182.636777609	0.0313233340554
126.359025678	0.0588485310855
184.57502882	0.0306603593283
115.527875815	0.0664471895537
188.448035967	0.0293347020135
138.784787412	0.0511113442883
146.02126515	0.0470904297428
137.099294459	0.0521451362655
126.658395964	0.0585649271072
127.907000948	0.0578581950069
131.159607754	0.0556416449712
131.433072253	0.0555688107381
132.17769235	0.0549171741667
133.581409915	0.0541909527277
171.491403193	0.0354250293604
119.117145248	0.0638428323229
190.402084323	0.0287085394178
117.35500419	0.0651211948881
165.952020247	0.037736246872
119.03348627	0.0638963369522
172.138039323	0.0352087672793
121.69049812	0.0619977903835
182.093224616	0.031434861619
143.778854824	0.0483688646894
122.122007405	0.0617316221631
131.085281256	0.0557980265357
155.336570955	0.0424877224551
150.843935982	0.044632258985
173.138344119	0.0348260553003
142.56401912	0.0489867926273
158.408052873	0.0410042730239
151.985604782	0.0440795985194
143.063845132	0.0486339083281
132.890858095	0.0546116594288
149.283951467	0.0453666406529
129.199245673	0.0569298636309
182.389217236	0.0314201310963
149.148666043	0.0454939199342
173.207044554	0.0348102098876
158.767847726	0.0408625639219
158.719047465	0.0408835717497
152.593376624	0.0437867018678
142.044794969	0.0492895321392
138.677702295	0.0511812872832
131.556775103	0.0555243583553
140.648986356	0.0500876755209
134.128655042	0.0539194521855
151.482307301	0.0443309414186
129.712934722	0.0566964964844
143.279766001	0.0485890191582
111.421747749	0.0696342257899
155.99368342	0.0421506978685
128.501496224	0.0574738512751
154.854778541	0.0426868193884
115.729428848	0.0663264726411
145.605793355	0.0472995452292
116.899599798	0.0654497554874
145.064093476	0.0476126726861
132.720094185	0.0547822746596
145.903047306	0.0472035557164
130.464338095	0.0562075674719
152.731724393	0.0436810763368
139.015612914	0.0510236677044
145.548991251	0.0473609364931
132.407907981	0.0549249637116
140.882031561	0.0499317851334
134.718431045	0.0535568335346
153.275944913	0.0434186300901
142.624032408	0.0489392259177
164.463204427	0.0383420452575
148.566467188	0.0457917940592
152.747573505	0.043709547794
118.009250879	0.0647086508082
147.63830425	0.0462637335471
138.265354861	0.0514133909055
136.40044164	0.0524735471077
138.79431802	0.0511083091814
143.553803874	0.0484307473578
141.880118172	0.0494112659406
129.330416109	0.0568849023306
130.569050435	0.0561316856339
131.530530871	0.05547835296
151.349661724	0.0444048308587
116.509136725	0.0657923479704
139.877465516	0.0504813659949
134.605544524	0.0536026972475
145.80027735	0.0472697894193
118.00690425	0.0646922104693
143.692457342	0.048401515784
124.116123617	0.0603145616569
187.749350376	0.0295168662282
133.351702688	0.0543783451501
150.18323266	0.0449434839949
122.729398493	0.0613349308707
144.61068377	0.047856609545
128.370571401	0.0574686983148
165.51291215	0.0379009411757
121.358294824	0.062213058222
174.596990189	0.0341799373692
126.314191833	0.0588856575663
169.546866658	0.0362385867854
130.565116909	0.0561205431188
185.878773987	0.030113773172
138.050348096	0.0515680132906
151.575081337	0.0440360068806
130.028083101	0.0564653727343
165.224995373	0.037995541763
136.345974293	0.0524879961367
176.941259473	0.0331748564032
128.199959517	0.0575764782151
187.238411678	0.0297260133428
129.426817839	0.0567419751462
185.693106811	0.0302452955604
143.661780173	0.048373448315
164.980481497	0.0381344925967
128.143132861	0.0576499303649
183.330716321	0.031059299409
127.923042581	0.057832323466
151.275817602	0.0442256988342
135.896093637	0.0528479913879
183.898007439	0.0308577308831
136.192971809	0.0525576528097
160.903763727	0.0398185196946
147.921351751	0.0461065734679
186.168012415	0.0300945797248
134.642825192	0.0535933367798
193.253934332	0.0277329503517
129.608640208	0.0566194045299
170.862205371	0.0354625483939
127.840183431	0.0578096792153
166.60218063	0.0374336718073
129.028816638	0.0571173629116
174.743982972	0.0340569953655
143.596134277	0.0484059452089
183.418294837	0.0310341681485
121.352991734	0.0621721745569
170.483634744	0.0357701952287
136.584834712	0.0524425058662
166.592451835	0.0374485355982
129.545860541	0.0566635899353
129.519468362	0.0557837885393
172.080219894	0.0352348587741
152.332723766	0.0438561906439
140.790867734	0.049992739017
128.440292728	0.0573651991124
153.004962889	0.0433908673663
134.042035848	0.0532873122869
136.188505261	0.0526834539079
154.642258067	0.0426729754649
138.381181077	0.0513710503667
131.831740316	0.0545542134495
154.217475416	0.0426390629034
160.137465148	0.040224613959
128.828100392	0.0572545083377
155.697060787	0.0420209685519
127.818104636	0.0578999987212
149.208545477	0.0450682108933
137.002091144	0.0521590091048
162.211623015	0.0391361540745
149.578027475	0.0453067688962
152.937231137	0.0433164896388
130.539302802	0.0560801356354
185.403246249	0.0301990802897
140.530309235	0.0501183298872
176.452732391	0.0334002088459
132.297309504	0.0549982938153
165.205485821	0.0379807811338
152.923526648	0.0436262016168
166.371152894	0.0372800116075
131.469908061	0.0555501642798
153.249448418	0.0432121702453
156.884422503	0.0417145430741
174.514892447	0.0340189780817
137.224193596	0.0520475368556
188.292797286	0.0292895802288
173.405509447	0.0347089356315
160.003809371	0.0401785387655
170.435446264	0.0358918837386
156.100766253	0.0418525314718
156.465251296	0.0419339061819
174.567878151	0.034006016188
156.918041838	0.0417259811476
161.847419081	0.0390853531752
180.072543437	0.0322184028864
162.828169579	0.0387014162884
163.163144893	0.0389236504808
171.12561282	0.0353126323828
178.154731199	0.032924033686
187.989607287	0.0293670201976
184.176129319	0.0307890919161
189.494083267	0.0288773915953
161.914511689	0.0394112148763
173.129248384	0.0345735064151
171.559801024	0.0354046192933
162.935060949	0.0388360461932
169.254021689	0.0363626550133
163.476263507	0.0383960350592
182.733169336	0.0312356562325
172.433112215	0.0349188058558
171.986958941	0.0352719968501
161.461862161	0.0395685100242
174.912184755	0.0341294530005
162.992400281	0.0388481004507
180.717844388	0.0319384056784
178.907851713	0.0325103833533
194.25851355	0.0274592201864
190.673463309	0.028502453629
180.401888471	0.0321008974079
185.328389982	0.0302399980156
171.384178106	0.035503347167
187.323766463	0.0295668188495
173.210595421	0.0347799983996
185.568312078	0.0301570133692
195.516790632	0.027055293453
175.258509166	0.033897117392
176.506142376	0.0334341810447
173.331069596	0.0345320605587
169.421997811	0.0362808620464
170.983950387	0.0353891042123
178.650256081	0.0327003556484
172.476510423	0.0348349717684
195.693550221	0.0269812261258
165.768047098	0.0375019397812
171.824829315	0.0352167720564
174.310926899	0.0341269216039
180.712186864	0.0319129932702
184.28245857	0.0305370733992
185.796375114	0.030193735955
164.907421742	0.0380170493303
179.551164065	0.0323749174598
167.712120562	0.0368028194924
196.955115175	0.0266050612509
178.729039077	0.032478471154
177.170237183	0.033188117086
170.960199855	0.0354043229597
177.030216821	0.0333049619102
168.551259034	0.0363399716214
190.274847767	0.0286449217871
166.158505405	0.0372736542063
179.456149905	0.0323764007513
174.72776253	0.0338995119832
171.953163337	0.0352224355519
171.668459289	0.035060452008
185.54087117	0.0302866190803
162.471525602	0.038968101163
190.32955527	0.0286825053107
166.744148503	0.0370777683017
183.928998412	0.0307823288202
175.412177369	0.0336646052469
177.540332378	0.0330473560897
172.506467134	0.0347695959823
186.612519656	0.0299243987947
168.95939467	0.0361470732662
180.67732503	0.0319691537978
178.651002497	0.032484270556
167.864480079	0.0368808170391
176.989880123	0.0330855956994
166.518693403	0.0374321749051
166.192119783	0.0372795246423
181.415617219	0.0317217336933
176.819801473	0.0331583007232
197.88197362	0.0263388596661
180.833303425	0.0317201157977
182.868629324	0.0311688581177
171.662361249	0.0351008039509
173.868213341	0.034448994368
175.216588349	0.0337279890083
190.667174987	0.0285825558414
186.364876235	0.0298480905934
179.407247112	0.0324231364995
190.723206271	0.0284494585372
170.683266632	0.035726331998
190.922472558	0.0283915855649
174.073825719	0.034399862145
178.1082953	0.0327374170842
187.759804152	0.0295394966691
183.349901083	0.0308854288477
186.921977653	0.0298250294389
191.35761313	0.0282712719498
171.948087747	0.0352729457631
186.732363056	0.0298039528804
189.278080474	0.0290467842415
184.949559512	0.0303692116753
190.047036682	0.0287975937631
195.244523795	0.0270701890713
186.746322736	0.0298679527932
188.888781527	0.0290951570358
180.477785147	0.0320231034103
175.969785596	0.0335481375063
194.144044546	0.0274854607694
187.435249167	0.0295121191057
192.327132373	0.0280639000322
193.208658477	0.0276997392126
183.119838476	0.0311278111495
190.98050735	0.0284059516857
183.700570769	0.0309289367141
185.826644301	0.0300718499257
193.913823519	0.0275645274664
193.819708906	0.0275160695266
187.98743841	0.0294344407632
192.251137852	0.0280163023694
182.122368951	0.0314236506645
196.353832639	0.0267651063371
194.070053884	0.0275035137993
188.452404723	0.029201356081
200.701166202	0.0255062704247
190.448550447	0.0286000552328
182.222162033	0.0314343686108
186.397105443	0.0298810301906
194.500583515	0.0273739542473
198.744477081	0.0260535938227
200.691736842	0.0255237249087
199.275792107	0.0259022745438
189.630379406	0.028856975911
199.61732813	0.0258083979315
185.973772907	0.0300606551824
188.84148151	0.0290800235578
196.67160907	0.0266924938382
200.429039105	0.0255715764116
197.587475967	0.0264024969731
198.58792943	0.0260906537772
184.753157689	0.0304728212913
189.62547022	0.0288439184079
199.900854328	0.0257344245209
184.554668642	0.0305536424542
187.235914904	0.0297085799199
182.732138923	0.0311946672925
186.951573277	0.0298069386942
196.620160881	0.0266781030617
185.698665072	0.0302386497354
191.787391772	0.0281514069864
191.053233182	0.0284737314481
174.337510434	0.0342711629526
187.412140931	0.0296637715237
177.554283594	0.0330873052134
180.856786065	0.0319159457701
161.80555627	0.0394155233301
176.620729973	0.0334651646633
192.051662772	0.0280989349071
194.211970692	0.0274034461427
188.174369258	0.0293611674313
195.485090979	0.0270190054806
188.503462773	0.0292661447042
191.293189624	0.0282967047977
195.883154108	0.0269687958839
179.466988347	0.0323115045918
185.203817869	0.0303911404674
187.286755234	0.0296186655403
192.981757456	0.0278587895177
188.316018478	0.0292869577277
177.05170249	0.033283430356
181.653801937	0.0315306577557
176.076893193	0.0336451440666
187.195676078	0.0296821010928
179.861543881	0.0322510394661
182.041528181	0.0314328531934
174.061849922	0.0344072955796
174.589198174	0.0341237033718
182.506051845	0.0313307128455
190.411978943	0.0286099982427
195.111574389	0.0272018656928
191.302843889	0.0283911024053
177.897649945	0.0329631773439
185.295699569	0.0302643569666
186.443139284	0.0299559810724
192.151485423	0.0280728808358
195.438046694	0.0271031093526
188.525254908	0.0292609699594
183.48934027	0.0309705547172
184.734920412	0.0305201688357
196.573933003	0.0267538236758
192.518552039	0.0280091528405
175.3126947	0.0339452281677
194.642076359	0.0273171343233
186.414006412	0.0299674030626
194.847407766	0.0272453882255
191.799699812	0.0281552704599
189.324812996	0.0289293395643
192.868216565	0.0278418824688
193.577196825	0.027610077307
196.825443439	0.0266426203698
194.255388224	0.0274258973418
184.970352597	0.0304566866159
184.626637391	0.0305165086812
192.334888271	0.0280618039371
190.202361073	0.0287385599583
188.973506927	0.0291189929202
183.148997047	0.0310908779031
190.953841258	0.0284498630141
179.603047129	0.0323492455149
197.25828723	0.026534058236
183.936890377	0.0308371069853
197.146991402	0.0265902684983
192.545137341	0.0279910985226
185.079485812	0.0304547390161
182.458933691	0.0313525337835
182.808135574	0.0312198418927
185.74341342	0.0302380436678
183.616163844	0.0309120502274
190.703227796	0.0285782569278
188.730200965	0.0291724091515
194.977979846	0.0272480042233
190.125386913	0.028724234519
198.640289244	0.0261391067279
185.217119326	0.0303649823882
199.394023918	0.025921210237
193.582097064	0.027648034528
195.002223657	0.0272008302912
184.481877077	0.0305772134397
195.199429876	0.0271534755748
192.856959285	0.0278839416958
194.406962746	0.0273827049589
192.521536575	0.0279753656744
180.406349215	0.0320946669074
173.958127192	0.034213415782
189.684757753	0.0289034576956
195.191822316	0.0271461309117
200.194627478	0.0256619897285
194.706426646	0.0273108254824
186.572802695	0.0299447778386
187.482169497	0.0295988393139
189.624435436	0.0289146147181
189.444084986	0.0289236327214
188.681606358	0.029192920588
186.681756702	0.0298541774443
176.881663715	0.0331146702575
190.535066774	0.0285894144723
189.249980421	0.0290581465881
187.870077622	0.0294789405898
199.164810614	0.0259599399188
196.2004534	0.0268526660862
192.804511764	0.0278991322702
192.433163206	0.0280054090495
191.940033103	0.0281613825797
191.142611344	0.0283860643645
190.270646612	0.0286932938702
184.299557508	0.0306409074242
191.511891718	0.028287488337
190.518597905	0.0286253090704
193.636820027	0.0275758145939
185.780659549	0.0301737669568
185.134917997	0.0303586183674
198.010181171	0.0263016292666
189.810624946	0.0287695113695
186.77007317	0.0297121241408
181.513017458	0.0315479455587
192.245075009	0.0279996354342
186.77915159	0.0298172418292
192.752240195	0.0278473776578
188.137577318	0.02933647519
193.668757029	0.0276095955687
187.238797819	0.0296409102798
195.712132612	0.0269929066797
197.003187587	0.0266299177842
191.777116226	0.0281936378238
190.459622071	0.0286204520759
191.617921796	0.0282701470757
199.782766286	0.0257823698502
198.700064133	0.026119512368
200.554819753	0.0255507373605
196.420032104	0.0267720093719
198.320848647	0.026218621704
194.059773259	0.0274864901001
199.447893982	0.0259037051853
194.730049438	0.0272743247537
189.850685169	0.0288289322685
192.943807664	0.0278563353124
194.339364669	0.0274368169262
195.702725453	0.0269911466934
190.524985972	0.0285887193043
193.559722566	0.0276896196229
197.043600247	0.0265831738731
198.919476911	0.0260291327944
202.471014407	0.0250061971301
198.572385013	0.0261772747449
197.273083372	0.0265274882102
191.813664488	0.028243472288
191.279928039	0.0283898068412
192.617648702	0.0279980201988
193.754084207	0.0276109553639
190.666927678	0.0285897133251
190.56614323	0.0286492550498
191.713497454	0.0282405565155
186.717469341	0.0298867997087
190.980198183	0.0284962947582
190.183600019	0.0287295421664
196.194054665	0.0268661847299
185.787522873	0.0301911317717
184.780918744	0.0305358809723
186.673959796	0.0299165289969
194.22408214	0.0274420442637
187.456526844	0.0296245338177
195.322788433	0.0271169982834
193.140292238	0.027798915186
188.037508977	0.0294431546193
188.132367962	0.0294045375239
193.63871064	0.0276676200109
190.511353248	0.0286194443164
196.913860929	0.0266563453609
197.083676929	0.0266059113183
200.212549999	0.0256922260433
199.944921621	0.0257369138589
199.062584081	0.026018322618
197.086539345	0.0265790645187
198.620221984	0.0261367928027
199.667646767	0.0258412284219
192.980892234	0.027807956499
190.402113263	0.0286231322247
198.795959441	0.0260723864247
198.277529533	0.0262344775577
193.856699983	0.0275481097742
196.285398232	0.0268340633649
197.256589884	0.0265462593088
190.571367105	0.0285957789414
190.514682482	0.0285840020627
196.632299372	0.0267293787265
194.538596365	0.0273402416472
192.740706946	0.0279019322717
192.202312188	0.0280801255516
191.058929416	0.0284304995209
198.788551502	0.0260874860062
192.494640038	0.0280085737293
202.41341739	0.0250575263935
194.411281686	0.0274138721429
204.826752806	0.024381827595
198.13983574	0.0262921567121
200.599714198	0.0255834161683
194.814329222	0.0272939490628
205.192139263	0.0242644895045
199.636423805	0.0258201800823
198.555538135	0.0261781907292
191.877990235	0.028200429322
197.950905535	0.0263651060799
198.014406529	0.0263260127223
198.172771587	0.0262635452401
195.866722859	0.0269742648576
196.718474513	0.0267337981698
195.0906544	0.0272161065116
196.559224651	0.0267802449458
195.462618964	0.0270990590949
199.733130372	0.0258307824615
194.913068792	0.027269947849
195.640000684	0.0270517859473
199.352876321	0.0259413312896
201.10121578	0.0254043965462
198.408376634	0.0261930155644
201.817691643	0.0252323102093
203.324680381	0.0247697087439
203.515019828	0.0247527273751
205.865360695	0.0240931326067
202.351052061	0.0250437550356
199.330334939	0.0259149072016
200.093315566	0.0256909329035
202.277629416	0.0250644511635
196.97233351	0.0266126303774
197.370869248	0.0264891974115
202.192764159	0.0251034303012
199.994708017	0.0257446620984
195.65432112	0.0270238153794
199.012559343	0.0260004347982
196.242793008	0.026834242848
200.31199411	0.0256613346671
199.381637749	0.0258972403671
201.737173064	0.0252541334964
202.014958336	0.0251708652673
202.308821417	0.0250928727894
196.897493064	0.02665900479
197.469835657	0.0264908177515
199.396675078	0.025927262402
204.276961091	0.0245012869356
198.213046875	0.0262447629872
198.876763882	0.0260537504059
199.345185008	0.0259420562441
203.574212033	0.0246978985618
198.288086355	0.0262227889576
200.207362226	0.0256969621733
201.491939307	0.0253223549437
203.698575211	0.0246733285115
200.036375698	0.025709311001
202.390127588	0.0250463687299
201.7736779	0.0252063160183
203.967151409	0.0246035127427
203.322304159	0.024805580212
201.184252148	0.0254061883611
201.073721021	0.0254360671154
200.815546177	0.0255105348692
207.420958687	0.0236679875467
207.365852357	0.0236961012142
204.747508227	0.0243686505438
207.236417497	0.0237211911161
207.330584856	0.0236965232017
204.253158763	0.0245424124322
202.104361675	0.0251379716289
205.485941028	0.024174830213
202.000986569	0.0251409472074
205.179081791	0.0242542285077
206.14967364	0.0239863504402
206.858837392	0.0238207143067
206.690171268	0.0238777177745
202.573665876	0.0250094017155
205.82703707	0.0241067008445
207.241837224	0.023694234465
207.71567426	0.0235977008799
205.298225986	0.0242135561986
207.507598395	0.0236468155743
207.707952441	0.023569145642
206.465692506	0.0239375467809
203.350287536	0.0247897071383
204.281412354	0.0245337064086
206.687429214	0.0238724621232
207.5680411	0.0235955536594
205.445559717	0.0242113501183
205.305816418	0.0242075118107
206.238239827	0.0239955389663
205.74291941	0.0240861823691
204.374747414	0.0244652618152
205.78149916	0.0240762665019
207.009860077	0.0237450262647
207.342599569	0.0236938090558
206.638622217	0.0238433995051
205.921295161	0.0240815447008
207.119440506	0.0237167856629
206.195069378	0.0240079202276
208.088474877	0.0234813604289
208.073835809	0.0234998318005
207.943534879	0.0235316215703
207.817581926	0.0235268035417
206.575905949	0.0239030170483
207.851498722	0.0235196444906
208.446194358	0.0233786707452
206.2903169	0.0239394492243
207.483495073	0.0236168656108
208.739936372	0.023287299555
207.650283116	0.0235724537513
208.129480159	0.0234850303493
210.063365429	0.0229632833904
210.670418736	0.0228026730192
209.448515156	0.0230935569108
207.353654633	0.0236532715062
207.188418976	0.0236980052646
210.796870029	0.0227520076245
209.799944686	0.0230474919289
211.007584376	0.0227068181569
210.86039572	0.0227750935954
211.248349614	0.0226483046491
210.684359973	0.0227761672697
208.745673967	0.0232812963163
211.095154538	0.0226965559338
205.919602618	0.0240778832474
196.08266634	0.02689331831
208.255892536	0.0234104202064
202.11374064	0.0250968741565
207.61585928	0.0235898364453
197.002318366	0.026579064996
209.153141759	0.0231922881444
209.50680306	0.0231061365852
211.982297219	0.0224811024771
195.547508049	0.0270542883326
193.195620453	0.0277768951225
208.378411643	0.0234015347419
200.859675197	0.0255051831659
205.548509274	0.0241756534674
207.28311368	0.0236762960508
201.714322583	0.0252477745628
207.423965947	0.02366271805
204.347084624	0.024465674874
202.067231466	0.0251228582259
211.432101637	0.0225987055202
205.780631307	0.0240940608378
209.941074032	0.0229712328813
203.179007809	0.0248124802817
210.464392646	0.0228371011197
210.682552724	0.0227833718982
210.039364186	0.0229443161898
203.036200525	0.0248443523783
211.262903932	0.0226581803037
206.479962249	0.0239258057689
208.938533459	0.0232398725951
206.624097066	0.0238633674578
207.839828018	0.0235376477756
208.171744015	0.0234732051684
206.472630481	0.0239183310494
209.486085108	0.0230993208509
209.655278828	0.0230596062007
208.28696941	0.0234213145769
210.126521388	0.0229300447261
211.55801533	0.0225848927538
211.729318792	0.0225390893115
212.414479173	0.022351114148
210.5672425	0.0228360093138
210.157870928	0.022937923461
212.438369607	0.0223547722916
212.443943546	0.0223592866566
212.966725918	0.0222266245836
213.219550969	0.022162310918
213.116474906	0.0221877084071
214.507261738	0.0218388702153
214.627767861	0.0218096803521
214.295008986	0.0218707718892
213.73687898	0.0219964465668
215.517704053	0.0215837603029
216.100531293	0.0214316065932
216.454091168	0.0213394495184
216.542839241	0.0213368923147
214.182518863	0.0219167267397
216.105746956	0.0214507207608
217.142597137	0.0212009211934
215.141500249	0.0216868176442
216.099891641	0.02144839426
213.016104671	0.0222095100577
216.392229511	0.0213835475371
216.166359474	0.0214147821661
215.619140797	0.021564698559
216.912750973	0.0212338169703
216.324174534	0.0213854136525
215.583346189	0.0215758907522
217.634683061	0.0210732361178
217.092073687	0.0212047104097
217.036309113	0.0212203649951
215.188914898	0.0216688938607
215.828945789	0.0215108015654
217.284851702	0.0211595121673
218.863522095	0.0207747308563
218.553574435	0.0208338857381
218.22018358	0.0209219585379
219.213391254	0.0206777167693
217.15666786	0.0211718766687
217.663134461	0.0210612852336
219.658591854	0.020585140181
217.946738076	0.020997059841
220.064075863	0.0204846998902
219.285701746	0.0206610325395
219.337835615	0.0206569266899
220.091738001	0.0204712600044
218.097627329	0.0209597644925
219.741117859	0.0205714465602
219.699519537	0.0205622228091
218.514393758	0.0208602998803
220.501594673	0.0203804083811
219.049101549	0.0207132909871
220.347795329	0.0204106946551
218.641960044	0.0208178852727
219.458186287	0.0206365095685
218.471823785	0.0208742762464
220.82990514	0.0203027888061
218.440431545	0.0208673956356
218.981758586	0.0207581851299
219.234456847	0.0206945670649
221.178777778	0.0202255409141
220.337837411	0.0204122422149
220.845820766	0.0202940857797
220.806666569	0.0203025563034
220.06589387	0.0204735429657
220.963538893	0.0202666499102
219.011213147	0.0207308292976
219.009637732	0.0207357703691
219.799943936	0.0205494141009
220.323182079	0.0204217013708
220.949835888	0.0202733558803
219.337323718	0.0206592049607
220.359152881	0.0204322441518
220.10866346	0.0204776917065
219.983713213	0.0205074345944
218.552196095	0.0208645181916
218.829299113	0.0208003284666
219.99237583	0.0205290920892
219.605065702	0.0206078823168
218.806525663	0.0208071341437
218.755569252	0.0208203495527
220.519793631	0.0203839599377
220.006472838	0.0204940375715
221.621495467	0.0201523722711
219.29849782	0.0206847695046
220.484743122	0.0204148538356
220.273053937	0.0204608985837
219.344434641	0.0206822502689
221.727920535	0.0201383817266
223.308991645	0.0197934524266
223.162536255	0.0198218934751
224.892423329	0.0194186317474
223.757680131	0.0196648008937
224.214695468	0.0195709388769
225.547539782	0.0192629261873
226.451772982	0.0190880188544
224.729057844	0.0194589674668
224.618449871	0.0194626184537
224.463813636	0.0195104472774
223.716192602	0.0196704429022
224.58492256	0.0194527870339
226.441687962	0.019106466721
225.441278939	0.0193075561719
225.25382017	0.0193568182084
226.444472565	0.0191059356743
225.862688382	0.0192244557562
226.41896355	0.0190929988951
227.653021774	0.0188547039032
227.004233493	0.0189881555493
227.125612216	0.0189633585009
225.724158792	0.0192573690861
228.354764591	0.0187088965706
226.688790348	0.0190509043336
227.54239623	0.0188662542235
228.008505717	0.0187648713466
229.539021797	0.0184659849271
228.369240089	0.0187059808233
230.106061008	0.0183381859097
231.947683308	0.0179266623393
231.282834054	0.0180634703998
231.993846694	0.0179046769312
232.669032191	0.0177889955953
230.952652441	0.0181150246036
231.561880808	0.0179999655335
230.421660445	0.0182203456989
229.46960542	0.0184288024069
232.53531014	0.0178201649284
232.104465943	0.0179410839919
231.007227733	0.0181365018299
230.799520408	0.0181691710728
231.49092594	0.0180053576039
231.99261219	0.0179342559141
231.919081379	0.0179579522058
231.655386978	0.0179997159746
232.644826883	0.0177890598518
231.711302966	0.0179770565739
232.656059989	0.0177957510345
232.315854639	0.017849646339
232.845024369	0.0177645400353
232.46994086	0.0178350474559
233.506425113	0.0176303294267
232.204141465	0.0178907707991
233.741806475	0.0175884915497
232.398495668	0.0178508945421
233.761595642	0.0175522414186
233.252790947	0.0176839683539
234.148052774	0.0174895157215
233.19616816	0.0176810897767
233.727399502	0.0175594918596
233.273714717	0.017664177177
234.189302573	0.0174871223247
233.107794079	0.0176986770237
234.390174784	0.0174651253381
233.257277785	0.0176939745487
234.582031186	0.0174279817575
233.432142148	0.0176513112828
234.317944762	0.0174766400834
233.432715482	0.017644058658
234.360990941	0.0174669572365
233.614380973	0.0176167578171
233.627977037	0.0176037812746
233.756876232	0.0175727381184
234.468812182	0.0174270577665
233.664404759	0.017609281216
233.908558427	0.0175514094615
233.860327571	0.0175631823896
234.099948508	0.0175158432167
233.742117461	0.0175947470189
234.494055381	0.017443615043
233.633572025	0.0176125853212
234.204275898	0.0174990910555
233.313818826	0.0176713898724
234.093134515	0.0175217692058
233.624134108	0.0176148889479
234.200108757	0.0175020278049
233.203059303	0.0176952256237
234.343983925	0.0174726775426
233.683899367	0.0175991876419
234.346645753	0.0174738145629
233.675395317	0.0176006164923
234.179106509	0.0175042051071
234.01190668	0.0175333536541
234.119995824	0.0175144380307
234.005751862	0.0175340858221
234.012717258	0.0175335597165
234.090234199	0.0175155425792
234.18184205	0.0175073220485
234.187576155	0.0174985130139
233.799772986	0.0175761780481
234.134998708	0.0175085866812
233.963135041	0.0175494412582
234.415249684	0.0174559262823
233.468065119	0.0176376695619
234.716932018	0.0173995573772
233.711886312	0.0175920593685
234.838213351	0.0173564073349
234.059465713	0.0175265238767
234.686327668	0.0174023169737
233.624422573	0.0176090030632
234.852860769	0.0173551712873
233.720343825	0.0175861015176
234.796871252	0.017381626817
233.630283869	0.0176101404475
235.043005433	0.0173143651607
233.202808241	0.0176660222636
235.114346482	0.0172957525305
233.072271466	0.017691103127
235.060919971	0.0173154090443
233.504342266	0.0176326990157
235.141025241	0.0172916218809
233.551504432	0.0176226618966
235.312390946	0.0172719512337
233.50774265	0.0176294504562
234.935526287	0.0173574484943
233.172183159	0.0176913260295
235.056464422	0.0173298458961
232.994786375	0.0177310257231
234.949868283	0.0173498578447
233.107586625	0.017716862131
234.990565278	0.0173283289109
233.199026241	0.0176926424791
234.722498825	0.0173995620346
233.141274041	0.0177043179974
234.956473942	0.0173407789803
233.12578366	0.0177032485531
234.585608992	0.0174257414427
232.912910052	0.0177449693068
234.730018779	0.0173825376265
233.160729811	0.017699211783
234.627339623	0.0174149593088
232.962031521	0.0177346372937
234.724482088	0.0173909955577
233.010628847	0.0177271142917
234.599719887	0.0174220687423
232.991339786	0.0177324655708
234.54986793	0.0174312157749
232.944222311	0.0177387760222
234.489894591	0.0174299001294
233.126249851	0.0177054370118
234.598921615	0.0174050793169
233.119659929	0.0177030393071
234.620771839	0.0174164645647
233.266523953	0.0176711907401
234.498534704	0.0174396295528
233.459340668	0.0176315292455
234.249702792	0.0174730875379
233.580303739	0.0175932334019
234.299807859	0.0174542737849
233.65176864	0.0175707607112
234.161421865	0.0174675926996
233.854005477	0.0175283879183
234.115981633	0.0174825195229
234.027283524	0.017502840842
234.358097893	0.0174596719726
234.040637114	0.0175250873804
234.193453304	0.0174944196939
234.21254434	0.0174843493978
234.063057858	0.0175035105399
233.907628737	0.0175199129231
233.983672631	0.0175062897174
233.986794842	0.0175232622914
234.17999742	0.0174994765543
234.209673896	0.0174886730296
234.062633248	0.0175204018232
234.282990502	0.0174749273678
234.023476654	0.0175239913736
234.152903743	0.0175001886895
234.039963072	0.0175192731232
233.992452097	0.0175106156624
233.94182776	0.0175184421581
234.49837256	0.0173989639356
239.560086712	0.0164505611084
243.65699176	0.0157233394871
246.456817377	0.0152430169494
248.698704046	0.0148765216135
250.824746221	0.0145223694716
252.638567928	0.0142421321481
254.260571781	0.013999870117
255.033856213	0.0138810189393
255.997636909	0.0137338997784
256.798226844	0.0136104932711
257.92340858	0.0134527728172
259.349237071	0.0132407155494
259.193450418	0.0132642450705
259.885675582	0.0131549650765
260.411189388	0.0130769783353
260.676797394	0.0130434722774
261.20075004	0.0129611933428
261.412321161	0.0129357406484
261.452960417	0.0129286749186
262.071398364	0.0128378093573
261.8089487	0.0128790945406
262.009223052	0.0128459243291
261.683524728	0.0128994649572
261.835034454	0.0128736713584
261.613177069	0.0129112253264
261.490991464	0.012925137826
261.238386653	0.0129661116937
261.218046686	0.0129651761615
260.66788452	0.0130509122131
260.717120735	0.0130376955483
260.213648438	0.0131109425641
259.823681141	0.013169033696
259.807550316	0.013160327415
259.39176632	0.0132221060607
259.419130255	0.0132059889653
258.968382066	0.0132763884006
259.089589655	0.0132423002354
259.021228783	0.0132535839153
258.927137863	0.0132581437049
258.956226447	0.0132523542191
258.881672516	0.0132631428645
258.844668418	0.0132667165333
258.765826023	0.0132792479429
258.775692152	0.0132744699289
258.785678467	0.0132673022374
258.78690407	0.0132575242595
258.757723085	0.0132589199226
258.748227473	0.0132603380091
258.630935183	0.0132797256639
258.404057383	0.0133118504918
257.991372715	0.0133779954801
257.98138022	0.013379975245
259.870717197	0.0131177871908