6	0.05
6	0.05
6	0.05
6	0.05
7	0.05
7	0.05
7	0.05
7	0.05
11	0.05
11	0.05
11	0.05
11	0.05
17	0.05
17	0.05
17	0.05
17	0.05
23	0.05
23	0.05
23	0.05
23	0.05
24	0.05
24	0.05
24	0.05
24	0.05
25	0.05
25	0.05
25	0.05
25	0.05
26	0.05
26	0.05
26	0.05
26	0.05
30	0.05
30	0.05
30	0.05
30	0.05
31	0.05
31	0.05
31	0.05
31	0.05
35	0.05
35	0.05
35	0.05
35	0.05
38	0.05
38	0.05
38	0.05
38	0.05
39	0.05
39	0.05
39	0.05
39	0.05
40	0.05
40	0.05
40	0.05
40	0.05
41	0.05
41	0.05
41	0.05
41	0.05
42	0.05
42	0.05
42	0.05
42	0.05
43	0.05
43	0.05
43	0.05
43	0.05
46	0.05
46	0.05
46	0.05
46	0.05
47	0.05
47	0.05
47	0.05
47	0.05
53	0.05
53	0.05
53	0.05
53	0.05
54	0.05
54	0.05
54	0.05
54	0.05
67	0.05
67	0.05
67	0.05
67	0.05
68	0.05
68	0.05
68	0.05
68	0.05
70	0.05
70	0.05
70	0.05
70	0.05
71	0.05
71	0.05
71	0.05
71	0.05
72	0.05
72	0.05
72	0.05
72	0.05
73	0.05
73	0.05
73	0.05
73	0.05
74	0.05
74	0.05
74	0.05
74	0.05
77	0.05
77	0.05
77	0.05
77	0.05
84	0.05
84	0.05
84	0.05
84	0.05
86	0.05
86	0.05
86	0.05
86	0.05
90	0.05
90	0.05
90	0.05
90	0.05
91	0.05
91	0.05
91	0.05
91	0.05
92	0.05
92	0.05
92	0.05
92	0.05
97	0.05
97	0.05
97	0.05
97	0.05
98	0.05
98	0.05
98	0.05
98	0.05
99	0.05
99	0.05
99	0.05
99	0.05
100	0.05
100	0.05
100	0.05
100	0.05
168	0.05
168	0.05
168	0.05
168	0.05
172	0.05
172	0.05
172	0.05
172	0.05
178	0.05
178	0.05
178	0.05
178	0.05
180	0.05
180	0.05
180	0.05
180	0.05
182	0.05
182	0.05
182	0.05
182	0.05
183	0.05
183	0.05
183	0.05
183	0.05
184	0.05
184	0.05
184	0.05
184	0.05
185	0.05
185	0.05
185	0.05
185	0.05
187	0.05
187	0.05
187	0.05
187	0.05
189	0.05
189	0.05
189	0.05
189	0.05
190	0.05
190	0.05
190	0.05
190	0.05
191	0.05
191	0.05
191	0.05
191	0.05
192	0.05
192	0.05
192	0.05
192	0.05
193	0.05
193	0.05
193	0.05
193	0.05
194	0.05
194	0.05
194	0.05
194	0.05
195	0.05
195	0.05
195	0.05
195	0.05
196	0.05
196	0.05
196	0.05
196	0.05
206	0.05
206	0.05
206	0.05
206	0.05
207	0.05
207	0.05
207	0.05
207	0.05
208	0.05
208	0.05
208	0.05
208	0.05
211	0.05
211	0.05
211	0.05
211	0.05
212	0.05
212	0.05
212	0.05
212	0.05
