100	-0.0446	0.0	1.0	1.03502473406e-15	0.0
104	-0.03349	0.0	0.801158069223	0.198786666322	5.52644554235e-05
105	-0.03745	0.0	0.0	1.0	0.0
107	-0.03878	0.0	0.0	1.0	0.0
11	-0.09906	1.0	0.0	0.0	0.0
113	-0.04553	1.0	0.0	0.0	0.0
114	-0.007066	0.0	0.0	1.0	0.0
115	0.003284	1.0	0.0	0.0	0.0
116	0.04654	0.0	0.99607783089	0.00392216911002	0.0
117	0.04087	0.0	1.0	0.0	0.0
118	0.06942	0.0	1.0	0.0	0.0
119	0.1009	0.0	0.0	0.0	1.0
121	0.1119	0.0	0.0	0.0	1.0
125	0.1945	0.0	0.0	0.0	1.0
126	0.4875	0.0	1.0	0.0	0.0
127	0.629	0.0	0.0	0.0	1.0
128	2.289	0.0	1.2562838919e-05	0.0	0.999987437161
165	-0.07531	0.0	1.0	0.0	0.0
166	-0.103	0.0	0.996886152376	0.0	0.00311384762372
167	-0.1691	0.0	1.0	0.0	0.0
168	-0.1392	0.0	0.0	0.0	1.0
17	-0.1287	1.0	0.0	0.0	0.0
170	-0.103	0.0	0.0	1.0	0.0
172	-0.08528	0.0	1.0	0.0	0.0
175	-0.09822	0.0	1.0	0.0	0.0
176	-0.067	0.0	0.0	1.0	0.0
178	-0.0663	0.0	0.0	1.0	0.0
189	-0.02542	0.0	0.0	1.0	0.0
190	-0.02293	0.319197337714	0.0	0.680802662286	0.0
191	-0.02489	0.0	0.0	1.0	0.0
192	-0.02155	0.0	0.0	1.0	0.0
193	-0.02618	1.0	0.0	0.0	0.0
194	-0.00936	0.999576727333	0.0	0.000423272667206	0.0
195	-0.008183	1.0	0.0	0.0	0.0
196	0.01638	1.0	0.0	0.0	0.0
197	0.02036	0.000239532452053	0.0	0.999760467548	0.0
198	0.05364	1.0	0.0	1.02829996541e-74	0.0
199	0.07161	1.0	0.0	0.0	0.0
200	0.1037	0.0	0.0	1.0	0.0
201	0.072	1.0	0.0	0.0	0.0
202	0.02621	0.498613707132	0.0	0.501386292868	0.0
206	-0.004451	0.835819716217	0.0	0.164180283783	0.0
207	0.002187	1.0	0.0	0.0	0.0
208	-0.01566	6.64085349286e-16	0.0	1.0	0.0
211	-0.01716	0.0	0.0	1.0	0.0
23	-0.08862	0.526111399914	0.0	0.473888600086	0.0
24	-0.0777	0.0	0.0	1.0	0.0
25	-0.08472	1.0	0.0	0.0	0.0
26	-0.08757	0.0	0.0	1.0	0.0
39	-0.07505	0.0	1.0	0.0	0.0
40	-0.06048	0.0	0.000195611724586	0.0	0.999804388275
41	-0.04258	0.0	1.0	0.0	0.0
42	-0.01596	0.0	0.985580372758	0.0	0.0144196272415
43	-0.02607	0.0	1.0	0.0	0.0
45	-0.03493	0.0	0.453076308158	0.0	0.546923691842
46	-0.03937	0.0	1.0	0.0	4.68188477061e-71
47	-0.01966	0.0	0.0	0.0	1.0
48	-0.02416	0.0	0.515633357719	0.0	0.484366642281
49	-0.04038	0.0	1.0	0.0	0.0
53	-0.05928	0.0	0.0	0.0	1.0
54	-0.03843	0.0	0.392779709505	0.0	0.607220290495
6	-0.06674	0.0	0.0	1.0	0.0
61	-0.05779	0.0	1.0	0.0	0.0
62	-0.05178	0.0	1.39151783789e-239	0.0	1.0
63	-0.05104	0.0	0.0	0.0	1.0
64	-0.064	0.0	0.0	0.0	1.0
65	-0.05943	0.0	1.0	0.0	0.0
66	-0.05615	0.0	1.0	0.0	0.0
67	-0.06042	0.0	0.0	0.0	1.0
68	-0.06579	0.0	1.0	0.0	0.0
69	-0.05628	0.0	1.0	0.0	0.0
7	-0.08588	0.0	1.0	0.0	0.0
70	-0.05407	0.0	0.0	0.0	1.0
72	-0.05872	0.0	0.0	0.0	1.0
73	-0.05231	0.0	0.0	0.0	1.0
74	-0.05335	0.0	0.840510847013	0.0	0.159489152987
76	-0.05742	0.0	0.487724286025	0.0	0.512275713975
79	-0.05216	0.0	0.0	1.0	0.0
80	-0.05237	0.814688213791	0.0	0.185311786209	0.0
84	-0.1193	0.0	0.0	1.0	0.0
86	-0.1009	0.0	1.0	0.0	0.0
90	-0.05915	0.0	1.0	0.0	0.0
91	-0.05743	0.0	0.0	0.467281847953	0.532718152047
92	-0.0648	0.0	0.00197266156669	0.0	0.998027338433
94	-0.04931	0.0	1.0	2.67806084105e-70	0.0
95	-0.05018	0.0	0.999903215117	0.0	9.67848834703e-05
97	-0.04552	0.0	0.17978956644	0.82021043356	0.0
98	-0.0412	0.0	0.996937089265	1.36633538177e-15	0.0030629107349
99	-0.0437	0.0	0.00231776758539	0.997682232415	0.0