-65.8997918086	0.509857052766
5.83992086054	0.22684463141
-44.1702039611	0.397548845535
10.0970554995	0.21540747896
54.6052249544	0.128486474946
-47.3481599741	0.41389619874
-26.3654451079	0.325690197941
48.5602478385	0.136343302913
18.795156699	0.19144638348
-44.5307753591	0.397884446523
27.7621960776	0.170950975443
17.6448500195	0.192665994268
-4.35694530688	0.253023428798
-10.0094660384	0.265192862518
-17.3398348086	0.291740937503
18.7923287342	0.19165546473
-48.0661411079	0.413521716441
-6.72957043702	0.2560893271
69.9030024493	0.108205960704
0.498534718089	0.238454167442
12.4661824414	0.210198075289
13.0288086281	0.203850229579
-20.8909105179	0.300433013611
-3.14825749436	0.251542015415
19.882657347	0.189695556412
10.2730478578	0.215546042476
-13.2603985735	0.281838648705
-9.87824486683	0.271319277325
-10.9390614593	0.27460216071
16.9258380009	0.200578433861
51.3343430605	0.136140824171
60.3102225653	0.122334852217
136.907835664	0.0510320330641
58.5155173915	0.124258532092
67.8598004221	0.111792269506
52.4542288072	0.13339056235
36.7427336158	0.158683662559
99.9606388902	0.0769387374599
63.4527012408	0.117815511465
38.2147832244	0.156090232202
121.9796477	0.060301240267
55.159609761	0.129178741064
50.90403048	0.135506860518
50.0253627345	0.137546645843
46.585233066	0.142409862462
104.779750054	0.0730918236395
66.2194387925	0.114154931588
64.0499810785	0.117091170445
42.5873797828	0.149621184824
51.7539900736	0.13428110801
108.625714373	0.0701933575518
70.1286543442	0.109425018053
63.3139608903	0.118197917698
37.150568895	0.158969245087
53.190422497	0.132393858509
37.689698094	0.158046532814
66.4221035346	0.114124709407
44.1970420994	0.146838220482
59.9330082185	0.122496988038
53.8572478322	0.131275103749
58.9954441993	0.123733210375
68.3713579983	0.111371847336
61.54131786	0.120474642837
31.5680127073	0.168945263633
37.4957124698	0.158540659332
66.6761945358	0.113832779323
54.9687543647	0.129901600196
62.9476513134	0.118570565119
75.9438628584	0.102589931147
97.5028208665	0.0797220366204
23.5918526646	0.185119032405
22.4057760622	0.188003358763
73.4364864875	0.106000746185
73.1465298844	0.106253724426
44.0649693748	0.146914952812
41.6017519802	0.151375948145
55.7363536858	0.129036388007
87.6355457371	0.0900673023337
31.0991393604	0.170250472931
46.0058272669	0.144149740238
64.0309202877	0.118030970433
138.425821766	0.0506333830724
29.6238350069	0.172730794845
85.5945003499	0.0929433359148
124.947928098	0.0596792143651
22.073466475	0.188849275065
29.0247105128	0.174875125166
40.9019612683	0.152956361015
167.19362066	0.0367155829957
36.3129507716	0.160783711089
55.3103844642	0.130064755905
22.4072169528	0.188184188129
100.727161119	0.0780012020453
29.2209367296	0.174301720154
132.96515957	0.0541565833652
27.7804375756	0.177271821363
149.294889711	0.0450475153885
20.5207932584	0.192381275508
53.0940389368	0.133530322417
25.2318173348	0.182516753737
142.843298264	0.0484725477191
46.8046655877	0.143119320974
43.7829800412	0.148239330676
25.9445020175	0.181102863987
130.34029748	0.0560589089196
59.7745037254	0.124035215547
128.29938771	0.0574689789666
34.7771043683	0.164076586523
118.105260016	0.0646354728448
24.7049778833	0.183743865669
63.7801684005	0.118542561902
31.0483272364	0.170240165032
33.7026029544	0.160645284489
37.3533132967	0.158797987466
16.5481119075	0.200157925911
-2.26394681356	0.241558010536
43.7346193137	0.144900413065
33.1783935322	0.163849447839
29.991350364	0.172656682711
111.326774355	0.0695740648777
10.4739499772	0.211517954263
50.893998805	0.132315548457
32.8894511758	0.166714058588
118.958835287	0.0634771630837
35.7360879311	0.15959257409
65.1412968684	0.114046286624
51.2514641717	0.134682617944
50.878822319	0.13661743622
47.7815488294	0.138855605585
-19.2487105175	0.295412443138
60.897664995	0.119437793979
98.9580029547	0.0789647118836
144.918370268	0.0472885052579
48.2297114805	0.138259109199
53.3304796441	0.129554837762
62.3436214944	0.117883964553
123.687081899	0.0593555819089
115.773785233	0.066114049239
58.833076903	0.122227770216
46.6264125772	0.139144786287
37.1604319584	0.155381110789
27.9735876608	0.169864738081
13.350541667	0.203119284484
23.872763229	0.178399368267
138.172284171	0.0514662899386
48.7111128582	0.14037319083
39.802478649	0.151315532837
50.109080326	0.13404412866
7.99904736519	0.21499608992
9.00162044517	0.211596129427
54.9261409776	0.127011341468
54.6988494649	0.129844430441
136.181878735	0.0527045573583
99.7611190472	0.0775542934189
105.674229296	0.0722623513605
56.3033724754	0.125819595929
-26.6352093126	0.327537195557
83.1490478252	0.0956204987627
16.3980920319	0.201380095844
-27.3251780569	0.322923893136
34.943965777	0.163493667376
104.442226158	0.0754673777324
82.753086037	0.0960983917811
2.61954838156	0.234787557806
18.9265347413	0.19478653172
30.2564945755	0.167664372959
19.0946602197	0.195603769596
-23.5829015915	0.311511546608
20.4147343293	0.189614392529
37.5955052091	0.152387097569
53.6844110875	0.12978203909
75.8306295868	0.102498040381
45.9867004933	0.140435487338
21.7909294697	0.186632142447
50.1858927985	0.135344629891
8.06647229115	0.218806879497
56.4286623861	0.126457426346
10.7099712573	0.212342258586
21.5288753806	0.186497914827
15.5547649711	0.200230806109
60.5600983472	0.121285284249
34.8363782192	0.161624028781
21.1360346006	0.187839181286
41.5484738216	0.148959381795
39.7046368324	0.153319112465
29.3256147384	0.17191823789
16.5123464594	0.1978362805
45.4712685554	0.142320819719
47.2657753256	0.140667377766
13.8651762364	0.204917947624
-14.2497825694	0.280162148906
41.3066196407	0.14801806674
65.2147739415	0.11418194145
7.95006198882	0.219325295869
-6.99736632207	0.25696711028
57.9791967641	0.123089517636
36.3752786482	0.157989071472
14.3234901562	0.202306779156
-5.38308341437	0.252001347668
66.2813280239	0.112613092465
29.1987078324	0.170885385673
-13.501341494	0.276904696781
33.2799596239	0.160568712484
60.5853067261	0.119992264386
45.1009345148	0.142783297871
24.4632932072	0.180886052173
49.6326300768	0.134759632507
-8.6895723525	0.260135222508
-9.75446692306	0.271020998763
7.23476500788	0.217519788581
-3.40293546245	0.247816853267
51.1305759922	0.133264409073
20.1004356054	0.189377647351
-19.592977968	0.302032510078
21.0591785343	0.189785610547
95.7061311591	0.0826397181108
30.1141097996	0.168933494479
7.59510757956	0.217298423251
153.255142191	0.0427276796863
73.5821897782	0.104042806908
55.41512465	0.126408584632
48.3096222385	0.137310199679
51.4901410657	0.132115570495
16.0541241314	0.197593306103
15.1624576987	0.201471090431
18.3080236903	0.194638317694
24.8729991413	0.181993595389
77.5763035207	0.100941204786
63.4585124081	0.116261534069
8.72100641368	0.216570415465
50.1552654965	0.133091250382
24.9154145848	0.1797323222
153.755260617	0.0428975735798
69.9870756617	0.108120328285
41.1119308969	0.148966568459
34.1471638697	0.161283337513
53.536258673	0.130013556921
69.3449485233	0.109646603022
61.9803828992	0.120984131979
98.9943824268	0.0801479192508
52.366795024	0.133923989272
85.8865957834	0.0909067202598
42.2446326444	0.146572115866
28.6815536511	0.17169000891
88.881054861	0.0875768857839
53.1778759672	0.131583882106
27.7747656264	0.173303119306
31.0652112037	0.167044442709
80.3936948233	0.0966564950663
46.0839359913	0.142168074
91.0688222668	0.0855714204775
18.6681661968	0.194393755514
68.1027438309	0.112913433387
31.2345811076	0.167446200424
-4.62662551821	0.253704209219
32.6763668893	0.167206467797
74.8433243153	0.104814016332
21.9845781303	0.187885546008
49.2627441799	0.138090216142
131.332167364	0.0553775549758
53.0952057575	0.133465628297
60.5977052988	0.12282472923
36.2483455623	0.154639443755
19.1519947543	0.194072201849
35.5054210618	0.156304129513
62.8899322969	0.119650265462
108.651714366	0.0718023368804
162.291020812	0.0389668776332
55.8198145441	0.126221619048
26.5439229881	0.174790619938
41.75760633	0.148899362592
90.5141335074	0.0877212932542
46.6525349855	0.139653843011
40.1359834389	0.149070876523
33.5979832935	0.164802524614
16.030748865	0.202058936748
58.1141392289	0.123096153136
76.4094752032	0.102449044039
14.8290779469	0.201225843986
10.3888325048	0.215853945692
24.7339789921	0.182952911023
110.941490783	0.0701389622702
46.8218619921	0.137978576029
0.788649484081	0.2382173571
60.6748928832	0.12279300816
86.2621820533	0.0924534591636
128.889081529	0.0564178485652
43.6059969967	0.142565767754
57.1587180998	0.127718891623
19.8128641236	0.194165905258
27.7036030532	0.176972454925
13.8262243534	0.206877255804
4.38863286702	0.225240462464
36.3093028677	0.160893429175
44.7831052644	0.146676516666
79.7713882777	0.099341575565
57.6628012601	0.123743572319
14.9320720263	0.203942927337
21.3412765659	0.190112837502
60.686292242	0.12100271286
30.0951927012	0.167362624398
70.7315547882	0.107750499768
23.2144785586	0.182777954512
15.0946666399	0.201233774023
52.3226740484	0.134368058893
67.714465792	0.113457025754
33.9220965368	0.164411754653
82.6662859744	0.0961728132929
105.27017811	0.074628999126
40.3639829416	0.153616286402
129.814477524	0.0566671581962
102.058625801	0.0758884084084
42.8562497513	0.149635006629
67.202924613	0.114208556357
46.1314397993	0.143303435676
60.4996112771	0.120249201888
51.2412840451	0.131872851425
62.7581999644	0.117053419407
102.098810355	0.076092454106
48.4847553316	0.136726762676
32.4127347119	0.164194055146
29.7463548916	0.168965491767
55.6090659331	0.128138823457
47.6478816526	0.138186140911
130.6234315	0.0548411784079
39.5198967398	0.151097623989
33.9111604624	0.160785324365
50.3116495093	0.134441105113
22.6255469233	0.186697726977
66.1312400452	0.115593066802
40.8688647661	0.147408477002
59.7060565467	0.123907996533
84.1269969491	0.0946336722266
82.0163657314	0.0968574832768
26.5152101757	0.178191555736
18.1419506017	0.191363548284
83.5608715992	0.0952185908462
91.4310601535	0.0872317480018
0.63450304903	0.239440244069
18.4744611222	0.195526637118
24.0490004928	0.178964676032
27.274239945	0.176525566031
26.339594126	0.174246189929
45.3060692319	0.140523550264
39.1903007023	0.152864483747
130.30803892	0.056254407487
71.8992169248	0.105855910402
125.802777562	0.0592669807812
24.4746133223	0.18329452175
79.2709957909	0.0998988752032
1.69181940485	0.238167787841
16.3033013097	0.201671000858
29.2372818516	0.170136890638
32.2968955734	0.163952614535
117.240710405	0.065308666929
19.7910600902	0.191026003701
108.237268077	0.0706378051631
128.793863377	0.0572180386189
67.2935689639	0.111288043438
27.0121767187	0.177374839795
79.0635721366	0.100137530764
29.909751766	0.173247023383
80.9248180107	0.0980913198446
74.0635076935	0.103274823139
14.6168516454	0.200917377316
28.8388878883	0.172399386013
93.552155491	0.0837467092359
66.9190710342	0.111648556374
10.45974036	0.20797350701
107.88064097	0.0710883518573
53.459983256	0.130544386398
52.648978202	0.13147948434
102.891992855	0.0759305821755
48.9367801293	0.139964750086
88.4289782602	0.0901798807494
9.48884439748	0.212859815484
104.111029598	0.0757500087173
76.7282758164	0.101237563108
123.682090055	0.0606780922167
54.8919380188	0.126754616151
85.7281543734	0.0929996809128
101.195874897	0.078034078274
156.802751786	0.0411610181256
22.6124534169	0.1878732963
165.708046393	0.037468056574
74.6646347866	0.104082108138
113.543651099	0.0679624262092
167.797418375	0.0365600088949
22.8363016657	0.187409206235
124.599516771	0.0601110207794
156.966604748	0.0416356050114
90.5101813717	0.0881333618248
92.1456401532	0.0844236384767
155.527360428	0.0419108294021
79.5248726418	0.0971400100741
76.3177719566	0.102285857556
71.9032421304	0.106680338895
113.179353718	0.0682402447146
64.6408014208	0.114569995769
32.9678932416	0.161658104579
101.931615752	0.0752759025393
80.7520890182	0.0981831490851
89.5743727947	0.0890681469338
74.6466093297	0.103703277429
110.236264439	0.0705829514076
74.1629122943	0.102879900292
57.5440474948	0.12381164951
62.8656002658	0.116767871022
31.8992774832	0.165240967213
107.579294243	0.071094935654
43.182871212	0.147650021609
70.5945024702	0.108769913644
87.5705100933	0.0911070537089
69.253395097	0.109038650717
54.5404182812	0.12790253512
66.8016273272	0.11203898546
70.3997357163	0.108059002068
59.11629422	0.122061056387
46.3516993843	0.138980459256
101.567355403	0.077285792561
103.638904156	0.0760282355211
69.2490256137	0.109629301477
57.7565316502	0.12302963814
35.4962581977	0.159467055845
92.1166387261	0.086520236325
131.718882341	0.0542453288754
86.3501839045	0.0923286167558
75.7338817144	0.103919174757
71.7467560789	0.108542658149
37.4489649048	0.158585075624
139.522060534	0.050596079728
91.0658356154	0.0876183936396
122.193057808	0.0617331162358
80.7115890326	0.0983255253262
89.8782853998	0.0887936077374
118.940699693	0.0639402035182
119.835357475	0.0634377215733
48.2706072378	0.140916497364
123.585221466	0.059619938455
95.2561710346	0.0835325537336
99.3925451493	0.0796887060501
119.604952445	0.0634327057434
115.413183244	0.0666963014167
144.491728048	0.0479203258766
42.9638892437	0.149329641284
88.4159734545	0.0900257915043
90.0020419398	0.0886144623661
117.45938686	0.0634283893024
127.494497877	0.0568706579463
32.9388339725	0.166566898503
76.4033393069	0.103149069912
61.5483138415	0.118687602155
147.161895751	0.0464198370155
106.242466633	0.0739276885641
79.2276248369	0.0998481522449
85.1727668336	0.0925605962246
89.9128700256	0.086757391967
75.2657919197	0.102771089592
67.9040843395	0.110753850389
98.9153135571	0.0793933889829
85.1815058661	0.0913226534634
99.3840282897	0.0777303787643
76.6193094191	0.100044218671
61.7320149067	0.118413704767
49.8372699247	0.135290699536
40.6141766771	0.148739784178
46.0974193762	0.142880890106
140.640925778	0.0500925716863
150.961844668	0.0438931460536
103.69100808	0.0761114374974
86.2231802811	0.090313633393
142.313244834	0.0483194912845
123.750318525	0.0591881406749
154.364492278	0.0428520542218
114.553508738	0.0663526147398
143.825698987	0.0483478526843
102.665487103	0.0758925649409
129.908269635	0.0566240999696
111.538602196	0.0681882301208
101.24297968	0.078205043857
125.072412787	0.0584903516394
105.701513935	0.0743958196821
110.688257008	0.0687804903331
152.373496466	0.0433058915029
102.74722044	0.0753524232325
112.888546594	0.0686452822035
152.55759873	0.0432639230685
126.555590499	0.0576766439442
59.551991835	0.121684281901
61.4917786954	0.118727075303
120.598631736	0.0621199150652
91.7726028446	0.085156071358
191.371970116	0.0283030301806
102.483738033	0.0765630939351
120.649817189	0.0617791543003
158.930947825	0.0403178708318
196.996879593	0.0265621889488
124.349800496	0.0598131332591
162.998314649	0.0389137018164
90.9137222317	0.0877826618941
178.204521937	0.0326892306401
140.228321744	0.0503103628216
162.457168991	0.038940639005
123.214113427	0.0605721609526
68.2094223249	0.112939559267
188.485148282	0.0292288743225
129.575010002	0.0567960937726
201.492683393	0.0252347127109
76.2582308209	0.103270682544
77.7383498331	0.101605503167
97.4857727793	0.0815741658493
66.9330415406	0.11439090787
76.7103462234	0.102694487963
70.3650815448	0.107296771971
61.664594261	0.118136682088
56.6842514785	0.124417815291
97.2100294741	0.0815160169494
117.058969397	0.0654905875301
58.2606471487	0.126041902653
109.860157136	0.0709040444123
139.808314274	0.0505387888158
192.393083331	0.0279761641145
127.0892355	0.0583076156038
176.53378253	0.0334788832109
176.396978011	0.0335486048365
154.923860222	0.0425941195579
154.860781091	0.0426550593162
103.366341256	0.0749905158732
129.580861381	0.0556390544097
155.129623372	0.0425412478345
89.6164471253	0.0891000772151
78.6499186821	0.0981296785364
86.8553952933	0.0918408771952
142.471224523	0.0482002224076
196.036696949	0.0268638587974
126.684494405	0.0577125402608
78.038856669	0.100019105847
106.455988373	0.0737912929488
107.421334177	0.0712500631759
129.80332536	0.0564756598797
77.7849432852	0.0992428837198
105.686614044	0.0724325911526
112.120062378	0.0692417879854
66.0393218274	0.113440172895
59.5556931102	0.124321802718
150.674612079	0.0447437517898
134.348007744	0.0538416409134
108.017384622	0.0724859524654
95.251444384	0.0836552501414
104.167366246	0.0756893313464
93.4196227043	0.0830017957538
143.526521507	0.0476261232659
110.480074956	0.0687899086995
87.002140876	0.089564251731
88.0839448103	0.0883598402677
134.647830883	0.053379068022
107.513084015	0.0729134220738
81.5055193604	0.0974177091841
101.533562814	0.0759594195733
156.546780611	0.0417867035191
109.17359199	0.071561686458
133.328777148	0.0544118109812
91.9373705287	0.0867813383755
107.001891716	0.0733450914254
75.1017567088	0.101635197061
57.7140373969	0.123770447867
68.8604706956	0.109252521484
64.6392239807	0.114588324815
118.463124069	0.0632156546183
162.867541492	0.0385329349765
128.750070259	0.0571506717345
89.7958287715	0.0888879237
98.9273313359	0.0802744143276
165.393341229	0.0379461694749
129.231774017	0.0570414640975
91.5309789526	0.0871507074578
122.535721563	0.0615522348259
78.1323245834	0.0984974572927
151.229116395	0.0438447200909
148.685003616	0.0457155628284
130.584726373	0.0551735254485
88.6727659282	0.087892549783
111.5543113	0.0696815021203
84.9689540955	0.0915031249954
108.793844407	0.0718575193303
110.144749646	0.0695978924302
84.5627129986	0.0941675963421
102.806725365	0.0768735463168
98.8479596939	0.0787417872086
168.990430283	0.0362322828709
146.994778137	0.046045168685
218.779695563	0.0208029499982
129.620580206	0.0568137769705
92.9620383395	0.0857957950752
60.3442852914	0.123187932831
102.922754777	0.0767276402476
112.445529278	0.06898233105
204.002363734	0.0244935724213
163.29749319	0.0383810687277
131.460931715	0.0547690032456
165.890583732	0.0375561525971
136.28196178	0.0518478941658
198.070950119	0.0262539448988
152.107012467	0.0433689248625
100.619865888	0.0787727940093
97.9320955793	0.0811697762476
126.370717009	0.0579199043831
155.49801393	0.0422528083996
124.379788441	0.0602763986644
89.128060267	0.0895139257264
134.429354949	0.0537765832268
59.7507490257	0.123788884674
158.371313097	0.0406623690043
126.837176004	0.0586236553919
201.76349952	0.0252100086107
107.08588732	0.0712862118445
127.67644159	0.0580805675762
159.510725528	0.0400083527158
110.818975546	0.0685568595096
140.442305183	0.0502578733268
122.37749343	0.0616340987854
148.692110994	0.0457553493409
124.737952598	0.0586015167065
141.183654063	0.0497976823266
131.912068839	0.054254624559
171.304284793	0.0354690859996
127.154948149	0.0583850175064
128.628432348	0.057454893133
182.881532791	0.0310275294308
193.663881571	0.027580259619
133.58662731	0.0543144969913
89.6005476019	0.0890484669223
137.55234837	0.0509796019674
115.571032966	0.0648571739649
162.986863229	0.0389586818211
103.537267833	0.0762401566155
180.896810209	0.0317138617012
195.089977559	0.027130416707
141.900482164	0.0494395077778
90.1555726987	0.0885189181993
106.157160073	0.0722969931505
115.419230714	0.0650726273509
207.547552316	0.0235843971457
112.727032752	0.0687409630132
118.227813664	0.0638130870064
140.964373078	0.0498618299792
129.845405868	0.0566445975311
129.533236064	0.0561775018375
183.243918583	0.0310110210701
100.23967854	0.0779843625426
177.251459159	0.0332010887201
159.864786001	0.0401249982916
137.786103841	0.0517908227255
173.194207067	0.0347493496239
141.368115569	0.0497226334512
168.690961414	0.0362663197515
166.083873067	0.0372818933139
212.919262874	0.022200967807
203.977578068	0.024583346581
95.7867564334	0.0812640065622
235.336128373	0.0172672287988
216.843895883	0.0212612621228
109.246908994	0.0696820403647
215.775249273	0.0214509103387
211.324749675	0.0225693995774
136.702598707	0.0515713137631
119.2619912	0.0638355663465
217.9345604	0.020941463648
149.621811714	0.0453119770951
206.451125986	0.0238620570524
225.819620556	0.019177082604
224.800584074	0.0194005089862
138.973542883	0.0511033412868
174.943358563	0.0339988421767
161.905053818	0.0391700860558
188.999744252	0.0290607814252
150.887183421	0.0443730027874
232.743686836	0.0177138920988
203.061636285	0.0248249874081
197.191229464	0.0265176925625
206.20306772	0.0239295814596
181.892432744	0.0314816695625
194.052008788	0.0274512857679
213.965835232	0.0219263302095
172.739642492	0.0348699883125
194.465494024	0.0273381012461
173.330364371	0.0346536889383
189.90536083	0.0288206749141
154.89494373	0.0426958928343
148.87478955	0.0456982427878
180.598763333	0.0319627874697
189.022941734	0.0290658228528
154.952903568	0.0426666426501
190.585593154	0.0285963038016
147.437585124	0.0464044011834
167.522173448	0.036998538109
160.755089892	0.039955467656
134.15958289	0.0538699750915
197.463439128	0.026416979343
149.673577866	0.0452585217806
154.839207494	0.042726563257
145.518635685	0.0470378805905
204.205196344	0.0245081613552
178.199597883	0.0328792215904
221.666611738	0.0200947810364
189.554576333	0.0288799231168
184.83927118	0.0304304170907
146.314088064	0.04687852451
243.122711212	0.0158112495848
174.377707925	0.0342728623503
233.745395462	0.0174885826203
233.022598298	0.0176951347796
192.885179741	0.0278073102779
156.869460647	0.041391935373
180.406920735	0.0320734306681
180.919450103	0.031815690309
141.493555725	0.0496264954421
193.242447074	0.0277250091941
168.408293063	0.0366672684483
175.81661408	0.0337088132107
161.696672882	0.0395346952511
180.221638685	0.0320550846001
228.588246243	0.0186188664563
164.592076054	0.0380260863214
178.695180386	0.0327013907552
167.3212869	0.036827793983
198.911278621	0.0259791025869
137.27110313	0.0520883460202
149.103211646	0.0455636503411
185.979360968	0.0301048496576
185.302801538	0.030278127791
137.931036753	0.0516973959738
161.424639729	0.0396252510384
210.482079992	0.0227966038945
141.566289813	0.0496187068688
139.060364044	0.0510046709362
209.712923552	0.0230188554988
147.795796979	0.04624608519
199.235180103	0.0258314723443
177.035893468	0.0332768628037
131.960961167	0.0552974176029
204.531851404	0.0243926036022
180.837261307	0.0318876044577
203.569359812	0.0246936256632
197.112023015	0.0265306476357
153.903579478	0.0426204609595
168.412213367	0.0364359493603
176.152371579	0.0336080293184
218.926395117	0.0206997845206
178.897424318	0.0325939241403
236.648760573	0.01693059568
157.887772272	0.0412513384027
185.283713374	0.0302651434741
158.96102817	0.0404996990082
219.492009905	0.0206220647008
177.633131034	0.0329557675432
210.480130108	0.0228032003616
175.95981652	0.0336936219256
150.542677506	0.0448383715061
182.376089841	0.0313454607779
177.715689788	0.0330169016196
161.388056916	0.039707731881
161.511916148	0.0396513148433
137.360217252	0.0520361505108
145.342358411	0.0475473047879
210.567918389	0.022819217965
178.862449721	0.0325557148972
219.355357768	0.0206045830858
234.87347555	0.0172735995444
165.660893573	0.0376934289786
177.948996178	0.0328632904238
171.293189363	0.0353407465659
169.187823211	0.0360650350231
207.522828072	0.0235508759586
217.990030577	0.0209327319077
173.409653092	0.0344835894199
189.96487591	0.0287509055234
211.163930465	0.0226662424942
220.136367843	0.0204552352266
210.667370808	0.0227862687337
225.347345763	0.0192830853553
174.265811854	0.0343353998009
232.919644151	0.0177305805912
205.664856456	0.0240953814096
212.94908809	0.0221733525312
192.32818865	0.0280099459334
208.450324746	0.0233563667532
199.226970485	0.0259132571087
209.412927431	0.0230914562947
220.797923468	0.0203038230815
214.016157226	0.0219265286829
207.842915122	0.0235129600577
242.555563823	0.015895843248
175.324743457	0.0339077885024
245.218593519	0.015446129048
188.434372795	0.0292552050999
234.57995495	0.0173759460594
235.427632368	0.0172329604382
227.302525568	0.018859741942
229.698485574	0.0183711417237
208.483697028	0.023312794969
231.720205026	0.0179585374248
217.427585738	0.0210588705232
211.384675494	0.0225905060351
192.831807211	0.0278392466624
187.3111639	0.0296204652326
217.026666209	0.0211794938642
242.402127409	0.0159524433604
207.388528393	0.0235978772015
199.44833657	0.025839368758
239.563413048	0.0164387339662
240.264817934	0.0163352202704
201.520795776	0.0252055076732
233.920125712	0.017528995244
203.417770869	0.02467535949
197.931162218	0.0262890437763
205.405607141	0.0241270765165
221.634836395	0.0201261011253
181.508009861	0.0315378199489
214.353883076	0.021805680322
203.389502223	0.0247117139523
204.510757595	0.0243916615389
195.51141211	0.0270063362899
203.657454783	0.0246454531623
181.538394939	0.0315467672694
190.504719959	0.0285799646159
186.579038599	0.0298613429613
194.418740377	0.027340793258
178.980198509	0.0324515454098
174.072250603	0.0343332279518
180.826890167	0.0317999915729
213.708346842	0.0219790931747
203.405136753	0.0247182330993
170.650313281	0.0355644549638
216.854421212	0.0212188876299
176.082983605	0.0335921717412
168.420583245	0.0364003911143
193.364387639	0.0277412645906
216.117510854	0.0213760464203
180.393379833	0.0319525533532
215.603257399	0.0215270512674
186.826458276	0.0297721554714
211.833495598	0.0224646136892
188.335689759	0.0292999293311
201.764035341	0.0251720266998
186.94595671	0.029739990753
206.005212084	0.0239898433815
156.88631961	0.0413072599482
189.519622606	0.0289000869955
170.537531952	0.0356226639549
159.065197711	0.0403776651921
203.742048684	0.0246000366984
159.670840806	0.0400522743667
189.900295331	0.0288464492711
155.348796616	0.0419764357359
205.452990502	0.0241321913884
155.909586973	0.041868919704
224.762012435	0.0194228015457
198.133348542	0.0262815478154
208.31913894	0.02335740914
167.33509575	0.0371217571106
229.63141634	0.0183561136562
160.466281502	0.040116640476
198.653936621	0.0260922102305
170.710864964	0.0357536896066
180.302144887	0.0319602384381
175.595914736	0.0338514261644
186.770233359	0.0297633855649
179.990489025	0.0322165193314
174.817367298	0.0339482009451
199.956990309	0.0257230796971
168.986551181	0.036181821676
212.473214863	0.0223279149415
151.805593096	0.043644136342
216.473694757	0.0212913979318
182.150470464	0.0313265625183
231.403976441	0.0179929660299
161.829116046	0.0391157453105
223.583839663	0.0196631000376
187.619295552	0.0295185553422
195.966282894	0.0268773080413
227.61866846	0.0187712052899
238.322510945	0.0166418265866
237.658999081	0.0167817629827
240.738300523	0.0162015657638
244.791540214	0.0155124505802
235.616256238	0.0171707522393
242.936782415	0.0158183553919
229.115244811	0.0184821242893
222.507359856	0.0199152111456
216.98034947	0.0211922326998
243.851453278	0.0156941652483
242.124794497	0.0159942761602
214.797349257	0.0216961734099
247.421955411	0.0150610057499
241.535431274	0.0160928939121
213.870268142	0.0219657275414
236.188685577	0.0170855492934
213.641825843	0.0220163417952
217.25376598	0.0211367227355
244.536720091	0.0155438331595
210.1072553	0.0229177804156
242.40745324	0.0159379946637
202.960452315	0.0248549757509
224.03244493	0.0195635099514
226.395843187	0.0190338409404
238.079030959	0.0167255180355
205.892872222	0.0240406431748
223.635434826	0.0196377061329
203.810020365	0.0245863121759
226.619139983	0.0189905105896
227.253744301	0.0188347579122
240.250519827	0.0163293469705
215.000153069	0.0216598817571
227.84894308	0.018737050821
227.961345572	0.018684129905
216.792048889	0.0212219795103
212.885049921	0.0222129159833
221.461806045	0.0201305549579
193.075735744	0.0277957583093
234.707864679	0.0173956605288
215.176672182	0.0216346269778
212.146939739	0.0223737840158
243.996752952	0.0156056197344
227.180389149	0.0188865285894
217.232222105	0.0211545182516
235.978710151	0.0170999429953
203.347814797	0.0247920508173
240.025692796	0.0163526530218
192.892708872	0.0278913294265
223.197726995	0.0197514816625
175.19634963	0.0339696010962
230.301826694	0.018252113529
222.798702181	0.0198274064288
221.00848369	0.0202490268397
222.113318378	0.0199929969655
224.643267996	0.0194210887844
209.779588075	0.0230140402622
230.097413684	0.0182857599175
194.816744024	0.0272488639007
214.698095033	0.0217993384553
208.682447693	0.0233108165942
205.536116789	0.0241765770511
218.481246034	0.0208884127544
210.363013756	0.0228534291704
236.748362784	0.0169612040423
234.088069592	0.0174753409488
231.452199701	0.0180218609147
245.661100921	0.0153707439484
222.317016894	0.0199681151265
245.463928669	0.0153611223772
214.03928103	0.0219209970286
220.257320999	0.0204236405336
246.936434495	0.0151420530349
232.387036029	0.0178150228313
229.9001364	0.0183361525905
245.260289938	0.0154199125778
243.621399635	0.015704021025
243.000307072	0.0158374177918
238.744407625	0.0165790676113
213.618493352	0.0220133996986
227.643320689	0.0187925863796
224.372515208	0.0194912553605
243.085187898	0.0157762485885
240.945900138	0.0162033157952
229.29347263	0.0184165615194
239.589510037	0.0164251199518
222.486306764	0.0199322022431
198.217653283	0.0261853321718
232.443576848	0.0177857079395
235.03537704	0.0172786748995
220.687127912	0.0203067135872
232.970395098	0.017683697517
231.767626475	0.0179356361122
238.593171553	0.0165996502038
200.845870629	0.0254235017908
239.59593785	0.0164192429236
229.55206506	0.0183700781024
208.450621377	0.0233863694208
233.958944041	0.0175001805475
209.443767479	0.0231011112806
214.675511106	0.0217444945003
197.982915795	0.0263053308465
223.77210817	0.0196451701003
204.034363435	0.0245732995933
224.784195153	0.0194137482737
211.184316726	0.0226390593104
231.820840139	0.0179250381726
209.783305607	0.0230281481178
229.762690581	0.0183140941445
221.138494129	0.0202863251949
243.74273057	0.0156712669916
206.746606442	0.0238533933978
242.886178597	0.0158108563442
223.123011678	0.0198300065
245.11122032	0.0154322142893
220.929464524	0.0203221812147
233.366105139	0.0175939484329
238.896555158	0.016580677114
236.876195896	0.0169115557144
239.549814851	0.016470719021
227.905259387	0.0187038148655
243.104555958	0.0158145031593
233.691374998	0.0175516542085
225.812079375	0.0191715149305
254.253386223	0.0139873509555
226.281647748	0.0190954842097
248.355201215	0.0149135872761
228.475855025	0.0186320903665
233.3531081	0.0176466472791
239.206772826	0.0165172543369
235.016516205	0.0173118761759
247.367222476	0.015074042875
240.485794235	0.0162909543606
251.386952654	0.0144168412778
236.330342725	0.0170586771475
248.819250496	0.0148125803997
222.732417063	0.019863406938
239.315643918	0.0164729136814
226.864047921	0.0189511826667
240.890338162	0.0161903729008
218.284985296	0.0208877183971
249.467493153	0.0147278001828
237.054451434	0.0169197785161
240.230796967	0.0163071617893
225.180590696	0.0193378706853
249.00978052	0.014828400566
235.911517735	0.017131812005
225.678839995	0.0191906405577
209.954716864	0.0230089491158
215.440773231	0.0215612620928
234.553644429	0.0173932039137
222.587122358	0.0198786319354
209.702609651	0.0230038250369
213.720657537	0.0220395827562
249.623242696	0.014703919707
230.55696716	0.0182088337858
210.380870686	0.0228448829457
215.170190846	0.0216678834482
220.662376497	0.0203175818964
224.2239012	0.0195563438402
232.431926151	0.0178240055985
206.662502518	0.0238879929176
233.156508391	0.0176484778451
209.920417367	0.0229800933168
222.883714631	0.0198210555918
183.013747842	0.0309747519813
217.836303791	0.0209854442811
213.116297553	0.0222176610974
233.891339706	0.0175254819629
232.101402287	0.0178859242277
217.128995121	0.0212196145071
244.843981029	0.0154838422292
232.737636933	0.017721955892
239.613516294	0.016415096377
233.971540868	0.0174732259723
238.397255831	0.0166482282082
235.556932326	0.0171696044125
236.773315024	0.0169474237739
244.718627127	0.0154874251568
240.519557682	0.0162460652208
227.454575675	0.0188268236717
240.609514087	0.0162230386651
245.639504978	0.015360355299
230.888290055	0.0181202934635
227.832521459	0.0187465557566
221.741180496	0.0201316630041
231.450143631	0.017992684478
248.330691976	0.0149198965067
235.575600865	0.0171747310318
236.17321388	0.0170677881088
243.485008556	0.0156914265321
248.139218069	0.0149496084377
226.35898294	0.0190552291101
241.736714629	0.0160395418192
241.695202427	0.016029999938
233.800766371	0.0175248378602
229.034371495	0.0184920820799
228.307389795	0.0186466750939
237.348787551	0.0168448213252
239.616461943	0.016437755401
243.06162383	0.0158297592241
224.1339573	0.0195480248465
242.240463164	0.0159638335069
219.493215307	0.0205908212957
241.286840425	0.0161133632329
236.162881397	0.0171146426568
234.654358176	0.0173528722051
231.830380911	0.0179391564896
225.899729758	0.0192092936586
219.485354412	0.020593215493
235.106650644	0.0172619697158
224.500643534	0.0194530461537
239.069815491	0.0165281134165
240.414622463	0.0162762339006
237.647013247	0.0167816134414
249.086196874	0.0147886748204
251.395727939	0.0144021774269
236.216788561	0.0170673196454
251.368597322	0.0144256085896
242.573409997	0.0159046247329
242.060315722	0.015988242292
251.944629981	0.0143172780181
237.209770169	0.0168907253646
242.213773653	0.0159678180268
249.416573554	0.0147365897405
249.145584482	0.0147722427003
241.481455193	0.0160671963479
253.763916352	0.0140330608794
255.934701942	0.0136903300676
244.250469314	0.0156118594578
256.219130569	0.0136556699431
238.453697231	0.0166526186117
244.327825816	0.0155699570594
251.285933002	0.014427719301
253.341284146	0.0140724525748
241.700178819	0.0160667426729
246.797227641	0.0151524818958
249.021368859	0.0147968712698
247.225411506	0.0150775363716
243.9341074	0.0156753751521
244.988476199	0.0154492735294
243.495474324	0.0157276630381
231.658769909	0.0179502812923
246.21800023	0.0152239377153
237.470874741	0.0168217994896
231.917993117	0.0179026952289
244.215998713	0.0155838145371
246.718847622	0.0151549343516
233.631022776	0.0175688383049
236.327980582	0.0170276448599
238.961109664	0.016542526312
243.804841828	0.0156459550999
245.073557219	0.0154588091659
245.285409111	0.0153988604175
236.902046954	0.0169326332084
238.221753086	0.0166776974509
242.375060685	0.015920572568
246.439715465	0.0152176194908
246.928086165	0.0151235908718
240.496324795	0.0162608408519
242.452326295	0.0159076084532
237.698540315	0.0167780834347
244.385839161	0.0155398279401
258.340792097	0.0133625184693
253.72423612	0.0140370607181
254.739766746	0.0138872874704
244.093983782	0.0155978833665
243.573319408	0.0157214609306
256.402279497	0.0136518853896
253.755587476	0.0140362297599
253.927587819	0.0140279875305
249.415547043	0.0147348438671
252.666895869	0.0141936308644
252.863229564	0.0141855952692
254.978156614	0.0138613865383
245.048259591	0.015438146998
249.949464712	0.0146139707783
244.053163367	0.015658152869
258.520976805	0.0133212662123
245.457568299	0.0154116226305
245.788076044	0.0153165702476
255.104783088	0.0138306375512
252.692549788	0.0142032594942
249.400776718	0.0147396578905
254.315059821	0.0139445370644
247.382675845	0.0150905762114
257.479197323	0.0134830855463
243.184850188	0.0158032874708
254.420415896	0.0139314650595
251.501419749	0.0143944853387
259.884208664	0.0131305034524
254.875093791	0.0138741290808
256.869227139	0.0135597463078
251.193734741	0.0144248475035
257.995207364	0.0133826807192
260.124821643	0.0130977083239
260.525240397	0.0130192482592
256.379566103	0.013639675168
254.571323071	0.013936695266
260.530183815	0.0130341128322
251.497151191	0.0144065467622
253.146712501	0.0141358445412
251.534923898	0.0144030226969
252.386681854	0.0142428799379
254.346910018	0.0139576696183
256.783615411	0.013567363166
253.077553144	0.0141554492062
253.900892792	0.013999937202
254.468859429	0.0139187556462
256.857116544	0.0135520183426
248.71363235	0.0148637889422
247.724593535	0.0149897358642
254.634424016	0.0139108918296
252.050334373	0.0142951789582
254.009713384	0.0139986795747
251.049954813	0.0144545603078
258.256485547	0.0133356483605
256.95142904	0.0135364134212
254.861548194	0.0138639500509
247.824183699	0.0149708917663
258.729404719	0.0132683145825
247.960350645	0.0149355174753
241.213296113	0.0161135625969
253.455220389	0.0140916415077
261.656561307	0.0128467255587
246.798430973	0.0151589522528
258.594927521	0.0132872633635
255.325106047	0.0137790409796
262.695517889	0.0127207244994
249.977852898	0.0146168012942
250.311590387	0.0145533968771
245.573277591	0.0153412618912
248.822570075	0.0147985154721
256.17373868	0.013644182761
254.224141266	0.0139433793763
256.42120312	0.0136152474797
256.387324795	0.0136074205106
252.356196615	0.0142754544843
256.057572452	0.0136692315748
249.95322224	0.0146694419929
251.8059601	0.0143271288916
255.88706967	0.0137198585859
251.404157415	0.0143929729869
258.098019385	0.0133745603039
257.395338518	0.0134678558919
247.944905082	0.0149313361849
260.762136538	0.012995908673
253.078905386	0.0141536228223
258.195272206	0.0133556511984
255.879524132	0.0137129624022
256.623384063	0.0135968219492
260.370649353	0.013039190966
262.433627381	0.0127501778729
256.438282455	0.0136113633178
260.150143648	0.0130746270798
261.608218801	0.0128760282187
262.814135618	0.0127066481484
257.077556901	0.0135203551094
257.482078625	0.0134718738108
260.587092404	0.013016465375
256.788566697	0.0135720841823
252.059045289	0.0142871295239
258.928200983	0.0132724833535
256.319902068	0.013636858182
259.838390637	0.0131209055716
260.175972555	0.0130650243133
256.591658511	0.0136116153982
259.956495804	0.0131004094611
252.146154152	0.0142917619108
259.804004087	0.013137238791
260.067690912	0.0130828510361
257.878672403	0.0134115187891
260.187881707	0.0130697322731
260.194102225	0.0130680688654
258.928311456	0.0132528638552
257.502791843	0.0134561056104
257.320884057	0.0134804736207
261.586906737	0.0128566386414
263.62890383	0.0125729686131
261.168246694	0.0129302539227
264.131244506	0.0125100964093
258.522767271	0.0133031907124
262.483169384	0.0127383293251
260.857478764	0.0129635018004
263.018434696	0.0126474714025
258.339541006	0.013343977522
262.230078511	0.0127817537708
262.295912263	0.0127750046682
261.758485416	0.0128287873835
262.146883503	0.0127771253893
256.309176154	0.0136241892269
257.509659669	0.0134494529358
262.039711124	0.012789789991
263.328138728	0.0126044749638
263.732792901	0.012561789021
261.839762913	0.0128235392545
263.784265405	0.0125569739107
260.838200694	0.0129714694642
263.951863786	0.0125214874225
261.174843042	0.0129292248934
264.402414048	0.0124560538749
262.463175087	0.0127405850029
261.358599928	0.0128886837144
260.518151894	0.0130164219706
261.48358806	0.0128747137162
260.641312298	0.0129901249334
260.696827055	0.0129847605532
263.92873793	0.0125342328829
264.678432786	0.0124318126503
258.618680919	0.0132870331173
263.872753573	0.0125395131154
264.1856635	0.0125051058058
263.446822061	0.0126077498864
261.722666879	0.0128360491993
260.355400601	0.0130411736352
263.295558987	0.0126270477528
257.610957965	0.0134424371908
261.446272731	0.0128846061794
263.34027645	0.0126039569776
262.788510369	0.0126811833061
263.09451086	0.0126613872066
262.924290141	0.012685369249
262.226154166	0.012769449411
260.560957533	0.0130016426055
264.000466109	0.0125067179481
261.66321128	0.0128504034707
264.288721095	0.0124784107686
262.569192032	0.0127187834726
263.688059741	0.0125786475822
258.491756893	0.0133111157926
262.377879254	0.0127441284018
263.49906525	0.0126119277437
264.707835512	0.012414406184
264.138773588	0.0125028138749
264.840679912	0.012415784774
261.529354693	0.0128621282439
263.183992458	0.0126413098992
263.703278047	0.0125609563554
263.299413189	0.0126215612872
260.156840185	0.0130765637128
264.889099278	0.0124125565357
262.672724478	0.012703948565
264.492221783	0.012441779454
264.863776894	0.0124151536334
263.507744596	0.0125865841765
264.811977225	0.0124132246747
265.00176493	0.0124014915378
262.857983158	0.0126761423781
265.395026544	0.012321274529
262.723148361	0.0127022473625
265.386088262	0.0123313711321
263.343448804	0.0126121040186
265.381054098	0.0123191585184
264.827816743	0.0124076420209
264.964537948	0.0123986962563
263.436002587	0.0125913268745
263.456198431	0.0125905633197
264.133740908	0.0124981803722
265.001138811	0.0123700174562
263.525140105	0.0125833332949
264.412077857	0.0124676103177
262.817564384	0.0127087445517
265.661997466	0.0122857040822
265.39107027	0.0123378008493
265.211658347	0.0123414672899
265.367452225	0.0123328577505
264.28507131	0.0124817070045
259.877646266	0.01308550417
242.125412122	0.0159539290846
258.223352052	0.0133591249682
258.435734635	0.0133326182439
261.363605471	0.0128859105189
258.251791567	0.0133351194626
262.180205835	0.01279589735
261.142733004	0.01291201667
263.545058949	0.0126008591646
261.195513302	0.0129000546398
264.497836104	0.012459403513
259.154819977	0.0132066583156
262.582869498	0.012711722628
258.735462697	0.0132743857681
259.811726311	0.0131342511361
259.478795221	0.0131585914061
262.107131035	0.0128038505555
256.051462449	0.0136723209097
261.161919415	0.0129371351764
260.090143348	0.0130653800814
263.365580455	0.0126178909096
260.916488083	0.0129473683537
263.314846441	0.012630628254
254.770858349	0.0138642452528
258.18827454	0.0133477610417
255.961665239	0.0136590729425
260.703523342	0.0130052464102
260.241631273	0.013048551823
260.963887117	0.0129538097187
259.320578639	0.0131713584039
260.743188207	0.013006403204
263.106168126	0.0126411300614
261.800693208	0.0128246024121
261.378750995	0.0128858185462
260.265048692	0.0130535423105
263.27975229	0.0126117249313
264.750274962	0.0124233627165
263.772539249	0.0125476467712
261.93132778	0.0128244633736
263.479841149	0.0125850554488
261.338744087	0.0129146510861
262.837976542	0.0126674546486
261.524560044	0.0128727218707
263.488252914	0.0125832127529
262.47743412	0.012748307595
265.474355584	0.0122990637988
264.758240497	0.0124242936971
264.920351214	0.0124001204695
260.998764427	0.012961174771
264.054008345	0.0124962223286
262.430131786	0.0127571256686
265.477994312	0.0123103656252
265.034109609	0.0123863771627
265.322129115	0.0123264961592
264.633605774	0.0124397117891
264.55358421	0.0124379753932
264.724484303	0.012412779474
264.442393484	0.0124553337337
265.215689195	0.0123659871218
265.336995837	0.0123328550333
264.71608835	0.0124390156435
265.343414423	0.0123238133278
263.898422765	0.0125528447284
265.154084207	0.0123460465831
262.332498761	0.0127608898296
265.632806565	0.012284282652
263.382499598	0.0126014057803
265.618918565	0.0122804650533
262.235902967	0.012772937781
264.576453947	0.0124349262058
264.79923154	0.0124229095304
264.85295924	0.0123857071681
262.331405662	0.0127568142864
265.82191815	0.0122741104159
262.570240183	0.012721772688
266.540488696	0.0121504740519
263.224860269	0.0126232012357
265.312806911	0.0123308972149
262.939459865	0.0126665844783
265.33396773	0.0123076935064
263.069642333	0.0126742184808
265.976540768	0.01223160587
261.539410473	0.0128720430235
264.897170724	0.0123876998971
262.07638741	0.0127861174836
264.977418744	0.0123693929877
262.734322914	0.0127064038684
265.471006851	0.0123029488508
261.462884211	0.0128722867188
264.586521323	0.0124296347266
263.100774661	0.0126632230727
266.638294186	0.0121420969382
263.58414961	0.0125716671449
266.603586145	0.0121358365638
262.164662242	0.0127740853851
264.498245715	0.0124421020051
262.7510146	0.0126918379572
265.737694027	0.0122492275855
262.333415035	0.0127479622175
265.740818094	0.0122437104929
262.560405039	0.0127163978646
265.112592187	0.0123505488946
262.98075954	0.0126542134349
266.522369388	0.0121565760452
263.292752896	0.0126362688285
265.472847945	0.0122984698232
261.283709034	0.0129016272035
265.856840742	0.0122556908942
261.665272231	0.0128524382238
265.825215844	0.012254134503
263.177050517	0.0126262910285
264.963394312	0.0123729051422
263.169556904	0.0126333938396
266.394538658	0.0121609271031
262.877226387	0.0126924159948
265.755643186	0.0122567539061
262.580538993	0.012718731767
265.752286382	0.012256340964
262.69894243	0.0127011089754
265.113904476	0.0123384701023
261.571009088	0.0128570282818
265.979858238	0.0122088493331
262.097018011	0.0127854920533
265.277798199	0.0123163379152
262.171641061	0.0127725112818
265.246361037	0.0123206005735
262.807537477	0.0126973162561
265.859981791	0.0122204569894
262.923993125	0.0126668110011
264.573041218	0.0124234025695
262.601877098	0.0127174062267
265.969350211	0.0122081900504
262.786933788	0.0126763455454
264.808751106	0.0123909200439
262.684231335	0.0126912846379
264.793702269	0.0123646621194
263.3776961	0.0125873882937
265.291642453	0.012308631615
262.647840619	0.0127118027021
265.291805533	0.0123132011084
262.405535846	0.0127419061148
266.054708919	0.0122032865492
263.090585972	0.0126335611754
264.826818794	0.0123724851286
262.296187979	0.012752884967
265.130281761	0.0123382569579
262.690186649	0.0127054070993
265.204717995	0.0123264180945
262.78354443	0.0126653733021
264.846259414	0.0123743508442
263.649237441	0.0125453860403
264.197770771	0.0124574881896
263.522471208	0.0125587419464
264.119628929	0.0124627065608
263.819289854	0.0125227504612
264.927266677	0.0123567525812
262.839436242	0.0126750301157
265.561750833	0.0122688690012
262.458327735	0.012725823574
265.375373106	0.0122883471831
263.03745379	0.0126236482175
265.338694634	0.0122884622445
264.019204284	0.0124797804915
264.847314999	0.0123417751507
262.264808348	0.0127291008976
264.965648052	0.0123400723743
262.307534673	0.0127403107745
264.121398087	0.0124690356401
263.347200976	0.0125844697915
263.690829218	0.0125221403146
262.894961574	0.0126281418502
263.780882685	0.0125048144258
262.444251327	0.0127034793258
265.257877349	0.0122950309332
263.823930904	0.0125093559185
263.810953811	0.0125005368107
262.624373963	0.0126673400681
264.42821552	0.0124189361069
263.667020871	0.0125255359893
264.240793186	0.012453579174
264.384241119	0.0124356737495
265.175372213	0.0123291196229
266.147925491	0.0122022438299
267.895867962	0.0119703522133
265.27728383	0.0123112057347
267.281487011	0.0120565727873
265.446349439	0.0123047909572
265.349794864	0.0123225849139
266.730212552	0.0121363990334
266.821271207	0.0121104700653
265.761504873	0.0122647237985
266.960355641	0.012089177037
267.356045777	0.0120478402349
267.533475653	0.0120106660202
266.53572055	0.0121407868204
265.565679026	0.0122820099698
264.924820759	0.0123484304364
265.580279643	0.0122711094572
268.903199392	0.0118277814804
267.791149087	0.0119716481578
268.007538344	0.0119521524824
267.384005547	0.0120188854431
266.946182986	0.0120859186385
268.305680629	0.0119083674085
267.977283632	0.0119595326226
268.167705875	0.0119289328169
267.734496278	0.0120059041649
268.14152248	0.0119441431416
268.654434553	0.0118830341718
268.233536448	0.0119302551278
268.893393992	0.0118363944048
268.157549094	0.0119241839911
269.429429379	0.011755554017
268.345890138	0.0119016060808
268.926083059	0.0118259111534
268.579621829	0.0118786010933
269.301693008	0.011800480264
268.915968384	0.0118385680612
268.663214086	0.0118850364729
268.942965853	0.0118345387637
268.912814055	0.0118385336603
269.118745724	0.0118120436648
269.05456119	0.0118344899713
269.008734262	0.0118265032387
269.069949936	0.0118184283822
268.885328707	0.0118569013324
269.579137825	0.0117526361752
269.184979806	0.0118034932565
269.467851245	0.0117671955966
268.968523615	0.0118458721484
269.863154031	0.0117164183466
269.437692774	0.0117711092132
270.004782639	0.0117017212689
269.515115638	0.011761703233
269.255896996	0.0118079466745
270.091640946	0.0116879135825
270.095502943	0.0116913600471
269.618030582	0.011760921269
270.232224159	0.0116704582466
269.854814833	0.01171788237
269.291336492	0.0118046031425
269.402654224	0.0117893147887
270.044757662	0.0117027807097
270.261681272	0.0116651206975
270.507580978	0.0116369802376
270.043974936	0.0116932982176
270.11487872	0.0116921950481
270.204183995	0.0116725074
270.046050659	0.0116928219545
270.136250644	0.0116810962615
269.804850204	0.011736027153
270.502835965	0.0116339942952
270.460907812	0.0116395491073
270.349107468	0.0116537263131
269.877322113	0.0117268041615
270.630524057	0.0116178370544
270.691148874	0.01161004465
270.397829106	0.0116472966585
270.035819282	0.0117053382383
270.530641817	0.0116300344359
270.260078604	0.0116650674456
270.853363038	0.0115900481828
270.840399771	0.011594669225
270.49995677	0.0116338558105
270.894179445	0.0115848768258
270.504911078	0.0116330172874
270.09823734	0.011696412638
270.592314746	0.0116217709941
270.39336099	0.0116473186694
270.58006253	0.0116235843056
270.462420493	0.0116389400156
270.333126605	0.0116667897664
270.702904335	0.0116159399073
270.897791823	0.0115836154099
270.989964287	0.0115733235726
270.825128437	0.0115990416877
270.961560907	0.0115771229486
271.010399329	0.0115685563033
270.733493206	0.0116103896309
270.90872764	0.0115865584413
270.683676598	0.0116185756383
271.104490675	0.0115589562848
270.443175508	0.0116502711582
270.899256169	0.0115883714405
270.507163316	0.0116425879372
271.094528419	0.0115604768398
270.546090532	0.0116375776617
270.739275129	0.0116104729635
270.980961856	0.0115791754487
271.175028995	0.0115486065238
271.218370224	0.011542651436
271.148930895	0.0115511339913
271.280261861	0.0115385732742
271.24742164	0.0115381125689
271.415595957	0.0115193866155
271.198475578	0.0115441850662
271.467314692	0.0115144559929
271.340946031	0.0115328018887
271.276151961	0.0115430492537
271.620868753	0.0114923596654
271.263787483	0.0115460069421
271.707666158	0.0114817214548
271.292593015	0.011543004977
271.767017409	0.0114758453944
271.816174525	0.0114680057907
271.771554668	0.0114729234445
271.869599946	0.0114624008562
271.723267691	0.0114789165521
271.881687032	0.0114607926028
271.74695246	0.0114762750603
271.834171512	0.0114696168505
271.913584943	0.0114569777811
271.502989147	0.0115162229375
271.841141954	0.0114640337311
271.574820767	0.0115062614549
271.845636734	0.0114678090446
271.901102858	0.0114580788992
271.52415053	0.0115129843677
271.639600776	0.0114971245707
271.780695918	0.0114783767528
271.904089924	0.0114565921734
271.939442055	0.0114523128041
271.835735225	0.0114643656782
271.944142088	0.0114528609492
271.857584738	0.0114615594612
271.952140428	0.0114526954776
271.951750122	0.0114542336585
271.904058711	0.0114560939017
271.989453541	0.0114469397068
271.970515423	0.0114480782115
271.763599114	0.0114817723118
271.899210751	0.0114621984059
271.71220449	0.0114891241316
272.009071518	0.0114429864148
272.008765804	0.0114471637692
271.778940864	0.0114795777272
271.913419141	0.0114614204297
272.084016294	0.0114345787703
272.041399272	0.0114392895611
272.099149735	0.0114334549982
271.994597717	0.0114447623304
272.067473662	0.0114362780628
272.046371205	0.0114429552018
272.114304067	0.0114311571316
272.093101294	0.0114352876253
272.046407486	0.0114433176871
272.04456205	0.0114388490971
272.062428371	0.0114370195636
271.91370881	0.0114628259594
272.062883764	0.0114366969867
272.033593637	0.0114452689878
272.064277044	0.0114365781746
272.006613774	0.0114493863505
272.045170371	0.0114432680058
271.866706543	0.011468944675
272.03436858	0.0114447951586
272.063237098	0.0114417112437
272.079680388	0.0114354594126
271.93401786	0.0114607357594
271.916510845	0.0114628542642
271.892189949	0.0114661554008
272.116153698	0.0114318194311
272.119078101	0.0114328303813
272.097270509	0.0114335238362
271.944707183	0.0114587780865
272.090034683	0.0114377407561
272.037857856	0.0114469784291
272.127749488	0.0114299607792
272.154453788	0.0114277612718
272.129489223	0.0114317674855
271.990343069	0.0114533975482
272.136087671	0.0114328541371
272.150022673	0.0114313198094
272.165417359	0.0114294695236
273.701763304	0.0112320363782
275.035064584	0.0110659197195
276.124974497	0.0109288461118
277.053775695	0.0108144316244
277.923970745	0.0107085896263
278.728465753	0.0106124024253
279.474617651	0.0105235989173
280.195391614	0.0104382237446
280.887231643	0.0103579056372
281.516691223	0.0102867396507
282.268148716	0.0102005530423
283.090929774	0.0101080787378
283.503838591	0.0100637358201
283.977522026	0.0100113965534
284.418356255	0.00996513616398
284.858788674	0.00991741674651
285.81934234	0.00980658168877
286.313453292	0.00975162693635
286.699648815	0.00970785570959
287.382945564	0.00963635603238
287.687575856	0.00960583707504
287.973519742	0.00957893263447
288.5184321	0.00951603390342
288.811992419	0.00948912879737
289.296631293	0.00943316442411
289.541959235	0.00940361185717
289.679904574	0.00938941964685
289.843174798	0.00937224749225
290.005796902	0.00935417139603
289.943428169	0.00936119347269
289.9297063	0.00936118981227
289.780087978	0.00937754443278
289.43725727	0.00941663413329
289.19229478	0.00944263560423
288.96799713	0.0094679000597
288.787362563	0.00948607095215
288.5072253	0.00951746245332
288.372766192	0.00952880170105
288.227521706	0.00954475030968
288.101069238	0.00955750928337
287.905802709	0.00958362692814
287.816095692	0.00959291633211
287.800178965	0.00959629873708
287.917266367	0.00958277455614
288.109061444	0.0095580343097
288.183555428	0.00955121044495
288.186092236	0.00955072218859
288.151948387	0.00955390780009
288.047062596	0.00956738258324
287.844565526	0.00958897920108
287.643715817	0.00961075878888
287.306658666	0.00964485456885
287.303856916	0.00964482293282
301.220417012	0.00824966346787