100	-0.04483	0.0	0.99640405216	0.00359594783993	0.0
104	-0.03376	1.85086361866e-29	0.621348538863	0.378459744806	0.000191716330496
105	-0.03785	0.0	0.0	1.0	0.0
107	-0.03929	0.0	0.0	1.0	0.0
11	-0.09231	1.0	0.0	0.0	0.0
113	-0.04489	1.0	0.0	0.0	0.0
114	-0.007838	0.0	0.0	1.0	0.0
115	-0.001546	1.0	0.0	0.0	0.0
116	0.04051	0.00614711838714	0.977173155212	0.0166797264013	0.0
117	0.01977	0.0	1.0	0.0	0.0
118	0.04984	0.0	1.0	0.0	0.0
119	0.0766	0.0	0.955120005966	0.0	0.0448799940342
121	0.0837	0.0	0.0	0.0	1.0
125	0.1745	0.0	0.0	0.0	1.0
126	0.4909	0.0	1.0	0.0	0.0
127	0.6325	0.0	0.0	0.0	1.0
128	2.29	0.0	0.0401758990341	0.0	0.959824100966
165	-0.09022	0.0	1.0	0.0	0.0
166	-0.08526	0.0	0.460657875152	0.0	0.539342124848
167	-0.1118	0.0	0.0	0.0	1.0
168	-0.1074	0.0	0.0	0.0	1.0
17	-0.1311	1.0	0.0	0.0	0.0
170	-0.0812	0.0	0.0	1.0	0.0
172	-0.07433	0.0	1.0	0.0	0.0
175	-0.08272	0.0	1.0	0.0	0.0
176	-0.05919	0.0	0.0	1.0	0.0
178	-0.06011	0.0	0.0	1.0	0.0
189	-0.02531	0.0	0.0	1.0	0.0
190	-0.02308	0.381155590944	0.0	0.618844409056	0.0
191	-0.02513	0.0	0.0	1.0	0.0
192	-0.02193	0.0	0.0	1.0	0.0
193	-0.02663	1.0	0.0	2.49437229655e-28	0.0
194	-0.01021	0.957908616677	0.0	0.0420913833233	0.0
195	-0.009061	1.0	0.0	0.0	0.0
196	0.01457	1.0	0.0	0.0	0.0
197	0.01845	0.058163204755	0.0	0.941836795245	0.0
198	0.05045	0.999701922711	0.0	0.00029807728907	0.0
199	0.06827	1.0	0.0	0.0	0.0
200	0.1004	8.4652102375e-27	0.0	1.0	0.0
201	0.07265	1.0	0.0	8.89705218225e-103	0.0
202	0.02665	0.502164433732	0.0	0.497835566268	0.0
206	-0.006598	0.799671028257	0.0	0.200328971743	0.0
207	-1.236e-05	1.0	0.0	0.0	0.0
208	-0.01772	0.0547803406462	0.0	0.945219659354	0.0
211	-0.01894	1.83661114201e-16	0.0	1.0	0.0
23	-0.0935	0.343313650484	0.0	0.656686349516	0.0
24	-0.08182	0.0	0.0	1.0	0.0
25	-0.0889	1.0	0.0	0.0	0.0
26	-0.09113	0.0	0.0	1.0	0.0
39	-0.08778	0.0	1.0	0.0	0.0
40	-0.07328	0.0	0.525067703732	0.0	0.474932296268
41	-0.042	0.0	1.0	0.0	0.0
42	-0.009485	0.0	0.780758072634	0.0	0.219241927366
43	-0.02363	0.0	1.0	0.0	0.0
45	-0.03312	0.0	0.444594721442	0.0	0.555405278558
46	-0.03839	0.0	0.999772014743	0.0	0.000227985256834
47	-0.01559	0.0	0.0	0.0	1.0
48	-0.02075	0.0	0.467126626418	0.0	0.532873373582
49	-0.03898	0.0	1.0	0.0	0.0
53	-0.0597	0.0	0.0	0.0	1.0
54	-0.04288	0.0	0.507580423577	0.0	0.492419576423
6	-0.0661	0.0	0.0	1.0	0.0
61	-0.06553	0.0	1.0	0.0	0.0
62	-0.05591	0.0	0.015077502281	0.0	0.984922497719
63	-0.0571	0.0	0.0	0.0	1.0
64	-0.06929	0.0	0.0	0.0	1.0
65	-0.0635	0.0	1.0	0.0	0.0
66	-0.05996	0.0	1.0	0.0	1.19575543392e-172
67	-0.06454	0.0	0.0	0.0	1.0
68	-0.06918	0.0	1.0	0.0	0.0
69	-0.05883	0.0	1.0	0.0	8.66543098958e-128
7	-0.08298	0.0	1.0	0.0	0.0
70	-0.05631	0.0	4.04626803119e-133	0.0	1.0
72	-0.06033	0.0	0.0	0.0	1.0
73	-0.05341	0.0	0.0	0.0	1.0
74	-0.05409	0.0	0.75267589507	0.0	0.24732410493
76	-0.05753	0.0	0.463614495014	0.0	0.536385504986
79	-0.05298	0.0	0.0	1.0	0.0
80	-0.05322	0.821567151664	0.0	0.178432848336	0.0
84	-0.1205	0.0	0.0	1.0	0.0
86	-0.09983	0.0	1.0	0.0	0.0
90	-0.05728	0.0	1.0	0.0	0.0
91	-0.05605	0.0	0.0	0.420039392355	0.579960607645
92	-0.06365	0.0	0.0139749225704	0.0	0.98602507743
94	-0.04872	0.0	0.998899415035	0.00110058496502	0.0
95	-0.04984	0.0	0.975842120941	0.0	0.024157879059
97	-0.04542	0.0	0.37245420438	0.62754579562	0.0
98	-0.04124	0.0	0.974666098668	0.0040422129323	0.0212916884
99	-0.04384	0.0	0.00777176324438	0.992228236756	0.0