-81.089459756	0.602768798331
-18.2587388599	0.295064025793
-52.219695187	0.433854444083
-14.1560811837	0.281414779515
-22.6706891477	0.312482889237
-8.36734565253	0.267036727751
-21.2537496202	0.309211059678
-11.1156999613	0.276016222209
0.859895937285	0.240650173403
-41.5002674052	0.385434239337
-32.8083257568	0.349959181095
-10.9555880169	0.272818036853
-10.3135311719	0.269999042356
-60.2314171603	0.478102147923
-59.138989111	0.46846349105
1.72807922168	0.239193084186
-44.6964728679	0.397279208247
5.03257340221	0.2293902484
-40.3669280442	0.382511161461
-19.527715255	0.297757266652
-15.3060551465	0.289268271521
-24.6562535207	0.307508089557
-18.1810291811	0.287976380789
-64.7456493239	0.503640565731
-34.5096779724	0.358370814432
-26.7290813124	0.32612426869
-34.2442501892	0.354491149034
-25.2491504623	0.316455260604
-10.4829940404	0.273308374917
-14.6610751805	0.273306376415
-37.9298514169	0.361633659613
-10.7622888215	0.274045685151
-50.6992411213	0.429309011848
-7.12686693743	0.263492077041
28.7350151599	0.175328181151
-12.3861369163	0.279807167638
-10.9271178149	0.263684504068
-16.4966303913	0.292680168603
-34.4682677921	0.35785827576
38.4749436995	0.156891639288
-23.9166719283	0.317907803942
-3.52024049881	0.252236045639
27.9155023658	0.176540183878
5.28066599406	0.229508697557
-21.2482062551	0.304913802525
3.41814774662	0.234127433365
-14.0456630721	0.282014422626
-20.88328666	0.304166605966
-4.79078333254	0.252710971066
-18.5227586656	0.289865314731
-72.2263353875	0.546862388458
-72.5693304735	0.549076056483
28.4230864859	0.175498504347
21.4812933592	0.190719411204
28.963431182	0.175416784198
-16.3004080489	0.282862882571
-19.7282477842	0.303644337393
-24.4443722501	0.310629452684
-46.3703383765	0.405600336486
8.61313416542	0.221012018897
-9.51966613828	0.270537527757
50.1495206643	0.137733307944
-9.74622060383	0.271523617432
21.536509639	0.190796687451
0.886866516723	0.240958353614
-27.0647917843	0.329758322402
-47.8374613185	0.416420503751
-11.9828207878	0.277101826578
-49.0785139136	0.421168952704
-28.4139585784	0.334331831195
-16.7523178582	0.286946806555
-17.1635301273	0.294789473682
24.109100291	0.18532134977
-8.85070451801	0.257505949696
16.345058047	0.20180392798
-2.12024088299	0.236340410069
27.9227325716	0.176510037688
-34.9752881361	0.35799674675
-23.0771313052	0.315189672569
-16.6515360231	0.288151848977
19.2279843457	0.195826440471
-33.9308636559	0.352636880514
-2.48434166986	0.247052742079
14.0562698865	0.206413426654
19.4623529144	0.194944976013
-18.3410807953	0.296842892548
55.6448406069	0.128958996618
10.6685129597	0.213882254843
-14.576469772	0.286414809782
0.337297223633	0.236581950949
-1.65679731434	0.236081013035
-21.7765580112	0.310217399628
-24.560024665	0.309715676466
38.3228221509	0.156260189695
-9.16626737555	0.260292158409
61.0415693182	0.121328124162
24.6305775729	0.181789582847
-22.6988324078	0.312849128105
22.397835895	0.189094207993
-3.67976495961	0.248662161898
5.71774101458	0.222042034948
33.7125124425	0.165620799694
-0.0086136502454	0.232832147521
53.8905212406	0.131659681317
-18.8303625632	0.30003744622
9.49489316368	0.217760754472
-32.9211253103	0.35040609364
66.247187008	0.114674187132
-3.71829593264	0.247059885144
-8.10657052805	0.266255865759
-8.83200770762	0.263127854411
34.3101419407	0.165135604331
-38.1009489818	0.367541276
20.9431133725	0.191127987889
1.53435509865	0.231429096312
-4.3895429585	0.250351391581
-8.55312360544	0.263154406695
-12.0743895251	0.270852543654
27.3310276331	0.178171657761
20.9067600751	0.187853498657
31.5459430185	0.170279069555
-5.10241500473	0.2481679091
-5.51857541601	0.250964772783
-9.90763039688	0.268519406534
-9.32477058128	0.261996976705
33.5576578356	0.165850732816
-17.523338328	0.292736268414
-9.85261970321	0.264588419317
-40.0821356777	0.377858027087
3.70330733127	0.223257570873
6.27677837259	0.216629994974
40.6338940914	0.153431440641
-19.740443364	0.301918962223
44.4990849396	0.145123039477
-20.3402012028	0.298088386638
23.1417916932	0.187172107328
-21.8121977366	0.310604030773
7.56482832384	0.213072468567
5.92736067386	0.225682716799
-0.847642863376	0.237537107774
11.7511254611	0.212064125683
3.15676983497	0.233450786935
78.9224460718	0.0993353200889
-8.56590910906	0.258741825586
46.065774527	0.143942825735
6.59373424809	0.224947579123
-35.4529730103	0.355680326191
4.21819151006	0.228204240823
-29.2218786502	0.330500853737
17.3154479695	0.197738417658
-8.17296467397	0.259020270396
-17.194498589	0.290413686241
9.44536474231	0.208460897552
40.1979594748	0.153875896655
1.10328210449	0.230889062272
-3.8762353834	0.253238060879
-8.70032007878	0.263655929372
-17.1582767499	0.287860133429
49.5135896386	0.138001217062
45.55165642	0.144806350011
41.8631998778	0.150764675466
2.87358861004	0.235072514009
9.42358527419	0.216366359368
8.25063307598	0.211963581118
31.9335581128	0.168255921936
-16.6241350183	0.290127324917
-7.99538871986	0.25724745633
-27.4598971036	0.323974409298
11.4364106643	0.204680611218
-18.5924205133	0.291812889296
2.03018188451	0.237447941183
21.8910897229	0.189316754082
-7.53651114763	0.260898372513
14.7552931276	0.198202611895
9.19780096793	0.20968642345
-0.640117518808	0.234390067019
31.0709127758	0.171155982447
-1.35109126487	0.241525245282
9.38801078595	0.218692880201
-0.959196985966	0.242784724598
-9.95781517985	0.265054801153
-10.4565712389	0.269372728048
7.78883788712	0.220157935261
5.84795292327	0.227038326586
-6.41492202942	0.259504070963
-31.8416274245	0.342972579382
3.33598346018	0.228075897743
1.98449823381	0.229545769719
8.13790282992	0.213721239607
20.5829993247	0.192614831449
3.72209649749	0.224758365491
21.8969270607	0.183991753365
5.6175356261	0.223262063949
1.01483591171	0.240215478266
10.2324639164	0.216533601762
45.3354848696	0.145668241072
26.4653473374	0.178775294666
8.0353869674	0.213609744697
-15.4538439422	0.288852451208
6.27595883509	0.219434292485
28.1139533914	0.176411993217
56.445793818	0.127180211966
-17.1907907354	0.29505988873
31.3419802236	0.166608985158
49.7764777144	0.136106898053
-1.03239730733	0.242996893838
6.74122944841	0.224714713865
31.4989148482	0.170017339798
44.4315574393	0.146840185804
91.6546143046	0.0862911928014
36.1647059974	0.16097454316
41.5591378051	0.151843681966
-25.3919688143	0.318371387398
4.98755031093	0.220719198855
54.0570789566	0.131692232315
9.80001355115	0.212690379652
14.3999797009	0.198786522866
9.40434887325	0.213990174958
29.6843216513	0.173679411354
26.277264785	0.180359161817
38.8511242722	0.156499863678
-5.37996167612	0.251074464612
16.8734765166	0.193308779359
5.79666115768	0.221111198261
48.8678573018	0.139777601946
41.1007028332	0.152513313386
2.33025281317	0.236447350099
5.55863497811	0.227593613634
9.03667230401	0.211960770573
17.2911866108	0.197391264683
19.8182569604	0.186509392025
7.77085388301	0.215012963011
35.5315513628	0.162457373294
56.4492365485	0.128311112329
82.6617897957	0.0953513445188
66.5179428467	0.11451265397
19.7896996044	0.190785245744
28.9668036814	0.174642339002
1.46734604102	0.238959677467
50.1161088142	0.137958240702
15.0837686383	0.196997320591
17.7352127545	0.195724743203
25.5610335837	0.176126341385
12.9714877244	0.208358465295
78.269304278	0.100198897588
-7.99928601481	0.262378044298
52.302214827	0.13435186402
6.17499962334	0.221955523526
8.09535875705	0.217845160449
25.7005256931	0.175566526427
8.97059936418	0.213373459298
22.8918053842	0.181991484362
24.3766070083	0.184171205369
60.7115827257	0.122082527879
49.9774317023	0.135890511234
46.2694969043	0.144032816694
42.2786679859	0.147765112796
21.5869062276	0.183358799128
7.71408445002	0.213981937335
37.6385289483	0.157746862329
18.1458336739	0.192328268404
61.2204329842	0.121925872869
59.9636925217	0.123381615856
40.0212510271	0.15125183272
15.1347500558	0.198679634597
47.496809219	0.139605287774
-12.8719031947	0.277180941387
48.5009779217	0.140385799981
-6.3346477679	0.254631811665
57.2756306076	0.127085083725
73.7804566785	0.106029337618
29.1301334538	0.17227173112
23.4884106409	0.183161907779
-11.4082936085	0.27415384628
10.9355287756	0.208781942116
11.7959259397	0.209730917517
22.9063401273	0.182799984572
64.336826862	0.115748445372
51.1574003891	0.135652829446
73.4302393091	0.106365845797
42.5189118397	0.149846372881
48.0119220706	0.14085728432
21.8344078811	0.185903510755
36.6298403328	0.157745232325
54.4119543724	0.130994820145
86.2363136452	0.0907762671157
19.3149966282	0.194942382102
31.4997314321	0.169741904299
72.0177931127	0.107934390978
17.0021412833	0.197131302022
1.80562927595	0.236069154598
10.6853898059	0.214959989849
9.53605116696	0.215267513808
81.972480931	0.0955846352051
18.9155151471	0.191761427609
57.9091010877	0.126485926079
9.85691600673	0.217271791933
71.3645818748	0.108863140814
9.89017516097	0.211371727947
49.5336230305	0.138767644763
77.2826482907	0.101851354007
55.0674633067	0.128568413247
34.2039893483	0.164309784294
67.0408002779	0.112071721098
38.6516810337	0.153347125598
24.9371427142	0.182214523461
-2.48176052725	0.249057382602
38.5510516415	0.154080359174
5.28465403812	0.225962864169
66.6506388476	0.113402915104
60.3746713478	0.123031885188
25.4809179346	0.175833802983
61.9042893643	0.118530145124
3.49218864653	0.230380043195
26.9943202658	0.178547142445
3.03855099243	0.228659689455
31.5410804874	0.164902522442
25.8915701132	0.175115668489
75.5507570184	0.103901964211
63.3616385972	0.118755776762
68.5151589237	0.112484636254
23.6715720306	0.180097294068
9.26067492425	0.21385842275
63.9754542775	0.11782397511
36.2972586659	0.158326414954
69.3785525078	0.110116825463
52.6862379884	0.131497354245
68.8139738474	0.111320486526
46.7268525735	0.141405642795
-2.68540156698	0.241734567647
87.2598707614	0.0912220421732
44.2878300679	0.144144284434
18.4461546887	0.194494246959
58.829190079	0.122670274293
5.20765524539	0.224687742772
16.794327807	0.196314381226
44.8669619035	0.146306344098
60.7449472123	0.119993912574
12.2283272418	0.204793260188
88.7557885985	0.0894775734302
35.2842688014	0.158814585555
74.2881762772	0.105462023615
20.7562302315	0.187864203696
-2.27313754353	0.244336732331
6.8402922036	0.221375422772
42.7414152341	0.149777502355
41.5280336317	0.148666673262
11.5251114593	0.209073891832
24.3810705854	0.183095930138
54.2050386645	0.131810530083
16.0739231329	0.195599517344
66.7068160511	0.114795609617
8.33971305052	0.219053431173
18.6974031165	0.193087783918
48.5006537512	0.140216325203
18.5138681448	0.194785474361
46.8055099575	0.140072086553
7.27077780438	0.218417779826
42.9200555886	0.14711524529
73.3128245143	0.1066831089
50.4706122937	0.134985123712
21.2687379954	0.187219669172
83.6042351007	0.095014410546
48.9842288468	0.136892038435
59.9878148547	0.121205169165
28.3236500193	0.173589674637
14.3024710312	0.202542777563
20.5119528132	0.188811360273
37.6430237021	0.155682712423
38.9597169933	0.15484799849
36.9179314943	0.157643134307
21.8468398673	0.18352961643
59.7453253044	0.123280200067
42.2832631065	0.147156943824
63.6759790586	0.117331696196
9.5349587602	0.212690576154
42.42767694	0.148671062988
38.1621424751	0.154136224629
70.5640645268	0.109697687527
54.3053623793	0.131234073865
88.5992434955	0.088927045789
83.0535973376	0.0957122330774
57.1472052105	0.127477022202
32.2181546958	0.168199568481
21.0613940358	0.188485735188
82.3304671899	0.0953105134534
34.3757794375	0.162847150991
15.8076870073	0.198774389793
56.7703492435	0.125435876213
10.4830890217	0.209249711122
102.288207925	0.0765465717769
99.989517473	0.0775694123251
94.3295246959	0.083348436228
50.081695037	0.136049305065
56.847434977	0.125504168976
73.696295755	0.103951760196
86.2800192273	0.0907600970007
30.7442904688	0.167867344095
65.4402928205	0.113876418577
33.7830664055	0.165283114273
95.2668915072	0.0827042396592
60.8202232618	0.122259546435
67.0174147895	0.111771864591
50.2924586844	0.137672336282
105.020286957	0.0738841727263
62.1375857524	0.120398595726
20.5356214353	0.18723717985
100.68102033	0.0770712814113
49.1282453082	0.139467438199
14.678880942	0.202605563501
58.8548284335	0.122367767267
63.1643588048	0.116908741383
9.83711161742	0.213190719206
22.091947418	0.184992380635
70.2715686578	0.107806219204
65.4126939324	0.11496244992
52.8329386234	0.130937254791
91.6994541709	0.08604556588
61.4824123075	0.121329686814
14.5947498512	0.200601699365
10.714169566	0.211006145773
56.5585580854	0.125435227707
107.833261731	0.0716077123568
72.7447904644	0.107262252986
63.8888610575	0.116303205827
62.154375506	0.118337174179
44.3302774319	0.143960287616
23.06599246	0.18565021994
64.3892408117	0.115196956695
58.5915086871	0.122932248977
61.3585680843	0.119284737593
23.6957925308	0.182392726644
59.9627415331	0.120661071951
50.0759000659	0.135668310239
56.5812107082	0.125718729208
104.369044341	0.0746915028265
26.238094369	0.17712952987
85.4713577799	0.0930876243647
73.2863031955	0.104614477333
92.8496583106	0.0856626360559
33.9354893486	0.161788168713
86.9585084496	0.0907403336683
66.775287176	0.112126102284
86.6612667426	0.0917539878175
42.5470904977	0.149501674803
44.2385713044	0.145185488801
117.283447965	0.0642592355887
76.6881125495	0.101571281173
115.651219766	0.0658363600428
106.260208646	0.0731837841023
107.069764609	0.0727021955688
46.4394019675	0.143091669488
106.554803022	0.0729020452161
99.289244199	0.0786163284748
81.942854855	0.0949429296167
58.3294396559	0.123610393228
99.6088491249	0.0779441269817
92.5601744609	0.0850769879571
103.804539926	0.0751334552725
51.2842628533	0.134017233137
80.1576963749	0.0981855495541
90.4885185554	0.0874343446009
105.864197036	0.073334025473
108.49179047	0.071324775716
99.7756509053	0.0784907575223
49.9109886758	0.13820874602
94.1967929032	0.0829092126359
114.064819443	0.0670531970742
82.367828978	0.0963869811337
37.5827835933	0.155652643306
97.9743245544	0.0806421311589
59.3522006605	0.123818768876
73.5924159468	0.106213449174
20.3294000011	0.187812609492
27.8621099361	0.172329423808
34.45230564	0.161873978889
72.4522127358	0.107486660712
75.7073756909	0.103695345195
110.432383333	0.0700777776869
49.4860376416	0.138767476962
72.5917536566	0.105027315441
77.7674063443	0.101478046035
51.5394071622	0.1338400498
97.5476146987	0.0812851912122
92.3431679167	0.085671209168
67.4563449081	0.113794054865
49.0495250454	0.136963356086
87.7783511034	0.0901039196478
103.759441293	0.0756996815938
81.4438580409	0.0963994612443
100.837328253	0.0769461471549
103.057610384	0.0756169893224
93.0107085671	0.0854764911065
41.9886436882	0.147547851864
69.4082517431	0.109750137237
53.2884663118	0.133182467282
70.1360089673	0.110168579225
89.904389026	0.0886376290972
77.2421561688	0.101119359711
98.7546027768	0.0788221468674
85.1806671117	0.0914716186075
73.2699996111	0.104023256579
75.7739061982	0.102573547072
59.2560248165	0.122375945796
27.9563554611	0.173781272985
63.5457352512	0.115569287811
57.3172985549	0.123677578975
65.3058235731	0.114192858376
72.7020022658	0.107368882517
52.8864865687	0.129829223613
70.2987728123	0.107321439654
60.7717690887	0.120276919359
102.559160943	0.0756027085801
80.5275165834	0.0970074037408
116.50742046	0.0648105407779
116.222769146	0.0649513627845
67.8788421628	0.110673799397
72.3258408262	0.107525739205
46.4027493492	0.143528148774
92.9039935424	0.0855941215632
106.909121921	0.0719162020758
72.1755948791	0.105484897275
61.960645966	0.120756954582
106.657465179	0.0731573551217
85.0723130539	0.0935037529005
115.91650232	0.0655195456353
93.9654938664	0.0828577681592
46.4795487984	0.141234223757
105.045244994	0.074039673844
62.6237115246	0.119928890343
101.294016296	0.0770097808855
57.8819838379	0.125678786612
79.9726412605	0.096576762155
89.8298861176	0.0882798305152
75.6922715918	0.103554523622
67.9103812012	0.113220401615
80.8199951427	0.0979896954847
84.2695907867	0.094288777346
94.4321822099	0.0829925886164
53.0551785188	0.129453333265
86.9446024736	0.0899020479077
77.7005595706	0.101199371081
100.748887961	0.078198894815
86.5224071223	0.0919901903614
61.8727530445	0.119902685678
59.7549280164	0.122773462154
70.6741532077	0.107646032389
59.3889958904	0.121097894077
87.0017044609	0.0899666902967
77.1829622389	0.101833511927
52.4092025315	0.131343862862
79.4857138547	0.0981125891229
56.5414826698	0.127182440981
106.530452408	0.0734584251854
60.760762883	0.121271244764
100.611788212	0.0783912285141
61.9956380887	0.120434417209
74.9496784227	0.104433999073
106.039494887	0.0737581448635
72.3049605102	0.107117244648
89.4219500744	0.0880445930454
77.3787910398	0.101625899967
73.0359855984	0.104614450816
79.1034227598	0.0997148676976
55.1650009157	0.129329023335
111.029491187	0.0697123203562
100.05480181	0.0789048756142
75.2734073905	0.103778382737
110.996465814	0.0694338468119
51.8455987784	0.134208417883
76.711069345	0.101016470435
69.4113570343	0.111357611564
77.2259291407	0.100335057932
91.2248496046	0.0871359958252
97.4289535113	0.0800812466313
63.6382332747	0.117733757283
68.6970206059	0.111879835949
57.0235923157	0.126598942369
45.1747447528	0.144296241711
96.16180952	0.08249579601
115.411214319	0.0658660727709
67.8639263264	0.111452013039
66.6670608116	0.111452450201
104.656656023	0.0750305901329
76.1052250771	0.100919871401
70.649128352	0.107505520045
68.0758855432	0.111284715889
68.9014514411	0.108603801388
108.516784565	0.0709735484854
101.515681354	0.0767551681937
48.9570318978	0.138780346199
101.769974941	0.0774324187203
119.891312527	0.0629229797342
103.278137847	0.0761743799531
46.2822713205	0.142919880396
91.9836455634	0.0851507217762
73.4936443197	0.103826166868
130.590573829	0.0553757507211
66.5838443284	0.111955202855
121.42733496	0.0612450835077
109.904387064	0.0706321999391
94.3918596781	0.0842239985365
77.9882274772	0.101209939623
90.6991681104	0.0877893345212
74.0308431316	0.10543735561
162.695694715	0.0388617856032
90.6468777639	0.0878387836243
44.9008103162	0.144760142843
63.2796406335	0.116683096443
111.126936355	0.0695552162703
77.3489598097	0.10143166904
61.5646084196	0.121333058036
68.9260677627	0.109614195733
101.076855148	0.0780549748109
103.274736862	0.0759353696186
58.5937505536	0.124507298469
96.2141315575	0.0809694023802
82.1643001653	0.0944068047226
75.4433651321	0.101958422109
60.5950471601	0.119399225927
74.2824765408	0.102657123225
50.1864779281	0.134168597622
66.1824130071	0.112751773084
163.18181299	0.0385490691377
158.119147344	0.040880623164
140.73674711	0.0494713610273
70.0949756036	0.108125232965
63.3196974042	0.116563033508
73.6470456956	0.104183911277
70.7184408577	0.109057375034
128.540117909	0.0570746803272
143.540375188	0.0481382232116
154.825825908	0.0422478198893
147.68270911	0.0456989579818
106.017279818	0.0737258305254
134.472254313	0.0533415365409
121.602394757	0.0616026766238
147.787743701	0.0457105365171
140.760498536	0.0497807043753
155.7439331	0.0418277835867
96.9864123313	0.0797539803826
111.111726442	0.0695826484742
146.415380022	0.0464553547034
101.806168195	0.0770195847638
103.046645541	0.074825759813
106.632081949	0.0718531187154
111.304676289	0.0688276632287
107.708451436	0.0715694630146
128.546731787	0.056592398919
119.354379029	0.0625417984338
88.9296714018	0.0876215778679
91.0295988948	0.0873371587395
58.1890979864	0.126011921251
133.017331116	0.0541396942587
159.922187882	0.040094929799
127.64561419	0.0569697388786
92.2220078464	0.0863355499329
158.88666022	0.0404980939261
128.966945868	0.0565364308651
97.1757245374	0.0802392464932
80.0765483043	0.0963979417888
101.802867221	0.0762576357154
88.2216077816	0.0888238047722
164.89818608	0.0379213318151
114.435194857	0.0664355445406
135.586010208	0.0524498025311
124.467263337	0.0594881479465
106.5588962	0.0733963798735
108.797247206	0.0715798986794
132.991130709	0.0541394802735
81.0582777525	0.0961632042978
113.079917097	0.0675653309757
110.431704178	0.0697822324542
161.097649	0.0396346550166
113.359986063	0.0679121466511
166.156087375	0.0374350386555
115.112621145	0.0653419882495
148.558755983	0.0455626350128
149.281372867	0.0453291067226
112.543283802	0.0681412970478
140.906611038	0.0494713416357
171.176280466	0.0353784586725
106.551825972	0.0725459296761
167.537791189	0.0369156883102
123.614464109	0.0600812446884
100.944303323	0.0770976637395
142.114104517	0.0490282842411
74.1061412054	0.102902278054
158.924327621	0.0405588814456
140.843655033	0.04968901137
138.351580549	0.0513142619352
79.4188727336	0.0992409816233
119.725433623	0.0633350351715
135.3296661	0.0527431412258
117.822753038	0.0634441646103
127.83785098	0.0572401930146
90.2900801482	0.086261325253
117.309201094	0.0640391814269
124.176780878	0.0593095564787
155.119545535	0.0424544392698
98.0191964633	0.0809670257175
133.984099221	0.0538135671192
151.370527515	0.0442644094993
95.9677917387	0.0809258840275
169.951698914	0.0359602348789
114.562623725	0.0659817167358
87.0455663217	0.0914886729417
113.628597823	0.0678418272655
144.430802077	0.0478527873859
77.0604306556	0.100595406503
91.4646176981	0.0852678866897
118.670893732	0.0635982313001
109.987505174	0.0692627773332
146.531395332	0.0466427257781
126.087344599	0.0587942164075
89.6104163963	0.0870092658599
142.542759878	0.0488309522618
135.201280324	0.0531775727368
109.085701701	0.0705864611331
101.202029222	0.0765899483343
122.972348453	0.0607483187524
105.738316121	0.0740625775906
112.168126561	0.0682735343542
100.192211357	0.0773021474441
83.9423203954	0.0947022784316
116.013379902	0.0660312164295
125.45189196	0.0591577998693
106.73428023	0.0732741445016
159.463220485	0.0404834717632
151.137496847	0.0443532375295
91.1855150972	0.0854701109245
77.6018433394	0.0995935662624
99.2609969085	0.0787859930778
132.113272942	0.054520332933
148.725444801	0.0456160122203
130.590714246	0.0557145845375
123.952445978	0.0599249220173
111.885331143	0.0680325977345
151.006159838	0.0444616182447
152.432041975	0.0437895283803
122.646085456	0.0606051424272
116.06769293	0.0659173593145
139.901398841	0.0503777091814
168.678791013	0.0366224731128
141.339337819	0.0494780297642
153.653546316	0.0432392637906
87.2744379084	0.0892729525533
151.290655471	0.0443704912233
133.163015703	0.0540714244866
107.053488023	0.0725599172758
144.824519913	0.0476689068968
105.520396085	0.073063985082
123.589111008	0.0601479678178
110.376525185	0.0694947756795
131.485348851	0.0552324608215
105.899670259	0.0730075536185
117.502181311	0.064601571617
143.210478579	0.0485578394026
137.48185632	0.0517962275601
122.783143556	0.0605518940241
131.628841926	0.055066289199
137.670880211	0.0516127942439
129.883148268	0.0563841810631
104.75346414	0.0742649184637
156.061702735	0.0421245828384
132.62948903	0.0547986385641
124.991811421	0.0596403210491
135.33144629	0.0529864558309
130.042577248	0.0561863825019
94.9204422528	0.0819516916841
139.662266483	0.0505008405866
135.526475399	0.0528758581433
165.90568447	0.0377111373971
141.826625365	0.0492856717396
110.175987838	0.0706255280135
148.94366056	0.045496586285
114.582754614	0.0671654028957
138.943989207	0.0507112017152
156.602542675	0.0417581705469
142.212517636	0.0490673327257
148.053843642	0.0460246883996
145.127763761	0.0475852771736
130.189279519	0.0560585336851
140.677949718	0.0498317956655
147.599966677	0.0461071769919
128.130113089	0.0570980128435
143.972172867	0.0481061495633
142.841649444	0.0487295994055
142.464310654	0.0490215424201
150.598893177	0.0447037113265
142.102117489	0.049181183827
124.104316464	0.0599193507412
158.568936366	0.0408990850317
130.534409814	0.0557618479418
175.191508679	0.033994971037
157.63779578	0.0412845764811
141.804584885	0.0493605575791
154.819119268	0.0425801108057
154.516899506	0.0427993706123
135.665410001	0.0526635953126
146.02928515	0.0470077414681
142.64255488	0.0485166484229
143.819819768	0.0479344924552
126.650806912	0.0580938959848
149.608874034	0.0450753572166
128.91294722	0.0565853882882
149.510042457	0.0451869677257
123.813416774	0.0600503475949
144.951188862	0.0475096563094
132.177628326	0.0544775292122
131.494105208	0.0552283478601
146.41731861	0.0467313229409
150.620083144	0.0446726299877
145.061834745	0.0474462554447
153.430446357	0.0433898618266
154.310195059	0.0428545116317
126.496889436	0.0585810683258
115.895754297	0.0660645600636
156.824595643	0.0417095501206
127.063124435	0.0583071822278
171.057598936	0.0355789853238
150.677157152	0.0446821630078
172.265529042	0.0351524506436
173.696975032	0.0345677211099
148.695151282	0.0456601894803
151.668217852	0.0441228629642
170.822159928	0.035670609603
168.96451913	0.0364687935345
166.864106947	0.0373134512768
155.132375318	0.0424889673729
138.357738341	0.0512875027713
178.985687145	0.0325921763888
168.388575657	0.0366591759037
161.512222959	0.0395392280867
185.331203732	0.0303374497563
159.630643785	0.0403710563255
142.442267347	0.049000923112
156.428472731	0.0419102809647
141.913564878	0.0493080122612
156.724541833	0.0416791393459
169.598359698	0.0361650597495
170.197188185	0.0358967802386
93.8032723236	0.0828027779559
117.27842809	0.0638318328512
120.643767646	0.0619608962008
136.333141466	0.0521507507509
152.355875601	0.04364231828
156.367327166	0.0419900603214
153.909275674	0.0429871090125
138.599614645	0.0507567809935
139.741339368	0.0502756638285
171.627092832	0.0353919329085
121.846960254	0.0618578807089
152.182594307	0.0437322844654
146.900358483	0.0464543451541
153.90020666	0.0429871421646
165.253456104	0.0379925663722
106.353212104	0.0736980846606
160.670998611	0.0399788931879
168.552401364	0.0366520569999
164.979712023	0.0380616146143
145.177708499	0.0472923391739
149.246234943	0.0452540411394
179.465952604	0.0324055222626
163.220437185	0.0387903458785
183.318422354	0.0310251726538
148.784851715	0.0456115878984
181.270405688	0.0317398733531
146.6275476	0.0465073396883
148.229951882	0.04593110056
169.624292354	0.0361120522592
139.580864962	0.0506362059523
151.024405326	0.0442860085108
170.557837925	0.0357544898995
146.946445364	0.046255813417
133.359191122	0.0542109605504
138.726962744	0.050701197571
159.549561094	0.0404142005332
147.319943773	0.0464202511035
129.721976638	0.0565910848142
139.332938396	0.0507803003298
106.77351842	0.0733830478758
147.131081404	0.0463310774102
154.829391366	0.0426146759483
152.685768363	0.0435583726325
118.397585313	0.0643437768355
144.716971236	0.0473772605339
138.996578264	0.0509358991155
170.847357496	0.0355533122821
140.455449273	0.0501676293018
164.022324807	0.0384047757857
133.675105826	0.0541265268158
150.528221927	0.0444158674469
135.416040391	0.0530304051935
167.179030985	0.0371422862036
127.744719086	0.0579318794945
175.923714892	0.033527113715
127.090716582	0.0583173494482
168.506819549	0.0364181516585
135.847378282	0.0528474835231
172.167040655	0.0349862580598
135.174301884	0.0532107939655
151.666206475	0.0440140085314
114.044767485	0.0676208152298
155.303650827	0.0420846822872
120.32110157	0.062977039278
165.615394961	0.0375885521998
127.952681591	0.0577615889844
163.398299731	0.0385251988636
127.046416922	0.0583718321516
152.662715172	0.0433485235366
131.755056669	0.0553071821764
158.074101934	0.0409987853386
125.366067212	0.059508662572
165.649909529	0.037574087268
127.68099235	0.0579443881549
157.164646596	0.0412407288318
131.837252204	0.0553021827165
172.301169549	0.0348633574517
115.468991799	0.066550353527
148.543126079	0.0454604507832
115.60901661	0.0664393529348
143.602419121	0.0480366470714
119.856808687	0.0633210394107
145.137473607	0.047227686673
135.468936038	0.0530650071803
169.37848721	0.0360374538584
118.411404786	0.0643682972038
176.836016382	0.0332184900279
137.647668983	0.0517982204245
174.083280168	0.0342277701733
124.630273383	0.0599599862065
186.765123092	0.0297781798302
130.365974746	0.0562235051499
179.635253424	0.0322458256053
125.61832006	0.0593193450472
159.359444979	0.040366378845
138.786686497	0.0511159105923
143.778764692	0.0478887305644
126.579259029	0.0586753476254
152.152987165	0.0436600176162
133.680776417	0.0541300121009
142.493288717	0.048591244049
151.867293323	0.0440962670602
150.278397068	0.0446047926705
164.159435425	0.0384121824134
151.633551175	0.0439691086332
172.62407841	0.0349422655678
153.507504835	0.0430495468856
147.053735036	0.0465369376669
162.071424987	0.0390061692769
157.129694333	0.0415518647622
154.553167777	0.0424206910556
155.913936975	0.0421270541837
166.73056314	0.0370809091462
163.449088228	0.0387123029186
169.894174122	0.0358708749482
153.886013228	0.0430996463432
174.617426258	0.0340154509283
158.390071121	0.0409757871022
154.402490788	0.0426390575796
157.034976846	0.0415611042078
146.812460023	0.046433976729
161.438349732	0.0395680622688
165.732395395	0.0375269283284
182.065713487	0.0314348833657
169.589545833	0.0360563961717
164.68938017	0.0381972186522
176.713691599	0.0332498578656
175.112910938	0.0339982894112
167.774351603	0.0366972535976
178.948101486	0.0325572073551
159.342863207	0.0404467133898
186.603593961	0.0298351947894
184.015632687	0.0306609437712
175.116102599	0.0339234455259
183.670179372	0.0307952858581
184.275486626	0.0306324404721
168.089678441	0.0365703501912
182.47356164	0.0312481463386
186.304531857	0.0298999339916
168.465186889	0.0364714986634
167.174452531	0.0370422669252
171.058251866	0.035534682159
181.101297364	0.0316487771685
189.529482915	0.0288451791625
166.626939744	0.0373149102304
168.691268255	0.0365014822747
182.059409938	0.0313187117406
179.92540457	0.0321518493936
179.307019278	0.0322691223862
173.728958635	0.0344897232046
176.956553353	0.033106585404
172.745817295	0.0348833945311
180.367835892	0.0318915368144
180.140160543	0.03211170551
172.635821672	0.0347475386537
173.596298942	0.0345732960831
181.826768112	0.0315148647782
156.717126732	0.0414328438288
170.219509851	0.0358641901202
168.744686414	0.0364971760081
163.424934984	0.0386440434617
177.255444709	0.0331836779364
169.138366628	0.0362422121921
174.326053986	0.0342660023952
148.918401186	0.0455376330633
141.944347562	0.0493495847748
151.761901198	0.0441238930722
147.258957023	0.0463921605975
165.999782595	0.0375773794881
162.800211759	0.0389516569628
170.45111395	0.0357956360189
141.186467388	0.0491818843826
167.433026367	0.0369608233196
167.844084994	0.0368410369578
169.098049352	0.0361370941426
158.451605425	0.0406612181521
165.603438671	0.0376470908396
185.755092128	0.03013361949
162.457361504	0.0388638054036
180.608695427	0.0319394466063
163.746274996	0.0383296674941
183.778879168	0.0307666861836
165.019855915	0.0377726304393
165.679395197	0.0377547863153
168.47932184	0.0363576311592
166.21503793	0.0375118068501
138.832157555	0.0510684267295
174.025130631	0.0343881424236
155.038872333	0.0425271138057
152.898321697	0.0435394665584
178.084812782	0.0328400506847
159.152256953	0.0403674376037
153.10975751	0.0431703234427
146.916651863	0.0462244039602
163.02372658	0.0388701349281
167.568002593	0.0367956804915
170.540543153	0.0357694541103
181.88197887	0.0314968267873
170.342592133	0.0357083516981
154.046892321	0.0429831553628
173.010555323	0.0346002442171
182.449057985	0.0312607067384
178.143453334	0.0328327614291
188.32765889	0.029296357498
170.893511901	0.0356220548928
178.577771606	0.0325580621709
153.941251443	0.0426996980772
184.225393003	0.0306782001107
179.557350467	0.0322849952025
181.75292945	0.0315402464722
166.329193307	0.0374910407833
176.177384029	0.0335739859893
167.581686664	0.0368101006015
161.431470455	0.0395634935149
169.864808041	0.0358640103388
185.181169443	0.0303295412033
184.281128109	0.030652369747
180.768358283	0.0318820399485
170.00397479	0.0359734503921
172.619204142	0.0349013001973
181.336402425	0.0316025097855
174.526271753	0.0341629511616
186.747475696	0.029779202131
180.648549683	0.0319003903359
180.908235977	0.0318395407907
177.638043755	0.0329945211946
171.789720772	0.0352564434263
183.156261604	0.0310426693994
182.555221026	0.0312693652378
174.079588505	0.0343765267307
170.2181928	0.0358887763107
167.186176694	0.0371203135343
172.569634984	0.0349557718574
172.747125097	0.0348561890706
174.306552612	0.0342850796333
172.863454957	0.034844331353
172.751192671	0.0348431594376
153.307520897	0.0433714977965
168.441300125	0.0363357091312
185.619417654	0.030143761067
169.929584839	0.0359440801903
166.484190834	0.0373041335363
187.013063737	0.0297149026524
181.295709281	0.0316375911839
172.899067034	0.034831821732
178.940674268	0.032477013292
165.519583558	0.0378145533543
172.017826655	0.0350501364789
167.874661281	0.036825057804
180.16007956	0.0321125702618
186.600121624	0.0298119177601
166.6665221	0.0373367128755
178.184595462	0.032711500693
169.843850089	0.0360325269814
176.27739842	0.0335038274393
181.716558882	0.0314277357777
183.408856093	0.03086599613
172.74462637	0.0347600525207
172.449401003	0.0349654199549
167.173825385	0.0371110165352
174.544240077	0.0341746687758
178.064882395	0.0328498672383
160.478709056	0.0400062393034
162.794884917	0.0389492869292
183.029698956	0.0310361565476
178.444651475	0.032648887545
168.51288602	0.0363989894969
171.471436213	0.0352656067653
155.029648267	0.0424798453257
170.271283891	0.0356043829054
189.475922841	0.0289027405757
192.980033062	0.0277667894539
173.797138209	0.0344732808043
172.006801756	0.0351733002033
177.846622026	0.0328757708486
174.145884483	0.0343269001837
186.777859436	0.0297709350875
173.455538322	0.0346070738939
169.935462453	0.0359862489042
180.479379795	0.031988754978
174.063126182	0.0343893044881
180.008485564	0.0321600123226
177.803841059	0.0329587827957
183.719818121	0.0308402065797
186.258352475	0.0299496622669
175.864324055	0.0336500664639
187.977520829	0.0293253858168
186.985171701	0.0296297825769
190.203659949	0.0286320296242
181.109766327	0.0316770351151
185.353844085	0.0302226824554
182.001955813	0.0313746375839
189.010165461	0.029024581973
191.524516201	0.0282199209252
192.415794336	0.0279368097235
181.714974308	0.031533908683
181.633579402	0.0315741817665
184.977735058	0.0304071937448
193.432960627	0.0276386324129
190.416428739	0.0286154206596
193.187227099	0.0277229512848
181.565954596	0.031593779014
186.857153568	0.0297846145497
178.68740923	0.0326418910895
177.67796396	0.0330153865689
172.322218457	0.0350399300613
179.950921029	0.0321883352944
176.606203834	0.0334227367745
175.41459324	0.0338630050161
183.840530155	0.0308069756385
176.726562276	0.0333755735434
171.960180974	0.0351923974189
177.313215441	0.0331592344663
180.570890968	0.031973951395
180.844250935	0.031877284075
180.742582898	0.031908393898
174.248194301	0.0343072460153
177.856821828	0.032947463949
181.305595713	0.0317015808759
182.399146127	0.0313248097607
186.833782153	0.0297771088803
186.462531759	0.0299215359972
185.135841507	0.0303250290534
184.363219779	0.0305899798572
179.03258826	0.0324686090798
180.093109154	0.0321421215273
168.784313043	0.0362212797512
181.382357218	0.0315964024274
174.724209018	0.0339487440348
184.833710058	0.0304760301276
180.987892898	0.0317253885423
192.957680329	0.0277484875925
180.990970173	0.0317436614945
191.722412048	0.0281637216031
188.652342557	0.0291612601774
185.999945947	0.0300284860658
191.702793342	0.0281858098688
192.757890393	0.0278236151433
182.974538336	0.031044260375
190.992482374	0.028362702492
184.287035412	0.0306008939893
188.491460073	0.0291688217523
178.341490867	0.0326974521828
184.689129156	0.0304984319431
171.824575666	0.0352470609136
182.816505424	0.0311644121136
178.011760916	0.0329001197516
182.544940703	0.0311406533788
183.928076895	0.0307016365158
179.964185519	0.031965681828
187.997190617	0.0293814916244
175.329675415	0.0337795659893
181.744502052	0.0315221228651
182.157593287	0.031399967769
181.776796869	0.0314538262274
177.417288369	0.0329675992587
182.765757492	0.0310027846309
183.955972794	0.0306519675141
184.225327764	0.0304999769569
178.727513209	0.0324638340077
181.981605103	0.0312523380988
187.675283296	0.029434422905
178.993284656	0.0323670868633
186.124743436	0.0299593332998
177.835716688	0.032885051564
170.92297585	0.0354134372277
189.527892597	0.028853408778
190.052932483	0.0287050723103
183.385391011	0.0309105711397
188.453253996	0.0292111163161
185.449792061	0.0301998544868
184.640016838	0.0304637866168
186.483635455	0.0298543672444
189.186074613	0.028982849459
184.920585381	0.0304188178199
189.262930767	0.0289715879523
190.600137542	0.0285390187699
190.563623955	0.0285721502292
192.349795262	0.0280031243109
186.995320227	0.0297308536528
183.307271324	0.0309858937452
187.628755225	0.0295181300032
187.213448691	0.0296754996822
183.319795147	0.0309773438877
187.397046487	0.0296082741972
187.865978625	0.0294357119585
187.169359118	0.0296668121582
185.170457078	0.0303198754881
179.600394404	0.0322297650816
190.602602627	0.028550063977
189.155750123	0.0290064053484
188.705562476	0.0291643596371
187.694667782	0.0294694866389
192.287143388	0.0279830140965
188.422670784	0.0292185338084
193.224484015	0.0276777686011
186.224629494	0.0299409877954
184.57992414	0.0304796600199
191.088448432	0.0283949828943
191.16405524	0.0282937870652
187.506689064	0.0295524852508
184.197344399	0.0305985419463
183.897345092	0.0307556347732
188.343288951	0.0291645848164
186.359032919	0.0299224457858
182.565570325	0.0311287465944
188.44372783	0.0292130197866
183.601883909	0.0308390382253
188.214254009	0.0292052890447
185.477941027	0.0302443011681
181.027832834	0.0317991039015
184.715966794	0.0305316165529
185.300330984	0.0303388172896
183.594211577	0.030902896629
179.747338802	0.032264020213
181.950816478	0.0315001785852
183.491435985	0.030960018097
185.021041325	0.0304102800408
184.480842592	0.0306190880388
189.361950442	0.0289194646524
189.029919886	0.0290346463579
189.375540197	0.0289643146548
190.32071035	0.0286796650097
186.170153642	0.0300242867902
190.035567206	0.0287571178764
187.425892952	0.0296184988518
187.937445619	0.0294546215023
194.6174579	0.0273183327856
190.432276674	0.0286229558963
188.410433003	0.0292823135263
190.597275468	0.0285651969882
193.438209669	0.0276702562026
194.837915868	0.0272420280445
192.135856178	0.028050655252
190.957958816	0.0284512507793
187.826284662	0.0294604447183
194.663953651	0.0272781542876
188.935354111	0.029096137287
187.342353142	0.0296256633085
190.552852885	0.028608752152
186.743568494	0.029852758037
195.229599679	0.0271084083029
188.477844632	0.029281822432
188.109446136	0.029299160327
186.998391834	0.0297222101154
184.65891553	0.0305641152974
188.112814874	0.0294101598593
193.650802469	0.0275567464177
185.810552719	0.0301344066523
185.435794978	0.03027139088
195.109927919	0.0271888549846
192.940434713	0.0278308977743
185.646644644	0.0302231286761
191.716271028	0.0282616606133
190.631868256	0.0285728136321
182.97533178	0.0310872976629
188.206143788	0.0293754870692
192.361791295	0.0280244235444
186.527524492	0.029933655206
189.7842575	0.0288553191279
188.150264004	0.0292816211832
196.971640863	0.0265886624522
197.546963177	0.0264188491719
198.448462417	0.0261564771041
199.413599325	0.025891276415
199.504318895	0.0258502238291
199.757795557	0.0257840852028
197.943844048	0.0263093987923
195.860013372	0.0269305047382
194.9930861	0.0272016063319
197.42827818	0.0264912422176
196.666035081	0.0267199904281
197.262529286	0.0265327839438
195.789251328	0.0270002460799
196.318005954	0.0268185152844
198.343474255	0.0262278790466
197.126783523	0.026593912544
198.65145849	0.0261391441069
200.068078918	0.0257275688101
197.294551912	0.0265288731046
197.051975873	0.026599029839
197.073578422	0.0265958425404
196.733021308	0.0267099013675
197.238313748	0.0265409905358
196.203214706	0.0268665507386
197.035620669	0.0265992443085
198.620205457	0.0261237483603
197.251692772	0.0265415628871
198.343217621	0.0262076654994
200.322323849	0.0256493263319
199.300976917	0.0259088211909
200.022378151	0.0257230404073
202.206993899	0.025110137296
202.212058985	0.0251175570129
202.027985159	0.0251662970962
203.63781615	0.0246878928106
201.023061926	0.0254304977976
201.870321502	0.0252195742016
202.625410581	0.0249677005821
203.552043477	0.02472008692
202.297549938	0.0250953309195
203.684516052	0.0247091750103
201.692156795	0.0252675746357
203.41721127	0.0247753902404
204.469267999	0.024448343997
203.942341836	0.0246044158801
206.653685775	0.023850131793
205.114494768	0.0242769876726
206.01002171	0.0240709794353
206.438317954	0.0239382520928
207.570248746	0.0236446728159
205.776368822	0.0240877029132
204.610740497	0.0244198793081
205.187838401	0.0242635591669
205.974127617	0.0240434064143
205.428777455	0.0241899935794
205.684141927	0.0241533959058
206.620744936	0.0239061365059
205.289003599	0.0242606792284
205.743635407	0.0240952718446
204.385798763	0.0244746251873
205.620484302	0.0241307110936
207.72733886	0.0235983704422
208.366601123	0.0234098506195
207.841471784	0.0235592293529
207.23357653	0.0236874388344
207.64898473	0.0235764663061
205.298055274	0.0242185773637
206.713264745	0.0238233551224
207.977917126	0.0235268900705
210.517752529	0.0228096613274
210.202438166	0.0229310300803
211.009984713	0.0227312616985
208.039960313	0.0235111746827
207.913774145	0.0235473900088
212.1260154	0.0224218628935
210.644692331	0.0228282131514
212.171547412	0.0223944698493
212.108472886	0.0224559786682
211.930637298	0.0225009692541
212.238635663	0.02242079581
213.911494668	0.0219504403974
211.250636939	0.0226309870559
209.960142955	0.0229667494288
213.896107376	0.0219556901272
213.899468912	0.0220020235027
214.326616747	0.0218921864989
213.013238438	0.0222178031316
216.180949349	0.0213878455629
213.902093124	0.0219594177884
214.653043299	0.0217660203876
217.745893095	0.0210153207727
216.928399067	0.0212500209064
214.346884818	0.0218773562542
214.649788994	0.0217973939923
215.953451959	0.0214841819526
217.240374612	0.0211694424953
215.447270748	0.021568591282
217.252500427	0.0211688766982
217.415520272	0.0211191945932
215.569431442	0.0215745092371
217.028159618	0.0211937465422
217.0726061	0.0211744405264
218.291225976	0.0209212258905
218.312720725	0.0208815109445
218.094852925	0.0209685624499
218.667915497	0.0207973985021
219.341824665	0.0206450136932
220.579777183	0.0203561965991
219.997759634	0.0204901477741
219.952489656	0.0205296236857
220.828493025	0.0203045993488
221.618786137	0.0201251189529
219.253224655	0.0206667430917
222.108375312	0.0200139069621
221.711841751	0.0201282811285
219.831299166	0.0205274118245
214.912785311	0.0217478859044
204.693119094	0.0243993565773
213.739355904	0.0220089871093
201.062800634	0.0254195806704
207.438956118	0.0236606774612
216.289309509	0.0213872240331
210.966148355	0.0227264341732
215.027044843	0.0216846803106
218.597635751	0.0208599219825
221.015587005	0.0202539987858
213.537226071	0.0220814190745
215.121816731	0.021664046713
213.478295152	0.0221102010788
218.027931142	0.020972777024
215.734898567	0.0215233991405
217.516995851	0.0210855795539
213.822209789	0.0220225766313
224.126287831	0.0195614105541
216.698597513	0.0213107777059
218.436315174	0.0208896466529
213.965712887	0.021978093599
219.51935814	0.0206373209525
217.567390537	0.0210738587711
219.613697674	0.02062644098
219.961065271	0.0205041019296
217.965764343	0.0210182706674
216.728782661	0.0213002472087
219.840427172	0.0205492389553
219.176431383	0.0206974546276
220.947628857	0.0203168148377
222.057796843	0.0200355728229
221.65478817	0.0201228254289
221.902642402	0.0200681646441
223.604413252	0.0196856872572
221.188619517	0.0202592046287
225.33291441	0.019308034837
222.043827868	0.0200603246193
224.564165955	0.0195001177415
224.506648165	0.0195006126508
225.829317539	0.01919782807
222.639421844	0.0199065693212
223.847791083	0.0196546551191
225.796080171	0.0192004100563
223.776732678	0.0196699752151
222.957004698	0.0198544029558
224.309920023	0.0195368311287
225.262039536	0.019314096232
224.272299646	0.0195478152206
226.069576102	0.0191383989758
227.681850895	0.0188066403532
226.706137468	0.0189969473662
227.851463652	0.0187577810219
226.274877293	0.0190889198613
227.669254382	0.0187972568489
223.611337899	0.0196892124138
224.575293888	0.0194924005294
227.141876557	0.0189067546708
226.687505227	0.0190111106715
226.768718825	0.0189936577119
228.609719182	0.0185972104676
225.261667004	0.0193309755079
226.5577783	0.0190678175293
226.221947495	0.0191360868627
226.015465162	0.0191838478026
229.045237391	0.0185149130691
227.524389325	0.0188351782107
225.305562882	0.0193270573315
227.552343906	0.0188526389462
227.573248181	0.0188368056349
229.679277557	0.0183852550733
227.68191542	0.0187965568307
228.726467083	0.0185829634474
226.572142302	0.0190558163392
227.598990394	0.0188413646183
228.176688289	0.0186927372552
228.218254435	0.0187063683921
230.715026579	0.0181664045021
229.242872767	0.0184633716665
228.980507168	0.0185334717617
230.907767058	0.018119097731
228.089697254	0.0187045372655
229.805586776	0.0183640918483
228.053875139	0.0187284304806
229.360438916	0.0184599878217
229.239385555	0.0184761336444
230.00277147	0.0183109783471
229.842485682	0.0183381569519
229.592436608	0.0184094420661
227.928389894	0.0187601158047
231.031709087	0.0181078034395
229.397110163	0.0184344543078
229.660653188	0.0184047025599
229.596654888	0.0184219749077
232.05988167	0.0178970214333
230.367673174	0.0182366777583
230.93441951	0.0181331737802
230.707603867	0.0181628286226
231.255673018	0.0180679665917
230.84440438	0.0181461393355
230.901565238	0.0181377695996
231.140640899	0.0180916532548
231.496379623	0.0180288576272
231.646688432	0.0179800352118
231.361091893	0.0180367994523
231.572485458	0.0179995901105
231.100246456	0.0181201445117
230.946060496	0.0181497356241
231.572771063	0.0180284650905
231.086929733	0.018102035366
229.938060075	0.0183383712935
230.948480966	0.0181270406095
229.733587701	0.0183818045303
229.467253389	0.0184401277397
230.991953506	0.018122295589
230.308535784	0.0182871659142
230.49221241	0.0182514666082
230.394244144	0.0182743571814
229.623860922	0.0184294193612
229.541198932	0.0184307638425
230.035416235	0.018329875501
229.237498554	0.0184941784605
228.223805032	0.0187040169034
228.591143733	0.0186281917419
229.759642051	0.0183927391021
229.211167702	0.018520882622
228.881687603	0.0185982126211
227.786635993	0.0188106378935
227.297704986	0.0189066905365
228.509344382	0.0186667156257
227.578720867	0.0188604169112
228.576416267	0.0186570582864
228.191741741	0.0187492047041
227.760884229	0.0188298037789
226.74074716	0.0190329957704
226.574742281	0.0190586075189
228.247181443	0.0187271408015
225.831817864	0.019238681469
227.702422255	0.0188435601533
226.406435744	0.0191140754055
226.628050251	0.0190594151495
226.569480893	0.0190630677132
227.865201232	0.018808737354
226.956831522	0.0189989134395
226.428609603	0.0191074847073
226.197030046	0.0191579388232
226.128517629	0.0191738336773
226.906114645	0.0190101901512
226.616626397	0.0190762155061
226.815824955	0.019039250447
227.090006887	0.0189827412221
226.611754213	0.0190807490346
227.156981015	0.018959099912
226.208942735	0.0191574979818
226.537916395	0.0190689980456
226.765961218	0.0190268844278
225.921266266	0.019201389111
227.159999056	0.0189601725019
226.678690336	0.0190642504992
226.449891044	0.0190873686762
226.889952782	0.0190048651658
228.235451169	0.018727785571
228.294449377	0.0187316275737
228.982995467	0.0185701059727
227.562433004	0.0188601256856
229.283532358	0.018495612581
228.054467905	0.0187518097782
228.590882871	0.0186418584517
228.128206594	0.0187475173885
227.466319257	0.0188771875769
228.453125089	0.0186642511803
227.274713154	0.0188936842621
229.371413757	0.018483266124
227.929777285	0.0187869733873
229.040757298	0.018554545082
228.12417742	0.0187435788454
228.794125308	0.0185833057561
228.614996531	0.01862266727
229.147318866	0.0185327125483
227.563518188	0.0188587147538
228.558776211	0.0186469312536
228.732226264	0.01859919411
229.372114827	0.0184530919737
228.918534903	0.0185602474192
229.133530698	0.0185079482593
228.234437668	0.0186860329321
228.545655067	0.0186288280025
228.550337895	0.0186222638085
228.508061925	0.0186351217285
228.736771773	0.0185832831481
228.734142231	0.0185857092298
228.815880557	0.01857361988
228.519512613	0.018634457788
228.29205507	0.0186787805679
228.224682027	0.0186928185899
228.538828658	0.0186472281666
228.213239162	0.0187122843645
228.266204845	0.018681915448
228.946616961	0.0185656666379
228.794155859	0.0185951500523
229.184128061	0.0185228747233
228.912848195	0.0185708117023
228.384293538	0.0186621597517
228.336350943	0.0186778171219
229.061889963	0.0185441277461
229.019822596	0.0185454842369
228.751761434	0.0185936722413
229.126754078	0.0185409779295
228.705337823	0.0186196930477
229.055411172	0.0185562395609
228.664814673	0.0186357764735
228.919588255	0.0185632034032
227.914000924	0.0187648959742
228.930629646	0.0185658338284
227.72126687	0.0188170963758
228.747694389	0.0185895557083
228.02375229	0.0187527907391
228.868727741	0.0185640773535
228.291172764	0.0186954198253
229.018169937	0.0185436948468
227.841574211	0.0187805865793
229.175341734	0.0184984880254
228.548559698	0.0186499628231
229.333237321	0.018497403207
227.919038004	0.0187718134137
229.027973796	0.0185318680101
228.057594704	0.0187320633761
229.228909363	0.0184912980449
228.327987859	0.0186890030435
229.529381162	0.0184448332868
227.750204913	0.0187940901683
229.381111796	0.0184760679145
227.875724394	0.0187840776935
229.356581845	0.0184624905301
227.529021592	0.0188411428084
229.548280708	0.0184299003805
228.177438627	0.0187309572394
229.516134964	0.018439496209
227.772703323	0.0187967719433
229.295248736	0.0185049507306
227.684931859	0.0188343378174
229.35790673	0.0184716833451
227.685916316	0.0188162300111
229.229272141	0.0185143395924
227.822074795	0.0188059120034
228.833727356	0.0186038974268
227.641130863	0.0188423208813
229.268963144	0.0184851358267
227.215336457	0.0189072671074
229.175954845	0.0184966746223
227.678200956	0.0188155296282
229.175637675	0.0184971798093
227.44447856	0.0188586273499
229.295030655	0.0184770930737
227.42783268	0.0188648662832
229.255999174	0.0184788946123
227.727065191	0.0188182071881
229.237222733	0.0185083548617
227.431835208	0.0188688664442
228.971015231	0.0185611483369
227.725155845	0.0188190539519
229.036911006	0.0185267776945
227.145228781	0.0189209410802
229.054333037	0.0185250377978
227.628648346	0.0188319170013
229.029502931	0.0185593607073
227.67174072	0.0188381669223
229.218689635	0.0185027964485
227.429563974	0.0188830909452
228.961361789	0.0185730082301
227.677367136	0.018839727845
229.134078455	0.0185206924129
227.750913278	0.0188151149868
228.884560156	0.0185845490683
228.022985045	0.0187655115723
228.798953228	0.0185870389759
228.020748716	0.0187644365446
228.800740462	0.0186000980706
227.935855042	0.0187728970857
228.672317446	0.0186196181327
228.176253326	0.0187377890941
228.705895012	0.0186251744206
228.039653246	0.0187582773228
228.662557285	0.0186317773338
228.071089666	0.0187601567064
228.529820135	0.018663302618
228.06021712	0.018762119277
228.399881095	0.0186886578566
228.008142947	0.0187715183589
228.506168103	0.0186563752647
227.912551956	0.0187770176073
228.594553061	0.0186469751026
228.142798908	0.0187429343629
228.437865322	0.0186808375094
228.055613	0.0187619327705
228.459091239	0.0186751586556
228.193258708	0.0187269860655
228.373887603	0.018686796471
228.314391958	0.0187092337668
228.199197391	0.0187272238108
228.208982599	0.0187153298795
228.268658789	0.0187127952469
228.381143308	0.0186861466211
228.1268957	0.0187419762667
229.176104663	0.0185286825167
233.911734582	0.0175762300393
237.994866989	0.0167871842357
241.123124422	0.0162114512443
243.765896133	0.0157405469373
246.523007579	0.0152548484041
248.871289833	0.0148645355312
250.897592777	0.014527549779
252.605231164	0.0142481769995
253.75694737	0.01406054602
254.808218519	0.0138962357485
255.886404151	0.0137205975282
256.621489894	0.01361399014
257.424497392	0.0134853832815
258.099268285	0.0133873227177
258.625986404	0.0133091774663
259.189843633	0.0132246734887
259.250564442	0.0132203776869
259.780432799	0.0131375450403
260.067837452	0.0131022041679
260.513474801	0.0130330920988
260.690323847	0.013008953688
260.969616681	0.0129693386381
260.830003853	0.0129924885316
261.131999333	0.0129445049608
261.297735421	0.0129214194366
261.095706986	0.0129533307489
261.34796403	0.012912591729
261.36943832	0.0129108011139
261.12683117	0.0129469321065
260.88272544	0.0129808416788
260.740020131	0.0129967158529
260.535405783	0.013025527272
260.075987207	0.0130969514646
259.943257515	0.0131104973349
259.832571118	0.0131269254456
259.693667769	0.013147715286
259.761732782	0.0131388755049
259.385955618	0.0131968744737
259.284749765	0.0132123807539
259.090488364	0.0132406724979
259.400663666	0.0131906716468
259.363985837	0.0131982827615
259.275648639	0.0132080158312
259.219041514	0.013215109714
259.164038177	0.0132282713322
259.057458365	0.0132424579052
258.847536139	0.0132727871143
258.646388953	0.013296445969
258.093058291	0.0133755509633
257.888421612	0.013398851399
257.273701836	0.0134899500673
257.361924566	0.0134772310128
259.134157497	0.0132218232361