-68.4585209616	0.524724714182
2.9526569429	0.234183755298
85.7415576333	0.0927800725772
21.7083879097	0.187063169492
9.92820025823	0.215819195937
7.92691430332	0.221412209324
29.8506814319	0.173360183109
25.9642544858	0.175457277228
12.9231240004	0.209292910379
11.5885918533	0.207236605404
-46.4256654336	0.407642434431
20.245827733	0.189929895104
23.3588824618	0.183077055149
-33.6742216458	0.354180344544
12.3796868559	0.211038998273
-41.6139816304	0.388044057696
12.2463220462	0.211342135779
16.1848364583	0.193024380752
-24.7433855319	0.314893911899
-21.6808151671	0.301605200823
16.8412030572	0.194995557605
-1.82607411012	0.241916873073
-2.20226702258	0.242460618181
0.442604700268	0.238799645063
26.4359794256	0.175410644722
-9.2521532947	0.264392296834
20.2990272863	0.189566404231
-5.99313368384	0.256123653217
24.0396368333	0.181448796656
19.9144080734	0.192162838979
34.1739208144	0.158741536089
54.8014359116	0.130891481666
-23.6907147935	0.313592091821
-17.5570990193	0.293520236843
22.590189542	0.187562603638
-31.396926642	0.344694035783
71.3001668019	0.107393052115
-4.13392638216	0.253098984118
23.737492761	0.185549698587
6.71244966503	0.221742668479
-5.96284951327	0.259643893554
-47.961119801	0.416103421061
5.72118858444	0.220345365851
39.170946701	0.148922585843
20.0486129821	0.186386425441
-6.93500188399	0.258835427102
-38.173425606	0.373435719249
65.9512345018	0.115806048135
12.1111506848	0.211785179599
-14.7993505165	0.286671454445
31.6301868621	0.163411803189
31.3907906138	0.163931270374
19.9754871481	0.188666980956
-9.77612212085	0.271243751632
5.03828466435	0.221043236537
-32.9380134753	0.35039144522
146.549445103	0.0464044855929
34.5896160927	0.157492275533
1.81155469287	0.231242558082
27.7242650276	0.170410553103
20.349408898	0.186502518272
-20.4773175943	0.302326251257
2.32908151556	0.229418834597
23.0128498172	0.181013681263
42.9759401339	0.149477301063
13.9391870522	0.20575731521
29.43997035	0.16874114039
17.9719724339	0.198283167083
33.768309105	0.159037333215
17.5531120975	0.199019861564
-56.8836198518	0.458722504406
-14.6182821954	0.279966102222
36.0937802695	0.161418999949
-25.2473044472	0.318923947553
-3.8865481533	0.253568389386
43.9848280131	0.14783008446
35.1251130509	0.156373364901
-45.4752062027	0.405498555326
9.06763728544	0.209683020498
19.5674072312	0.194701402213
27.2598648551	0.177967698182
-14.884931176	0.281902417423
44.9028966499	0.146069245926
-6.96320427547	0.258577208389
-5.58518803132	0.251900108262
6.86425291764	0.222721076143
3.7914206979	0.228186745079
-25.8695482265	0.323957406506
11.4892700158	0.210001268196
11.9937098946	0.209970271195
-13.7832329175	0.279572012441
36.8752672528	0.15671562851
31.8931688138	0.16408932501
11.7789371152	0.206720046207
-10.9718428212	0.269307981393
2.20145921841	0.23030931607
-18.7562784015	0.293825777617
81.4516558233	0.0953002005327
13.9249884886	0.203276971103
16.0238142595	0.202654936962
39.7389059303	0.154844849386
22.772909715	0.179565814142
-1.01012297246	0.243868666268
-13.6744511838	0.28324861291
43.2624591388	0.142687024822
31.6512201225	0.162666683666
35.7711378956	0.15554092504
8.60600851441	0.217040896105
0.482247863169	0.241482780707
5.71812450099	0.222546106735
26.2796344983	0.174145500844
19.835097746	0.191187608373
0.0028768562205	0.242584440823
-15.2629519928	0.282722782504
15.5611402857	0.196934161358
165.460234938	0.0378604498173
19.2862109938	0.195296197375
84.3769352889	0.0943429630276
27.0155300481	0.178150643069
-22.149865673	0.311862144115
25.505387884	0.181615573594
26.2370838094	0.176328499601
-18.875385011	0.300448376423
6.75363504416	0.220526381198
-21.3315114004	0.305181734167
33.3145910417	0.164186084151
-10.7495171311	0.271577343125
25.7816990651	0.178457971765
16.8134152663	0.19825140558
24.9524712238	0.182316664147
62.6126758316	0.120203289501
161.563781125	0.0389480179884
79.291336134	0.0978283402473
22.5662962021	0.182860408036
4.81063986137	0.2299643493
54.3493625568	0.131028163053
34.1635456793	0.164819025927
33.6013571204	0.166097171811
27.3347193285	0.172863516526
-11.9562633828	0.274542433892
1.12602001269	0.232676349652
7.2066754778	0.223769630099
23.2709963109	0.183538842677
26.9894998111	0.175244545493
24.9159459969	0.175652226898
1.54637620773	0.236264404384
65.003403071	0.116860422846
19.9978231474	0.188608191922
28.9300351432	0.171640783576
-2.11038778461	0.244299776056
66.0732794864	0.112826731727
-6.22313968867	0.258046220564
43.2347263682	0.143818708068
21.211043144	0.188849186723
5.42527633387	0.226742671578
18.6078171925	0.192675062474
7.84551402824	0.219686399294
19.4079174157	0.190542883151
11.5346587057	0.211127508017
10.5758884207	0.208831609771
29.6092472274	0.173859994015
116.058312011	0.0661399585916
27.6376242104	0.173237110879
24.7400026187	0.180019752728
114.623673783	0.0653901406932
43.4221505326	0.148906819152
12.2006261491	0.20706679553
26.8251057822	0.176012692605
-14.6633822434	0.280186916388
26.7332510124	0.173633898508
-4.60189226969	0.249871109576
-0.176537121015	0.23359742058
13.7677431096	0.20484528778
12.0696381861	0.210445273176
19.807368787	0.189135592311
51.7554097015	0.135084371979
3.97304673967	0.225381031927
-13.8590977743	0.282511363826
13.3250540559	0.206180122575
34.2074979326	0.158725840271
27.8476035466	0.172783376213
11.559152253	0.210399541896
103.054346323	0.0766121565582
76.0457077311	0.103441521019
26.2909360145	0.173469996636
33.8565198675	0.159834654625
28.9370693995	0.175104566824
-16.770779084	0.285246088365
24.0969560757	0.182994673414
32.8920085174	0.162191405742
26.760873153	0.178841513843
30.0244683974	0.166873107325
102.577296074	0.0746008728108
28.395295802	0.171453090904
18.5044367568	0.193116359424
7.2911416914	0.221334470087
16.5913542022	0.198052921127
29.6986814241	0.170029101238
6.10152586637	0.226269509733
45.5207745914	0.144851243613
50.3861527335	0.137052862652
94.5094197534	0.0843120966235
134.485162169	0.0537360108001
29.271384467	0.173699663363
14.9359177619	0.204067691052
24.3684278921	0.182608636677
24.3545390576	0.182509670574
3.48481457758	0.233408927242
18.9980399983	0.19555553744
34.2839264754	0.164835069672
45.8325959803	0.140707402624
47.1018909866	0.142499813262
102.822085219	0.0751453422416
30.7630748956	0.171530292253
97.5564170025	0.0790494310046
91.9899275423	0.0844889515152
28.2722409672	0.17616352596
36.1529321097	0.155113028396
33.8316860083	0.159737642358
28.0159331435	0.173673365239
46.7224555174	0.142031695686
22.3765351307	0.186687818046
133.486278583	0.0542904715195
55.9297075303	0.125930047727
20.5710047977	0.184606045029
61.245155521	0.121169003468
39.2100760275	0.150240930445
8.22823600925	0.212837006983
53.5720896487	0.129079498266
29.4851494274	0.170337481627
39.7833963552	0.15285657032
30.2948004968	0.167277413487
59.229019089	0.124564786233
61.2183474417	0.119764533177
16.3817538335	0.201019637298
25.1551623918	0.180995800606
24.9665062474	0.182573114507
10.1199013426	0.214686445939
22.1631840596	0.186863653967
27.9211455984	0.174292162403
30.1260999555	0.166825992661
21.3271770604	0.186692593184
14.3395706337	0.197779722757
26.6779772613	0.177294193925
85.8428856931	0.0916266612473
-3.35369099333	0.250799887473
103.941220692	0.0734904051757
37.0887496347	0.15673551097
17.2744247134	0.198054031868
4.60921171855	0.228332090632
49.8681631061	0.138245583574
133.014182982	0.0532172886465
174.209547403	0.0342879029329
49.286794476	0.139285770852
23.2968981033	0.183870861898
30.5313384575	0.165197291266
85.0381376367	0.0936256263378
18.4102615969	0.196253188185
25.214285852	0.18019753909
25.2574172882	0.181401116769
27.1239046728	0.175599360834
13.8383303378	0.20496070671
18.921961684	0.194594302562
20.0799900592	0.190268348943
61.1911105861	0.120045563349
19.3542890437	0.188354194769
97.4132727075	0.0797499183109
3.52090310411	0.233055890715
25.4126858508	0.180791153789
26.4633352539	0.175228109959
31.6141648325	0.166531866676
86.085817473	0.0924189963095
64.2304315955	0.11507257653
-7.46558763919	0.260543667972
63.6566106523	0.115997495
25.1423715917	0.180477024016
12.319739539	0.211210556583
30.9054748351	0.166865474009
113.812224693	0.0676251067121
33.900111799	0.162417209975
-12.5733794076	0.274532097587
26.7836760476	0.177409624268
29.4029095947	0.170840458264
17.522173007	0.19764909745
26.9080424479	0.176607055048
26.4026574716	0.178787873722
21.795178809	0.188941978834
80.1328675214	0.0988710540451
28.8961820472	0.172966222957
21.303229426	0.188939743728
146.623334503	0.0461020399817
37.4225436053	0.155650492981
69.5605307223	0.111234257889
9.08159295527	0.216306041094
33.047583854	0.161527686014
26.915672952	0.17894005933
66.4425338745	0.114987860161
74.2413931356	0.103645006458
76.4676095652	0.100453765187
67.8504897128	0.113373050803
21.423678026	0.190444434482
108.423877796	0.0721329036205
57.4523649938	0.124404028478
51.8026265127	0.130850403356
33.0610691457	0.162447736624
31.0548215871	0.165114634285
23.5041353025	0.181811579252
123.980825717	0.0600000471896
25.895331487	0.176422997515
20.7896931883	0.186116709945
103.408728695	0.0762119618299
34.2135377049	0.160288964075
16.9885613521	0.193912217119
153.598927326	0.0432439940702
39.9810230265	0.148122025335
23.1534578736	0.180662590669
67.526292873	0.11108386403
31.213311592	0.167832105711
32.9832132254	0.160247482005
26.5535882693	0.176751157129
134.469747683	0.0537537196706
29.53647168	0.168628112282
29.4158575634	0.170747390009
67.0936366577	0.111502708072
119.692494552	0.0633003919115
86.4129597918	0.0922295370065
26.1108037612	0.179522263382
56.4343774197	0.125542761528
110.764147121	0.0683130845521
51.5752830775	0.131864715142
15.5578821588	0.195362242331
51.3478153876	0.13161361833
24.2799664535	0.180194850527
164.531856425	0.0378575873429
24.876677829	0.180561526048
116.500618029	0.0658849529229
30.8873667642	0.167161233056
51.3576882992	0.135942284934
30.2917424392	0.169337746371
55.6180467557	0.127281152804
85.7050255736	0.0929773465014
60.9893246325	0.121299460091
113.176212617	0.0678637263957
142.271660326	0.0491810202116
23.4043909017	0.181042266753
87.1923253921	0.0898218457476
28.1180593281	0.175547640898
28.9779292082	0.172038022372
27.2378836138	0.176993043939
28.2415452224	0.174275567061
35.8659022034	0.156201560312
98.5306101145	0.0782743519538
65.0634668287	0.11677068426
23.0403890429	0.184530578234
29.5243873621	0.172777565387
28.7753265801	0.17410561733
28.6687311588	0.174222142017
27.483956313	0.175925569068
28.8800132931	0.173353980116
29.1481884625	0.172676557563
130.088372975	0.0559796463628
84.9890782618	0.0932167259332
85.1773348718	0.0925297271554
28.3794862378	0.174002439955
152.609866474	0.0437262225164
37.5841753663	0.1527356029
132.31229986	0.0549864463457
37.7316705802	0.152120285396
46.2439792777	0.141179702168
137.829303066	0.051570724401
52.1573399601	0.134856956788
72.6268442182	0.107431524616
122.929835379	0.0612558970424
26.0618857174	0.179565138717
41.9375868904	0.150762835658
32.965441014	0.162237520629
107.404523855	0.0730049360546
75.5874646289	0.103964378504
91.5463776939	0.0848688779084
55.9451324405	0.126715676824
83.7808358327	0.0950492840865
45.4976902075	0.144921721643
107.829827994	0.0703719593815
59.8614561062	0.121394306114
66.3384287965	0.113257740978
121.706438419	0.0619918750676
35.2573078481	0.157365690668
50.3707955997	0.134538025018
59.0893192988	0.121972090635
44.0108167659	0.143943592611
61.8131412327	0.118146890223
91.9152158299	0.0845085024589
62.5161504237	0.117641429173
33.8699922237	0.162555106681
106.301837037	0.0735495683534
72.4191280077	0.105015789304
57.2548807526	0.127532027957
77.1565309022	0.100857924788
45.6821002878	0.144964700082
147.899740626	0.0458956745932
83.3453828679	0.0954231312832
65.8110749616	0.114172811054
58.9646190895	0.125059968834
33.2393014952	0.163035936265
104.781373143	0.072718654764
67.8510523261	0.110453810613
116.196510789	0.0661072367354
96.1823087035	0.0809205488894
94.3006550051	0.0844744280235
107.524690625	0.0721215313327
61.296440599	0.121688232859
71.5524379475	0.107855139872
70.1861638887	0.107842856227
59.6825274484	0.12055034325
64.4121394277	0.11585388378
61.9447360782	0.117674641747
33.9339962354	0.161689180757
159.652530897	0.0402739112811
53.7965842166	0.132222038739
94.5005395603	0.0821990922896
157.193563232	0.0414455910331
54.4299027835	0.131249427206
116.526438622	0.065371163922
51.5389581522	0.135553617861
79.2411440275	0.098766869171
64.0238442959	0.118119596407
134.563131903	0.0533448592435
58.50862218	0.125515516084
90.9059749679	0.0854742450553
98.9388008624	0.0778334138878
73.5850147756	0.103372700476
153.41259473	0.0427592787333
57.7999069744	0.123945941468
52.272967824	0.132200040447
50.8533086411	0.133018122155
54.3165117537	0.128760529097
51.9293394514	0.130477396732
81.9229093823	0.0948688776632
66.7571191873	0.111729512082
102.289964909	0.0750180165438
59.4678977912	0.121490831722
82.1410618652	0.0943418068693
164.512546686	0.0381422438458
161.775276304	0.0390915547956
79.1571766674	0.100030993148
42.6175308603	0.149838401456
83.2204797021	0.0955273383798
118.254527325	0.0645899785157
112.565577842	0.0688538632028
55.2359388959	0.130175052306
94.8276509405	0.0832404062043
63.905891324	0.115265185247
103.626886847	0.0738345505658
53.4788309169	0.130044835416
163.111526374	0.0387458083005
102.099964952	0.0757137455113
73.6779429876	0.106305932442
68.7707461014	0.109243009724
46.8703534193	0.137742327628
67.7644354634	0.111045454401
49.6534029999	0.134958520415
61.9930120381	0.119034294751
140.497955637	0.0501378460271
154.531213767	0.0428168026525
78.4308428796	0.0981059863128
163.009723227	0.0384142648209
114.286747757	0.0675585373424
101.68069361	0.0778354636194
105.79267957	0.0726848911246
73.1337048151	0.103950415084
47.2927746603	0.138012213253
164.247872203	0.0383442483377
69.8353007396	0.107892713833
87.3681698389	0.0897681792736
71.0660611734	0.106542401748
44.9223265937	0.142318299231
51.2718206003	0.131947558034
78.2043675549	0.0992160935545
124.879641538	0.0595494145059
90.9565636114	0.0853831174138
104.550190963	0.0753259381428
99.7155582226	0.0773911423068
176.199580126	0.0334297044284
68.7318740211	0.112114575792
161.06976302	0.0392498861717
81.4346502167	0.0974010455943
103.101109863	0.0750223600963
127.776864875	0.0573085281655
103.073990854	0.0742031479751
93.9281858047	0.0838480094345
85.7869876771	0.0929397958414
91.6253928073	0.0870933873502
117.854441776	0.0648805417372
82.462001315	0.0946377466035
100.06268386	0.079266646682
89.1595892661	0.0871876188637
78.8058754936	0.0983855897646
109.077392343	0.0716361086072
94.847496988	0.0839829071671
86.7334745487	0.0918870556156
77.5799077831	0.0988678898799
163.474660287	0.0387388880499
71.2694599989	0.106255951953
82.3191993431	0.0964963919444
96.9012579966	0.079680737079
135.59305826	0.0530343307115
109.469949506	0.0706658710565
153.395834921	0.0427510808606
93.0694559824	0.0856419242932
169.30113053	0.0360138543983
86.3516481489	0.0900622621383
122.608772256	0.0596534423814
89.8007451702	0.08646252957
90.5176770797	0.0858146257555
156.377162327	0.0413295876215
132.999291602	0.0541492776704
97.0328185295	0.0819984469441
144.260866229	0.0478301218313
79.6917822797	0.0970778474815
109.133600716	0.0715772697055
81.7529808426	0.0971291129272
147.833455053	0.0462016049656
48.8134250452	0.139855074807
146.256545927	0.0461961711314
54.919039718	0.13060620044
118.630185521	0.0631574279235
185.848947544	0.0299156577143
108.338395252	0.0721794233008
74.6963995838	0.103421842787
142.782768817	0.0487052749616
143.75819246	0.048383191747
152.730047662	0.0429886003081
65.9271676542	0.115574469259
155.17333259	0.0418539323073
105.118140274	0.074871081105
96.1306151374	0.082829408314
107.465065304	0.0727191127746
163.694300486	0.0386688330133
144.170576078	0.0481682703351
199.063776914	0.0259282691194
149.107741934	0.0455413045183
124.594323172	0.0585099058164
96.0447366084	0.0804721502183
103.003852081	0.076646437839
157.28407992	0.0413914884384
165.695487888	0.03770929003
201.174194713	0.0253558769658
117.714249463	0.0637479245933
139.673930742	0.0506860225588
115.011326554	0.0651659414692
80.8588153781	0.0981824861161
110.561119716	0.068413791773
213.00660555	0.0221638398757
145.322469418	0.0474123953762
168.445856182	0.0362931702754
144.240900159	0.0477889537116
147.683903491	0.0463099360732
94.3638879213	0.0844622285114
171.140913208	0.0351553048203
119.185940881	0.063897773317
135.328642859	0.0532455175801
106.254064818	0.07388387076
199.501732272	0.0258587150375
121.686088088	0.0620377381763
206.093507505	0.0239008766955
94.0147587035	0.0823279067143
151.806480365	0.0437369117913
186.006422912	0.0301142177255
121.647704502	0.0615493624465
205.884058936	0.0240787793544
139.364596354	0.0498598245527
101.718587524	0.0755321784228
149.352527628	0.0448171031396
167.695367154	0.0365617087549
124.533043629	0.0590437330767
93.2986573549	0.0853959760433
104.777593837	0.075171971159
187.351843462	0.0296913541842
134.014852141	0.0540381528456
81.3736282214	0.0955666435014
152.82842539	0.0431089823232
176.124201068	0.033512362522
150.892556729	0.0439284437455
129.943813376	0.0565598091209
174.078239505	0.0343536260939
114.499014536	0.067356000425
94.506811917	0.0843158121261
136.889432152	0.0522952164393
114.745396495	0.0671911033536
134.609743714	0.0536659494041
166.109682079	0.0376469764433
218.491912323	0.0208570087466
178.328527552	0.0327746180126
216.799855252	0.0212402165146
164.907509804	0.0377143213579
155.274491965	0.0424881264164
180.40570881	0.0320095395052
237.108636753	0.0169049242799
166.386661477	0.0373912247751
109.448137126	0.0712856547217
185.647813729	0.0302068249582
99.1152296939	0.0778628435215
102.929277502	0.074826655425
99.9590615833	0.0771375182552
87.8523281676	0.0885320850842
88.3955052689	0.0902197515004
76.876735473	0.102565310498
92.9683473508	0.085732841569
110.533101025	0.0700630160322
170.862461654	0.0356678053395
158.864279157	0.0407774673884
130.142625045	0.0553902234522
184.488834477	0.0304969721495
135.828918184	0.0519765933204
102.41221867	0.0771972540389
114.295445588	0.0659952137823
123.191576088	0.0610814554363
112.830003097	0.0686747010515
148.33404579	0.0454536661558
100.419176298	0.0788769696974
147.941995614	0.0453766729705
140.862177674	0.0499800552457
88.2417916478	0.0903947095075
195.791002332	0.026935053218
214.059316929	0.0219260814807
121.183137108	0.0625051350079
113.42183874	0.0681937255842
229.436179772	0.0184019665933
134.119640036	0.0529595998796
122.904145347	0.0598730737756
77.9936151535	0.0983572671141
77.4520945733	0.0992517594783
133.141300715	0.054536068937
86.9283719248	0.089343853497
89.0353002669	0.0873977526128
84.3848926569	0.0919988961986
208.854872714	0.0232725502374
151.112490165	0.0442472527667
176.957424007	0.0333346210427
191.073650296	0.0284312023703
141.597335921	0.0488378998988
197.624883114	0.0263755525722
198.467354255	0.0260972043287
148.665889637	0.0457933882232
144.243771041	0.0473792142573
152.415803835	0.043485780397
150.23567026	0.0449995808617
137.39630348	0.0515761662719
128.908136711	0.0560572346296
190.101840076	0.0287009062177
86.5771924262	0.0896335083716
115.374789202	0.0654697197124
148.633825329	0.0451086124486
134.189216154	0.0539393273633
100.823625287	0.0785937168564
113.683052873	0.066834887008
164.033752912	0.0384686635621
215.353281281	0.0215837112984
200.903302931	0.0253718476456
170.551453669	0.0357475607989
223.605310584	0.0196832814625
191.496686267	0.0282664748669
152.879722617	0.0432046233406
220.794020796	0.020253219338
222.411183453	0.0199488826721
181.302993447	0.0317399926562
165.47741232	0.0375378894121
184.155709782	0.0307035841515
191.493928006	0.0282773973054
237.444262831	0.0168612201497
163.538818827	0.0387672919938
207.182935899	0.0236661041098
188.47242316	0.0292487960234
219.730290242	0.0205474285359
159.27725332	0.0406052490184
203.454219822	0.0247114994225
167.232612441	0.0368243240144
152.109835519	0.0439370158174
229.725896268	0.0183640003039
190.913172248	0.028474157852
145.864998519	0.0472726890219
223.406063492	0.0197057061793
226.401033314	0.0190509994288
224.332845895	0.0195560243674
138.946901915	0.0510502664157
204.519623938	0.0243682115095
159.128050042	0.0405059080823
183.729494536	0.0308778778591
138.667078446	0.0508829174722
215.044379298	0.021661174434
141.146201699	0.0498471566404
116.864168092	0.0655993350235
150.958179046	0.0446199522195
236.434742252	0.0170353948791
195.624451871	0.0269934194949
183.484237974	0.0308033583308
163.800000621	0.0386198092679
203.830337829	0.0245894832708
235.702905533	0.0172019219395
219.539371215	0.0205708345448
187.021727442	0.0297353695512
208.408541997	0.023346329651
215.862830898	0.0214897672005
147.376208412	0.0460003361045
213.408768413	0.022080982537
133.039604097	0.054627182648
216.807868537	0.0212322178131
143.260185112	0.0486546114818
171.155945696	0.0354153096138
147.707987874	0.0462914755428
175.115239407	0.0337748280514
218.098723961	0.0209729143118
153.517168977	0.0427741426257
229.254438192	0.0184253075479
184.712799725	0.0305092986451
181.312802244	0.0317119333088
185.639754801	0.030185634911
134.191346912	0.0539000894107
225.965022361	0.019154204246
181.145002032	0.0317830609781
174.566202921	0.0340645595308
148.507678178	0.0458916653492
189.401940259	0.0289766266584
172.443552734	0.0350724780762
166.097306537	0.0375456573902
164.027155013	0.0385432128836
216.191845006	0.0214043339638
172.941070093	0.0348709338528
175.672281395	0.0335575326244
168.657656225	0.0365975242
197.793656573	0.0263064922749
207.575604291	0.0235483299211
201.609472316	0.0251879441236
192.259268901	0.0279735071122
182.110257914	0.0314538628241
194.017035537	0.0274772350605
218.141537078	0.0209426460571
174.678030522	0.0339633568824
192.105127891	0.0280958080495
216.655775252	0.0212651296693
157.855056499	0.040962263178
201.586527445	0.0252022675568
179.465923944	0.0322256055909
173.543394329	0.034650013472
192.377893733	0.0280075873139
222.255945954	0.0200003761103
183.563264923	0.0308581414661
169.741637235	0.0361351194553
198.878449986	0.0259747487647
228.876916854	0.0185569948144
206.293892455	0.0239235694786
168.815477249	0.0364972594455
174.644350009	0.03395245193
217.154390878	0.0211421185167
185.405181556	0.0301551651301
209.450110126	0.0231271727932
209.838635468	0.0229463392371
155.422433516	0.0418505434672
151.858216479	0.0438642827326
199.009760781	0.02595179338
189.30907631	0.0289981120275
194.323066035	0.0274284376547
191.93205245	0.0280984143966
146.338762373	0.0462846678374
188.159159854	0.0292432711009
184.576164407	0.0304291212383
208.790695096	0.0232619114219
160.3937087	0.0399154526031
154.647931146	0.0421968052151
199.64711562	0.0257110982082
168.96140406	0.0363229622288
202.85738986	0.0249135352557
186.637288293	0.0297633702477
200.662309855	0.0255136379589
236.5314105	0.0169954122156
202.706085021	0.0249199751634
155.974327692	0.0417963248489
215.394656642	0.0216001805303
236.827531378	0.0169374179169
216.128485676	0.0214434326384
190.316944478	0.0286046803864
238.222357044	0.0167101061376
206.744166481	0.0238156286201
216.023587782	0.0214686186334
175.685119691	0.033573682585
230.266672387	0.0182769713672
243.989294735	0.0156278507618
217.302946749	0.0211302577189
188.099234691	0.0292597615497
203.029819995	0.0248226017867
228.161559326	0.0186611775218
166.058109277	0.0376420409197
203.426540312	0.0247129889716
220.41618397	0.0203903387399
217.296473558	0.021134849659
185.512599156	0.0302657485965
200.845038594	0.0254061164286
180.697417676	0.0319336738909
206.694857718	0.0238011919945
205.34325238	0.0242210475301
204.016268819	0.0245633427656
208.477361034	0.0233448393228
236.882696896	0.0169599190496
205.58932485	0.0241231393625
187.678005827	0.0294311389734
197.617262389	0.0264478533763
237.540839527	0.0167973204349
183.73289059	0.0309069336627
223.878178617	0.0195695272126
184.16713139	0.0307554400726
231.347099513	0.0180445880649
249.132341991	0.0147614510368
200.389108118	0.0255498724365
189.868905212	0.0288414278647
242.892577319	0.0158536172635
207.202347922	0.0236902798599
208.636028547	0.023273478209
194.687477658	0.0272198002957
199.354579686	0.0259221401001
233.69753863	0.0175605899394
232.864336114	0.0177400491052
207.477370138	0.0235788998555
181.623140639	0.0316173446546
247.264935739	0.0150994915882
250.540452012	0.0145505011888
197.110325285	0.0265265260726
179.587510968	0.0323879876554
233.072233481	0.017664579762
204.203414642	0.0245201726194
199.640401145	0.0257701883163
196.920850541	0.0266524949472
245.549651722	0.0153627600037
230.937056086	0.018093604356
240.738955906	0.0162154859864
192.993121468	0.0278388786146
229.493333436	0.0184194664033
228.747632029	0.0185410575454
201.772528727	0.0251946862288
232.884916668	0.0177682094242
200.490954454	0.0255431720643
237.232924299	0.0168819412823
217.804659317	0.021015103438
213.350197669	0.0221255290836
213.862811484	0.021936668032
200.500726469	0.0255497431045
239.226271895	0.016481395116
208.667967076	0.0232971747829
211.782899442	0.0224931998642
238.857750373	0.0165876088173
218.039567508	0.020960660629
251.608989698	0.0143809637572
200.803830933	0.0254045683363
223.739278201	0.0196611833213
213.123037099	0.0221330293726
193.49204437	0.0276445534074
207.124732455	0.0236390903505
197.057213124	0.026596719454
242.220867501	0.0159362810555
247.763643459	0.0150174648109
195.136705605	0.0270771973695
240.588527475	0.016285393911
230.341774019	0.0182491247814
247.127385294	0.0150863277103
206.499745156	0.0238438518113
216.324360065	0.0213970586145
213.435943655	0.0220594737546
213.65950492	0.0220174217926
220.666852518	0.0202955644872
199.252999235	0.0259171768405
231.530634928	0.0179724676841
227.178880188	0.0188985944977
214.162790618	0.0218459954672
244.366014953	0.0155951650762
224.329402737	0.0195216273945
238.730399743	0.0165372182949
209.738673472	0.0229747116597
245.752462288	0.0153805937674
244.446558677	0.0155807494068
198.153345768	0.0261897696404
227.952716389	0.0186982796044
218.988486354	0.0207425313007
228.423988713	0.0186538549209
214.347386204	0.0218118702025
219.315425627	0.0206529368155
236.575523681	0.0170275065835
221.057817895	0.0202556573817
205.902344532	0.0240014071111
241.409371362	0.0160695474288
216.305781762	0.0213894444965
216.283358428	0.0213607352032
222.330829248	0.0199376997945
231.083842448	0.0180775300404
217.402124998	0.0211148165033
214.570618419	0.0218162924162
217.124501054	0.0211226740064
225.352993846	0.0192584802653
241.010649156	0.016204513959
235.177958301	0.0172620380287
232.78233829	0.017714021268
232.485218241	0.0178201788816
222.120146361	0.02002217039
227.111724362	0.0189012355819
235.861542408	0.0171126198276
227.807789123	0.0187307136059
224.396935374	0.0195162728126
218.550448649	0.0208231215617
238.007302525	0.0167014243977
220.804800293	0.0202756459259
224.739366782	0.0194422641345
252.111296093	0.0142603100857
209.249336178	0.0231127535722
221.499203124	0.0201168088845
246.412776248	0.0152540314852
221.759952388	0.0200944850143
254.316914934	0.0139413476146
222.873790088	0.0198054656738
255.813061372	0.0137421766486
236.396523767	0.017027959858
237.405512352	0.0168204181354
244.818786618	0.0154953276567
225.690352487	0.0192204919233
252.348750826	0.0142150928429
204.333536318	0.0244427805218
224.860067664	0.0193685655967
244.905916065	0.0154893253786
219.611409607	0.0205834571537
249.030776929	0.0147475128358
244.387092107	0.0155311357421
255.311846032	0.0138030362493
222.023461271	0.0199992374929
223.981761567	0.0195716763495
246.735777985	0.0151293495641
215.087510668	0.0216681902851
242.15821949	0.0159565489715
253.0549711	0.014115404326
248.255820744	0.0148730533762
255.122354266	0.0138366008674
239.227954043	0.0164622784234
242.437726848	0.015925487289
240.076686453	0.0163236705132
215.722486759	0.0215346005372
243.333387629	0.0157252500519
223.125310755	0.019780449103
255.376015537	0.013771033103
246.810132603	0.0151811311776
237.797990662	0.0167444653377
257.343605998	0.0134891460944
238.059425245	0.0167145753856
246.154554028	0.0152926956403
235.148699178	0.0172552169794
252.175121034	0.0143116441233
226.618528076	0.0190174960304
235.673215554	0.0172047186861
235.702849534	0.0171473575702
238.326356178	0.0167041945912
250.064830347	0.014609295523
258.025653793	0.0134114847343
253.008951099	0.0141130222703
243.886006458	0.0156832985477
234.526366608	0.0174074501052
213.760085583	0.0220255924739
244.015322561	0.015630326335
214.201964802	0.0218936856428
238.221669582	0.0167033418859
248.343190195	0.0149157770606
256.377148765	0.0136270965716
239.677387714	0.0164577847641
233.709047482	0.0175459171675
234.411598561	0.0174473610962
255.861262628	0.0136744008887
215.558571952	0.0215766005416
231.420015189	0.0180102910223
256.505810068	0.013620155732
252.833988657	0.0141535863181
242.222948365	0.0159987667315
230.69250737	0.0181446696508
225.020229361	0.0193790398466
254.102016251	0.0139596560443
225.11187679	0.0193623716134
256.988922524	0.0135309150171
255.82267968	0.0137359717673
254.469978847	0.0138954780142
258.479245914	0.0133100617986
234.503234085	0.0173813957245
251.561232514	0.0144002641476
242.651685882	0.0158586479076
229.589679869	0.0183707283361
233.952524709	0.0174895282737
253.263880223	0.0141246703286
257.28315331	0.0134692815381
258.576333117	0.0132908397163
225.674185201	0.0192216961781
243.093641235	0.0158228762852
248.360656299	0.0148936367942
239.361689355	0.0164925546752
252.345326627	0.0142190621092
252.85932533	0.0141960760741
258.511094687	0.0132736369773
255.144385512	0.0138123189908
237.900385878	0.0167323317297
233.534291353	0.0176289671904
240.088040505	0.016355295846
248.382829489	0.0148908973233
258.030313235	0.0133431196089
241.843389133	0.0160565370435
246.040854457	0.0152941826921
250.841119772	0.0144698493929
237.242588323	0.0168519892306
245.362268355	0.0153854361585
241.026290838	0.0161780150302
252.349415313	0.0142323096164
258.771213763	0.0132331361587
246.972014678	0.0151564356521
250.147944966	0.014625449886
259.973997792	0.0130874688632
241.324668466	0.0161045578564
235.974750297	0.0171527762214
235.979171779	0.0171323811243
232.430192903	0.0177838331438
245.250752997	0.0154106060677
242.998422983	0.0158531857113
243.323209617	0.0157722557941
259.446396451	0.0131644763662
247.161309549	0.0150728562459
260.622577918	0.0130012700838
246.236393595	0.0152601567216
244.082973547	0.0156394843171
258.628923285	0.0132602696745
239.396422594	0.0164973183616
256.358825739	0.0136129712963
255.057358797	0.0138392656331
249.210184512	0.0147319444061
233.847975877	0.0175338313088
256.2372567	0.0136278480574
240.713057937	0.0162081085467
259.380133917	0.0131688113415
236.274913386	0.0170471136659
249.291261906	0.0147177144166
261.666095316	0.0128515573467
252.459084457	0.0142247571502
255.278922156	0.013782599465
253.031907627	0.014126687
253.518183045	0.0140507035344
250.5122292	0.0145454808393
239.369281985	0.0165042207531
259.256517811	0.0131904146849
262.019243254	0.0128148746356
259.744962689	0.0131022192783
253.109117085	0.0141323711686
259.823175956	0.0130845522734
240.909059281	0.0162076618833
244.027246154	0.0156374134219
244.201386581	0.0156099723403
241.007259788	0.0161616147211
262.662681872	0.0126955192595
259.555259251	0.0131283032444
256.657185486	0.0135537691601
250.289152843	0.0145512474904
238.222976438	0.0166836849955
249.459599602	0.0147078210444
251.156152935	0.0144483622915
251.672017542	0.0143431935738
253.442223368	0.0140945752458
260.562943013	0.0129945940472
255.892704522	0.0136956843721
255.781461626	0.0136844112863
256.780734105	0.0135784603904
259.482987168	0.0131371346426
259.125386503	0.0132051927878
260.600644463	0.0129876283898
244.362064326	0.0155610396885
256.450121248	0.0135792600874
239.116115818	0.0164965106361
238.81068029	0.0165794007605
258.341030745	0.0133245904639
250.578426809	0.0145160360459
256.411273333	0.0136293031553
244.862956272	0.0155052205986
250.96539629	0.0144509185059
252.548372289	0.014185942285
247.419184032	0.0150413674653
257.148760779	0.0134896506211
261.480334723	0.0128807486622
252.566712396	0.0141909201554
250.770436927	0.0145209446789
244.227084956	0.0156114184185
252.186258817	0.014274868198
260.439788858	0.0130024833921
262.544233081	0.0127126075327
259.124136849	0.0132086539922
250.598726523	0.0144976425535
260.887207394	0.0129174392493
249.952140888	0.0146156411307
252.858654657	0.0141684077662
252.432699436	0.0142056481405
258.157520923	0.0133413419438
259.9052677	0.01309990098
249.242812922	0.0147328569645
242.456418303	0.0158875771279
254.504463193	0.0138976853212
258.764550657	0.0132763089915
259.413425901	0.0131820356078
262.341913506	0.0127540030649
250.842213757	0.0144677732697
261.746547855	0.0128316410986
252.500166205	0.0142094698528
262.292745386	0.012747580475
262.027278215	0.0127764390577
262.580822124	0.0126955864517
248.58712099	0.0148629483967
245.946983936	0.0153215728276
255.738252515	0.0137253410941
250.731154005	0.0144933898133
246.171924762	0.0152422961949
262.607631143	0.0127027230121
249.307873406	0.0147464406353
260.453673122	0.0130215369005
253.476364081	0.0140636249499
251.528880343	0.0143833979546
259.48146899	0.0131446586588
254.016133634	0.0139858492784
253.153183778	0.0140909724876
262.514930153	0.0127032918068
259.0824484	0.0132247940388
252.628507411	0.0142045871457
251.030125319	0.0144501997185
261.933191072	0.0127901025216
249.500911227	0.0147260191691
262.995165551	0.0126446752802
256.350476285	0.0136087012119
249.545830537	0.0147023380768
260.329919937	0.0130387590922
255.29315136	0.0137857696768
253.986470055	0.0139599323574
254.465018074	0.0139155093377
247.792712511	0.0150043401598
262.758731325	0.0126986914266
261.977328968	0.0127868886401
260.848724284	0.0129446807321
256.025065711	0.0136823582633
256.065649245	0.0136671192369
262.382836755	0.0127363570018
249.01796801	0.0147655484264
258.184864305	0.0133534537449
258.268018492	0.0133175209565
261.486442227	0.0128640290759
253.084521512	0.0141163768505
254.008070747	0.0139640415286
246.401873232	0.0151994454688
261.310784502	0.0128900500588
259.675892146	0.0131187038566
260.931191196	0.0129414278052
255.743647972	0.013709859504
261.600064232	0.0128501880281
260.217132019	0.0130467922031
251.798885525	0.0143337083773
256.424476295	0.0135991885668
252.282261321	0.0142639300501
256.835033669	0.0135418119801
262.125171631	0.0127604284214
250.199084336	0.0145675886785
260.924763968	0.0129502878751
261.520468763	0.0128372000063
262.3949257	0.0127421937503
259.871013577	0.0130872496667
260.037757608	0.0130837990302
261.201503469	0.0128761363794
261.566807853	0.0128294626311
260.248309891	0.0130448530918
262.360302096	0.0127555064081
253.801538889	0.0140178731784
261.229342438	0.0129165596987
248.664856963	0.0148189301646
258.52270941	0.0133087196045
247.84103419	0.0149905135432
260.942764589	0.0129592407042
258.035039929	0.0133534092638
252.580397929	0.0142272770286
255.039807686	0.0138333213886
261.903966208	0.0128220439344
258.485314406	0.0132813133661
260.767669859	0.0129604194727
248.581195764	0.0148462375995
258.880104875	0.0132621857474
258.783611407	0.0132596519993
252.108635007	0.0142745901633
252.249106943	0.0142580395111
249.038952342	0.0148252497991
259.99265429	0.0130799066707
251.807455839	0.0143148581326
250.375889166	0.0145395665696
257.349974802	0.0134936497596
250.553230203	0.0145217871719
258.991896621	0.0131994347777
256.707700826	0.0135512654884
254.926341409	0.0138615016124
259.20632825	0.0131778848238
248.145478404	0.0149339858823
258.720480505	0.0132458582657
254.07353001	0.0140006917005
258.787328862	0.0132374008818
257.705338522	0.0133996670419
253.42522096	0.0140503839802
261.426088687	0.0128715904019
260.098367373	0.0130298483143
253.727408854	0.0140327079936
256.024218874	0.0136519957856
261.648244426	0.0128602453729
257.267354003	0.0134655515039
250.172479343	0.0146046293986
250.667339953	0.0145024626829
259.545822174	0.0131458297199
258.414952728	0.013278019684
258.956001274	0.0132284557663
257.748618356	0.0133773912406
256.628965764	0.0136017117383
255.498022672	0.0137375875521
251.984885097	0.0143059431346
259.014419098	0.0131888558214
252.481247832	0.0142354784743
259.508863721	0.0131297280566
260.968232468	0.0129548536425
258.437615195	0.0132991378239
260.559610611	0.0129942252137
258.162615863	0.0133379184676
259.239398172	0.0132068699354
258.105727333	0.0133587708901
259.789360355	0.0131054517492
257.7555637	0.0134010095932
252.972766731	0.014154013484
250.19577836	0.0145718523027
261.408986209	0.0128812666568
258.680836684	0.0132444917241
255.842706123	0.0137231778948
255.684426609	0.0137177028462
256.33924954	0.0136404928418
256.723032982	0.0135546597288
258.636646347	0.0133020819629
251.095724968	0.0144440884753
261.469893551	0.0128828469184
254.480983837	0.0138881559439
256.90311522	0.0135628518472
251.487330096	0.0143824583527
252.520112957	0.0142057323808
256.129172721	0.0136344575129
258.331756296	0.0133397798642
258.579464175	0.01325386296
260.011442726	0.0130766291297
254.850509404	0.0138479398672
258.981577736	0.0132523577936
256.577652104	0.0136008539862
254.932806366	0.0138499099085
256.86772495	0.0135084827198
257.138753763	0.0135348085749
257.312287301	0.0134669453587
250.301089322	0.0145790626151
252.603309774	0.0141877480387
259.023671804	0.0131982299501
251.752636416	0.0143233080618
257.533570943	0.0134727118024
251.818109612	0.0143745197371
256.416282199	0.0136415393488
258.580246983	0.0132555495256
260.364119146	0.0130067561368
255.146688449	0.013808688986
249.976416954	0.014617923853
251.086578186	0.0144316204629
260.134322945	0.0130699714032
262.433488689	0.01275057222
253.705370563	0.0140351168007
257.997675849	0.0133702070756
252.617869251	0.0141854425355
255.975318158	0.0136643399985
256.701710574	0.0135524643177
252.36834429	0.0142429433063
252.038535919	0.0142787870438
252.210236412	0.014258203153
254.354891783	0.0139170996542
258.023470176	0.01337630171
252.011507587	0.0142915426054
252.275962097	0.0142417729066
252.064366073	0.0142774596982
258.444264036	0.013314253431
256.136455065	0.0136458614017
255.606845871	0.0137404411016
257.528195294	0.013426149455
254.032419765	0.0139672256597
257.543042232	0.0134283545859
258.60776776	0.0132505047721
259.767242834	0.0130878247211
257.723493861	0.013416106344
255.717896376	0.0137059013201
258.257363382	0.0133389279922
256.290476953	0.0136202491712
258.700315173	0.0132580828136
257.793047892	0.0133838164492
258.367445848	0.0133095635205
252.630260531	0.0141906096574
253.152344151	0.0141045674198
257.92803802	0.0133887925328
258.557276133	0.0132714404838
255.56682445	0.013747942523
259.24652438	0.0132032944564
254.468490919	0.0139077328969
259.595784342	0.0131339500293
257.93290367	0.0133731342659
259.943952811	0.0130671340223
254.367437583	0.0139137806127
259.667951723	0.0131096636237
258.092646416	0.0133294509937
260.429966054	0.0130018561804
255.64975921	0.013731530997
259.599743921	0.0131306990026
258.80957392	0.0132315706351
260.016993934	0.0130625730727
258.433755336	0.0132952851067
258.144986923	0.0133381365666
259.18701525	0.0131702829366
260.651211602	0.0129562273255
256.363051683	0.0136265065245
258.944726695	0.0132441808532
258.006108596	0.0133725590374
259.864258428	0.0131079118009
259.376461954	0.013157386294
259.943243021	0.0130566941061
259.204993371	0.0131793021555
258.052759752	0.01334440885
258.953370782	0.0132244269205
259.895855812	0.0130784962583
257.901599342	0.0133975125368
261.203139789	0.0129139474837
256.098430854	0.0136579070408
261.462245339	0.0128758757255
260.841212429	0.0129425130935
261.368489635	0.012854019777
256.564107703	0.0135819032355
261.550149989	0.0128301243671
259.455635746	0.0131517999951
259.872971542	0.0130854628499
261.430509072	0.0128557619735
262.411734581	0.0127106920797
258.084803905	0.0133533278034
262.186468372	0.0127353605325
261.731433456	0.0128089338354
262.59979494	0.012691767723
259.32247685	0.0131755334608
262.012324693	0.01280042887
257.620909918	0.01342439333
260.403163145	0.0130074998462
260.969543873	0.0129267031588
262.698652866	0.0126877638897
262.630111022	0.0126849063789
262.297665026	0.0127504589626
261.961646192	0.0128007488839
260.90537846	0.0129770583491
258.794913896	0.0132729455329
259.284821604	0.0132105346913
258.953053247	0.0132207556937
257.061495972	0.013487209893
261.940858661	0.0127723622907
259.105013076	0.0131845807908
263.767022731	0.0125562794631
261.298250237	0.0128876139581
264.377928415	0.0124654426446
263.265296352	0.0126280112824
262.460119943	0.0127499849782
264.342026499	0.012501216796
261.144145199	0.0129412047331
263.678700341	0.0125675954244
261.821006886	0.0128396152333
263.584090152	0.0125801081542
262.90023373	0.0126961769001
263.378173566	0.0126289874139
261.89702104	0.0128524184885
263.965890567	0.0125537256877
259.570797444	0.0131709942373
261.76951523	0.0128576082073
260.173964625	0.0130859980656
261.183303473	0.0129228284909
258.693725806	0.013296104634
262.058041604	0.0127811166255
260.669757141	0.0129903420303
259.264633426	0.0131778516257
260.057434907	0.013081898736
259.745024045	0.0130850886659
254.60059065	0.0138702671962
255.790447505	0.0136697317743
252.35112288	0.0142408243241
259.818150759	0.013133121672
258.001109583	0.0134145366111
258.074929371	0.0133920922077
256.852704868	0.0135826072571
260.249470455	0.0130658311182
256.973320741	0.0135630700725
260.658284371	0.0130237158942
258.319679021	0.0133617932228
252.696097014	0.0141891900242
256.952771888	0.0135628695318
254.984846185	0.0138395165064
257.494445788	0.0134839783042
253.126131121	0.0141300809156
256.023788769	0.0137040751647
253.670447328	0.014038829484
259.447775525	0.0131922790818
257.238410347	0.0134644371751
257.641709092	0.0134535984448
255.844291263	0.013674945689
260.581381726	0.0130356789409
256.647558003	0.0135840890599
258.317383572	0.0133586214534
260.043746133	0.0130567406554
262.360660709	0.0127700757735
259.624849254	0.0131058074057
262.470393251	0.0127581208797
258.101768206	0.013363601061
258.728262102	0.0132968987323
254.782212419	0.0138585234175
260.039798304	0.0131046666331
260.068168547	0.0130463581818
260.220124573	0.0130645914428
256.006484898	0.013655719774
262.070468372	0.0128110008206
258.688584862	0.013253833479
260.049904923	0.0130952300369
257.247461536	0.013469565266
261.030857357	0.012952337891
262.725786302	0.0126655084829
262.442687455	0.0127607533385
256.329585015	0.0136225095613
259.288195076	0.0132002256023
261.181814943	0.0128885809882
263.243918113	0.0126531881677
258.534606411	0.0133007856209
260.373936536	0.0130346408456
261.183500609	0.0128973158357
257.942102288	0.0133760053936
262.239556028	0.0127494370816
261.657841674	0.012876283431
257.992870723	0.0133645008465
262.002327352	0.0128073395413
263.536120695	0.0125646969316
261.122694622	0.0129230116716
264.100839084	0.0124910734705
261.468129948	0.0128836595345
262.921868735	0.0126591652082
258.810710337	0.0132547853434
262.95594851	0.0126648290362
262.881914975	0.0127019457503
260.164626953	0.0130309606534
262.223533291	0.0127727910679
260.805923137	0.0129863039306
260.141983612	0.0131000866902
262.788259548	0.0126836831563
260.700953854	0.0129830158534
264.253534136	0.0124752977031
262.875890621	0.0126926428469
260.328482227	0.0130042150833
260.761536391	0.0129455463213
261.612885362	0.0128356505075
263.10136544	0.0126647016424
259.487796334	0.0131149045055
259.038869633	0.0132278551557
262.539934149	0.0127271205926
260.636722486	0.013016817133
260.944218534	0.0129402483733
259.91356711	0.013096535703
261.345649531	0.0128927809353
259.385864441	0.0131877056383
262.830469892	0.0126815369982
259.603566823	0.0131185544943
263.625560214	0.0125838962072
258.801905052	0.0132506088859
262.36438743	0.0127610311507
261.763822789	0.0128433834424
263.545375829	0.0126136882496
259.512531404	0.013143106041
261.203862233	0.0129234761246
264.568356525	0.0124232543804
263.162434002	0.0126494463269
260.923212472	0.0129275892788
263.228978153	0.012648702383
264.245964309	0.0124699533854
263.714321408	0.0125665752761
261.166041503	0.0128941017916
263.254141549	0.0126170739225
262.177949725	0.0127851865248
261.957072249	0.0128326399757
261.49552709	0.0128597368964
262.477620506	0.0127174244357
261.964236067	0.0128128078732
262.065620946	0.0127883100464
264.54260279	0.012476288053
262.401266317	0.0127292384065
264.092579558	0.0124997938041
264.702016887	0.0124420172225
265.276560527	0.0123742391872
264.012476478	0.0125360712735
265.208556122	0.0123570613471
264.955934525	0.0123973850377
265.562173717	0.0123023982743
263.459277228	0.0126178022412
264.301805545	0.0124863884745
263.497578553	0.0126008151417
263.237263366	0.012611011317
262.341593529	0.0127580436316
262.293548895	0.0127935844175
263.006479254	0.0126542435768
263.492448403	0.0125663681113
262.763786188	0.0127034141834
264.064739495	0.0124996243192
264.208778309	0.0125196882857
262.582247271	0.0127394670642
262.084441504	0.0127998784909
263.018216992	0.0126315244192
263.131738413	0.0126402783623
262.826072368	0.0127142502843
263.643238571	0.0125771684731
263.554692385	0.0125842389753
262.779316374	0.0127147959359
263.489052025	0.0125878743709
262.093980145	0.0128033371114
264.974394255	0.0123884827763
264.303096053	0.0124912106653
262.364766332	0.0127477137213
265.89028783	0.0122561490754
263.264902795	0.0126382368431
263.608633161	0.0125558397655
264.410950217	0.0124764356635
265.537067794	0.0123097303706
264.341871247	0.0124723845283
265.317766354	0.012328957793
264.522230239	0.012457878216
264.797775259	0.0124367466437
264.454541756	0.0124853876217
264.490678427	0.0124407953978
264.804762236	0.0124133790304
264.401101793	0.0124793087858
264.682131511	0.0124327314511
264.253139784	0.0124986168847
265.046048251	0.0123935501344
264.843150125	0.0124049342836
263.740181672	0.0125735765957
265.21677253	0.0123537423022
265.376847438	0.0123507973431
264.452505648	0.0124674996335
263.944776567	0.0125480334154
263.260916232	0.012640270274
264.133183084	0.0125048361431
263.412271302	0.0126014494643
264.522244748	0.0124472105679
264.202615046	0.0124854292347
263.802064204	0.0125570738973
265.005208901	0.0123835543361
263.599925294	0.012567300389
262.496939525	0.0127052374614
263.691284274	0.0125570629602
263.743698043	0.0125543657461
264.64644654	0.0124346875208
265.195946499	0.0123521328455
263.241153539	0.0126405194612
263.640417399	0.0125591683699
264.055836433	0.0125133709301
265.013493554	0.0123827707203
265.478981659	0.0123221882053
264.90169687	0.012390567784
265.678378955	0.0122859161633
264.310673838	0.0124754776114
264.641077609	0.0124406691169
264.139799228	0.0125264639602
264.930873021	0.0123941287412
264.065218943	0.012512629867
265.470029237	0.0123186590558
264.505213657	0.0124341693746
264.821034606	0.0124118818953
265.192577049	0.012360862079
264.143590222	0.012510538303
264.38254811	0.0124630401773
264.933193181	0.0123865851296
264.097986107	0.0125008980778
264.963622253	0.0123858219067
264.282041636	0.0124911293006
264.453162009	0.0124471905848
263.331363611	0.012602957673
262.778054111	0.0126787922158
263.685558482	0.0125649589261
263.17793141	0.012627765472
264.672252547	0.0124260986288
264.678669805	0.0124167127575
265.211449053	0.0123506947382
265.548317541	0.0122997647333
265.648625267	0.0122859986493
265.788014899	0.0122706125047
265.496583649	0.0122998638483
266.049127299	0.0122279791576
266.365082923	0.0121920910669
265.857010223	0.0122522642299
265.682501013	0.0122869487305
265.660511185	0.012279606977
266.435386608	0.0121840513259
267.29757277	0.012064195273
266.578586088	0.0121594789282
267.341156002	0.0120569839389
265.802153054	0.0122623456272
266.040939369	0.0122288305089
266.029355432	0.0122298426437
267.380017139	0.0120571745468
267.187951421	0.0120781825939
267.651165819	0.0120213432149
266.870634106	0.0121207860104
267.95429584	0.011976274908
267.126877331	0.012087529818
268.047570483	0.0119622680726
267.401190309	0.0120476540931
267.608603432	0.0120168278253
267.690761228	0.0120137806306
268.32502966	0.0119272711013
267.35138242	0.0120628862165
267.417302612	0.0120461170234
267.703472166	0.0120155864101
268.281496351	0.0119324865805
267.997617662	0.0119759039237
267.928201543	0.0119763458349
268.105779215	0.0119599500521
268.144864561	0.0119564360747
267.898174757	0.0119878324378
268.778745291	0.0118672501722
267.804900662	0.0119926147489
268.72507417	0.0118737253986
268.295029822	0.0119296617239
268.730229067	0.0118708569214
268.422459653	0.0119188099506
268.991525888	0.0118429585173
268.269226368	0.011940723112
269.079746442	0.0118317224945
268.535064536	0.0119048013305
268.932040648	0.0118517998458
268.818495906	0.0118640083382
269.383932242	0.0117896845812
268.682355119	0.0118842344603
269.50571528	0.0117728646094
268.728023867	0.0118780321316
269.30607573	0.0117977675854
269.155235571	0.0118196186916
269.468242185	0.0117738347804
268.912308366	0.0118460772831
269.501538837	0.0117751365022
268.95857851	0.0118412803672
269.342182315	0.0117903743499
269.444537455	0.0117819984027
269.245490487	0.0118019714525
269.449751579	0.0117788291387
269.730354382	0.0117446888109
269.079021432	0.011823258532
269.616289737	0.0117553796472
269.604224396	0.0117605243718
269.728222132	0.0117412870532
269.500348029	0.0117704026541
269.842048185	0.0117285489105
269.363908734	0.0117859289565
269.592312955	0.0117578656252
269.475494284	0.0117772701381
269.738374739	0.0117406163308
269.45667761	0.011774412585
269.970134328	0.0117109844182
269.55762583	0.0117622427268
269.812289796	0.0117279794808
269.853862866	0.0117253912977
270.182710472	0.0116814826147
269.732244533	0.011736055629
270.336724945	0.0116632281554
270.070778354	0.0116947135662
270.240240612	0.0116705376252
270.194981733	0.0116812944973
270.601653543	0.0116278428647
270.285596553	0.0116699806934
270.525390305	0.0116341649846
270.504037061	0.0116401130812
270.604731825	0.011623129323
270.518552757	0.0116390957549
270.857859162	0.011593111529
270.68133771	0.0116144061313
270.704779925	0.0116087893568
270.652174772	0.0116158637138
271.024122011	0.0115699876515
270.572138419	0.0116241590003
270.855212754	0.0115880233181
270.905624639	0.011584095864
270.985401023	0.0115724066052
270.829952515	0.0115909167802
271.12605322	0.0115589481869
271.081990325	0.0115622070178
271.215810274	0.0115470852757
271.13262736	0.0115544797155
271.08993564	0.0115576332995
271.151548042	0.0115514890133
271.12518272	0.0115522806522
270.977010462	0.0115703513662
271.187879184	0.0115444739913
271.097434503	0.0115555196991
271.288274668	0.0115313133603
271.271751615	0.011538345908
271.392946222	0.0115190006388
271.251616681	0.0115361325614
271.313185345	0.0115279228091
271.178592388	0.0115443173862
271.358142915	0.0115221577242
271.234329156	0.0115375850874
271.505723169	0.0115047096401
271.40672438	0.0115205866249
271.595828198	0.0114962018799
271.461611173	0.011512336895
271.601350286	0.0114946985572
271.490659347	0.0115084504413
271.390626286	0.0115168034857
271.519364928	0.0115048095562
271.619202695	0.0114921596591
271.480612286	0.0115078687576
271.507391342	0.0115026676053
271.500640537	0.0115069940052
271.641145166	0.0114902341335
271.489502516	0.0115062561381
271.617478294	0.011491056759
272.781348454	0.0113413526401
274.128783679	0.0111736577615
275.390742039	0.0110160630946
276.5248509	0.0108774219109
277.50645354	0.0107573581961
278.411672815	0.0106483757322
279.262393292	0.0105460681624
280.082353668	0.0104502898137
280.765997279	0.010368423827
281.531075874	0.0102814367406
282.116165789	0.0102118648611
282.824152953	0.0101331185781
283.315294945	0.0100748687759
283.90620735	0.0100087135726
284.432768287	0.00994982453784
284.946093908	0.00989262480112
285.442314542	0.00983681605263
285.84007418	0.00979333343168
286.363653944	0.00973792176626
286.754179974	0.00969327535464
287.194340958	0.00964405204739
287.639238158	0.00959659134887
287.96254235	0.00956214154169
288.270999194	0.00952822434797
288.555723025	0.00949894806115
288.710908582	0.0094799209527
288.888019703	0.00946259538383
289.02692965	0.00945015945032
288.995587174	0.00945237808025
288.859934155	0.00946653408087
288.781951142	0.00947718139847
288.511133158	0.00950424776806
288.256214634	0.00953176773072
287.892689439	0.00957349233915
287.372653597	0.00962807315405
286.686307502	0.00970157425106
286.134677872	0.0097637807192
285.397767906	0.0098429391196
284.943407907	0.00989413803364
284.56853638	0.00993709046413
284.068918025	0.00999100994099
283.730983511	0.0100312471516
283.235726388	0.0100860428216
282.843846132	0.0101295780711
282.765726015	0.0101392850155
282.744088578	0.0101418078581
282.806407192	0.0101345384887
282.812921728	0.0101323815281
282.899944821	0.0101236072593
282.713076745	0.0101418702985
282.694797663	0.0101451129153
282.787983431	0.0101337447869
282.874297688	0.0101226148384
299.021363713	0.0084480824188