100	-0.04524	0.0	0.999803551685	0.000196448314514	0.0
104	-0.03393	1.10055426207e-119	0.616405974633	0.382057608748	0.00153641661934
105	-0.0379	0.0	0.0	1.0	0.0
107	-0.0391	0.0	0.0	1.0	0.0
11	-0.1015	1.0	0.0	0.0	0.0
113	-0.04568	1.0	0.0	0.0	0.0
114	-0.006133	0.0	0.0	1.0	0.0
115	0.007422	1.0	0.0	0.0	0.0
116	0.04791	3.80799592321e-29	0.983167772181	0.0168322278187	0.0
117	0.03942	0.0	1.0	0.0	1.25327420336e-15
118	0.06705	0.0	1.0	0.0	0.0
119	0.09905	0.0	0.0	0.0	1.0
121	0.1058	0.0	0.0	0.0	1.0
125	0.1853	0.0	0.0	0.0	1.0
126	0.4865	0.0	1.0	0.0	0.0
127	0.6308	0.0	0.0	0.0	1.0
128	2.264	0.0	0.997741575858	0.0	0.00225842414197
165	-0.09216	0.0	1.0	0.0	0.0
166	-0.09047	0.0	0.766261855877	0.0	0.233738144123
167	-0.1171	0.0	0.0	0.0	1.0
168	-0.1094	0.0	0.0	0.0	1.0
17	-0.1317	1.0	0.0	0.0	0.0
170	-0.08861	0.0	0.0	1.0	0.0
172	-0.07696	0.0	1.0	0.0	0.0
175	-0.08848	0.0	1.0	0.0	0.0
176	-0.06094	0.0	0.0	1.0	0.0
178	-0.06262	0.0	0.0	1.0	0.0
189	-0.02531	0.0	0.0	1.0	0.0
190	-0.02272	0.361093931242	0.0	0.638906068758	0.0
191	-0.02474	0.0	0.0	1.0	0.0
192	-0.02118	0.0	0.0	1.0	0.0
193	-0.02584	0.999983978769	0.0	1.60212310296e-05	0.0
194	-0.008267	0.953714794456	0.0	0.0462852055444	0.0
195	-0.006685	1.0	0.0	0.0	0.0
196	0.0186	1.0	0.0	0.0	0.0
197	0.02348	0.0180163177674	0.0	0.981983682233	0.0
198	0.05825	0.986636342829	0.0	0.0133636571714	0.0
199	0.07467	1.0	0.0	0.0	0.0
200	0.1054	0.0	0.0	1.0	0.0
201	0.07106	1.0	0.0	0.0	0.0
202	0.024	0.41087570156	0.0	0.58912429844	0.0
206	-0.004885	0.806851583736	0.0	0.193148416264	0.0
207	0.002331	1.0	0.0	0.0	0.0
208	-0.01596	0.00421654385164	0.0	0.995783456148	0.0
211	-0.01723	0.0	0.0	1.0	0.0
23	-0.08924	0.544822607825	0.0	0.455177392175	0.0
24	-0.07815	0.0	0.0	1.0	0.0
25	-0.08511	1.0	0.0	0.0	0.0
26	-0.08808	0.0	0.0	1.0	0.0
39	-0.07835	0.0	1.0	0.0	0.0
40	-0.05847	0.0	0.00349019099129	0.0	0.996509809009
41	-0.0387	0.0	1.0	0.0	0.0
42	-0.01267	0.0	0.81314385257	0.0	0.18685614743
43	-0.02633	0.0	1.0	0.0	0.0
45	-0.03774	0.0	0.401500212011	0.0	0.598499787989
46	-0.04183	0.0	1.0	0.0	7.61752071648e-57
47	-0.02079	0.0	0.0	0.0	1.0
48	-0.02554	0.0	0.400553683194	0.0	0.599446316806
49	-0.0415	0.0	1.0	0.0	0.0
53	-0.05715	0.0	0.0	0.0	1.0
54	-0.03717	0.0	0.52933778376	0.0	0.47066221624
6	-0.06763	0.0	0.0	1.0	0.0
61	-0.06827	0.0	1.0	0.0	0.0
62	-0.04999	0.0	0.0035175473738	0.0	0.996482452626
63	-0.05	0.0	0.0	0.0	1.0
64	-0.0621	0.0	0.0	0.0	1.0
65	-0.05779	0.0	1.0	0.0	0.0
66	-0.05512	0.0	1.0	0.0	8.60344473531e-114
67	-0.05968	0.0	0.0	0.0	1.0
68	-0.06472	0.0	1.0	0.0	0.0
69	-0.05558	0.0	1.0	0.0	6.79214132544e-141
7	-0.08746	0.0	1.0	0.0	0.0
70	-0.05384	0.0	0.0	0.0	1.0
72	-0.05846	0.0	0.0	0.0	1.0
73	-0.0524	0.0	0.0	0.0	1.0
74	-0.05371	0.0	0.730508051818	0.0	0.269491948182
76	-0.05832	0.0	0.504579525785	0.0	0.495420474215
79	-0.05256	0.0	0.0	1.0	0.0
80	-0.05279	0.720502038601	0.0	0.279497961399	0.0
84	-0.1215	0.0	0.0	1.0	0.0
86	-0.1031	0.0	1.0	0.0	0.0
90	-0.06016	0.0	1.0	0.0	0.0
91	-0.05845	0.0	0.0	0.63631417845	0.36368582155
92	-0.06603	0.0	0.0789703411815	0.0	0.921029658818
94	-0.05006	0.0	0.987271225548	0.0127287744521	0.0
95	-0.051	0.0	0.995897675269	0.0	0.00410232473147
97	-0.04617	0.0	0.360635724527	0.639364275473	0.0
98	-0.0418	0.0	0.992729428621	0.00700085822187	0.000269713157539
99	-0.04438	0.0	0.0052786163557	0.994721383644	0.0