-67.0214219664	0.516330562909
4.4537491224	0.230462124407
102.387919205	0.0768302792101
-3.31524565691	0.247659624389
73.2262175301	0.105102467528
-12.0083426354	0.27136666664
92.0985908147	0.0865899749194
17.3871722018	0.198182538994
-1.82769713395	0.247999260041
-4.43010773817	0.255231653914
-3.68629840243	0.253113534416
30.8256712128	0.16578147969
20.9171199763	0.187643728868
-5.91645411496	0.256634344163
6.71589301774	0.22470144827
16.9438799092	0.198989256186
0.564844697449	0.24127119931
-20.618847274	0.305416651709
26.9038284202	0.179164139505
5.98603751383	0.225225931861
47.8830694922	0.137529476472
13.3037504008	0.204344170231
-14.3207531409	0.281224314429
137.232105713	0.051347195638
0.0436525714709	0.242676835396
12.8539386084	0.206639091519
-50.2966335027	0.427922675538
-61.4029051888	0.484885666792
21.8570532756	0.185341577745
50.3497432366	0.13419471941
63.2144319287	0.119330025743
33.6940560976	0.165637946088
-9.33836306354	0.269063787902
-35.2616437074	0.360310724708
-16.2609198032	0.289573310255
-26.2859422831	0.324945504067
-24.0386366244	0.318297073266
-13.0844615448	0.281375869004
-9.82662151881	0.27094287191
7.66584496539	0.219497981463
-15.1205568141	0.28719304561
16.2708405446	0.199448863445
-28.2783219968	0.332649635682
13.2684742532	0.20246303784
86.8266767733	0.0918103525385
20.1319105689	0.188002967168
10.5647329695	0.206753967026
9.67393140984	0.216706709303
2.5805641267	0.230437422018
-33.2337741275	0.353401002232
74.2596251441	0.105638416689
9.6101333467	0.211430191733
107.250904681	0.0720028094135
20.9442158091	0.182907906185
17.9556783803	0.192956624631
155.190501054	0.0423188110859
-37.0991514185	0.36654962627
-6.26537131059	0.250822572684
15.8958475897	0.200639321944
120.007899826	0.0633627947325
39.0279695798	0.155982353056
6.72682505046	0.221423557356
53.8933921401	0.129304909148
91.360809901	0.0873191899489
10.2295456623	0.214297431177
12.9767627792	0.206286617725
19.0270642079	0.189137637668
-51.4684105234	0.433506804813
-12.7943247036	0.278539725117
-27.412587699	0.330554005878
9.21294141044	0.212217346752
44.929468095	0.140428171668
14.5988004845	0.202387492243
-39.3199489317	0.378464286469
-47.4928596381	0.412954888015
57.6619422579	0.126162230471
27.6225587779	0.17761365945
3.9393083601	0.231932256237
5.93694773265	0.22134483306
16.7511645352	0.200407179532
32.9508382708	0.160258037318
43.3907183262	0.148491057966
8.58824422279	0.214283050355
-21.4396960982	0.304116886974
5.77009753748	0.227317204582
-22.2020222268	0.311633395508
16.2958663174	0.198395459397
35.9200008096	0.157978747091
-21.2135491069	0.305490286031
-26.427909718	0.323840700802
-23.3852136122	0.316077299712
32.1758933089	0.161681760496
26.2537441265	0.175438138508
6.87355843673	0.217492053657
-2.75212098926	0.249518295048
-30.5551445069	0.341089794911
14.1495453291	0.197710701989
146.477943783	0.0467219149858
2.31123364071	0.236572966654
43.7044398991	0.146752839796
6.1588703828	0.221692577443
-8.32639537018	0.260628172482
-62.2214708832	0.489442224268
71.0796173394	0.10734658307
-0.927846510484	0.245462921079
6.63574952082	0.216587867002
28.0623313758	0.17032868749
-13.4126217797	0.282379725566
15.8522557561	0.202870889799
55.0524195469	0.130455781082
32.4631690769	0.168106787793
54.3626986856	0.131717842926
72.5430762695	0.107539162745
-1.61080645797	0.246290719206
-1.94720610971	0.241043513003
53.8164674261	0.130531293093
10.9427353425	0.20811715294
11.6785997593	0.210981625337
20.2311112424	0.188988850182
8.67704390813	0.217190137512
3.72138149431	0.230824666528
-21.0792449133	0.305608332222
-16.5302946811	0.286040025689
-22.4022206466	0.312764310162
8.06564152004	0.2209589149
44.0885687704	0.147401347833
-6.08815630579	0.256344425105
57.2306133062	0.126736158547
89.6566588509	0.0889041812045
170.516290229	0.0354794004295
9.29744885345	0.215802162583
113.726873778	0.0678186381816
11.2963614117	0.20622619806
18.4930105473	0.193055994077
37.9040239517	0.151868647747
7.59050066225	0.219932745651
-9.0424759657	0.261937162808
71.0825454452	0.109178197846
12.1200307137	0.21125263932
30.7025767571	0.164963099197
-0.227717323319	0.243460326726
-6.67495302038	0.261456102867
44.1906753696	0.143739537802
98.2466547025	0.0794884252677
58.8711833514	0.122386323371
-1.44217053743	0.243977260715
35.1784192313	0.16287160251
10.8522461376	0.208919687323
-4.85822777279	0.253163515218
2.61569237116	0.231161860783
10.8575589458	0.21467520249
2.65795638269	0.235664768551
32.8775938606	0.167549224994
41.8194845543	0.144953513887
54.428274154	0.128596646409
71.3047749398	0.108255964519
14.2895674897	0.200787975532
17.2846441402	0.199022093029
-9.01622441394	0.267043646936
20.6209790842	0.191842561192
9.89759825223	0.215141373998
34.4149224311	0.164114246377
16.4869904744	0.199781220708
28.2776515943	0.175701931696
12.6739596724	0.208438160273
21.5282400762	0.189479263561
13.7275704878	0.205952794695
50.4460093868	0.13731713519
-3.33922169813	0.251296908514
27.4486125724	0.177806972106
25.040979828	0.177540730153
17.6384378873	0.198999412756
34.5249763985	0.157616768115
-6.30996272736	0.259610504537
16.2301603812	0.195520807601
42.9467888071	0.14964049477
46.5240705434	0.138330008589
71.2714983142	0.107350009301
0.366831797856	0.23664018714
24.8072898481	0.179317019317
53.4643555461	0.129850002872
23.5449077257	0.180659399171
22.1876177117	0.18478000329
26.7688133393	0.174434076921
17.7268460106	0.196308018042
58.9251379021	0.124908978036
20.6139301165	0.189097479689
29.8153450824	0.173455940614
25.2863375382	0.17827776165
8.23797392961	0.219916731985
112.876816463	0.0682782078866
-8.81140477734	0.266860080908
67.0683355034	0.114150632526
7.20306312403	0.218646549896
14.5970486435	0.203140988004
73.9037394172	0.104581828546
51.2591908623	0.133659048215
4.92474094319	0.229389472656
37.4203513873	0.154582697278
40.7478331986	0.147915206784
51.4716093876	0.132061180109
19.9172195894	0.188637176392
31.8956764772	0.163886231618
23.3852556272	0.1821762718
37.8559641935	0.158258367847
22.2035104396	0.184679548977
29.5586143627	0.16879160744
14.8762812754	0.199356730998
-10.1759621188	0.26549571368
62.3381272922	0.120324661327
45.1813120283	0.142837664053
4.12158589302	0.229725675112
17.5018753284	0.19692113243
-16.2631207379	0.285232685147
6.53624647771	0.221816144149
58.5611412205	0.125573654025
118.114046593	0.0630812577882
-4.11061150239	0.247598035851
92.1554257766	0.0866311744232
49.3174331984	0.136191540841
61.4918345001	0.118855920629
39.6756218836	0.151931985312
6.05330646453	0.226495955803
61.7466396431	0.121254498942
22.7900372978	0.18430197171
48.5621026256	0.135320680072
17.4494364427	0.193460198524
-19.0171175291	0.300371064417
102.76467028	0.0768827921632
21.81009637	0.185614009173
174.370055448	0.034215289246
13.6977304397	0.20621576234
19.2328494986	0.193005441304
65.5788222879	0.116084070686
19.7775653668	0.192618067611
50.6895291119	0.134717027235
102.365479166	0.0772323332256
12.1001756567	0.206228731042
29.6045966181	0.166920265383
44.4851661537	0.147133928774
15.831844392	0.194375440427
78.7150631822	0.0988090671211
54.0372401966	0.131909662555
34.5643428801	0.163681248067
49.821598541	0.138238022758
68.1877110863	0.112756916991
22.9466841757	0.183437571416
19.7982138598	0.194188204719
42.3507227108	0.15065865413
73.9736959996	0.105488219571
22.5814777411	0.187725947997
65.4731197469	0.116282360182
-11.1663957525	0.269239546069
30.9033143241	0.164078897763
22.810053123	0.184258299134
26.6181070037	0.175716237796
95.7586653806	0.083129343032
14.080272927	0.204274297243
21.1569806027	0.188173641564
15.149468373	0.202448920368
82.7441158743	0.0960828835702
8.07741215306	0.220986204782
54.9267236175	0.127236085307
9.9532730305	0.213402231139
28.5028071177	0.17511337251
17.8186232903	0.193993675638
8.35409803421	0.214640164293
51.4616887006	0.135675640409
49.9973157816	0.135783140179
55.261193442	0.127451070736
97.3476561625	0.0808401509833
85.9193466674	0.0923758801004
123.496283842	0.0595104131709
27.0220620468	0.173059415425
46.5247085555	0.138287835121
24.1192656009	0.180161341295
33.4076959545	0.166323808869
53.1955149263	0.133089444809
98.6087919403	0.0787135155601
20.9280835973	0.191339773697
15.6481098485	0.200776281676
46.3121749508	0.143671076946
32.7491531748	0.167061497703
29.0783691122	0.173856945719
11.1844224815	0.2120010596
70.3160829979	0.109379727402
21.5584671101	0.187665039217
35.8108924872	0.155734043625
2.24275840064	0.234297690187
20.5481827776	0.188828841676
38.1697056699	0.152287710597
40.2835886457	0.147806190964
47.3973059989	0.140417563397
73.2199467883	0.106665058053
79.2197599277	0.0999747072714
113.386903161	0.0665677596174
93.1765578631	0.0855442046393
156.466259984	0.0417137243554
25.6361361658	0.176433120697
30.5196097372	0.166722847479
30.953228859	0.167697607564
60.632787298	0.122563979032
38.4501835171	0.157417888051
24.0226131443	0.184211655533
55.6022764921	0.126379184332
47.7642778091	0.141250100842
65.8415850103	0.114223425355
80.0950848541	0.0983532869898
41.0564059964	0.151651555403
167.218908273	0.0370756499035
21.1046852473	0.189667994098
154.169870032	0.042456330316
36.6888599821	0.160350884976
91.6740732704	0.0862876890744
128.216704748	0.057727022551
157.0395459	0.04124000437
23.1520940611	0.185039622459
13.2374538872	0.207341323573
77.8540963214	0.0992741027079
120.246817219	0.0631659427891
173.279558317	0.0346361708611
34.6418624282	0.157602082634
26.9999818472	0.178921748803
72.1423469093	0.105538957932
29.9626664084	0.171868825464
81.9737056022	0.0950825457898
18.2514963966	0.196931819046
64.648870302	0.117279326143
120.339611701	0.0630420036782
36.4583360761	0.160644345164
75.684173488	0.103347781083
53.3891372227	0.129586093852
64.1790677251	0.115376172139
34.6278292544	0.163185592995
92.276080556	0.0841586451247
68.762265215	0.10935763462
49.0617167315	0.13554263536
59.2699826089	0.121446291707
26.87896387	0.172028974458
132.792896792	0.0547846118131
70.9645404695	0.107875390693
60.1268385037	0.120143491318
30.2912361164	0.171259557559
100.007009808	0.0773663806031
81.1989537038	0.0957990244241
26.7101278834	0.178328137019
102.087476025	0.0761024102443
55.8747436532	0.129397012889
23.188372806	0.184569034902
29.1087267586	0.171573360227
22.5246236439	0.184838657626
28.8387397257	0.171557116465
131.078131857	0.0556569014747
59.0598791702	0.125001037071
66.6896086545	0.113977811674
136.765152874	0.0521940109458
48.7454927076	0.139400396494
77.9848658464	0.100534787713
161.828216295	0.039142671014
127.961776721	0.0571132184267
66.1289563396	0.114071285066
29.2892623907	0.168475871556
26.5606612479	0.175365013119
36.1630404419	0.155479577873
56.0850115281	0.128880364935
81.0349068589	0.0979884266766
102.671497988	0.0761978698892
40.4035962891	0.150771779764
47.2032412103	0.13980928029
59.5411909214	0.123848706062
137.615011911	0.0517723101262
61.8102743264	0.119500641356
73.8167682164	0.103304573376
54.5274786799	0.128618687648
35.187064289	0.157407066485
64.5533124542	0.116163922439
41.4507545128	0.151480583553
93.5516202647	0.0829579844171
76.3970801929	0.100382580526
38.6302357194	0.153829222755
40.0479991464	0.148555358353
61.2407672427	0.11906355971
24.0737113813	0.180378822961
31.4866962451	0.164442195697
82.775358508	0.0939864804084
81.0258456349	0.0979731158086
66.014080788	0.113513990665
52.9822345616	0.131023649849
31.6546112738	0.165222247166
39.8726620612	0.154412044672
147.063475965	0.04593183217
58.4269393456	0.124121909314
77.6758078514	0.101664217749
74.0082209971	0.103888058731
42.7784167337	0.147416558185
46.3554014166	0.141045033945
24.5599325362	0.178459100923
71.4151568089	0.106014136659
69.0703167932	0.111215470021
62.3000838977	0.117765135669
86.1665564602	0.0907684722229
53.9853297787	0.129439541292
30.6686757655	0.166335528897
149.209735224	0.0449180587641
23.3566682911	0.182262290654
60.7930041889	0.119406404274
168.569672645	0.0364889496727
141.666477275	0.0492491273288
70.2268224344	0.109293805803
152.974379346	0.0435560184024
72.2990682379	0.105851132176
136.871064493	0.0514024736846
19.0409310946	0.191108139437
52.9570087741	0.131642129243
46.0352969097	0.142139080976
161.529901661	0.0395430095064
74.3499433026	0.102615317676
46.72582222	0.138109443106
58.5295582081	0.123662588743
164.491522314	0.038280303807
68.8391624412	0.109063797562
44.592090522	0.143597310944
82.7334629601	0.093527725387
139.458957354	0.0506791214611
29.9654392177	0.170090601069
52.5259698155	0.134380751192
64.0032119457	0.11808210702
131.494808367	0.0554779429426
84.2126187399	0.094559573253
68.0140263334	0.109873780461
30.6837878198	0.169931072526
142.828352778	0.0487953995505
116.938736192	0.0652538036514
68.2998919009	0.109548533381
51.5451384428	0.132046297401
43.7516404697	0.144222793987
43.7139338588	0.144978344276
47.5950883728	0.139442470505
59.1923418541	0.123105302267
47.8008926862	0.138147009696
49.4090594155	0.13500536659
49.9181445306	0.134397913489
62.3195505357	0.117873435455
63.0050328352	0.116203819808
47.7088915385	0.137025447337
51.6513610676	0.132526917533
67.1473329103	0.114195408623
59.1587083532	0.121846905115
41.4334900479	0.147207123795
91.5491565871	0.0871224296137
41.2591711372	0.152332940571
63.4230307712	0.116042720001
46.6331042207	0.13841623015
70.5636543994	0.106855375072
31.0610697798	0.16500713212
26.0448021323	0.175543034541
24.7211787546	0.182310219246
74.3255568596	0.105523371287
87.3190281752	0.0913750896709
69.9965072161	0.110484484562
75.0547760493	0.104573304995
58.7525597939	0.125027646455
48.6172285843	0.14034817504
95.9840789471	0.0829485562775
73.7770499153	0.106121451933
86.5072818076	0.092206606982
71.2154600747	0.109002738836
62.744852892	0.11991939179
64.2485578843	0.117703282822
50.6473909525	0.137082912643
62.2853911272	0.120366216476
42.9068762846	0.149501516957
57.7399064585	0.126710736416
48.3492090384	0.140682933827
73.5712454171	0.106338851652
91.7125567511	0.084838982767
110.374362912	0.0697324864068
68.5774228297	0.1090983009
31.9219519142	0.166652607344
133.058168436	0.0537260713222
90.8067977297	0.0855976361382
131.892661461	0.0545234305925
73.2825595927	0.104938471719
134.973851625	0.0526030305557
74.4132735884	0.102340597365
86.054690647	0.0908612353694
71.8216987707	0.105241428685
48.2379800407	0.137303356002
34.7035388994	0.160742696745
137.807595772	0.0509656273183
116.678535825	0.0639792809849
101.07512593	0.0768431098718
102.466113918	0.0771344764613
76.116398573	0.100402064608
54.7754128734	0.126594795956
74.0674395223	0.102732734834
148.682318402	0.0456693990478
120.760590782	0.061394167168
111.108054588	0.0696820905918
134.098969303	0.0532572694366
103.891963731	0.075086733662
155.561412114	0.0421838128779
90.9385313753	0.0877364257519
127.278342722	0.0578519105839
28.2842953076	0.175189910033
123.555615872	0.0607528834291
71.7581926349	0.10533206612
139.043260688	0.0501148550818
136.08481117	0.0517550565217
73.1164771509	0.106961754783
63.7315974739	0.115290336432
78.1766801927	0.0980159127797
69.3751866815	0.108610913159
44.236276632	0.144628660886
156.18963071	0.0417771775262
75.6555029397	0.100839145616
89.5534646297	0.0866834748942
69.8591437043	0.107490661583
65.4764891931	0.11323108172
47.2040937712	0.139191529694
95.4243299737	0.0814866050332
80.1786320332	0.0957756963319
65.1833500347	0.113964520157
42.4735590191	0.146251149439
56.5398790762	0.125363762165
48.2380398062	0.138261632042
57.5276685027	0.124416080348
96.0389876793	0.0807052871805
76.7436452237	0.099605998748
77.5807945156	0.098887310726
63.441355711	0.115564825046
73.2567574643	0.103716528796
96.7891742999	0.0799467199545
150.053964161	0.0446486768195
61.1104271409	0.119614726693
161.573806617	0.0391167340583
121.088335008	0.0620068226388
107.025450129	0.073246737586
146.394061084	0.0467135254152
113.755021757	0.0675679181498
160.306544761	0.0399131467507
163.621623158	0.0382876912187
42.3882914718	0.149880556747
55.1912952619	0.12768872951
89.4953286579	0.0891175579114
65.4683311585	0.113484246495
97.6858546054	0.0790608694306
100.984399739	0.0761288258523
100.685534555	0.0786657467166
160.75064794	0.0399193839931
141.632827748	0.0487292283301
134.356854876	0.053776505357
148.879665149	0.0455475913687
95.9510728411	0.0825869120968
54.1446333594	0.131571204479
185.390281187	0.0303119096439
129.195690503	0.0565328720856
118.846738139	0.0629493376511
68.5564668814	0.112473832557
126.936536908	0.0584871489437
108.287232731	0.0719050949715
125.804858237	0.05902427738
149.269060727	0.0447436001657
120.984688573	0.0626004036639
78.8191670685	0.100395813609
152.693196062	0.0436203056548
153.607012899	0.0427474162825
165.243058492	0.0376846731644
127.904476972	0.0570851509555
170.725251692	0.0356978838759
72.3670455914	0.105074625922
77.7623960565	0.101592053043
137.875249515	0.0515202411406
153.551322682	0.043296986863
180.598318062	0.0320159194482
160.114045207	0.0397952869095
121.967141502	0.0616375705767
90.6464779413	0.0857375117563
164.818934421	0.0381622741105
126.827585345	0.058568693151
184.003918471	0.0308240263731
133.046761365	0.0536528914369
151.511335879	0.044167539937
164.339345291	0.0384076824889
202.711177884	0.0249443919508
131.337010385	0.0546697986184
112.126927235	0.0691729007962
114.940769131	0.0668025306474
170.842344647	0.0354881299508
205.79444818	0.0240690631568
130.770289387	0.0549152562433
202.848785129	0.0248963259149
176.249043391	0.0334530866655
137.655855305	0.0518390800237
129.29631984	0.0569800246529
114.578470395	0.0672795976456
136.320316738	0.0523946242572
180.341438229	0.0320874482907
114.70982619	0.0671117538113
120.381976146	0.063019065424
163.209878829	0.0388270584997
136.470806119	0.052437313904
132.856506224	0.0546575698195
123.037181682	0.0611654647032
204.404372741	0.0244502464042
121.558372099	0.062096874031
113.714616981	0.0679728875745
118.682763638	0.0636422899513
172.308259946	0.0348332938934
98.3564748704	0.0784927184975
110.741548827	0.070249662097
88.7399676091	0.0876722154688
153.195519353	0.0434960788423
136.354173339	0.0525924620525
104.328947055	0.0755427286925
143.738690176	0.0484039701299
112.78326195	0.0668010554307
204.741684624	0.0243225505201
173.39834845	0.0346910438463
138.139215928	0.051571075326
88.1485223139	0.0905027822887
191.266035636	0.0282898376976
154.560140688	0.042453283409
143.063728567	0.0481611700781
137.801305978	0.0509050130498
168.775933123	0.0363904272772
135.357016157	0.0531099792601
135.293414636	0.052745288611
103.377000751	0.0742125329805
143.733896049	0.0483471020535
138.091137597	0.0509536724635
183.021251685	0.0311373130186
105.310539375	0.0746488238927
153.078606475	0.0435287427907
155.549157191	0.0423484481636
93.172142565	0.0832976671002
155.731201269	0.0416921687249
101.231892134	0.0760847988132
117.122147326	0.0640192722625
151.493601328	0.044272953748
119.70704607	0.0626652277757
142.729112684	0.0488832809772
162.876300167	0.0389433368504
85.8569745935	0.0908440559616
107.617709867	0.070871802305
188.62279368	0.0292101955472
109.098828395	0.0716015455127
178.279186099	0.032626634756
180.109510531	0.0321360966257
146.852492845	0.0464594509062
120.974726096	0.0612026425808
121.779514191	0.0620096152951
131.028211345	0.0558680642998
162.652763456	0.0387211996698
180.225984859	0.0321115016874
145.514674888	0.0467684289417
121.963146742	0.0605738848159
129.148351275	0.0570867101724
120.879407669	0.0626684143025
168.232692799	0.0364962935455
130.94055698	0.0558275407549
212.071064696	0.0223632136253
164.692743763	0.0380273645144
137.735734716	0.0517650021956
154.906205997	0.0423136824509
133.212581096	0.0535816993899
133.48622243	0.0543510368488
166.957599094	0.0370046500703
143.572059654	0.0477554594176
177.660550681	0.0330914902869
122.330104839	0.0616519674061
123.776947975	0.0606722278041
171.097144365	0.0353568152705
147.737109221	0.045736210405
140.168137476	0.0502392517132
199.355770323	0.025891599787
125.850198985	0.0592750386075
161.918795678	0.0393799913281
137.957828738	0.0515582390136
143.706579921	0.0480157629568
143.343211866	0.0481105247679
196.056909479	0.0268147881054
149.078091043	0.0455816713725
207.872978607	0.0234487789306
157.715301907	0.0413363315536
193.801572555	0.0275119828417
150.908704599	0.0440481535394
143.33536019	0.048573228455
219.04761504	0.0207016262878
216.407559241	0.0212482294952
187.196487131	0.0296923998363
140.303625525	0.0503117659829
194.40868735	0.0273295699526
146.133052076	0.0471159044385
139.490475721	0.0504501659204
202.272217863	0.0249800023335
167.392759784	0.0370047632228
160.782463609	0.0399524829759
197.455427078	0.0264321674862
135.783683315	0.0529492081372
180.441521347	0.0320050523749
134.338416849	0.0538199701443
190.322059103	0.0286317620816
166.741268476	0.037376331478
216.330820084	0.0213379623441
164.110277212	0.0384857316133
210.353928177	0.0228297021057
192.894665298	0.0278427725469
220.28027703	0.0204113095474
199.277849446	0.0258370110974
173.216661339	0.0347470409559
183.914929559	0.0308183985529
190.25824025	0.0286800795438
209.195452952	0.0231147573109
204.509258128	0.0243892483622
171.583806754	0.0354138153046
185.605764129	0.0302287984331
176.743975114	0.0334056159445
200.818225786	0.0254376777148
183.904828067	0.0307457381676
201.418247134	0.0252646297697
202.428710078	0.0249571944081
207.999503129	0.0234516281329
197.291302268	0.0264255663083
196.031591195	0.0268231820355
191.625977743	0.0282425825434
158.932533022	0.0407748867906
179.335098209	0.032401865509
162.408581904	0.0392210533512
160.225544875	0.0401823810946
155.815192592	0.0422506976561
187.269259122	0.0296072818593
161.709940059	0.0395439365792
200.322307162	0.0255612359423
180.740822745	0.0319369078217
218.149496554	0.0209043816299
196.026422466	0.0268195426826
179.987538143	0.0321975354239
177.613345373	0.0330719951211
189.338849988	0.0289650767011
161.267029249	0.0397538328141
208.102169102	0.0233978260333
153.351062749	0.0434534738744
209.048089435	0.0231668097245
154.783115239	0.0427595174411
206.904053807	0.0237170117307
155.464388102	0.0424344301824
174.848802531	0.0340832681451
175.041021662	0.034039788398
165.322992788	0.0379624020614
170.720508784	0.0357571307433
173.045293797	0.0348036991044
184.164049417	0.0307367660106
198.556537037	0.0261040509466
156.331732175	0.0419890293089
195.967562196	0.0268602738063
196.450857645	0.02669905185
185.405245645	0.0302846467288
155.42913483	0.0424345409531
206.106685462	0.0239913569874
184.282599444	0.0307071304412
187.741130508	0.0294873273242
180.172415745	0.0321551769707
178.603457623	0.0326886890161
179.24826911	0.0324605049997
186.748849869	0.0298265137979
158.265710974	0.041124413913
201.088112666	0.0253457989554
192.00055851	0.0281307763147
199.258150978	0.0258755443266
195.096397936	0.0271022218594
211.874021541	0.0224709268117
192.098429758	0.0280395768211
211.317440284	0.0225886364571
192.512471918	0.0279590990669
195.240074674	0.0271040003483
162.763782873	0.039062754912
214.468977496	0.0217348555734
148.718314869	0.0457469104279
215.655871601	0.0214211491971
181.553208362	0.0316588680002
178.418204178	0.0327652544271
170.486886484	0.0358009047707
212.033256556	0.0223896836257
176.373580574	0.033572255331
165.293065475	0.0379871558086
171.181160044	0.0355686336721
216.39210042	0.0212453248668
150.997353979	0.0446098795096
155.230090956	0.0425230903576
147.382067906	0.0464490854158
142.401568301	0.0491210702963
126.192688787	0.0590324830212
188.254672411	0.0293081208643
179.269811542	0.032434796583
175.50302761	0.0336923914874
155.246392865	0.0420836232622
178.244982563	0.0327536683708
178.740369375	0.032597025879
157.307254535	0.0410841091492
198.718846348	0.0260702845918
209.745928337	0.0230308793934
157.310839029	0.0411613191004
198.138223591	0.0262102745515
213.553055852	0.0219918444444
197.279588245	0.02651823323
148.362449965	0.0458653559327
163.127868155	0.03892198895
214.871747987	0.0216637725529
165.980267282	0.0376214735288
199.864940557	0.0257339207391
174.25544281	0.0341525480272
201.361471124	0.0252639960955
175.956094672	0.033653619817
175.194787628	0.033958594068
215.542875718	0.0214951927645
153.80890232	0.0429501153138
183.485797975	0.0309362772347
172.443176766	0.035013805884
222.123988853	0.0199809096232
212.116693864	0.0223850591502
193.912833388	0.0274956164868
199.832852089	0.025724717703
175.870084833	0.0337272682184
200.718146129	0.0254390123469
229.702611087	0.0183210384576
189.66179444	0.0288865156823
211.224558177	0.0225868545869
200.166683591	0.0255884009182
225.729086471	0.0191953501618
205.881408661	0.0239679672396
222.245330342	0.0199289241531
188.884069382	0.0291362589392
187.6383255	0.029505814758
220.755737975	0.0203191895274
195.962524351	0.026848036901
211.872042846	0.0224406992252
137.82712427	0.0516770179855
197.715537784	0.0263737939811
175.232671761	0.033924686633
173.644635063	0.0345935434853
204.856176002	0.0242819488189
179.943222869	0.0322552455573
194.225700943	0.0273979099211
200.402161418	0.0255906014371
199.372177258	0.0258464370133
208.420012716	0.0233511380174
198.883380076	0.0260200810213
205.098229139	0.0242644547512
174.01454088	0.0343639277924
185.43580283	0.0303228564901
198.312727613	0.026192523498
197.461661291	0.0264040951558
214.352594317	0.0218218212934
209.93967826	0.0229386341779
181.484245926	0.0316431509979
210.18353675	0.0229187411883
188.865770893	0.0291448602699
212.984371981	0.0221614834329
193.846176883	0.0275491965764
194.501699399	0.0273271924078
192.676629198	0.0279194660297
209.934356022	0.0229415127922
197.838020897	0.0263416685737
181.30873495	0.0317155192164
216.708130887	0.0212851247325
176.506582563	0.0334860466919
216.079508099	0.0214258649728
190.082301538	0.0287334510184
195.445542458	0.0270597345318
167.364225368	0.0371233328969
176.321466475	0.0334832693733
170.974542106	0.03566423764
205.217210107	0.0242416581675
176.502550826	0.0335091401584
209.63691602	0.0230666800213
178.026955987	0.03290623051
201.195457096	0.0253107019138
200.819683128	0.0254643274183
194.526603771	0.0273258522166
180.009457618	0.0322033381316
210.243421665	0.022864760125
167.807249007	0.0369332330933
196.352679812	0.0267473528702
226.195616178	0.0190919383804
176.403184858	0.0335162517666
214.152798238	0.0218856882027
199.54705754	0.0258266819487
217.431809935	0.0210320632843
192.994068341	0.0277826609281
204.378398211	0.0244706816027
203.915329523	0.02453802341
175.080118861	0.0340570713854
190.722830131	0.0285763532811
194.730275064	0.0272697665639
167.120679733	0.0369426035062
225.978583591	0.0191420170017
210.815226067	0.0226763295608
164.679938667	0.038269276329
207.97059747	0.0234680652246
187.868888242	0.0294812489373
202.552070951	0.0249937013702
201.576731782	0.0251972728091
187.007551721	0.0297752630187
227.552540096	0.0187751966835
187.922417846	0.0295030975861
201.790225445	0.0252040537729
193.675620107	0.0276152479923
215.160035132	0.0215976769808
198.58925885	0.0260369152236
206.506849881	0.023843813874
234.290021059	0.0174277271888
200.679800912	0.0255343233928
206.225500619	0.0239065652216
174.017305913	0.0344567532489
218.711779802	0.0207454995921
225.665210099	0.0191942204055
216.177699125	0.0213782841983
215.060921171	0.0216958157912
198.906526016	0.0259867887364
198.24686947	0.0262081151506
196.889154818	0.026584876534
201.953271895	0.0251281130893
227.953070575	0.0186929720497
194.297521814	0.0273983703421
234.653905868	0.0173855260027
206.319591273	0.0239125898367
233.846621034	0.0174974950358
222.468279525	0.0199264045172
200.612479315	0.0254997792051
230.12119533	0.0182646676879
205.949982517	0.0240086609729
223.881057316	0.0195879840024
229.145335244	0.0184967156536
211.363175444	0.0225761658071
228.391739603	0.0186252912385
202.717316152	0.0249154583281
206.657050946	0.0238205218451
222.496366049	0.0199118506787
203.930538555	0.0245738170502
215.364954643	0.0215672793655
219.579474559	0.0205899251962
205.8830744	0.0240207564788
215.877010362	0.0215022032862
214.539065758	0.0217674270601
204.802411416	0.0243408587746
230.535472557	0.0181685563422
194.839115609	0.0272424737814
229.630491276	0.018364843546
205.637083224	0.0241175672152
232.858714829	0.0176843351933
221.511328861	0.0201440385364
204.64046618	0.0243530263567
196.040504904	0.0268764018583
228.326422229	0.0186327830898
202.640370038	0.0249453846685
208.742628654	0.0232380943525
213.744789386	0.0219920524159
203.058757544	0.0247881457049
209.084663992	0.0232259951704
220.969128646	0.0202300281652
224.06766428	0.0195429694983
209.196616485	0.0231906569032
220.099077263	0.0204337510735
211.156733598	0.022608151305
240.982726838	0.0161590708153
225.561355796	0.0192017095844
234.847452735	0.0172894132012
213.850669064	0.0219337999301
222.642413952	0.0198633974922
233.378528734	0.0175950204954
218.101826538	0.020885639822
228.201624346	0.0186530705879
231.842958244	0.0179137756353
236.622389931	0.0169783841857
236.78360933	0.016937942833
220.59911526	0.0203241254427
213.898985268	0.0219343496442
225.244790867	0.0192672891204
212.699968058	0.022237337415
229.915143403	0.0182902608246
201.144405883	0.0253763754755
228.332689351	0.0186593108014
233.074335858	0.0176693880802
216.722757069	0.0212541457156
239.7338852	0.0164199295329
240.080382637	0.0163516014811
239.244266955	0.0164896904035
238.19049498	0.0166866316596
225.655722638	0.0191911654462
239.702182435	0.0163696522925
228.940659809	0.018506552643
241.985261161	0.0160178602384
238.432201654	0.0166323575467
232.668713666	0.0177284471365
239.394141232	0.016437201043
216.994301537	0.0211861495283
238.688574293	0.0165648580857
221.088731057	0.0202292687673
225.312229366	0.019261556905
241.781020694	0.0160290662456
240.195912437	0.0162911808244
236.57333845	0.0169975225289
239.833356699	0.0163872938939
228.093656064	0.0186681852974
225.453531687	0.0192530688765
221.157305059	0.020211687734
217.71519692	0.0209766091344
204.793152611	0.0242763740386
235.752600432	0.0171392574994
222.739695907	0.0198697785164
231.818827453	0.0179227561297
224.97787508	0.0193618521065
229.517892084	0.0184290081642
241.716044744	0.0160775833848
240.407640858	0.0162703664376
226.486420479	0.0190306774617
227.256381552	0.0188750691548
240.105592416	0.0163614269024
239.108344698	0.0165153986774
219.237258269	0.0206620280727
240.096973656	0.016362423903
242.348493418	0.0159522612204
234.864331995	0.0173374611962
232.262956156	0.0178344990062
228.394688611	0.0186271536944
233.546482814	0.0176109935741
241.438449221	0.0161149913312
227.020675844	0.0189270928667
236.87660631	0.0169473645847
243.547573419	0.0157588093689
236.714253867	0.0169691677215
241.404180658	0.0161064740062
231.372254031	0.0180113943728
223.59866937	0.0197066791077
241.531116381	0.0160759916592
236.187105545	0.0170797364973
227.180583959	0.018893230257
242.035810882	0.0160114191112
225.15691089	0.0193382464509
245.642102293	0.0153585658287
241.444660709	0.01606742522
229.258601729	0.0184956224187
242.172269095	0.0159588693565
243.493403225	0.0157451954257
231.63139525	0.0179456288082
233.756910156	0.0175803293689
223.993618588	0.0196022435656
237.679625615	0.0168092631807
227.954009821	0.0187047650905
227.375199588	0.0188954972039
239.735060592	0.0164397616734
246.351656205	0.0152355383798
226.229200724	0.0190615234997
248.071545075	0.0149386180263
238.15374287	0.0167200724023
246.060577309	0.0152854975163
243.923186961	0.0156435745531
247.378774829	0.0150800225813
234.261233781	0.017412783651
235.544528825	0.0172182420468
228.328666357	0.0186231089467
237.981223892	0.0167596360871
243.137113881	0.0157754521093
229.084415563	0.0185234631922
244.509220349	0.0155250511567
248.724264561	0.0148356339126
230.591040313	0.0181676105201
232.754584643	0.0177681739297
236.710820942	0.0169678176393
239.129865832	0.0165243916966
239.857979938	0.0163540684099
240.087648671	0.0163380874401
241.206804494	0.0161126186955
240.257260515	0.0163415148522
232.935571702	0.017670069374
244.730831804	0.0155264242025
242.397555718	0.0159127549563
242.752134764	0.0158996528305
242.636707801	0.0158566693617
242.683566548	0.0158977946974
241.699366658	0.0160449384052
244.172149396	0.0156459165505
242.605904542	0.0158546151045
239.32101074	0.0164813933106
242.278995751	0.0159917527102
239.83912039	0.0164195560591
237.452920027	0.0168412271952
245.518036675	0.0153943055822
241.095349597	0.0162121538105
242.013453649	0.0160261497579
244.115976847	0.0156443375077
237.474483283	0.0168732225679
241.291005507	0.0161812232404
245.529314704	0.015395591491
242.114028499	0.0159480408576
250.496564558	0.0145410566036
242.1221987	0.015997988571
233.177808554	0.0176711042337
241.211191367	0.016126132695
235.745191911	0.017178812181
239.409093497	0.0165104411816
241.687639219	0.0160954543784
244.285157362	0.0156160141187
237.101749896	0.0169320356975
244.799005307	0.0154967430157
250.685671787	0.0145124067898
240.872356816	0.0161801461104
243.284395775	0.0157805465943
244.510275849	0.0155496639258
238.42793719	0.0166460897463
237.143114158	0.0168826545081
239.081993656	0.016521313458
241.465585651	0.0160596225722
236.210786164	0.0170952827339
244.714294151	0.0155101816914
250.295494363	0.0145627571244
238.941692643	0.0165421117338
242.611883846	0.0158790957494
237.13153354	0.0169031442202
250.093779683	0.0146085984089
245.482427585	0.0153958102815
250.101620955	0.0146341906608
235.492828011	0.0172398922829
251.085803734	0.0144559139764
244.515308699	0.0155492926124
251.369917324	0.0144110102604
242.402126098	0.0159377135515
250.611555266	0.0145153008299
238.814706424	0.0165796094729
243.908029893	0.0156504043997
237.904977172	0.0167457199324
239.600480642	0.0164300828085
245.331099911	0.0154207343753
246.367250567	0.0152588411269
238.172960826	0.0167122382369
252.428173536	0.0142241832664
244.594688382	0.0155508274768
252.677203483	0.0141941249863
239.820440555	0.016384350428
252.34880284	0.0142565191771
240.508840086	0.016288292466
252.55614629	0.0142189731587
244.081272556	0.0156086759069
251.897462929	0.014299681059
241.01087001	0.0161839139093
246.327538327	0.015272057753
243.338032991	0.0157365075287
250.78445155	0.0144946576313
238.769420903	0.0166186133273
252.84477573	0.0141858734366
242.525844984	0.0159128288913
252.694113588	0.0141803401682
245.01933097	0.015475044074
248.378511358	0.0149294169494
245.341317631	0.0154370997751
250.893121864	0.0145141812796
238.050215633	0.0167438743272
250.607147818	0.0145476477615
244.466603613	0.0155680578399
245.607989429	0.0153720594077
236.36123143	0.0170759682973
252.536829367	0.0142285541989
241.37463343	0.0161329363145
242.686916316	0.0158981535803
245.131211382	0.0154637515966
251.408246089	0.0144247767727
237.781838025	0.0167842804516
249.270788527	0.0147419036975
241.953456196	0.0160166404797
250.001791953	0.014646048262
236.255607838	0.017103760728
252.222923885	0.014276007215
244.70622434	0.0155423875951
242.54178141	0.0159075270904
245.057207127	0.0154711395414
251.799223135	0.0143470835161
242.04411708	0.0160011687733
249.145634341	0.0147845131655
246.224389946	0.0152553170961
243.477165524	0.0157562251858
242.273552758	0.0159721701134
251.37457799	0.0144334268955
238.255290037	0.016712241066
242.499091752	0.0159275396473
246.397186132	0.015231124728
249.776001164	0.0146763968979
243.507729776	0.0157438405267
241.00048802	0.0162207096269
247.532650149	0.0150854642834
245.649437929	0.015417096317
247.890330778	0.0150215739149
240.467318343	0.0163270170898
242.686011636	0.0158799658806
240.341154396	0.0163476155441
244.00643739	0.0156454615894
245.709054962	0.0153709639266
238.600427406	0.0166245391718
248.056860506	0.0149478194392
247.877176466	0.0149962179785
242.444671593	0.0159284385247
247.370773937	0.0151081079576
247.248692532	0.0151060105811
244.06707252	0.0156604276917
239.091643162	0.0165378644602
242.182974449	0.0159961529869
247.817565326	0.014984484078
248.494167103	0.0149077557615
248.139070591	0.0149530384739
249.938548545	0.0146721068117
245.952197466	0.0153175506336
248.792722687	0.014881211595
245.491243312	0.0153933029125
249.360750085	0.0147656374853
243.863795639	0.0156752546036
249.582920939	0.0147371643074
246.748285733	0.0151681922919
249.765965547	0.0146985017641
241.785527221	0.0160468262865
246.293773686	0.0152946311352
245.400852795	0.0154008422813
243.225688084	0.0158019453006
248.400085961	0.0148840909759
246.806302834	0.015211433375
239.194627534	0.0165273055837
246.40517012	0.015239207742
239.92710663	0.0163854483262
247.202965018	0.0151371789477
245.462714602	0.0153849095573
244.692535041	0.0155437979432
247.27528324	0.0150973153144
248.846809678	0.0148551821789
245.111422243	0.015453758057
249.924354368	0.0146744736408
240.431798008	0.016294101021
250.139260211	0.0146334318057
246.067593222	0.0152840792005
250.509813623	0.0145734249782
246.499487256	0.0152296466059
244.042875143	0.0156541582531
247.383687253	0.0150595033853
244.966136715	0.0155286416715
245.502606432	0.0153970686712
246.79915477	0.0151816256505
239.779567647	0.016419190217
248.191334891	0.0149681561146
246.745765335	0.0152173512826
245.988939482	0.0153266664132
249.644510741	0.0147335773933
247.297390863	0.0151092267417
249.374511401	0.0147831892376
246.499593983	0.0152595069972
246.352089667	0.015291096614
248.743982679	0.0148712684543
250.479506186	0.0146020747454
245.721109312	0.0153834249994
249.803513177	0.0147119093461
245.199360452	0.0154811958946
250.120999456	0.0146576466553
247.522287317	0.015084399169
250.449202949	0.0145970361385
249.027449121	0.0148330281116
250.766505742	0.0145442831457
247.089264596	0.0151568813061
251.443003104	0.0144326842067
247.684439742	0.015054113938
248.02402979	0.0149850277724
247.830547657	0.0150222305569
248.044015179	0.0149808512955
248.75786048	0.0148830771695
247.694924703	0.0150462745709
246.853619476	0.0151936252837
246.628874593	0.0152322549098
249.113444902	0.0148140342374
248.908940481	0.0148435526495
247.732985042	0.0150388585929
250.463008804	0.0145944431732
248.970315619	0.0148445714827
247.132183458	0.0151402051294
248.957980068	0.014840122829
251.195330187	0.01445403738
250.666098694	0.014551238593
251.803373868	0.0143645975783
247.257637928	0.0151156491886
251.814612051	0.0143562606632
252.356110783	0.014289000615
252.886379261	0.014199745966
249.227055468	0.0147831619593
250.658428977	0.0145529257882
252.603155878	0.0142475506221
252.01196826	0.0143394497474
246.913871199	0.0151698555268
248.166808957	0.0149663839764
249.824256524	0.0146882730924
251.746261358	0.0143751972789
251.726631854	0.014383894316
247.940241961	0.0150039731536
251.158068525	0.0144838118671
251.589031947	0.0144031125204
251.640530363	0.0143886772056
252.366031577	0.0142795520804
250.72179356	0.0145497217808
252.443180056	0.0142654836565
249.867560401	0.0146866116799
251.631959124	0.0143953545338
249.834756604	0.0146936580377
253.481570789	0.0140903353384
252.37205662	0.0142898960546
252.79145739	0.0142175556378
252.372124529	0.0142792429048
252.140956501	0.0143242852519
251.388542142	0.0144391586224
252.735932091	0.0142238768786
249.665105373	0.0147197847427
253.457935926	0.0140934638366
251.845056963	0.0143747903294
252.413206084	0.0142688072463
250.931869957	0.0145082907343
252.146493159	0.0143021319094
251.324660979	0.0144515919141
252.598300389	0.0142339652799
249.297331048	0.014786244805
252.864604019	0.0142029408369
250.708497258	0.0145478163942
250.205183887	0.0146299914407
252.575931265	0.0142493427125
253.553295364	0.0140776056439
253.533128506	0.0140927356109
253.470185845	0.0141125105445
253.204372369	0.0141429194251
254.401555106	0.013946209541
250.213154879	0.0146299338731
253.751051424	0.0140647565952
251.246084218	0.0144513254178
253.697401611	0.0140672771127
249.003185337	0.0148124487942
255.345717976	0.0137908593518
253.99563956	0.0140186315792
252.388425245	0.0142624179048
252.142405912	0.0143046315458
253.32611659	0.0141073258585
252.283006617	0.0142792966341
254.623942255	0.0139034863241
253.311790124	0.014107510672
251.740958541	0.0143627750182
246.901623564	0.0151567201194
246.517244988	0.0152262905802
246.640648604	0.0151896979097
245.784225328	0.0153253154718
244.077826605	0.0156476067983
239.811093635	0.0164229877789
248.251850496	0.0149611743564
243.873200226	0.0156845478606
240.94288949	0.0161918108033
252.825158858	0.0142150909739
244.133563235	0.0156425919067
242.953417783	0.015852953971
247.073950124	0.0151557569448
243.37568402	0.0157619881585
245.854295543	0.0153616549739
244.577893488	0.0155891929619
240.799102722	0.0162733307082
253.119854398	0.0141148413287
246.069049362	0.0152945042577
253.919306836	0.0140196884806
246.9102254	0.0151323307728
252.236067621	0.0143066336992
250.140990281	0.0146217892602
245.889621505	0.0153525653793
250.059672072	0.0146573591175
252.072044414	0.0143173798791
251.059853292	0.0144984092528
254.775772735	0.0138901675523
245.688530418	0.0153985747896
246.633670255	0.0151944785282
244.255475328	0.0156382671655
251.316209348	0.0144272521885
245.890392181	0.0153467690144
254.831395401	0.0139038695393
246.123118757	0.0153041671781
249.377564316	0.0147662147893
255.503736858	0.0137481324659
249.489692767	0.0147217051392
247.867840867	0.0150174731567
248.122636482	0.0149787979355
243.793829128	0.0156854118201
248.90327909	0.0148525599317
254.158208145	0.0139955817936
246.349606312	0.0152590217486
250.837763063	0.0145269808067
247.737283257	0.0150243191993
251.670399752	0.0143934186442
250.503603181	0.0146044756238
247.41943039	0.0150813452764
253.317920999	0.0141278357369
250.063542039	0.0146454158609
250.489230144	0.0145659475355
256.152353929	0.0136754841737
247.103645857	0.0151492950131
251.471049827	0.0144093923209
252.442715326	0.0142769102787
250.417765893	0.0146020672821
250.699539394	0.0145211835586
253.155018686	0.0141473255987
248.338969347	0.0149439520687
250.522862115	0.0145952083312
249.57824354	0.0147216798178
251.159430666	0.014431360482
247.533404771	0.0150489451849
254.241786921	0.0139502098893
255.028148249	0.0138572597285
246.999167974	0.0151765709812
253.612420324	0.0140709256184
254.890159041	0.0138887938676
248.153037724	0.0149484571112
256.089912239	0.0136718460094
247.88494512	0.01498982864
246.376612975	0.0152580912433
254.692056896	0.013921163379
247.991177454	0.0149875220564
248.225448425	0.0149530885311
252.151181033	0.0143134034778
247.717559203	0.0150321083485
255.109121212	0.0138465274105
252.828211061	0.014207938245
251.319042839	0.014459091996
254.339227963	0.0139775048633
250.708697972	0.0145626423221
248.536230809	0.0149012080151
246.28750515	0.0152736211475
253.299581152	0.0141470350724
250.172451954	0.0146539179185
249.413145318	0.0147684717766
253.359501033	0.0141322019902
251.839106787	0.0143572357002
255.540997114	0.0137984039451
252.185815399	0.0143251585057
252.575616826	0.0142526929439
251.528331695	0.0144202620933
251.652882956	0.014409573241
253.901733627	0.0140496570836
254.821604224	0.0139205442131
253.634523616	0.0141044484098
254.233267656	0.014002342463
254.27585392	0.0139873528999
254.10294224	0.0140147053235
254.222596015	0.0140025302372
254.125196528	0.0140216576778
255.078361426	0.013860913663
255.360923479	0.0138374626595
254.484919373	0.0139741383064
255.276404106	0.01384917726
254.847983722	0.0139173212101
254.286787362	0.0139884738374
255.141087276	0.0138628071396
252.650921938	0.0142481661981
255.476264603	0.0138142214849
253.183604906	0.014164966813
255.263805074	0.0138459741065
253.490314633	0.0141177919817
254.298393147	0.0139841559249
254.445244887	0.013968761378
255.635910573	0.0137836533687
254.021402033	0.0140312455952
255.382351386	0.0138101637104
255.377990676	0.0138344021839
255.419298471	0.0138115695355
255.637541765	0.0137862487711
255.613182069	0.0137828702705
255.057401439	0.0138721202482
255.108018511	0.0138602525371
255.992621189	0.0137410180753
255.905540973	0.0137451734374
254.678259972	0.0139322967851
255.725696461	0.0137726608417
255.310483363	0.0138401126173
254.175437575	0.0140026714779
255.477065062	0.0138228465956
255.142549428	0.0138505326491
255.828791753	0.0137654846927
255.4699721	0.0138059461007
255.515506915	0.0138068999675
255.706075031	0.0137681097148
255.24278562	0.0138480515128
255.667434444	0.0137668721522
255.499168857	0.0138129958793
255.544350019	0.0137735128973
255.819453765	0.0137510737072
255.788386593	0.0137431686165
255.662940132	0.0137861285523
256.392598084	0.0136606710608
255.055323485	0.0138744977546
256.097212713	0.0137017912874
254.938031603	0.0138911432365
254.783614635	0.0139046012445
255.672122672	0.0137880975413
255.641670185	0.0137667516946
254.071821391	0.014018542668
255.97145389	0.0137092296253
255.594369024	0.013787533084
255.778706775	0.0137572222704
254.397815884	0.0139714454861
256.064057867	0.0136915062737
255.736086751	0.0137568995636
256.443169037	0.0136373704869
255.642653865	0.0137751795337
256.019288595	0.0137126556591
255.376723486	0.0138182018838
255.885933507	0.0137273416274
255.471112093	0.0138038067583
256.304337237	0.0136576378145
255.83122214	0.0137417098368
256.600090105	0.0136134448906
256.105866232	0.0136970906842
256.098245397	0.013694259365
255.383315399	0.013821462348
256.44260947	0.0136433910096
255.91778752	0.013734771962
256.634929024	0.0136159308372
254.953183936	0.0138783127654
256.705104128	0.0136010990159
255.98516875	0.0137199858537
257.359179886	0.0135054733646
256.522141156	0.0136231626386
257.627852802	0.0134537126026
257.128349544	0.0135311672667
257.786996594	0.0134324387593
256.558945479	0.0136262145703
258.656766945	0.0132996752013
256.984864503	0.0135634674276
258.714691448	0.0132865964428
257.228571758	0.0135215019215
258.835448602	0.0132807163198
257.861216912	0.0134232002039
258.771200861	0.0132838162268
258.07250654	0.0133942164385
259.352064018	0.0131896882948
258.490194379	0.013325523767
259.361418751	0.0131847031425
258.102393066	0.0133927359782
258.830666255	0.0132699270263
258.665153817	0.0133134487298
257.763595893	0.0134546365845
259.381466988	0.0131964455791
257.70864922	0.013450122259
259.070312595	0.0132313220714
258.022673563	0.0134032753318
259.901375459	0.0131083464405
258.79865697	0.01327701104
259.897719089	0.0131054815691
259.198985752	0.013223249433
259.787754994	0.0131304289767
258.839605033	0.0132708047557
259.250877442	0.0132225170469
259.019923662	0.0132630945874
258.616570998	0.0133236723004
258.427015922	0.0133518628923
260.41195954	0.0130528930467
260.353718338	0.0130503706179
259.99835205	0.0131036256103
259.046737836	0.0132559540996
259.831615036	0.0131306048511
258.348928494	0.0133596652509
260.154956634	0.0130943664102
258.941673876	0.0132657265527
259.921816045	0.0131144600611
259.926838125	0.0131161015838
260.387624274	0.0130475662525
259.615314344	0.0131546805703
260.090469823	0.0130855295491
258.67119074	0.0133011469269
259.817868291	0.0131304777804
258.741858338	0.0132940293332
260.180488871	0.0130763776942
259.079686646	0.0132438148383
259.162460139	0.0132273534838
259.584990945	0.0131684539924
259.995061795	0.0130998292961
259.872874013	0.0131164623195
260.514955594	0.0130235405633
259.898505008	0.0131203399337
259.920269982	0.0131166032267
259.32769274	0.013204290248
259.875848366	0.0131160884255
259.540398321	0.0131665470438
260.081704376	0.0130922733633
259.841043545	0.013125453629
259.711686201	0.0131398167279
259.998702833	0.0131024620035
259.796388295	0.0131284684837
259.608872963	0.013160672035
259.878492831	0.0131170502591
259.605852366	0.0131591388519
259.973705312	0.0131020752001
259.803201605	0.0131313407032
260.183063509	0.0130773500583
259.588009673	0.0131657896701
259.53342457	0.0131661884235
260.262901838	0.0130616875555
259.933697116	0.0131154726966
259.372368284	0.0131882162567
260.621207048	0.0130117994475
260.331080735	0.0130522323624
260.673594518	0.0129972969453
260.897170278	0.0129705244807
261.505965746	0.0128770827054
261.402165537	0.0128911544887
261.457898766	0.0128890467138
260.518287745	0.0130300228275
260.988404826	0.0129602826903
261.091279184	0.0129458944068
261.266671812	0.0129132849022
261.036800684	0.0129502571901
261.248806845	0.0129168151394
260.841443064	0.012983737224
261.356557327	0.0129010571656
260.297227428	0.0130562004241
261.713595064	0.0128505658923
261.189035921	0.0129309043277
261.835079303	0.01283610315
260.729316886	0.0129917397727
261.827566111	0.0128374534115
261.557981947	0.0128755368399
261.401299414	0.0128928185345
261.732902713	0.0128480252105
261.589224646	0.0128721929104
261.460843687	0.0128901840542
261.885104778	0.0128278607634
261.902735058	0.0128230866583
262.04013818	0.01280470853
262.005730859	0.0128079604054
262.172691941	0.012782544617
261.590203548	0.0128622052225
261.56602796	0.0128663409956
261.99491449	0.0128099712684
262.190868134	0.0127796172969
261.950824694	0.0128159220399
261.697562449	0.0128470594062
261.706718829	0.0128441753274
262.25744629	0.0127694753421
261.9846123	0.012810764494
262.036095577	0.0127986573423
262.125130789	0.0127900762552
261.860162515	0.0128226689014
262.355271869	0.0127535771949
262.33744039	0.0127579911208
262.140196177	0.0127866619754
262.155179536	0.0127858628076
262.396864938	0.0127475407889
262.373685932	0.0127510819616
262.203644193	0.0127767880901
262.214614796	0.0127762794228
261.98869065	0.012800788544
262.287947828	0.0127615329236
262.376824963	0.0127510934663
262.433643529	0.0127440886966
262.112976237	0.0127832990373
262.412515518	0.0127458563642
262.312159223	0.0127558948231
262.367210158	0.0127504152767
262.465942972	0.0127356932343
262.442258222	0.0127418489617
262.261130657	0.0127674817491
262.487626426	0.0127345248866
262.175212279	0.0127738567138
262.426256368	0.0127440706413
262.135220456	0.0127789986879
262.553214743	0.0127256263312
262.478916256	0.012731992945
262.497501696	0.0127300929805
262.533115077	0.0127248489826
262.462486643	0.0127386353672
262.625821953	0.0127135685757
262.420896619	0.0127394854546
262.613545268	0.0127148599504
262.726302481	0.0127000041653
262.676091496	0.0127055010481
262.760094916	0.012694359065
262.70029773	0.0127013893082
262.698330807	0.0127040609178
262.794182437	0.012687425887
262.696501497	0.01270002153
262.514277316	0.0127235252988
262.690955486	0.0127001397261
262.785034386	0.0126895389168
262.895951578	0.012675548991
262.86554081	0.0126771396666
262.694049987	0.0126994038329
262.859473241	0.0126785156859
262.903578749	0.0126707909855
262.945762984	0.0126643261666
262.968079001	0.012662195533
262.712658826	0.0126943060991
262.818272299	0.0126819784964
262.888710874	0.0126698277073
262.962768303	0.0126617181308
263.05595337	0.012647779313
263.116604452	0.0126409559796
263.026598825	0.0126536722287
263.059688768	0.0126475214977
263.076030305	0.0126443287508
263.018748961	0.0126530471566
263.127292713	0.0126377828906
263.188537335	0.012632262278
263.125676272	0.0126389379467
263.207432664	0.0126267257996
263.157369578	0.0126321952442
263.079399749	0.0126442460574
262.979590494	0.0126560215639
263.208065545	0.0126267783767
263.061333261	0.0126443440487
263.227363298	0.0126249581708
263.117419199	0.0126388693159
263.092847984	0.0126425109186
263.019217065	0.0126504810803
263.207534384	0.0126281430882
262.99910321	0.012653509575
263.089337778	0.0126432134813
263.062851211	0.0126467613074
263.056828733	0.0126483233915
262.880189934	0.0126722159083
262.887403818	0.0126745667404
263.90136247	0.0125269163964
265.022192125	0.0123695905178
265.777161326	0.0122638310505
266.484607459	0.0121668639169
267.130596093	0.0120789745479
267.576223086	0.0120196923804
268.037452592	0.0119570957083
268.525773342	0.011891544318
268.959748545	0.011833939953
269.297207874	0.0117893907018
269.508895144	0.0117621620346
269.767208521	0.011728664817
269.938586071	0.0117066057539
270.05545258	0.0116910528386
270.262811532	0.0116643402842
270.48480589	0.0116350144009
270.625687038	0.0116207205705
270.627029059	0.0116203792256
270.843788093	0.0115915643257
270.946690047	0.0115791557385
270.907953373	0.0115821452278
271.127669816	0.0115543077103
271.333939096	0.0115259944602
271.560762756	0.0114983050071
271.500812805	0.0115060364354
271.576787023	0.0114970006496
271.413821379	0.0115176224455
271.523785363	0.0115034371104
271.387172578	0.0115210783247
271.230410433	0.0115425653976
271.078120946	0.0115619551851
271.112915349	0.0115568921248
270.951998117	0.0115784967045
270.618655518	0.0116199923219
270.438493252	0.0116432607456
270.380986405	0.0116496717992
270.252191501	0.0116660868452
270.020331928	0.0116963177647
269.714763098	0.0117366766094
269.466229067	0.0117694407193
269.235785411	0.0118006757067
269.132084587	0.0118131933445
269.108765914	0.0118165940184
269.017710837	0.0118286311653
268.890190091	0.0118462892432
268.579782597	0.0118869717575
268.409919244	0.0119090588875
268.219159142	0.0119348039606
267.952023938	0.0119697357863
267.710823626	0.0120013433239
267.433300759	0.0120380122361
266.936066155	0.0121053810649
266.938447818	0.0121051393064
274.964216597	0.0110667581932