100	-0.04703	0.0	0.999910069328	8.99306722285e-05	0.0
104	-0.03543	2.10807465047e-42	0.608220543677	0.391779456323	3.27939291719e-24
105	-0.03939	0.0	0.0	1.0	0.0
107	-0.04031	0.0	0.0	1.0	0.0
11	-0.09854	1.0	0.0	0.0	0.0
113	-0.04622	1.0	0.0	0.0	0.0
114	-0.008467	0.0	0.0	1.0	0.0
115	0.02252	0.984138538269	0.0	0.0158614617305	0.0
116	0.04864	0.0	0.995894827401	0.00410517259903	0.0
117	0.03718	0.0	1.0	0.0	0.0
118	0.06472	0.0	1.0	0.0	0.0
119	0.09619	0.0	0.0	0.0	1.0
121	0.103	0.0	0.0	0.0	1.0
125	0.1887	0.0	0.0	0.0	1.0
126	0.4866	0.0	1.0	0.0	0.0
127	0.6311	0.0	0.0	0.0	1.0
128	2.264	0.0	0.993554805786	0.0	0.00644519421398
165	-0.0966	0.0	1.0	0.0	0.0
166	-0.1111	0.0	0.996317509483	0.0	0.00368249051745
167	-0.1557	0.0	1.0	0.0	0.0
168	-0.1229	0.0	0.0	0.0	1.0
17	-0.1267	1.0	0.0	0.0	0.0
170	-0.1033	0.0	0.0	1.0	0.0
172	-0.07557	0.0	1.0	0.0	0.0
175	-0.09183	0.0	1.0	0.0	0.0
176	-0.05964	0.0	0.0	1.0	0.0
178	-0.06252	0.0	0.0	1.0	0.0
189	-0.02638	0.0	0.0	1.0	0.0
190	-0.02379	0.418942945413	0.0	0.581057054587	0.0
191	-0.02577	0.0	0.0	1.0	0.0
192	-0.0223	0.0	0.0	1.0	0.0
193	-0.02692	1.0	0.0	6.32350996403e-133	0.0
194	-0.00993	0.99000511384	0.0	0.00999488616024	0.0
195	-0.00879	1.0	0.0	0.0	0.0
196	0.01554	1.0	0.0	0.0	0.0
197	0.01937	0.0262478809508	0.0	0.973752119049	0.0
198	0.05173	1.0	0.0	1.94913236901e-29	0.0
199	0.06836	1.0	0.0	0.0	0.0
200	0.09943	9.55112185317e-255	0.0	1.0	0.0
201	0.07076	1.0	0.0	0.0	0.0
202	0.02904	0.583916881852	0.0	0.416083118148	0.0
206	-0.002728	0.66758914509	0.0	0.33241085491	0.0
207	0.002564	1.0	0.0	0.0	0.0
208	-0.01555	0.00133065732817	0.0	0.998669342672	0.0
211	-0.01731	0.0	0.0	1.0	0.0
23	-0.08575	0.425974280921	0.0	0.574025719079	0.0
24	-0.07595	0.0	0.0	1.0	0.0
25	-0.08342	1.0	0.0	0.0	0.0
26	-0.0877	0.0	0.0	1.0	0.0
39	-0.07354	0.0	1.0	0.0	0.0
40	-0.06146	0.0	0.0189893743411	0.0	0.981010625659
41	-0.03939	0.0	1.0	0.0	0.0
42	-0.01304	0.0	0.970147713566	0.0	0.0298522864339
43	-0.02567	0.0	1.0	0.0	0.0
45	-0.03619	0.0	0.428051595661	0.0	0.571948404339
46	-0.04024	0.0	0.999999999895	0.0	1.05217541077e-10
47	-0.0206	0.0	0.0	0.0	1.0
48	-0.02566	0.0	0.451516033455	0.0	0.548483966545
49	-0.0413	0.0	1.0	0.0	0.0
53	-0.05717	0.0	0.0	0.0	1.0
54	-0.04029	0.0	0.556256084555	0.0	0.443743915445
6	-0.06804	0.0	0.0	1.0	0.0
61	-0.05481	0.0	1.0	0.0	0.0
62	-0.05188	0.0	6.04122303928e-11	0.0	0.99999999994
63	-0.05172	0.0	0.0	0.0	1.0
64	-0.06455	0.0	0.0	0.0	1.0
65	-0.06038	0.0	1.0	0.0	0.0
66	-0.05778	0.0	1.0	0.0	0.0
67	-0.06276	0.0	0.0	0.0	1.0
68	-0.06792	0.0	1.0	0.0	0.0
69	-0.05847	0.0	1.0	0.0	0.0
7	-0.08764	0.0	1.0	0.0	0.0
70	-0.05684	0.0	0.0	0.0	1.0
72	-0.06133	0.0	0.0	0.0	1.0
73	-0.05504	0.0	0.0	0.0	1.0
74	-0.05632	0.0	0.919311360095	0.0	0.0806886399046
76	-0.06039	0.0	0.489366446689	0.0	0.510633553311
79	-0.05396	0.0	0.0	1.0	0.0
80	-0.05388	0.918820512977	0.0	0.0811794870233	0.0
84	-0.1233	0.0	0.0	1.0	0.0
86	-0.1047	0.0	1.0	0.0	0.0
90	-0.06126	0.0	1.0	0.0	0.0
91	-0.05972	0.0	0.0	0.694108139981	0.305891860019
92	-0.06768	0.0	0.0448804062025	0.0	0.955119593798
94	-0.05149	0.0	0.998624245801	0.00137575419852	0.0
95	-0.05265	0.0	0.997265605804	0.0	0.0027343941964
97	-0.04775	0.0	0.387020131577	0.612979868423	0.0
98	-0.04337	0.0	0.976127338774	4.36721991444e-07	0.0238722245043
99	-0.04619	0.0	1.5389248163e-07	0.999999846108	0.0