-67.4037000051	0.518525729023
4.60450676439	0.23013797405
-28.2345675065	0.33338906816
4.94776653377	0.220431111113
5.96561392814	0.224821898451
1.02237321629	0.235873428767
-71.1488532736	0.541135401148
-3.21799379613	0.251024276872
-6.87470927974	0.261387680386
46.5300546612	0.143632751756
0.00176600544004	0.241852901353
-1.31521892664	0.238340529426
52.4248236829	0.131463979204
-48.7937567894	0.420338457901
20.4450554703	0.192045680291
4.78801222925	0.227532938015
70.3377006068	0.110132320201
10.8847196208	0.206601324425
2.77429333672	0.235346423809
-21.6724605517	0.309987590811
-48.9467661294	0.421410095571
56.6721275018	0.125446554309
54.2576525952	0.128738141734
3.12752597541	0.227391302273
-11.925495195	0.267995651785
-20.239224309	0.305104117776
-0.624712986385	0.234290024999
-19.3146224297	0.293307798781
-2.76727518208	0.242641184994
-60.6138133151	0.479495481517
56.1157763833	0.127330229279
-22.1796666704	0.311531338014
48.6029710287	0.140145520931
5.4206184555	0.219054905138
-21.4246990789	0.302229245518
5.26392418541	0.228381127335
36.4002494402	0.154696100459
16.3823189599	0.201376325769
2.15284680757	0.233388549517
41.2360298765	0.152653067821
-13.2161324892	0.281286735093
-34.3665824308	0.357777989038
-0.227573723134	0.241608457078
-45.3072349382	0.401931029676
4.58338160779	0.225190195246
-9.02593754214	0.266300504716
41.984675925	0.151275812545
90.6633754486	0.0880628858995
-35.8734851906	0.362796478581
-17.5823339518	0.293343410115
43.1016737807	0.145691469988
-1.85639317465	0.242465478934
23.7942963749	0.182970109724
10.1552677797	0.212568797779
-2.65242422924	0.245740100884
-28.2005279779	0.332315967471
21.0635910188	0.182204750724
-24.3312576227	0.319554109779
86.9570511153	0.0916784324057
-17.8955699745	0.296302393971
19.7029078527	0.187076697156
30.4867594438	0.171767148173
27.3278210223	0.172861492332
0.196285354937	0.236685080114
-35.5431335447	0.361324103608
25.588955172	0.173842057006
36.318841199	0.16086914531
38.6751459558	0.156731644921
16.7432099889	0.200380313017
21.2717549858	0.185902144266
5.10322760058	0.229250632892
37.6260839946	0.155019810444
63.6567819046	0.118791349591
-12.2312548755	0.27560374728
-31.3594968927	0.340612810108
12.0746071548	0.201991523561
-10.172632914	0.271457829734
-55.7013573845	0.453173918545
8.81076061853	0.217509856384
59.4510412209	0.124257736829
40.7601101701	0.148673773815
0.619483604723	0.237085029315
8.35476287668	0.213928267284
-5.81868765528	0.255126904272
-2.93297104026	0.25103125459
-3.33771845239	0.244276793726
-15.3544343383	0.287381758392
49.8811349233	0.13479833464
-5.47558707284	0.256549452501
14.8735006488	0.195835634977
0.685254286606	0.240510880366
-14.4035791357	0.285789418443
16.8390376433	0.200561893727
172.059991616	0.0351682090953
13.3654125799	0.20315918503
43.2438477448	0.148874348558
50.3112901328	0.137586936263
129.482080869	0.0563951140173
38.1350281778	0.15599545858
7.72455783735	0.222575244115
138.932156606	0.0511347174059
-23.9094519661	0.315052924891
5.06168976095	0.226659109202
-4.427771147	0.252791883662
78.3832812951	0.100787551456
-38.6500505606	0.372365387102
-10.5850020194	0.273324997187
10.3730568861	0.207287978782
26.5335857118	0.179488677743
-2.1144514165	0.244698722232
9.0260097556	0.210133899083
0.525543622694	0.240881371109
5.50303459797	0.228224075951
18.7364517319	0.195853476436
17.7890768094	0.189521229573
-1.19187426123	0.243996667249
-5.07272258741	0.252906162752
30.7704774513	0.163525075956
27.4924227911	0.176315421466
10.7822300854	0.211068878296
28.6991080494	0.175323143309
20.8143674448	0.191110718053
16.2777521018	0.201105637116
1.49445088813	0.237563282742
9.92488319738	0.215232056455
2.8170169291	0.233697975204
64.7228893083	0.117451706955
-25.4459836291	0.323446774081
-35.5461627804	0.362318443159
26.799438922	0.171914275135
-0.555001683572	0.238428865763
-5.69068140947	0.25551558208
11.4926082903	0.206797342624
18.0513837735	0.191756744182
16.0699384786	0.196121430546
-18.6099693053	0.293515829562
9.38744650104	0.216318250728
11.8681103383	0.205108593385
-24.1422320188	0.314242622711
15.8916635467	0.201954858795
-5.31431086359	0.250158433841
10.2174171868	0.210977036187
26.2273090634	0.172540754006
10.1853517186	0.20933167414
19.7738786714	0.1875527636
23.8064519923	0.18514509448
26.7166392407	0.171201450415
88.4377562279	0.0901439484503
-21.5393316531	0.304241763876
-13.0865672495	0.278027353182
108.072866592	0.0702665415706
8.26060041409	0.219000871924
23.3968567854	0.185249970006
-18.9812068523	0.29966586511
7.58952473127	0.221202895744
44.6306562057	0.144501084837
10.6512696527	0.207869994498
21.3285192796	0.186333833441
32.4173231529	0.164754785677
6.11094616369	0.225883231491
-6.8825367599	0.260826896928
-9.51059062428	0.265478137958
-29.7324122769	0.337790813016
54.8876996464	0.12781283024
12.6946663596	0.206065834448
90.819905687	0.085245894857
7.61300081399	0.220409730932
9.59850476691	0.213755680963
-6.05694948302	0.253996676322
50.9978695366	0.133617369504
24.021199356	0.177215187389
-0.334375855375	0.236415283332
12.6752009478	0.206080472836
36.3740311712	0.155879868942
45.932374954	0.144470179922
37.3133049543	0.158925003817
13.9038914025	0.206508695755
49.3565638945	0.139149593817
1.35515566871	0.237747126193
26.6262484758	0.179524311691
11.8278367344	0.211055099683
50.725988084	0.133938795789
20.514343993	0.1918040817
9.14233900881	0.216418015364
63.132898496	0.119413414457
-3.92104236353	0.251802183949
98.0191876466	0.0788591400666
9.63588646752	0.215485825621
62.3194674625	0.119312296191
12.4031251446	0.209378314756
9.67320450669	0.215287202081
120.310534173	0.0630536135844
9.04189566864	0.216438006474
52.63001544	0.1319481659
122.649325784	0.0612165951033
14.6122031086	0.205283892949
45.3610463576	0.144386687846
60.0874032169	0.120660585301
42.4606377701	0.143948564261
-13.5731968118	0.280299633224
-12.276335318	0.27304748888
59.1272541341	0.122905803712
17.2880004559	0.199520040569
60.8777934309	0.122033111966
46.6603098541	0.140157303113
32.1174670992	0.16899844612
25.2602279144	0.180866842845
55.0549560804	0.127689271353
28.4477101637	0.175838908021
22.866018727	0.181853945948
55.7877625889	0.126210275396
84.0783705369	0.0947225741892
10.391438448	0.212287792828
12.9798170041	0.205883538129
145.187804115	0.0472428690997
67.9122608627	0.11316542905
27.0868502121	0.175709000066
-5.6290246554	0.253867937846
7.61432856131	0.213454259078
-11.0376743723	0.270831273544
135.460352144	0.0531226035051
57.4258018012	0.12736901615
57.7770830895	0.123558311006
148.678272722	0.045383409643
32.0307599983	0.162256898507
3.41264368873	0.228862709234
32.5316023016	0.167565493597
-12.7065422257	0.27389223816
4.26510110539	0.224988844071
25.9379289039	0.174923895148
79.2629566645	0.0999454476024
75.4616950047	0.102982016565
11.6045579006	0.210821524012
7.14278069964	0.217647845525
9.05265100442	0.217475949854
65.0828332751	0.114677310068
4.72412863382	0.22860018597
6.22752290123	0.226309183234
18.6259881442	0.190472741205
28.8700781675	0.170278097669
86.4838949779	0.0921772204987
34.4619349652	0.163931790724
120.882217377	0.0617794489988
-12.8793670125	0.279274098238
113.388194386	0.0663304651188
86.1068190283	0.0903921684783
103.671702371	0.0761085125434
29.0792409083	0.174387057921
-8.24425671954	0.266528339409
70.1645613711	0.10847962045
36.252556442	0.160783329268
163.322338875	0.0387659909298
7.24541556115	0.222662254583
9.47449844498	0.21638856455
23.2086756742	0.186098375743
4.77535687816	0.228857044481
-5.84475799677	0.259375596738
69.8019420708	0.110925449485
11.4870383964	0.212252142562
27.6501527564	0.177432673685
45.1603945048	0.141588012862
77.3247985188	0.101986364982
71.3239822562	0.108386372976
91.0110045024	0.0854391478842
53.6707641977	0.12860123257
60.8595573412	0.119402550325
119.220384317	0.0638969774899
135.406892169	0.0523909481986
28.1610475834	0.171671442784
11.1936580024	0.208295515469
46.538218664	0.141676990396
129.679031293	0.0554826604863
165.122721541	0.0376607463528
49.9235733362	0.136240027216
123.468788651	0.0608656938918
96.9539149088	0.0818825597051
57.675417989	0.123975310245
76.0506404935	0.101906113369
20.4903212045	0.186234570071
145.638903191	0.0463990574236
57.5995280757	0.124600297577
54.6816828471	0.129780266552
151.899858245	0.0433800715277
20.8536524578	0.186739925051
22.4730444706	0.180589217327
45.9851173577	0.13980592429
-5.01188262474	0.248201530654
72.5337820547	0.107496998408
19.3872438474	0.193529562004
26.4383977914	0.17951791289
26.8554869904	0.178291690559
53.3067859551	0.132974300443
104.796911249	0.0751810638576
197.573002684	0.0264166111099
12.5077645063	0.209725739035
37.3229248723	0.159441944991
107.904529019	0.0725689171467
99.7572302623	0.0795472673963
169.436814364	0.0362314516662
41.8059597847	0.151264347728
39.725208505	0.154091021249
36.6613472521	0.160105748778
47.7001724946	0.141951179992
89.6959708991	0.0888304443159
31.2405599105	0.164663872779
159.699342571	0.0404508754837
16.7978725476	0.196088430606
45.1136379761	0.145922824943
28.6322570562	0.169013233287
121.789506073	0.0603649837911
51.605257824	0.131137224001
169.96598529	0.0360114568443
104.018019039	0.0756768721213
77.7609569336	0.10161022569
70.9993553577	0.106480664264
11.675698154	0.206804210066
30.7065713296	0.168853748874
73.6794926195	0.105973215842
129.037631161	0.0569355813154
37.7609426726	0.15254790534
44.5290907699	0.141342549376
22.0077225204	0.18426981592
35.2310323862	0.162452344667
82.9727670016	0.0934921547209
19.7649870544	0.192843363009
113.665810623	0.0679240817878
20.1863312854	0.191020560125
69.8601019	0.110911072542
37.6441702088	0.158480143206
60.9961731018	0.122113582744
75.4019244227	0.101233049717
66.4835879209	0.115066386801
24.0728538307	0.18351653002
37.5677829084	0.158209724285
24.6977947908	0.182404963652
16.5805446245	0.199334366121
55.5289137043	0.129706667483
29.2156587057	0.174621376892
77.4784018316	0.0989314848081
61.922765427	0.118320532771
112.222042172	0.0691423149517
86.589620123	0.0919843058506
93.5981618134	0.0830537665921
42.2423003437	0.150233633059
79.7332352054	0.0964311871794
54.1293316111	0.129399016708
30.6853188923	0.169550170645
78.6523149321	0.0983114914632
24.6739153314	0.182487816699
127.465243964	0.0571537377875
72.976033623	0.106936210825
88.1611056651	0.0884248184256
63.6128475526	0.116013369111
79.1026134308	0.0981904100529
36.3395360636	0.157936685167
56.8198716	0.12386922519
59.4471788089	0.122006885563
59.1133655808	0.121998343841
77.0295831944	0.10232455035
177.832349157	0.0329957073155
45.7097541299	0.141405600095
28.0271074563	0.172496742058
72.8192521876	0.107136487873
62.972529627	0.119097338637
54.9547368668	0.128056092163
95.3002791522	0.0835288125107
63.30971161	0.119032298813
97.7417865015	0.0803532999207
67.9679688756	0.110836976238
194.481047859	0.0270905813903
109.870470048	0.0687925718206
14.516776169	0.2035832038
22.3928371263	0.184453665185
47.3098197821	0.137342588559
48.6950576613	0.135566454212
62.2891194563	0.11779966573
63.9410250855	0.118451025772
170.471859645	0.0357276299941
113.092191642	0.0683698692291
78.9696039532	0.100275058933
83.9624931697	0.0918780031341
71.2956611911	0.10897488124
47.2141382628	0.142411997372
31.5506470478	0.165010640795
27.5203670152	0.17464215814
26.792613621	0.178010926309
85.0588590592	0.0909183470667
170.577239775	0.0353690711112
152.572798933	0.0429861245834
79.4793191217	0.0965509960994
20.9143847679	0.187329897693
145.313999101	0.0473650816926
120.729458848	0.0610178364331
151.630278683	0.0442388206425
65.014053803	0.114261254563
28.9192008817	0.171168812693
65.3546225467	0.116552522121
109.387928472	0.0711257540212
56.7649415348	0.12824731834
24.8946433473	0.181221584325
36.2614077469	0.155743574228
53.7722843075	0.127954121446
99.46910215	0.0773976504732
103.231101646	0.0743333170529
74.6431724702	0.103001684109
46.1201454066	0.140313534917
73.4022898942	0.103554233038
185.311191855	0.0300851921338
54.9894709466	0.130619772046
64.6231819992	0.117283750062
98.8431553679	0.077970340928
77.654857107	0.0988074114081
79.5658920736	0.0981157482571
108.94455457	0.0717311912517
149.857589384	0.0443130726581
68.5915916966	0.109016703088
66.3564119551	0.112221900542
90.4694176366	0.0881910472162
25.5733026002	0.179909762938
117.671286495	0.0649796557998
96.1408307596	0.0827427023572
156.514434859	0.0411193682711
83.20286016	0.0935819738017
114.082950628	0.0668037240204
30.3577896948	0.168637345063
32.9952402943	0.161996195376
66.8110669154	0.111756029953
80.3147520255	0.096022485514
155.796995036	0.0419187407256
73.7234767883	0.102994707419
105.146716484	0.0725820086703
120.991711986	0.0625888895118
46.8063685265	0.142712514019
38.462416823	0.156669129566
62.6716071335	0.119796952267
25.1076620307	0.179051928506
142.611592443	0.0487842805799
78.1057790366	0.0984694021541
76.0639553484	0.100506777667
135.975888499	0.0524813796523
125.282518094	0.058852888779
40.9898279203	0.147326147817
51.7708740593	0.131697962691
36.6634102337	0.155175326106
29.06927234	0.170279768309
107.945259588	0.0725108618918
110.094854186	0.0687018645366
163.868801526	0.0381270689995
63.2201343424	0.116440711599
84.0484926147	0.0915930100551
163.43012896	0.0385509724727
93.9020850128	0.0848664180403
63.8114912044	0.118397616565
71.2869568256	0.106675664322
98.1675633002	0.0809719144533
77.1002820311	0.0999033136658
121.135266875	0.0625013076028
162.718465006	0.0390586714981
96.6305956697	0.0823092915773
64.5758445804	0.114714926994
56.2067897359	0.125447132819
50.219044768	0.134159786717
135.160173455	0.0520800355425
62.9919570291	0.116790995364
47.4493168219	0.137130295613
137.543398374	0.0507807319026
78.0755106569	0.0980626429386
49.7066199236	0.135261467068
78.1550412824	0.0981766481693
176.083758066	0.0332309313744
69.0630567748	0.111663683964
105.34506733	0.0726869319592
81.1612175017	0.0977076771456
87.1824782639	0.0890703805964
92.5866199378	0.0840343224097
118.195168033	0.0646116860041
159.388489494	0.0399827330797
106.511057219	0.073716174253
82.0326176415	0.0949983014155
112.575602987	0.068866191919
106.792887525	0.0712160473283
104.83301844	0.0751171984576
97.406214353	0.0793915821487
99.8903537343	0.0793873508788
92.2749265971	0.0841425402679
96.6377527229	0.0823417712913
94.4017058521	0.0821044266093
101.421670679	0.0779773475942
84.8906900218	0.0913837246317
117.642284733	0.0650214670627
84.4249965266	0.0912362812693
109.06435941	0.0714026777535
85.7215775042	0.0899636548779
146.868503225	0.0466433117721
85.1696966791	0.0909148099952
125.871395985	0.0592534953223
154.888883929	0.0422962976002
142.985183104	0.0478408501616
169.745606306	0.0361235326621
126.935398575	0.0573015370141
99.0400009163	0.0801597374918
64.6144512745	0.117278191069
108.348668999	0.0701107997768
171.724745607	0.0353279829094
58.3238662965	0.125791681352
110.456106959	0.0684459654441
87.0840771254	0.0915702022535
96.4212959294	0.0825167364353
115.885291007	0.0655646079852
57.1654242515	0.127390316878
142.314673353	0.0482091278658
181.720902515	0.0315652721107
55.5687214774	0.129642691908
83.086516667	0.0931210707396
155.088519581	0.0423721236045
118.004526718	0.0629610649716
129.205335338	0.0570424327721
106.097893708	0.072023335722
91.3531115127	0.085027850823
216.869740745	0.0212196898559
80.6950008115	0.0952275031373
97.4910080555	0.0814737742083
105.0038182	0.0749387377219
127.109832186	0.0584229820256
135.33229312	0.0531372350275
75.2958263624	0.101602179615
144.072982159	0.0473240924665
220.560918848	0.0203329736416
98.4858202927	0.0805910898337
132.848012698	0.0541528742473
85.784267161	0.0903396544717
76.2791771543	0.100413942061
139.519464648	0.050566808405
87.434162928	0.0885367079822
127.468566324	0.0581878480259
204.985316044	0.0243497014186
201.50503876	0.0253150609035
104.525429513	0.0732396028046
102.240015406	0.0752133475622
114.731917732	0.0654051082317
127.770562915	0.0579878003981
144.744834431	0.0478257834982
181.257921249	0.0317640003783
78.7541371628	0.0975372180535
46.022706027	0.13927754875
66.8244166678	0.111122584366
119.560698132	0.0636204080802
207.413878846	0.0234614649684
77.6139687754	0.0989623748964
50.292831807	0.13440846113
75.1915127849	0.104412908451
137.517604686	0.0518806120588
151.800618573	0.0441888045768
119.246711756	0.0637594304368
177.674607319	0.0327381678004
98.4520300274	0.078325342034
89.8392729822	0.0888566253884
189.169647843	0.0289929953433
147.326189012	0.0464359443309
155.914722718	0.0422039333771
85.2809729836	0.090931024731
74.5922174776	0.102164356833
84.6426966334	0.091098920334
154.37848841	0.0422178901662
210.346951665	0.0229105703232
64.9126912874	0.117002513543
126.82540707	0.0572879376017
142.873919388	0.048623203636
204.475623911	0.0245138560973
197.971868029	0.0263516917597
70.6828812709	0.10962870764
217.238034995	0.0211027780286
197.090745937	0.0266354798881
140.920457307	0.0494485277125
209.099623437	0.0232113652445
197.393168051	0.0265445598424
118.147418853	0.0643682594231
147.088581972	0.0465161370522
148.860386342	0.0454209274148
93.2762837747	0.0832887801473
92.7890075727	0.0834536391968
204.345884211	0.0244674645629
134.535103338	0.0531223803554
226.511618573	0.0190287729874
150.536035601	0.044826222951
161.439887904	0.0392012599977
111.223216024	0.0681644821923
107.653596201	0.0726811193847
169.757246571	0.0356879823601
103.189347334	0.0746413672386
182.729506326	0.0312608615702
124.645809416	0.0589773846535
168.378129153	0.0367143436846
111.762825288	0.0677491719773
162.666707234	0.0386238987612
186.897634603	0.0298158072057
99.4809701556	0.0797793191272
209.48746421	0.0230310159391
139.248581749	0.0508329596144
187.258907378	0.0295489579511
126.013871216	0.0581904352015
120.173084194	0.0624365873609
144.425991548	0.0480345469851
142.561506026	0.0490470874602
74.0021240451	0.105711501942
114.367053284	0.0673878415523
194.125781155	0.0274963791715
158.887589483	0.0403255865033
101.947577716	0.0754226033072
114.701422144	0.0656783614114
137.19619495	0.0516442082767
172.802966381	0.0348785091702
178.328395664	0.0328333350585
120.919890233	0.0626656916051
119.619397482	0.0635709124198
112.548952632	0.0687673807125
144.544026596	0.0471240632921
165.248816884	0.0375648718096
136.566968295	0.051751244788
104.633763919	0.0733248759458
227.996721674	0.0187483423682
149.286480449	0.0453112140733
243.62629458	0.0157038076036
197.414098389	0.0264689168344
74.069023198	0.105713679607
133.40356693	0.0543787035833
215.129380461	0.0216444354982
114.903481371	0.0655447214931
154.110991957	0.0427837609673
95.1560718221	0.0815994250856
108.658368483	0.0719296968569
163.404387562	0.0387856490381
176.996404461	0.0333119505779
148.142962166	0.0460355320412
212.57347481	0.0222781932409
186.972491216	0.0297876983669
150.715377261	0.0440859053185
137.842618053	0.0516946323335
145.105612723	0.0476469943619
186.435798209	0.0299256052888
173.612311331	0.0343102579211
105.285894605	0.0728739414743
218.343390722	0.0208719851195
135.651501257	0.0524174848217
131.398076728	0.0556385127316
142.700722879	0.0482096270124
152.61208869	0.0431734729786
172.146470902	0.0351749453331
94.5270062964	0.0842523769933
150.75053304	0.0447338002755
144.269765926	0.0474724563134
172.989581233	0.0348066015414
101.381570941	0.0760880233127
101.745141964	0.0756372675299
139.862532242	0.0497439835765
106.246320063	0.0716761899274
127.7210549	0.0569343006412
147.058394396	0.0460391449253
167.321993551	0.0367710490108
114.623035097	0.0672913653187
229.560058962	0.0183587029442
167.213743503	0.0371760936388
209.20152045	0.0231461208676
230.041852743	0.0182671500988
140.90947199	0.049231302819
131.601896005	0.0550867388514
160.42018925	0.0401547752853
120.232737978	0.0631432182916
145.696393194	0.0472731659981
119.123781391	0.062518446059
110.761241804	0.068647320792
83.8782179986	0.0928073133576
98.5687813231	0.0788290918172
163.542007653	0.0385745233339
103.087329285	0.0745700115524
151.647212006	0.0436601642246
139.16946138	0.0500907039201
205.175390908	0.0242506153545
197.9328203	0.0263333433981
153.030062833	0.0430624494874
174.136553491	0.0343616579367
241.683882796	0.0160722206052
199.422343784	0.0258703058123
141.941897288	0.0485906268678
162.35434163	0.0392400178294
168.364094967	0.0366869839113
165.566944119	0.0378124353871
214.595082112	0.0217752144276
172.848802607	0.0348958948521
240.108093846	0.0163682807336
134.267437096	0.0529613070781
213.185792149	0.022175175922
214.628312866	0.021811158259
181.973432113	0.0314896960093
180.727232405	0.0319225105628
183.757375517	0.0309051380967
177.607343636	0.0329309711436
194.730455057	0.027300719201
203.804869761	0.0246326203975
208.878583235	0.0232542070135
174.993550155	0.0340498846677
163.997907822	0.0384580573014
187.987582924	0.0294255783955
216.10288505	0.0213872340254
166.592577372	0.0371124974635
184.363748645	0.0305548032798
152.324384569	0.0439395522807
186.474476986	0.0298557294815
174.330411508	0.0342785213779
165.770204731	0.0377404171231
168.839585086	0.0365002673379
202.074580498	0.0250670035595
197.891328643	0.0262984311896
194.769732433	0.0272455151694
223.441322517	0.0196722378896
227.307769857	0.0188699050539
170.068059409	0.0357115374571
139.248221443	0.050916499514
191.967763011	0.0281083462396
232.873165464	0.0177126988628
152.784484414	0.0432690772392
165.262751335	0.0380320092448
224.963301005	0.0193575857307
218.707972385	0.020798404864
175.747916025	0.0336206512562
140.810019817	0.0500248045496
188.788310442	0.0291099902377
173.388413693	0.0346493513378
148.405884175	0.04544174253
141.135886787	0.04983246984
213.70112511	0.0219937621249
228.967945467	0.0184953022782
182.163195869	0.0313035577391
145.443409021	0.0474846886012
221.617588363	0.020086820895
224.514267964	0.0194932727266
166.706491605	0.0370559092431
171.890016313	0.0353226094929
233.223950219	0.0176088938505
230.642672725	0.0181588135515
174.154217213	0.0341149723422
186.705818836	0.0298997849801
202.984067944	0.0248393099677
167.332218838	0.036876742784
164.970524942	0.0379828146375
160.049405465	0.0403108325183
239.216716649	0.0165211699848
189.750273954	0.0289048670543
224.933088445	0.0193661313041
165.001982935	0.0381295549937
199.747787925	0.0257583926432
134.747112934	0.0525019947801
149.967863033	0.0450999087832
199.992517339	0.0256916777238
181.726203703	0.031586158643
195.652313073	0.0269576803263
182.217246755	0.0314134654353
184.244969326	0.0306754862389
182.332861159	0.0313985412574
193.740666206	0.0275427115565
202.217747996	0.0250841047395
197.732617815	0.0263454758644
168.445404335	0.0366689802599
216.388834036	0.0213635981302
207.36996546	0.0236328745609
176.575804224	0.0332520828648
216.152431356	0.0214020089083
238.740363521	0.0166080254338
174.300444576	0.0342371634824
162.589357507	0.0386986926942
186.201176494	0.0299637476428
171.833982364	0.035090512035
232.382708048	0.0178170953985
196.939820929	0.026595723907
176.589071281	0.0333847841013
202.828176904	0.0248754339464
178.622167504	0.0327084592758
188.062601413	0.0293524146961
244.320014849	0.0156206580823
200.090603134	0.0256362717023
186.137474246	0.0300624472231
171.375408173	0.0352853634019
241.812002524	0.0160655331024
194.09189453	0.0274091964712
232.528000911	0.0178280709347
183.966207764	0.0307042693104
225.429349055	0.0192784587546
222.099181683	0.020005807121
229.749937812	0.0183810602859
174.444707701	0.0341411702152
201.82606084	0.0251758601239
212.068172789	0.0223906521039
196.244323159	0.0268074695868
175.801458273	0.0335399683441
235.542542753	0.0171879352669
213.769809713	0.0219638565115
216.496136026	0.0213179519165
190.095840839	0.0286948905451
244.451350952	0.0155585565128
244.887282525	0.0154636868763
236.936474278	0.0169308246123
166.31087266	0.0373669363017
239.979637148	0.0163693692077
228.32239862	0.0186252416635
208.939806037	0.0232237279771
176.93182433	0.0332501317739
230.936213659	0.0181275274042
201.200166616	0.025331420523
198.85823417	0.0260789587209
203.74757219	0.024644093738
195.555209012	0.0270408032784
202.274575967	0.0250276401202
204.757992062	0.0243452237453
195.434259123	0.0270108354757
190.619846089	0.0286132422205
216.349586716	0.0213297422618
180.568823665	0.0320020217122
182.923783238	0.0310182117079
209.544888268	0.0230904077637
223.759539951	0.0196706928599
187.608236864	0.0295951222495
183.727363471	0.030739399469
206.905119594	0.023768803679
241.284746757	0.0161429191951
239.938869893	0.0164043123265
196.476894553	0.0267230649941
175.806425193	0.0337785456564
222.340446224	0.0199974394055
183.407729319	0.0310350718284
164.776041917	0.0378756320867
232.883903692	0.017711979241
231.590081541	0.0179831886594
189.905520667	0.0287286374944
208.953053928	0.0232144781105
192.149398468	0.0281228420197
236.044495576	0.0170747431674
235.97812137	0.0171295884935
189.717213237	0.0287830069952
180.082779168	0.0321949624481
197.454705078	0.026429236814
201.329701024	0.0253202971004
194.223912458	0.0273672783731
196.608178687	0.0267620079768
229.453323597	0.0184083515829
199.820972987	0.0257581210641
194.3409474	0.0273820529474
208.491809981	0.0233688724767
237.2564015	0.0168540313274
245.692016879	0.0153558987085
209.912851739	0.0229644593634
214.701131535	0.0217580987134
206.616587656	0.0238165417499
222.470940683	0.0199456985862
201.86039624	0.0251459001827
215.889303642	0.0215205385997
210.765574972	0.0227245594015
223.716333418	0.0196734056543
239.231280211	0.0165234317112
172.497628084	0.0350467503135
212.515030466	0.0222974287789
236.772390026	0.0169832461575
205.484933451	0.0241139468263
221.341457687	0.0201949363288
193.888070841	0.0275088763368
213.928327239	0.0219563446699
228.24202048	0.0186610399311
207.127084876	0.0237367497588
216.969541303	0.0212328477562
203.604439002	0.0246747928811
245.409497572	0.0154012461009
214.599531094	0.0217889189377
202.175098907	0.025017476696
232.853250382	0.0177602284209
206.688247033	0.0238081231309
225.266581667	0.0193117775602
214.931382274	0.0216807329499
210.36073449	0.022882196364
226.991771569	0.0189199982168
237.218697285	0.0168763086312
219.143497231	0.0206845682429
197.913027109	0.0263238406095
239.693711601	0.0164060163914
223.322293034	0.0197071592181
202.740229863	0.024864296293
234.396689466	0.0174463857562
235.392046023	0.0172436031888
234.739242427	0.0173286998088
229.776187564	0.0183287838773
204.822339985	0.0243488485697
229.219102445	0.0184444711075
241.621936479	0.0160793856233
212.648538923	0.0222328641548
219.163294434	0.0207121142424
224.855600067	0.0194472951168
240.340154701	0.0162992487172
247.604604237	0.015053511671
245.161611431	0.0154384138761
229.631898887	0.0183790569799
239.424725558	0.0164820149052
200.638919062	0.0255166333231
217.964916825	0.020978589907
198.602632406	0.0261048403453
214.679454032	0.021752391968
233.090453273	0.0177105389312
219.414178299	0.0206730220147
221.977896371	0.0200487149876
243.63891411	0.0157093653507
235.744176198	0.0171873494666
226.905908476	0.0190040899395
193.177423214	0.0276662281763
225.37676287	0.0192520193493
220.793567948	0.0203337406591
216.850910546	0.0212960048193
213.433001179	0.0220757498251
238.45585209	0.0166616958781
240.062306634	0.0163644307385
213.859472853	0.0219542706464
237.757327971	0.0167611862515
223.934869205	0.0195777507263
212.306012697	0.0223767290745
234.768757437	0.0173809041522
204.160624049	0.0245061296314
224.897003053	0.0193592565642
206.954100537	0.0237588068756
229.56541748	0.0183989022889
246.229053107	0.015293334124
229.954157327	0.0183057982212
246.679991529	0.0152100472114
244.916824213	0.0154542533565
219.065864788	0.0207340934178
241.915572414	0.0160041917597
219.01927618	0.0207168190822
235.883275463	0.0171137368576
222.362653312	0.0199206168428
218.230929092	0.0208691960578
236.730661124	0.0169924733517
243.083679758	0.0158116505733
243.688705278	0.0156934820371
225.490105017	0.0192329632334
222.844140159	0.0198410227638
237.31969397	0.0168383189131
221.394098638	0.0201633781709
238.697349703	0.0165927060051
234.215285988	0.0174843366633
227.607492621	0.0187915976547
247.280598638	0.0150993826911
240.516412388	0.0162527776786
230.177363919	0.018288989395
234.763986706	0.017344038495
248.082438973	0.0149458779008
213.493022805	0.0220435741922
216.231291169	0.0214077900784
241.548482426	0.0160514694204
231.278338822	0.0180378956193
238.595801578	0.0166041789692
241.353832372	0.0161334740444
217.443612338	0.0210774182484
246.593686084	0.0151922125216
240.838523574	0.0161959180208
223.747539741	0.0196603227498
226.682820373	0.0189690797888
237.061865456	0.0169287527809
246.863372752	0.0151253400507
219.435778874	0.0206328843897
247.410354531	0.0150313594005
236.054378414	0.0171129715252
228.939631887	0.0185240229244
225.728794485	0.019241982282
228.927928281	0.0185122955291
238.766003557	0.0166204724867
239.093695599	0.0165357262413
216.471756891	0.0213491212956
248.649869688	0.0148624019029
245.423308559	0.0154090787711
227.939712979	0.0187193633045
246.101271286	0.0152966289043
230.191691983	0.0182372479237
230.448472561	0.0182440939931
240.462987917	0.0162487429815
226.465065242	0.0190080405734
240.453441709	0.0162563137713
232.321084135	0.0178640804148
246.603013194	0.0151994873113
245.113321451	0.0154470020497
234.706076253	0.0173443707214
242.984754933	0.0158525107114
226.518310466	0.0190113976237
247.457673931	0.0150710996983
249.570672734	0.0146685652855
228.011015066	0.0187327206397
232.002813746	0.0178645333108
248.891734641	0.0148200567569
226.197404809	0.0190932635973
247.659855658	0.0150479147369
230.106241511	0.018252616336
236.600822121	0.0170324525507
241.7300123	0.0160320924818
244.831366444	0.0154906139717
239.672345386	0.0163955422802
237.210902247	0.0168888021685
246.602538364	0.0151741309145
250.626207525	0.0145442440847
241.12166815	0.0161285802165
230.322846922	0.0182404737856
241.396502717	0.0160912519039
223.343284856	0.0196937880617
246.660597103	0.0151624412175
246.919620349	0.0151501746802
226.372533367	0.0190627075412
245.811077986	0.0153180335943
241.508543643	0.0160645746973
239.644181388	0.0164493849778
245.258748439	0.0154285443038
230.606286273	0.0181428894786
241.760567578	0.0160179108895
245.266630467	0.015429625876
236.436638052	0.0170171822284
225.032865482	0.0193664900774
240.006833317	0.0163394356256
247.991007498	0.0149752447082
249.210938127	0.0147282964117
236.003153803	0.0171183776543
230.322677519	0.0182258244884
243.778735959	0.015726541376
233.387517158	0.0176085848467
243.557519225	0.0156987480513
243.577118853	0.0156941986391
236.512506195	0.0170456587985
243.879803001	0.0156663379544
236.78778496	0.0169611776648
241.932578916	0.0159848611861
249.400061064	0.0147613071683
232.236888657	0.0178383904164
241.121801957	0.016144570133
250.020436048	0.0146204667735
229.048697159	0.0184894559259
248.937462107	0.0147938622064
235.512216011	0.0171795800085
233.565402754	0.0175508008628
247.459091892	0.0150620561045
242.85708567	0.0158296722708
240.67706349	0.0162362590383
250.149568425	0.0145865352181
235.933974654	0.0171112873193
251.992933111	0.0142746965114
250.397012358	0.0145645042775
249.803345274	0.0146472751537
251.655816394	0.0143646867254
250.626886513	0.0145043121412
232.696033392	0.0177736972507
248.397693034	0.014896103017
241.128203226	0.0161528259838
251.019642227	0.014455540865
244.29651108	0.0155847518851
251.203250204	0.0144166103836
251.352850906	0.0143989469203
251.280962642	0.0143831402812
238.128381479	0.0166620647957
244.321188471	0.0155739761358
251.979318933	0.0142774225125
239.228650665	0.0164836311622
251.885883567	0.0143119884899
251.628499745	0.014370414031
252.473277318	0.014231946625
243.251338577	0.0157389889424
240.818328363	0.0162160881128
252.649976657	0.014178257181
234.790773625	0.0173335239167
247.524689586	0.0150201069847
252.161879074	0.0142887400583
247.373904355	0.0150366070868
249.26643227	0.0147193913908
238.253211881	0.0166578841005
233.391487584	0.0175951709485
244.303803578	0.015568785155
243.089529919	0.0158069754457
252.969273469	0.0141602424052
252.102540049	0.014248187743
245.361812949	0.0153600663945
247.402503439	0.0150534508771
243.484282968	0.0157124662199
252.213673649	0.0142649909856
250.109610601	0.0145775873389
252.586949402	0.0142141622497
245.570030861	0.0153667737123
248.798941141	0.014808275228
239.288862688	0.0164780755254
244.543998341	0.0155334137985
254.175971245	0.0139584684231
251.355471095	0.0143793547503
241.887051049	0.0159721501863
252.959565099	0.0141173148172
244.116756208	0.0156006341456
246.095129285	0.0152318709147
252.322527125	0.0142296014762
248.465396759	0.0148436104848
251.371486549	0.0143929157795
247.221787847	0.0150640218498
248.354342571	0.0148935215202
245.10602343	0.0154153518572
243.437190758	0.0157037473363
251.631034349	0.0143137524724
239.885376359	0.0163704501491
245.642979582	0.0153645555047
238.968123803	0.0165620378363
252.720611645	0.0141690163139
254.323146602	0.0139179275598
242.58781484	0.0158546515494
253.641141186	0.0140001812026
253.125038903	0.0140854164354
244.82451098	0.0155177927489
244.934261599	0.0154411358679
240.482248112	0.0162240573664
238.991766397	0.0164981937784
252.090110065	0.0142591096002
251.943178254	0.0142755432432
240.126720065	0.0162878014461
248.674449453	0.0147976410224
253.146397589	0.0141271616493
237.852156355	0.0167088061064
254.208031411	0.0139347667559
253.463010003	0.0140567545276
242.136288638	0.0159452020988
253.910172526	0.0139962163835
253.625438862	0.0139999161743
251.668948837	0.0143247494921
241.094426508	0.0161431985101
249.802244683	0.0146255351831
246.785800676	0.0151268730054
240.121242873	0.0163265019348
253.000449321	0.0141253967834
238.895684314	0.0165054785816
253.251615147	0.0140598475261
252.090755594	0.0142581534247
250.425245844	0.0145406368837
248.549059919	0.014806851401
252.747348262	0.0141584978197
250.882002895	0.0144492930009
242.791819698	0.0158398023867
254.749852407	0.0138206648478
252.852520436	0.0141578609844
240.219385872	0.0162997593429
255.919997795	0.0136336486094
246.105729434	0.0152179066752
255.23800506	0.0137959239473
251.392820766	0.0143598008853
247.36250553	0.0150198987171
253.106743803	0.0140807217158
255.441597631	0.0137554089533
253.593111121	0.0139977225359
248.328853776	0.0148538880232
253.499414048	0.014023031203
255.394465592	0.0137632242428
242.707609692	0.0158508261326
255.180797072	0.0137846518833
247.406949627	0.0150008033169
254.698585943	0.0138369149124
251.661154221	0.0143228331812
256.301974445	0.0135925648707
246.381731377	0.0151937361196
253.351523845	0.0140707000739
247.286205813	0.0150297453658
253.123541314	0.0140942889622
253.060353163	0.0140950042388
254.802329591	0.0138170630831
248.162431719	0.0148985465888
252.761527968	0.0142025810483
252.471076062	0.0141811931355
251.208802146	0.014378871387
244.107536463	0.0155664671043
254.793523756	0.0138584688523
245.580054004	0.0153161915466
254.013552062	0.0139354660762
241.884484601	0.0159636588711
254.573022165	0.0138996461049
244.411136837	0.0155203305927
245.386509544	0.0153594822052
254.175512264	0.0138798044505
254.171771431	0.0139932153911
253.693863456	0.0139670111357
239.453254223	0.0164094151239
253.157803752	0.0140508205699
255.269426498	0.0137864698981
252.808555641	0.0141320722359
254.705108386	0.0138311952052
249.773154364	0.0146174441767
250.424177009	0.0145372832828
250.915107705	0.0144201195762
248.48006078	0.014843808669
249.732423523	0.0146204234828
255.683392195	0.0137115475238
252.130351091	0.0142265409289
253.16933661	0.0141054652375
247.487488673	0.0150052860602
252.38558196	0.0142326328151
251.281176084	0.0143697253382
248.876930231	0.0148196779505
251.367663772	0.0143444408439
255.888177979	0.0136263424755
252.4280203	0.0141464898512
254.985846133	0.0138360099204
244.083821586	0.0155766221912
249.187538341	0.0147277014237
253.150589727	0.0140416538073
252.297575474	0.0142779254214
252.369420779	0.0141822860025
246.484914894	0.01517203393
249.40460798	0.014670307474
249.20930379	0.0147425716399
248.631676637	0.0148201771431
255.650973501	0.0137056594605
252.840550133	0.0140946856052
258.711129721	0.0132574051166
246.011296891	0.0152551003074
252.62560831	0.0141936902005
251.485550307	0.0143330777399
253.694919886	0.0139909226044
247.314134914	0.0150447720762
254.676442869	0.0138985319911
252.718648983	0.0141048321387
256.228780231	0.0136159040137
243.112137266	0.0157614359934
248.220815932	0.0149537410085
252.399236322	0.0141939533049
252.327593823	0.0142445441838
251.411403017	0.0143229580586
250.482813449	0.0145308871706
248.919537963	0.0147440304526
253.981577331	0.0140274196217
251.808919946	0.0143056850959
246.247123493	0.0152213045134
248.199027524	0.0148643840166
255.980250402	0.0136192384332
245.513124816	0.0153236032448
253.612917476	0.0140703407403
251.706445758	0.014307024837
256.799728957	0.0135164371411
246.378318108	0.0152107217906
249.250393459	0.0147648257639
246.874966426	0.0151147770981
250.956184619	0.0144513632557
249.849574133	0.0145872629878
256.763030926	0.0135312902284
247.464127344	0.014997699284
251.748201763	0.0143227010725
252.934202044	0.0140823719259
250.918667796	0.0144242759049
253.060669729	0.0140716554089
247.791953151	0.0149369115746
248.90499483	0.0148012127373
254.895584032	0.0138183573661
254.452122444	0.0138585300978
254.952536624	0.0138119697651
255.446939205	0.0136941944332
255.094480837	0.0137988684507
254.154235294	0.0139457311929
254.937949894	0.013808228106
253.2422715	0.0140895737393
247.651924342	0.0149947495798
253.155788094	0.0140555140724
251.885509638	0.0142681827502
252.7433259	0.0141745506978
252.362604295	0.0142112303288
253.568209931	0.0140367749735
253.594272048	0.0139801765844
253.552462346	0.0139996532034
254.395719325	0.0138569982235
254.065019236	0.013956536288
249.878361185	0.0146188440468
254.502393882	0.0138457654978
251.707459257	0.0143447605583
251.640768058	0.0143351090146
248.383484365	0.0148775635292
254.413592575	0.0138815222265
253.776479814	0.0139627671184
253.501818603	0.0140080256924
249.290367853	0.0146815719639
254.056807569	0.0139122564552
252.761792681	0.0141659243701
252.222911982	0.0142098034523
254.307367485	0.01388214065
252.584125478	0.0141993740049
252.811026348	0.0141686632709
250.847669089	0.0144724970805
252.154082478	0.0142607462775
254.355839996	0.0139139390925
250.332529176	0.0145724296845
254.585787345	0.0138903012224
255.303013705	0.0137969873529
254.170298334	0.0139446198163
257.078402502	0.0134733359504
255.759892902	0.0136734151423
257.407730466	0.0134236373242
254.57617146	0.0138586691388
256.287943821	0.0136175703518
256.89921666	0.0135300118807
253.375950103	0.0140628268191
253.125851527	0.014112925305
254.467670858	0.0139038769918
257.885066681	0.0134006928391
251.621659149	0.0143428304497
255.926718498	0.01365374312
252.384847266	0.0142256690023
255.567089038	0.013731183676
249.598099213	0.0146756003206
255.489052247	0.0137393003645
256.301176587	0.0135864914446
256.811830262	0.0135512216487
256.849968458	0.0135021927299
252.55990767	0.0141793514153
256.60792922	0.013575369352
254.151054592	0.0139418290593
256.426324169	0.0135623673389
255.094762831	0.0138062786114
257.56008761	0.0134284036214
257.20243416	0.0134611419846
255.514619972	0.0137417343871
255.138060043	0.0137882567707
253.405229599	0.014065963361
253.606502972	0.0140235908396
257.770365411	0.0133761880214
257.651375815	0.0133819865807
258.296027129	0.0133084064026
258.274674243	0.0133023382328
256.734507021	0.0135684048005
256.322075001	0.0136045300183
255.91339082	0.0136795484087
259.568070778	0.0131249049557
255.001465857	0.013810020486
259.989199911	0.0130782698645
259.935428727	0.0130816850606
260.377241274	0.0130240219383
259.938666982	0.0130520613536
260.28514709	0.013007678205
258.601530534	0.0132587889281
260.539499109	0.0129764039619
259.546360089	0.0131028992469
259.617145663	0.0131144566998
257.007209654	0.0135149599381
260.932137829	0.0129445671796
259.46778162	0.013117042183
260.656310831	0.0129465594075
257.513230895	0.0134196631638
258.610941424	0.0132785364257
260.316457739	0.0129986853667
256.056465759	0.0136435293987
260.587488248	0.012977592777
259.126465046	0.0131948240967
258.024880521	0.013351378221
260.264962355	0.0130354063443
261.594443086	0.0128157481626
260.986870945	0.0129044085722
258.007181792	0.0133500191513
259.475131274	0.013111703966
260.437364405	0.0129930049
260.370572049	0.0129970013021
261.989820837	0.0127540769011
258.61334232	0.013261026366
261.094382303	0.0129168694006
260.024729297	0.0130581765109
261.258462755	0.0128801985909
261.175149024	0.0128930765753
261.621723154	0.0128200407435
261.40320493	0.0128426068243
259.657773087	0.0131098871358
261.11639909	0.01287814212
263.111628302	0.0126009253143
260.8395809	0.012918741168
262.771969933	0.0126773792205
263.16077057	0.0125950115658
260.483158852	0.0130008848702
262.127793934	0.0127538613644
262.146842793	0.0127353848752
262.940374273	0.012619096145
259.331089717	0.0131560150471
261.463286475	0.0128427783041
261.315463662	0.0128526387366
262.408609072	0.0127019791472
258.861391075	0.0132317339854
262.511612458	0.012710418751
260.102557249	0.0130572692664
262.757321295	0.0126798428967
262.131947571	0.0127379794776
262.352899999	0.0127064560709
258.912662132	0.0132158185005
260.610322406	0.0129747476339
261.991091336	0.0127849963334
261.962474144	0.0127765940457
260.402508066	0.0130137278761
262.759643749	0.0126849589084
260.075466222	0.013054107032
263.1116087	0.0126043152014
261.146608337	0.0128882353865
263.188748361	0.0126004482999
261.869229312	0.0127859290368
262.041177465	0.0127650525862
260.042941012	0.0130515548359
261.592278622	0.012831478183
262.993541482	0.0126427085612
263.955425415	0.0124829889117
261.370916531	0.0128605743651
264.521582663	0.0124358282192
260.627598759	0.0129706051437
263.725530579	0.0125190267725
263.02878955	0.012609141723
263.743559912	0.0125362778156
264.407592503	0.0124302591578
261.583940148	0.012833033581
262.306980421	0.0127424549578
264.057107349	0.0124868981342
262.377068187	0.0127291004499
264.013681831	0.012498605308
263.768584186	0.0125095321141
263.51211499	0.0125619156901
261.964124786	0.0127815215598
262.086591512	0.0127684489034
262.260065449	0.0127354395746
264.655553041	0.0124092301571
262.119474728	0.0127492639333
264.511970482	0.0124472176808
264.58934929	0.0123999425763
263.377701023	0.0125816351037
263.967628848	0.012508791545
263.429658171	0.0125875966316
264.768315426	0.0123988417672
263.26242403	0.0126088679255
264.586381545	0.0124329754957
264.587746604	0.0124300531419
263.984489086	0.0125161632877
263.848210383	0.0125380664761
263.861884012	0.0125367232507
264.238485767	0.0124788534119
263.413107632	0.0126058040298
263.229908555	0.0126282187309
262.88651199	0.01267948502
262.159126594	0.0127865856135
261.403391885	0.0129061265033
259.077023617	0.0132424041124
261.787398058	0.0128334891485
260.330256292	0.0130543008001
260.535456716	0.0130191887527
259.663148944	0.0131554679304
259.804704192	0.0131336338985
259.435978371	0.0131873836471
259.232377383	0.0132150730168
260.157480065	0.0130700101703
260.814235414	0.0129727570898
258.54765278	0.013314894164
260.643778486	0.0129954570455
259.695267125	0.0131545214285
258.251335186	0.0133628810575
257.893144651	0.0134163226592
259.664390943	0.0131556710072
258.701108163	0.0132969822133
257.591951544	0.0134606335728
260.46403957	0.0130308416127
260.742153798	0.0129944870218
258.841221108	0.0132297262103
258.458608098	0.0132988261375
257.445911393	0.0134307986606
257.817060981	0.0133899777796
257.734097535	0.0133735005173
259.158745989	0.0132217947269
257.603868599	0.0133871268012
260.098216594	0.0130801218824
257.22559673	0.0134684030959
260.165728944	0.0130773140437
258.011977333	0.0133651536154
260.950619247	0.0129770504709
261.484701741	0.0128348673804
259.563069599	0.0131553008045
261.743755958	0.0127925734116
260.347711848	0.0130388249838
262.148752423	0.0127725177486
258.435992243	0.013290798118
260.6016689	0.012972523458
260.673773408	0.0130027198096
260.091362831	0.0130872926674
261.661853406	0.0128036659884
262.577838268	0.0127084181514
263.009786197	0.0126215619042
260.011825777	0.0130529148638
262.866642549	0.0126337038439
260.26983118	0.013059368192
260.427634038	0.0130019494244
259.960215217	0.0130925967235
264.002495284	0.0124884258693
258.029309193	0.0133649617062
261.90381169	0.0127832320416
260.84813501	0.0129862961898
260.438059193	0.0130222279322
260.094743661	0.0130900132232
263.17721295	0.0126089951809
258.545643877	0.0132907463192
260.297163127	0.0130220851561
264.694442104	0.0124210986878
262.582533486	0.0127001033818
258.719522218	0.0132490708825
260.142169193	0.0130381603085
259.607290773	0.013136094254
261.148959718	0.012906712228
264.447927634	0.0124727119084
261.63894927	0.0128120788667
263.700727627	0.0125511728006
263.472013756	0.0125551633269
259.298400504	0.0131600356608
260.466599439	0.0129998053061
263.443178892	0.0126037161752
263.414713292	0.0125877674781
263.793282745	0.0125518098941
262.700664572	0.0126826176902
262.614478123	0.0127172316471
263.378058318	0.0125832221083
264.647345169	0.0124458811303
264.033787777	0.0125173885932
264.006592053	0.0125065105193
264.586287192	0.0124424126547
264.718283989	0.0123985807239
263.097590194	0.0126267341901
262.566057297	0.0126893118973
263.920903533	0.0125267875079
263.291121868	0.0126216956946
263.759011461	0.0125473968733
264.947266283	0.0123979991546
264.126675092	0.0125159017539
264.074311544	0.0125204563567
263.656704772	0.0125638723396
263.635834936	0.0125729407533
263.398096828	0.0125998808677
263.228466495	0.012635210793
263.807760644	0.0125414186063
264.520719234	0.0124424910863
263.535815406	0.0125745588308
263.957305455	0.012533105044
263.767345826	0.0125641858148
264.125356872	0.0125131780677
264.011604601	0.0125290643569
264.366578556	0.0124764861336
264.520146076	0.0124372896601
263.952380254	0.0125154150497
264.728101375	0.0124006038821
264.246391021	0.0124804305098
264.223716905	0.0124844907143
264.137878902	0.0125074723853
264.449666635	0.0124551320643
263.864256155	0.0125301457829
264.461662015	0.0124463882656
264.551987016	0.0124437997784
264.54619119	0.0124415127255
264.195164005	0.0124859255331
263.835844589	0.0125530225171
264.43382842	0.0124705432799
264.435113703	0.0124709225583
264.565192733	0.0124471516948
263.437482547	0.0126074331048
264.826810978	0.0124022238844
264.885680783	0.0124014471012
263.811663451	0.0125548113538
264.100674594	0.0125131827571
264.531541725	0.0124387331648
264.78977423	0.0124188606618
264.007733256	0.0125278760321
265.313611383	0.0123407209499
264.815745672	0.0124029853303
264.77050786	0.0124025117773
265.100020568	0.0123762524167
265.377380163	0.0123243600906
265.35329685	0.0123353766126
265.147479552	0.0123711630772
265.068091711	0.0123689820682
265.223551613	0.0123574918278
265.105440215	0.0123631749316
265.495993392	0.0123135598869
264.556818325	0.0124545404975
264.518335014	0.0124559110401
265.416455173	0.0123319709568
265.137745762	0.012356875466
265.220190743	0.0123450907484
265.439542709	0.0123269232381
264.557575199	0.0124545327891
265.51052596	0.0123082931154
265.496605298	0.0123104361531
265.319706849	0.0123345207013
264.967416721	0.0123991997384
265.291678363	0.0123397784751
265.551971981	0.0123085380973
265.408452987	0.01232261248
264.887631518	0.0124097046333
265.568034818	0.0123122243863
265.050913471	0.0123722503418
265.628189467	0.01229682287
265.046164318	0.0123880241859
265.436581975	0.0123250155835
264.876583518	0.0124124407474
264.8526638	0.0124176572728
265.259838297	0.0123464407606
264.696470192	0.0124398536783
265.062948892	0.0123735224102
265.325705353	0.0123449803124
264.822711532	0.0124218519065
264.617785896	0.0124504658627
265.244703213	0.012349073745
265.243015743	0.0123513197182
265.05959879	0.0123728608963
264.422041791	0.0124758741384
264.935904823	0.0124043271633
264.98750968	0.0123972349878
264.994330011	0.0123859736993
265.124810469	0.0123738581117
265.158852774	0.0123687437329
265.054977709	0.0123833243898
264.590150773	0.0124570825113
264.526749686	0.0124517086728
264.905254524	0.0124100326094
264.732642366	0.0124322519875
264.985360745	0.0123911793354
264.592674747	0.0124539526597
264.602204398	0.0124421459322
264.748699946	0.0124233141228
264.890704807	0.0124044903925
264.624302676	0.0124487340874
264.218512448	0.0125087880346
264.767514885	0.0124234967331
264.321072167	0.0124924160847
264.118029467	0.0125227969037
264.262774125	0.0125038448215
264.587984078	0.0124454968508
265.034295644	0.0123885335346
264.7183176	0.0124248345622
264.72273444	0.0124373678225
265.079445318	0.0123814786683
265.175797625	0.0123697524377
264.730113505	0.0124376355751
265.047452033	0.0123813582374
264.695947231	0.0124442164464
264.597898325	0.0124573553765
265.25430596	0.0123607784244
265.19506501	0.0123634006826
265.593203633	0.012310437484
265.340822356	0.012346368147
265.591169221	0.0123064880541
265.397206786	0.012338752129
265.334149928	0.0123415057449
265.173098436	0.012354420053
264.940197781	0.0123945792633
265.255309325	0.0123502694492
265.09080814	0.0123691490625
265.335495314	0.0123149199339
265.03249142	0.0123595455374
265.686043944	0.0122684592756
265.266075314	0.0123206311903
265.623318053	0.0122760876881
265.44445367	0.0123088760506
265.539234406	0.0122869941346
265.205366332	0.0123341970131
265.218226369	0.0123310581489
265.543501964	0.0122863344572
265.412379678	0.0123033292116
265.636583874	0.0122814520244
265.44117628	0.0123104883593
265.533004897	0.0122890488328
265.301462996	0.0123205079304
265.646793765	0.0122790373272
265.639691546	0.012280597871
265.470553734	0.0122988424128
265.673504229	0.0122703330459
265.887759859	0.0122430020068
265.812126201	0.0122531701114
265.913964366	0.0122419664067
265.585190446	0.0122872313039
265.499217563	0.0123107368462
265.387940626	0.0123243895803
265.698114045	0.0122736726671
265.761735266	0.0122605962908
265.819497253	0.0122497385596
265.656755404	0.0122698865453
265.811724128	0.0122555106665
265.510455575	0.0122931794416
265.959071194	0.0122342148833
265.610877098	0.0122844344097
265.987347401	0.0122355081961
265.644587631	0.0122798184744
265.866428388	0.0122462101836
265.713995347	0.0122635509383
266.046064015	0.0122256310635
265.865513271	0.0122452330664
266.049530468	0.0122228648385
265.850081319	0.0122440848716
266.039054303	0.0122224361584
265.925410579	0.0122354320627
265.985426053	0.0122294055917
265.868558351	0.0122469145615
266.124327145	0.012213533653
265.894117444	0.0122426884074
265.932781535	0.0122355484502
265.818420574	0.012246671437
266.050518704	0.0122180723022
265.948926537	0.0122302280301
266.188534578	0.0122048556767
265.868726414	0.0122409040375
266.052734132	0.0122190116936
265.78682312	0.0122528242663
265.968464344	0.0122304157448
265.75419875	0.0122585073907
265.818856972	0.0122538797661
265.901029564	0.0122372051847
266.016000386	0.0122231450378
265.787011884	0.0122526356194
266.094688869	0.0122134736392
265.974461636	0.0122298952063
266.154699275	0.012209327992
265.964698542	0.0122321309763
266.136537167	0.0122099245728
265.818015911	0.0122486091802
266.159543321	0.0122070091465
265.920326626	0.0122341225887
266.067231208	0.012215079416
266.032010643	0.0122220336835
266.113564856	0.012209639578
266.02728705	0.0122225327052
266.19989763	0.0121989366707
265.951680494	0.0122297783299
267.642022013	0.0120019613147
268.919364939	0.0118330469215
270.038300225	0.0116865925211
271.251099154	0.0115316755025
272.445843426	0.0113786195867
273.684161604	0.0112145919078
275.136161071	0.0110316825438
276.499922293	0.0108644238738
277.221453482	0.0107718164824
277.887442188	0.010691290097
278.751695699	0.0105902778419
279.259309964	0.0105337101372
280.049459818	0.0104440127498
280.641590821	0.0103748105485
281.16405777	0.010308560319
281.8743324	0.0102281748428
282.711193645	0.010137957866
283.118854414	0.0100964155294
283.772801492	0.0100228374117
284.73409091	0.00991238620668
285.101964083	0.00987482918675
285.671055123	0.00981395625222
286.038688674	0.00976642169342
286.764878266	0.00969167802251
287.011496845	0.00966645336979
287.502107281	0.00961377360912
287.589598298	0.009607710846
287.62317404	0.00959959014429
287.42121763	0.00961805421669
287.619982055	0.00959979591728
287.446052504	0.0096229704064
287.092435998	0.00965492575808
286.749899144	0.00969503283038
286.389470271	0.00973401052217
285.735998518	0.00980797807116
285.148867548	0.00987095419284
284.23858892	0.00997263012926
283.343593319	0.0100717698787
282.435051413	0.0101761684581
281.659211112	0.0102678758457
280.722441494	0.0103749144801
279.814310318	0.0104819681186
278.816169133	0.0105980275716
277.975503972	0.0106993760371
277.057283669	0.0108102060168
276.156036939	0.010917930626
275.203313016	0.0110329912105
274.592569552	0.0111107942841
273.930432648	0.0111939437521
273.367413597	0.0112629477634
272.807987999	0.0113303783353
272.574394615	0.0113608499205
272.584020646	0.0113596291556
287.502974379	0.00961116992805