100	-0.04541	0.0	0.999969108717	3.08912832873e-05	0.0
104	-0.03382	3.50055066467e-55	0.601779568562	0.398102747878	0.000117683560127
105	-0.03781	0.0	0.0	1.0	0.0
107	-0.03925	0.0	0.0	1.0	0.0
11	-0.09887	1.0	0.0	0.0	0.0
113	-0.04585	1.0	0.0	0.0	0.0
114	-0.006712	0.0	0.0	1.0	0.0
115	0.006446	1.0	0.0	0.0	0.0
116	0.04619	0.0	0.999272458386	0.000727541614255	0.0
117	0.03856	0.0	1.0	0.0	1.55553393884e-200
118	0.06615	0.0	1.0	0.0	0.0
119	0.09755	0.0	0.0	0.0	1.0
121	0.1054	0.0	0.0	0.0	1.0
125	0.1873	0.0	0.0	0.0	1.0
126	0.4865	0.0	1.0	0.0	0.0
127	0.6305	0.0	0.0	0.0	1.0
128	2.29	0.0	0.0188259209064	0.0	0.981174079094
165	-0.0876	0.0	1.0	0.0	0.0
166	-0.1117	0.0	0.999994110835	0.0	5.88916460732e-06
167	-0.161	0.0	1.0	0.0	0.0
168	-0.1219	0.0	0.0	0.0	1.0
17	-0.1304	1.0	0.0	0.0	0.0
170	-0.1092	0.0	0.0	1.0	0.0
172	-0.07835	0.0	1.0	0.0	0.0
175	-0.09597	0.0	1.0	0.0	0.0
176	-0.06303	0.0	0.0	1.0	0.0
178	-0.06499	0.0	0.0	1.0	0.0
189	-0.02578	0.0	0.0	1.0	0.0
190	-0.02319	0.471470818053	0.0	0.528529181947	0.0
191	-0.02518	0.0	0.0	1.0	0.0
192	-0.02172	0.0	0.0	1.0	0.0
193	-0.02638	1.0	0.0	1.3546798528e-147	0.0
194	-0.009188	0.982960683946	0.0	0.0170393160539	0.0
195	-0.007713	1.0	0.0	0.0	0.0
196	0.01699	1.0	0.0	0.0	0.0
197	0.02174	0.00117140298936	0.0	0.998828597011	0.0
198	0.0555	1.0	0.0	1.21107447991e-20	0.0
199	0.07283	1.0	0.0	0.0	0.0
200	0.1033	0.0	0.0	1.0	0.0
201	0.07242	1.0	0.0	0.0	0.0
202	0.02528	0.563434883951	0.0	0.436565116049	0.0
206	-0.005159	0.864496982141	0.0	0.135503017859	0.0
207	0.001634	1.0	0.0	0.0	0.0
208	-0.01647	0.000434792295687	0.0	0.999565207704	0.0
211	-0.0178	0.0	0.0	1.0	0.0
23	-0.08897	0.463039787072	0.0	0.536960212928	0.0
24	-0.07786	0.0	0.0	1.0	0.0
25	-0.08464	1.0	0.0	0.0	0.0
26	-0.08746	0.0	0.0	1.0	0.0
39	-0.07705	0.0	1.0	0.0	0.0
40	-0.0606	0.0	0.00588804542202	0.0	0.994111954578
41	-0.03929	0.0	1.0	0.0	0.0
42	-0.01421	0.0	0.952825424524	0.0	0.0471745754762
43	-0.02642	0.0	1.0	0.0	0.0
45	-0.03719	0.0	0.507803603982	0.0	0.492196396018
46	-0.04107	0.0	1.0	0.0	1.04966892876e-30
47	-0.02072	0.0	0.0	0.0	1.0
48	-0.02611	0.0	0.566817167151	0.0	0.433182832849
49	-0.0425	0.0	1.0	0.0	0.0
53	-0.06049	0.0	0.0	0.0	1.0
54	-0.03842	0.0	0.537452492721	0.0	0.462547507279
6	-0.06762	0.0	0.0	1.0	0.0
61	-0.05992	0.0	1.0	0.0	0.0
62	-0.05218	0.0	3.10070764969e-18	0.0	1.0
63	-0.05196	0.0	0.0	0.0	1.0
64	-0.06427	0.0	0.0	0.0	1.0
65	-0.05946	0.0	1.0	0.0	0.0
66	-0.0562	0.0	1.0	0.0	0.0
67	-0.06026	0.0	0.0	0.0	1.0
68	-0.06534	0.0	1.0	0.0	0.0
69	-0.05589	0.0	1.0	0.0	0.0
7	-0.08718	0.0	1.0	0.0	0.0
70	-0.05351	0.0	0.0	0.0	1.0
72	-0.05803	0.0	0.0	0.0	1.0
73	-0.05156	0.0	0.0	0.0	1.0
74	-0.05241	0.0	0.733036056431	0.0	0.266963943569
76	-0.05632	0.0	0.438820483741	0.0	0.561179516259
79	-0.05191	0.0	0.0	1.0	0.0
80	-0.05208	0.797499231873	0.0	0.202500768127	0.0
84	-0.1213	0.0	0.0	1.0	0.0
86	-0.1034	0.0	1.0	0.0	0.0
90	-0.0608	0.0	1.0	0.0	0.0
91	-0.05927	0.0	0.0	0.67424100578	0.32575899422
92	-0.06694	0.0	0.0505602542368	0.0	0.949439745763
94	-0.05068	0.0	0.999999994874	5.1261225717e-09	0.0
95	-0.05167	0.0	0.99982772598	0.0	0.000172274020257
97	-0.04659	0.0	0.321287053666	0.678712946334	0.0
98	-0.04218	0.0	0.998354135087	6.74670038262e-12	0.00164586490637
99	-0.04469	0.0	0.00244425607712	0.997555743923	0.0