100	-0.04441	0.0	0.972500122177	0.0274998778231	0.0
104	-0.03335	4.99818779312e-139	0.658619575319	0.341296794492	8.36301881187e-05
105	-0.03733	0.0	0.0	1.0	0.0
107	-0.03876	0.0	0.0	1.0	0.0
11	-0.09975	1.0	0.0	0.0	0.0
113	-0.04508	1.0	0.0	0.0	0.0
114	-0.004854	0.0	0.0	1.0	0.0
115	0.01179	1.0	0.0	9.60035509465e-54	0.0
116	0.05023	0.0	0.962643070072	0.0373569299278	0.0
117	0.02832	0.0	1.0	0.0	3.31496125862e-133
118	0.05992	0.0	1.0	0.0	0.0
119	0.08903	0.0	0.00254646074858	0.0	0.997453539251
121	0.09638	0.0	0.0	0.0	1.0
125	0.1803	0.0	0.0	0.0	1.0
126	0.4929	0.0	1.0	0.0	0.0
127	0.6313	0.0	0.0	0.0	1.0
128	2.29	0.0	0.00587333429777	0.0	0.994126665702
165	-0.09804	0.0	1.0	0.0	0.0
166	-0.1089	0.0	0.988386800199	0.0	0.0116131998006
167	-0.1498	0.0	1.0	0.0	0.0
168	-0.1209	0.0	0.0	0.0	1.0
17	-0.1332	1.0	0.0	0.0	0.0
170	-0.1047	0.0	0.0	1.0	0.0
172	-0.07893	0.0	1.0	0.0	0.0
175	-0.09294	0.0	1.0	0.0	0.0
176	-0.06251	0.0	0.0	1.0	0.0
178	-0.06462	0.0	0.0	1.0	0.0
189	-0.02472	0.0	0.0	1.0	0.0
190	-0.02234	0.355136991236	0.0	0.644863008764	0.0
191	-0.0244	0.0	0.0	1.0	0.0
192	-0.02098	0.0	0.0	1.0	0.0
193	-0.02569	0.999999999876	0.0	1.24324389966e-10	0.0
194	-0.008492	0.972129917824	0.0	0.0278700821765	0.0
195	-0.007178	1.0	0.0	0.0	0.0
196	0.01762	1.0	0.0	0.0	0.0
197	0.02203	0.00437613968138	0.0	0.995623860319	0.0
198	0.05638	0.999993466473	0.0	6.53352689372e-06	0.0
199	0.07345	1.0	0.0	0.0	0.0
200	0.1054	0.0	0.0	1.0	0.0
201	0.07003	1.0	0.0	0.0	0.0
202	0.02268	0.485865826847	0.0	0.514134173153	0.0
206	-0.006393	0.802408100134	0.0	0.197591899866	0.0
207	0.001014	1.0	0.0	0.0	0.0
208	-0.01753	0.043740837664	0.0	0.956259162336	0.0
211	-0.01825	1.78169762545e-177	0.0	1.0	0.0
23	-0.09167	0.554552204809	0.0	0.445447795191	0.0
24	-0.08009	0.0	0.0	1.0	0.0
25	-0.08659	1.0	0.0	0.0	0.0
26	-0.08882	0.0	0.0	1.0	0.0
39	-0.08031	0.0	1.0	0.0	0.0
40	-0.06685	0.0	0.108462315986	0.0	0.891537684014
41	-0.04223	0.0	1.0	0.0	0.0
42	-0.01234	0.0	0.826128136048	0.0	0.173871863952
43	-0.02351	0.0	1.0	0.0	0.0
45	-0.03299	0.0	0.476478657329	0.0	0.523521342671
46	-0.03844	0.0	1.0	0.0	4.02954947372e-13
47	-0.01695	0.0	0.0	0.0	1.0
48	-0.02222	0.0	0.558388370353	0.0	0.441611629647
49	-0.04096	0.0	1.0	0.0	0.0
53	-0.06615	0.0	0.0	0.0	1.0
54	-0.04692	0.0	0.486781613124	0.0	0.513218386876
6	-0.06674	0.0	0.0	1.0	0.0
61	-0.07568	0.0	1.0	0.0	0.0
62	-0.05527	0.0	0.00232905974051	0.0	0.997670940259
63	-0.05582	0.0	0.0	0.0	1.0
64	-0.06811	0.0	0.0	0.0	1.0
65	-0.06265	0.0	1.0	0.0	0.0
66	-0.05894	0.0	1.0	0.0	1.4158839734e-131
67	-0.06324	0.0	0.0	0.0	1.0
68	-0.06811	0.0	1.0	0.0	0.0
69	-0.05803	0.0	1.0	0.0	0.0
7	-0.08525	0.0	1.0	0.0	0.0
70	-0.0555	0.0	0.0	0.0	1.0
72	-0.05951	0.0	0.0	0.0	1.0
73	-0.05274	0.0	0.0	0.0	1.0
74	-0.05341	0.0	0.779581855416	0.0	0.220418144584
76	-0.05662	0.0	0.388789341036	0.0	0.611210658964
79	-0.05184	0.0	0.0	1.0	0.0
80	-0.05216	0.698594512431	0.0	0.301405487569	0.0
84	-0.1197	0.0	0.0	1.0	0.0
86	-0.1007	0.0	1.0	0.0	0.0
90	-0.05819	0.0	1.0	0.0	0.0
91	-0.05671	0.0	0.0	0.530197921862	0.469802078138
92	-0.06418	0.0	0.00917045762273	0.0	0.990829542377
94	-0.04882	0.0	0.997829572813	0.002170427187	0.0
95	-0.04983	0.0	0.966434399962	0.0	0.0335656000384
97	-0.04521	0.0	0.235535957483	0.764464042517	0.0
98	-0.04099	0.0	0.954985219947	0.000400450531404	0.0446143295216
99	-0.04352	0.0	0.000702638011838	0.999297361988	0.0