100	-0.04568	0.0	0.997978828133	0.00202117186687	0.0
104	-0.03405	1.67036510722e-250	0.545899910247	0.453191213524	0.00090887622909
105	-0.03808	0.0	0.0	1.0	0.0
107	-0.03961	0.0	0.0	1.0	0.0
11	-0.1002	1.0	0.0	0.0	0.0
113	-0.04656	1.0	0.0	0.0	0.0
114	-0.007554	0.0	0.0	1.0	0.0
115	0.004668	1.0	0.0	0.0	0.0
116	0.04744	5.29212809933e-136	0.998552522003	0.00144747799653	0.0
117	0.03822	0.0	1.0	0.0	1.40123834531e-169
118	0.06632	0.0	1.0	0.0	0.0
119	0.09753	0.0	0.0	0.0	1.0
121	0.1058	0.0	0.0	0.0	1.0
125	0.1891	0.0	0.0	0.0	1.0
126	0.4889	0.0	1.0	0.0	0.0
127	0.6307	0.0	0.0	0.0	1.0
128	2.264	0.0	0.997699529945	0.0	0.00230047005531
165	-0.09139	0.0	1.0	0.0	0.0
166	-0.1101	0.0	0.998711479405	0.0	0.00128852059523
167	-0.1591	0.0	1.0	0.0	0.0
168	-0.1258	0.0	0.0	0.0	1.0
17	-0.1328	1.0	0.0	0.0	0.0
170	-0.1063	0.0	0.0	1.0	0.0
172	-0.0796	0.0	1.0	0.0	0.0
175	-0.09543	0.0	1.0	0.0	0.0
176	-0.06307	0.0	0.0	1.0	0.0
178	-0.06484	0.0	0.0	1.0	0.0
189	-0.02585	0.0	0.0	1.0	0.0
190	-0.02336	0.435721228445	0.0	0.564278771555	0.0
191	-0.02541	0.0	0.0	1.0	0.0
192	-0.02203	0.0	0.0	1.0	0.0
193	-0.02685	1.0	0.0	3.71021575468e-197	0.0
194	-0.009745	0.997721940157	0.0	0.00227805984305	0.0
195	-0.00855	1.0	0.0	0.0	0.0
196	0.01604	1.0	0.0	0.0	0.0
197	0.02051	0.0111796318136	0.0	0.988820368186	0.0
198	0.05416	0.999220329853	0.0	0.000779670146867	0.0
199	0.07163	1.0	0.0	0.0	0.0
200	0.1036	0.0	0.0	1.0	0.0
201	0.07274	1.0	0.0	0.0	0.0
202	0.02523	0.57874141648	0.0	0.42125858352	0.0
206	-0.005908	0.83285548107	0.0	0.16714451893	0.0
207	0.0008364	1.0	0.0	0.0	0.0
208	-0.01751	0.0035848563763	0.0	0.996415143624	0.0
211	-0.0187	0.0	0.0	1.0	0.0
23	-0.09082	0.447624375203	0.0	0.552375624797	0.0
24	-0.07939	0.0	0.0	1.0	0.0
25	-0.08604	1.0	0.0	0.0	0.0
26	-0.08867	0.0	0.0	1.0	0.0
39	-0.07538	0.0	1.0	0.0	0.0
40	-0.06239	0.0	0.0113050689647	0.0	0.988694931035
41	-0.04422	0.0	1.0	0.0	0.0
42	-0.01859	0.0	0.997733292525	0.0	0.00226670747466
43	-0.02884	0.0	1.0	0.0	0.0
45	-0.03798	0.0	0.447282164258	0.0	0.552717835742
46	-0.04222	0.0	1.0	0.0	2.65384649686e-228
47	-0.02233	0.0	0.0	0.0	1.0
48	-0.02673	0.0	0.362903107331	0.0	0.637096892669
49	-0.04286	0.0	1.0	0.0	0.0
53	-0.06008	0.0	0.0	0.0	1.0
54	-0.03475	0.0	0.601743464209	0.0	0.398256535791
6	-0.06828	0.0	0.0	1.0	0.0
61	-0.06871	0.0	1.0	0.0	0.0
62	-0.04974	0.0	1.7833739968e-131	0.0	1.0
63	-0.04924	0.0	0.0	0.0	1.0
64	-0.06112	0.0	0.0	0.0	1.0
65	-0.05697	0.0	1.0	0.0	0.0
66	-0.05391	0.0	1.0	0.0	0.0
67	-0.05779	0.0	0.0	0.0	1.0
68	-0.06303	0.0	1.0	0.0	0.0
69	-0.05418	0.0	1.0	0.0	0.0
7	-0.08739	0.0	1.0	0.0	0.0
70	-0.05192	0.0	0.0	0.0	1.0
72	-0.05682	0.0	0.0	0.0	1.0
73	-0.05062	0.0	0.0	0.0	1.0
74	-0.05159	0.0	0.775227194735	0.0	0.224772805265
76	-0.05605	0.0	0.4295261373	0.0	0.5704738627
79	-0.05244	0.0	0.0	1.0	0.0
80	-0.05263	0.811754462674	0.0	0.188245537326	0.0
84	-0.1222	0.0	0.0	1.0	0.0
86	-0.1035	0.0	1.0	0.0	0.0
90	-0.06039	0.0	1.0	0.0	0.0
91	-0.05899	0.0	0.0	0.641780982321	0.358219017679
92	-0.06678	0.0	0.0275312206222	0.0	0.972468779378
94	-0.05068	0.0	1.0	2.12695607832e-13	0.0
95	-0.05176	0.0	0.993376288996	0.0	0.00662371100429
97	-0.04676	0.0	0.372450069925	0.627549930075	0.0
98	-0.04237	0.0	0.999787911507	9.09833901413e-09	0.000212079394967
99	-0.04493	0.0	0.00194731007576	0.998052689924	0.0