-66.2051395526	0.511611333866
6.06050402115	0.226371722135
-49.632323149	0.424694873653
62.7554138233	0.120006918031
-12.8650528583	0.271200449338
-16.9836607981	0.287587046162
-1.78423619268	0.24069229534
-39.174283178	0.377404572702
21.2144281408	0.187508069331
-17.8478554319	0.292680805351
14.2920257891	0.206473844105
-9.31091345835	0.265408456112
27.3011211596	0.170156507734
16.4879549418	0.197243307321
79.8933097037	0.0990924882601
-74.6197418916	0.561952995373
-69.2553393141	0.529734151141
-75.0378395636	0.565439757385
-46.9563431835	0.409683386899
-3.40771684673	0.250547670405
-6.78021637459	0.255207946454
1.71864922982	0.232628018897
61.4822004732	0.121722406425
-36.8801202678	0.367861513383
25.9511399123	0.178370119468
-42.3975233847	0.388865764785
114.605670826	0.0673051136655
4.41520335992	0.223743709726
-63.1978092492	0.494829957873
18.1153213789	0.196485614245
-53.1865535714	0.438734277847
-43.0519430203	0.394337979463
3.28491737372	0.225465030995
14.2485143658	0.19973438213
23.7900440904	0.177239092277
-21.1975174603	0.307946046302
-23.7339535783	0.316045566807
76.286232355	0.103321630063
41.2500551409	0.149833111582
-20.8326972767	0.302978734904
7.34433558819	0.217586961368
44.9134807	0.144604879402
-1.15030930649	0.243231443672
-5.5699818802	0.253818270581
28.5143943787	0.170421401879
5.34012650307	0.224743753394
12.7497778658	0.203620723857
-9.72700476333	0.264846515212
160.399637951	0.0398663808509
12.8563901158	0.206357172
42.207734743	0.147293657928
-7.22092020924	0.258457644949
-6.37184968076	0.255885996437
106.074232581	0.07392921026
-20.6176841943	0.299446689481
13.7239544803	0.206004154096
26.5924570053	0.172812464637
-13.5423408722	0.275893211359
-28.0903394369	0.329844849888
89.162357426	0.0894599339211
115.442459367	0.0666092790081
29.8464287882	0.173365396587
69.9623043131	0.110662786121
35.8309933408	0.156231021842
2.56462714555	0.22893544642
7.15275733568	0.214752692178
-17.488898871	0.29166527419
100.450643418	0.0776012611506
64.2622485665	0.117301083129
62.4124723925	0.119915621192
78.8632957812	0.100238691046
112.963620798	0.0683014456678
88.0723436843	0.090208653849
183.426325103	0.0309493091016
16.7083205923	0.200969420382
110.69627385	0.0700191542881
7.72925335722	0.222495579209
160.070465763	0.0402612164214
54.9633605329	0.130914331776
66.8227775236	0.114754495031
47.3011746186	0.142595827156
49.8261312989	0.137311309133
13.4670971597	0.200283778328
4.56871174699	0.230393112793
48.9355044948	0.136250134461
1.9531436099	0.23148858109
39.5252358829	0.152074975873
-40.5709534607	0.380762817132
13.3432082929	0.202080628529
27.8268634251	0.171027307313
120.734509793	0.0627648670931
65.4664894344	0.116400750017
17.6919378734	0.198562295197
12.7808683486	0.208013585399
10.5054775366	0.210857822904
26.6224647137	0.174510314904
11.2416037657	0.213801042793
69.1377484968	0.111780289124
-0.687470313236	0.243739222334
135.471035009	0.0531843082533
10.924329381	0.21450336568
39.4108688247	0.155346713889
6.65340339034	0.221763225621
47.4876787833	0.139203582527
30.1850914902	0.172749076995
-1.65898902058	0.245195045981
45.0257448013	0.146083125708
48.4293638628	0.135568954221
137.376946952	0.0517294067879
-28.5040508871	0.334736624022
32.0102344421	0.167836057462
24.0156903418	0.180440179468
98.962423297	0.0797505448815
49.8128286095	0.138312454888
-18.6245554921	0.299262985458
12.6483715753	0.210103948829
16.0949473123	0.197972700992
48.7621918595	0.139836878257
0.33237466155	0.232077079099
53.7760709496	0.132322258772
125.370274665	0.0589010198424
2.31259958325	0.236526872347
54.7083368339	0.130882755616
32.5345303057	0.163350496085
30.4335623105	0.171769585071
23.0689119219	0.186335770772
35.9010777515	0.155098326256
27.7554785051	0.171246696752
50.7750189139	0.133265496072
13.5050357924	0.2007142377
55.3956839605	0.127019020187
29.9442725195	0.169401012648
11.3207310517	0.205264664437
-18.0401312384	0.292379326891
47.225453948	0.139047925317
35.4439956301	0.158276338172
27.6696363304	0.177410512882
-22.78169863	0.307790202949
49.4717466235	0.135088714317
24.8783752863	0.180083246857
16.9503067747	0.198419968263
123.083221151	0.0604183688509
63.498705756	0.117991235094
62.6333508459	0.118307285163
95.4977385931	0.082800317926
62.5714721495	0.117506717184
60.1163753859	0.120560993081
70.0232644834	0.108958366366
168.26552031	0.0367264820719
82.1855200455	0.0944131045386
92.9519246765	0.0836290296144
62.7159933471	0.117649493718
82.0524738284	0.0948985257075
70.371964699	0.108074660653
108.138194711	0.0707032667209
64.1554940918	0.115519341653
64.3613469689	0.115717262135
56.0863105426	0.127459294593
98.4383892793	0.0795031658127
65.522907664	0.114096266124
56.4628100766	0.126367712811
35.0817935774	0.160058622117
34.3339232939	0.161592355949
24.1544837729	0.17947649207
49.2902896698	0.136107936657
40.6888635627	0.150503410504
27.1200640455	0.177038768333
22.58787237	0.184076171988
38.1133125725	0.15103653614
13.6781277934	0.203977538441
5.06499993295	0.220380529289
2.80415326857	0.235095716756
11.6976320892	0.212014007145
6.50783922585	0.221044015359
62.7936879851	0.117254571625
6.27249197197	0.220690603916
49.7416469639	0.138131766737
143.746557555	0.0480184238227
-7.72018540269	0.25781444726
17.3496813116	0.194174883115
66.7842958922	0.112160058341
-12.4060074118	0.276771976768
25.4033389105	0.1822645017
-4.49039794816	0.254030192988
-10.3255442741	0.272856217838
-0.697075905611	0.244096920732
26.49476311	0.174094930933
21.9345934474	0.188954394748
10.1158524593	0.214572660204
47.4422146583	0.142060651486
58.9342389935	0.125291101373
2.63563390079	0.235658652933
20.4190251294	0.18858663602
88.8640873759	0.0897066840715
16.5564317084	0.199235083009
20.8214483544	0.185708518438
-0.807132059629	0.243813293806
57.686190971	0.126993459839
78.1224762336	0.098610272413
29.5844308558	0.173566191774
19.1567668301	0.194426886485
38.8088322266	0.156273836446
44.4758216952	0.140812234842
72.0368731393	0.107975316412
25.8369032744	0.180728246388
95.5799844147	0.081505081729
36.9197814684	0.160195483253
52.4461813292	0.134326530049
42.8073680471	0.147388918558
37.6507222612	0.15860171728
15.1609516002	0.198333978127
25.1169223405	0.176210274383
10.8127769022	0.210494234767
25.3009420009	0.175517996433
42.8848470746	0.147049640528
40.8277755042	0.146779962193
36.3246886158	0.158029039161
42.3143836369	0.150238828159
40.879140132	0.15271566965
44.7456493386	0.146588339181
38.8213577778	0.156668700264
14.4480381602	0.206103869476
12.9460106787	0.206698308013
5.10636828941	0.226036408429
59.7094875404	0.12185890887
61.9608125438	0.118087116914
38.4865822417	0.152045943857
27.7427811819	0.175425079599
49.8492440974	0.136844129828
81.3414217586	0.0974353074661
40.9722011688	0.150085479677
164.157619913	0.0380196160129
57.9912089073	0.123430319199
46.7651229258	0.14218000951
-9.19714472307	0.269258647554
8.22962612045	0.220370749103
15.3411517555	0.202489894552
22.2575595394	0.188048453866
30.9222388891	0.170987049678
72.2521678851	0.107894984524
4.89172405475	0.223005636264
50.0841719674	0.138016888151
21.4333375838	0.189886743136
102.746925152	0.0768777215409
53.1281505243	0.132977867009
198.763265039	0.0260897436206
122.429063147	0.0616293469395
28.9521520292	0.174136064968
52.2930742153	0.131676651854
42.8667388381	0.14337825743
27.0563797082	0.178969474168
2.04346612677	0.23128059252
20.6160420594	0.190399669422
28.8288680587	0.174794422971
53.6653804289	0.132545684805
67.8025707377	0.113287486512
21.1764903598	0.189501449918
19.605399037	0.19418679059
20.0057075154	0.19133632567
130.668357975	0.0554506477736
139.655752723	0.050538126596
8.41294789345	0.217856481124
23.5153469813	0.181401557462
60.5811594337	0.119889345672
171.157600349	0.0355625625009
47.1521031048	0.138579898679
37.1478085713	0.154821327904
28.5011386603	0.171382235622
76.1425963947	0.103376616222
-7.6422617052	0.264521834177
105.806707798	0.0743285585804
27.7766462997	0.177280199962
22.8110363095	0.187692476404
25.9150173689	0.174956648987
93.2922788265	0.0844836715174
19.1282449993	0.193082854974
99.9991170571	0.0771280458721
73.9463593111	0.105907976795
51.8197616043	0.130632960244
68.2317384537	0.110839810746
57.2609265126	0.1270108256
6.50596365709	0.224271883323
23.0468296094	0.187228860151
44.7130992209	0.146552650851
143.180291629	0.0486580699446
80.355397341	0.0969327023655
8.52207092552	0.218931567562
54.7528696142	0.130763426614
113.651096916	0.0680383337965
117.474119167	0.0646599397022
15.6050564066	0.201458585912
62.5761079729	0.119020653949
126.65418	0.0587644580857
27.1600912726	0.172209603246
121.555161424	0.0622244559202
16.5110034728	0.198265983819
96.9455571085	0.0802770725722
84.0934451404	0.0935721073705
81.7721416238	0.0970835054122
48.1961188819	0.141141801945
53.614673335	0.13285509268
52.3267564974	0.134763389968
0.414576102763	0.236673433627
71.8876188097	0.10563031917
16.1634959103	0.195840935581
43.7462876502	0.144830232191
33.2970644227	0.161403522464
73.3129277566	0.105862559803
43.0314964194	0.145476313337
55.0941570233	0.128711902959
161.256928466	0.0395136714663
39.2214984422	0.151993519419
34.1325064765	0.160835290997
37.1967203257	0.156621783703
89.602744836	0.0890768824331
42.6076862297	0.146730714084
24.5942062223	0.181271148034
60.5179836086	0.120079048646
22.6664623591	0.187315497201
119.152062618	0.0639295947544
84.5396801621	0.0941656573374
19.8424222471	0.193731291143
15.2352752606	0.202632840014
27.3290948205	0.175073822429
36.8966582879	0.153779304402
29.0098645957	0.168966756015
38.8454158134	0.152844698722
17.6535875166	0.196767855004
157.769249218	0.0406501868575
53.8230253203	0.130802265881
37.8489796913	0.156559271816
69.1575076558	0.108998926238
26.7132778842	0.176264625672
10.3401854998	0.208642937181
22.8888797219	0.185888447207
35.7485811242	0.156112953195
36.4268841045	0.154475217288
111.419965795	0.0682138902218
119.502187877	0.0628424437433
9.95862415888	0.214242820303
25.6431871168	0.179050845158
131.131358374	0.0546367941511
46.2542789964	0.143340219986
2.29023984018	0.234110891168
23.2636825229	0.185784123963
19.11818517	0.193629230109
73.9571110845	0.105789590581
30.0329738687	0.167626609534
42.4386923771	0.144916387968
29.6794891745	0.168312073271
84.5524819713	0.0941526445373
151.070970269	0.0443746114993
21.1457306959	0.188998246677
46.2729803632	0.141186194596
95.2928272532	0.0835574963082
95.2580649099	0.0829632785299
126.959249439	0.0571721945094
132.766640099	0.0537997344582
223.174481814	0.019761595852
79.6392190057	0.0994728107701
81.3146634268	0.0975723821965
124.685395781	0.0600671564491
26.548685888	0.174501678055
63.0984883782	0.11797875003
73.8114306469	0.103626031599
60.1299428208	0.119970924666
62.9584452192	0.117374649509
58.5213672044	0.12290349122
79.8784624912	0.0969175547041
55.0995888453	0.127748658339
28.4267423559	0.171798474958
68.675801185	0.109449733529
72.6534332391	0.104807195117
36.4412783178	0.157716353748
46.5279137678	0.141990627763
45.6074808577	0.142240495429
69.882592458	0.107967143378
49.0641263578	0.136854508834
112.336147532	0.0673855307267
55.0678126119	0.127827971549
63.3703257827	0.11586430397
41.3361392117	0.149378865885
46.4256199665	0.139821882331
145.181002949	0.047536516667
58.0451392448	0.12623601025
48.3235965549	0.140383894795
134.581729199	0.0536468532979
45.5663120197	0.145304011006
69.7007596898	0.110886900634
93.4752209789	0.0852651809315
133.907197313	0.0541083739797
38.3657096288	0.157341476299
66.172299895	0.112482102889
89.2206521241	0.0874068582112
143.644242892	0.048276621419
133.786885131	0.0531981913772
66.0228571148	0.115538870922
60.5074582059	0.120947105148
169.482174084	0.0362287493982
54.0289850777	0.129854760801
60.8195503168	0.119461841861
53.6990600831	0.130499002792
40.7351752906	0.148208415879
26.8356369205	0.175598359359
106.881167446	0.0726417644614
85.1473742303	0.0913457741636
105.746106315	0.0743282900763
6.54236057487	0.221757524151
72.7655446283	0.105818521269
73.6473706281	0.104002036726
55.7374818078	0.128433116451
95.4100792057	0.0834695198594
136.21214635	0.0516049369971
45.3714416404	0.143427835035
158.2139612	0.0411055447464
76.866957436	0.102540799865
60.3897804025	0.121801997319
207.88385645	0.0235413635492
16.7318101571	0.198429256011
125.269442644	0.0596540651879
144.056533248	0.0482109941776
153.743350501	0.0430157314308
76.6586981777	0.102694842468
109.882709725	0.070969101312
26.931249688	0.176126168555
112.703125076	0.0670688569502
55.2329519029	0.126962666685
52.0841243111	0.131475010515
44.1657011479	0.14201513609
16.874418713	0.19786331242
90.7421197843	0.0879472649822
104.420316246	0.0754601057821
59.7254214209	0.121309575444
21.8569053378	0.187112602267
150.984398036	0.0441720006967
124.701156864	0.0600358469301
125.477307022	0.0582984826187
99.6638131454	0.0786951349325
66.5063385773	0.115109985794
84.9449348637	0.091613940617
93.8169178052	0.0832768711439
66.9198795976	0.11152766332
34.1334994678	0.158997784014
123.042204232	0.0609025837133
70.2180941748	0.110463910821
72.3592037723	0.107769093632
119.795887092	0.0633699884349
127.218984301	0.0583403645061
198.214764135	0.0261996009012
17.1768861984	0.199153552328
113.413658329	0.0681009041724
147.950853509	0.046090074934
55.7321200975	0.129687860318
115.428682356	0.0666634119828
86.3754628086	0.0922726705005
118.59322401	0.0636303907141
33.3151060202	0.165657289447
152.412904372	0.0438763357347
61.5416404991	0.118786610312
29.766461252	0.168073381785
87.7130285657	0.0887700750196
76.8168572571	0.0997071517411
131.855150018	0.0547675518096
49.0008462628	0.137070390938
108.329662874	0.0703634671885
66.753151389	0.111870842274
78.0307240074	0.0988177343339
79.5427948966	0.0969205365796
46.2535157152	0.140709622633
125.608414837	0.0582244990272
41.822128628	0.150931691116
54.4833271955	0.131177599005
82.5254185703	0.0963617687519
84.0440936136	0.0922821295115
115.819751736	0.0662120518083
33.431246028	0.165521873498
83.4670040853	0.0936613170012
76.8268555702	0.099617418572
64.0244884878	0.114796530344
109.903309063	0.07089737239
91.5741976814	0.086316930262
87.7730461965	0.0887520017189
101.57963112	0.0763120415841
107.916297089	0.0725814314237
94.7328748338	0.0817625403425
139.949460149	0.0504983178042
97.4021748009	0.0795182170958
140.610749201	0.0492421131459
97.7851125243	0.0791451888971
110.788093361	0.0699001017624
100.88280775	0.0765748853403
116.291349726	0.0650487157317
79.5372995944	0.0977791723664
87.2213359436	0.0903378129473
118.503430654	0.0631064399332
97.3209024434	0.0798583739644
86.426880014	0.090084658897
77.9725505	0.101243560402
44.6935813215	0.143901739548
62.7594466891	0.116466667926
205.691247048	0.0240123283154
117.887835229	0.064858489195
142.88341645	0.0480137751499
103.163479223	0.0765550651529
87.0917697438	0.0891893165793
64.0226950025	0.114826742449
53.0147926638	0.130498301611
147.920735349	0.0461512296495
120.639969934	0.0617342121482
88.3309876605	0.0903200840277
132.385837987	0.0546750104569
88.695480353	0.0879451259986
122.300773362	0.0616717146705
122.555819439	0.0602844617072
72.554287001	0.104762164338
59.6013297061	0.121464744798
105.600794849	0.0729689948787
99.2216278383	0.0782575581991
78.6704828115	0.0977636670768
75.5524628823	0.1010839182
127.024342078	0.0575245364144
98.7959808343	0.0784102019543
102.095854131	0.0758007949401
79.4802514592	0.0995331322068
144.426176672	0.0475869636306
72.8087784456	0.107204276723
64.1869955226	0.117977192713
132.818207478	0.0547811451543
119.883523868	0.0634110324162
128.848128601	0.056561787827
109.207159438	0.0712667327343
103.089074406	0.0754744671016
64.5541296306	0.117396405592
117.453913416	0.0651556281583
145.88801245	0.0472530672492
201.321920715	0.0253050060407
133.487334263	0.0543628131559
130.468497472	0.0552594826698
142.026498353	0.0493556727729
120.044359908	0.0629944547789
137.554225002	0.0519163682453
97.0966048842	0.0801722903825
71.9432477156	0.108408335264
122.428077034	0.0603430169797
185.162305085	0.0303682096033
117.40189354	0.0651650134534
174.21632467	0.0342609881023
126.203733477	0.0589593900178
100.506552608	0.0770850841654
124.612532936	0.0593399457403
174.703828412	0.0340096757534
196.648932026	0.0266790630805
117.398877228	0.0648126428704
141.706903865	0.0492547989878
198.588918829	0.0261018284251
134.769824751	0.0529615089367
132.959969449	0.0544796164725
95.1428257329	0.08138252579
119.829754524	0.0634477879872
176.507533939	0.0334885232191
94.6133041424	0.084255321262
148.81606132	0.0453626634932
97.9792556308	0.0810187061138
92.2807268768	0.0864747770474
74.8645108112	0.101971710234
73.562308131	0.103388941079
80.1785508539	0.0961914101472
65.8455000629	0.11241108592
124.389215022	0.0596289351956
72.3705258069	0.104624555594
60.3463520249	0.119869586677
131.6016707	0.0555275931938
140.356523053	0.0502101372838
98.4170629774	0.0807122645582
119.073763188	0.0639688728949
104.973353778	0.0749878252393
78.4867867261	0.0975695981719
167.957397554	0.0366109780747
99.4137632534	0.0777710984828
106.423322053	0.0732684651648
193.852936988	0.027537118543
98.6476375727	0.0785967201863
117.810171921	0.0648972071518
173.669008117	0.0345196216059
178.434621529	0.0327441530301
212.897833609	0.0222289653411
108.169470556	0.070875385648
157.647757797	0.0411356065809
128.322519915	0.0575370518577
162.904677356	0.03892073477
100.80244998	0.0771235659461
112.50499219	0.0688450671518
122.564751318	0.0611447200698
121.915582973	0.0619807462991
142.478305721	0.048857057504
143.71094974	0.0483650541941
206.671291918	0.023834607098
110.698322164	0.0688369130284
186.135042593	0.0300653276948
106.321275838	0.0720617940514
146.589536169	0.0462628185276
145.452174389	0.0468803706735
86.2062802051	0.0898319975768
80.2450354838	0.0957958595103
135.323100888	0.0531257820041
117.310006341	0.0652507935503
109.504481944	0.0712940567121
125.616618082	0.0593566040553
158.472774502	0.0406172639216
153.245366639	0.0431447750513
158.577685601	0.0407663237454
107.555150776	0.0711880088355
122.313172638	0.0616618683065
72.076291104	0.108011040312
75.7960664265	0.103755494055
69.2198799369	0.111470339099
136.633786027	0.0516218502657
100.942278411	0.076996245924
115.933616977	0.0657177820925
126.305975014	0.0589745830662
97.8320672627	0.0812367037294
153.919260455	0.0431097322032
117.577377756	0.0650919183876
206.015604604	0.0240148404794
118.50265809	0.0631178095547
122.854028354	0.0613262257855
129.52532098	0.0561295944259
143.444644072	0.0485109949472
121.081373831	0.0625677774705
120.288188018	0.0631114060655
189.420673921	0.028954390919
102.024084333	0.0755796373968
175.237464821	0.0339388152804
114.833297842	0.0671368641792
83.4585951206	0.0953659114664
104.553031226	0.0753412392894
71.5525581232	0.108599089039
149.770478522	0.0451871862865
106.930493435	0.073337725807
191.888628465	0.0281685055787
123.803299537	0.0606630319988
216.978738444	0.0211586987794
196.724616094	0.0266910468973
109.384408832	0.0699722098475
125.566112852	0.0584603695583
134.532895429	0.0531355598786
151.925292044	0.0436013721116
147.536750591	0.046264615387
196.357929824	0.0267888152428
94.1904303318	0.0845749055684
151.05360155	0.0441701293473
162.434930126	0.0392344373294
109.942930378	0.0690333569293
105.954267494	0.0726106191177
103.320983764	0.0740379173544
109.279186308	0.0694124647818
165.800807596	0.0377199366365
213.568502805	0.0220519588471
160.504619211	0.0398033122286
195.606621872	0.0270007837012
102.115578086	0.0758233781483
215.652748719	0.0214819370456
120.40564437	0.0615360715417
134.572111342	0.0530007202849
155.604272108	0.0422929482116
138.950114156	0.0510033986282
189.803559662	0.0288001650393
191.018315833	0.0284487399824
137.900864946	0.0515590864542
202.6620405	0.0249060402689
199.751109899	0.0257483076107
206.498993532	0.0238848527054
162.7406035	0.0387732523519
195.774285388	0.0269046393944
157.502852612	0.0410479511427
178.950046615	0.0325158367599
112.723862816	0.0670937266775
173.604827266	0.0345283650225
149.907986052	0.0450559758325
164.512751782	0.0381799822071
110.820895047	0.0684496653363
138.08320196	0.0508894394635
141.041677011	0.0497927939545
220.579093027	0.0203153167498
140.276687733	0.0503033690129
155.032066791	0.0421986165923
142.061752578	0.0492420149206
167.693542733	0.0369372282644
202.810788907	0.0249059305476
186.820124143	0.0297861214326
186.683727577	0.0298839665113
167.207815009	0.0371407691923
178.584307741	0.0327324626771
184.910978217	0.0304331045845
182.671948415	0.031247612942
167.165089631	0.0371550653364
227.948847144	0.0186434014932
225.956579838	0.0191351851437
232.718428398	0.0177299089787
187.90507221	0.0294912067552
205.187942934	0.0242223913414
193.779503665	0.0275263478304
193.412392967	0.0276734023128
188.131776451	0.0294142993822
156.584569128	0.0417706181371
211.30951556	0.0225795867258
165.169386184	0.0380024359765
173.729493956	0.0344956951673
198.599108977	0.0260870887682
169.083027515	0.0364110389677
172.620494245	0.0349575024988
194.113214287	0.0274975280757
192.173564349	0.0280231881897
154.696052308	0.0424937385457
135.192735416	0.0525232793846
149.85932292	0.0451735106021
228.650042398	0.0185036697686
197.849553219	0.0263178051637
156.184565703	0.0416680766479
158.717703376	0.0407743242427
162.911876455	0.038851695155
151.267737797	0.044363370978
177.444012894	0.0330657008368
159.151672357	0.0406967980323
162.480221869	0.0390390369037
159.998721348	0.0402046170588
208.190066738	0.0234136824838
176.376326679	0.0334893918521
162.909983694	0.0390126210738
209.910076475	0.0229839576791
176.628761722	0.0334568436856
192.62314826	0.0279025119246
152.8767819	0.0435504393562
188.153097595	0.02936975818
170.638440766	0.0357131834925
196.229253341	0.0268263879461
152.72481146	0.0436973574789
168.489754521	0.0365619339669
202.202196598	0.0250534387536
160.591745685	0.0398487186982
204.407606255	0.0243888753077
193.520015125	0.0276837733335
179.63103782	0.0323608204782
148.878943814	0.0451724328885
188.49651353	0.0293025056923
147.07211454	0.0460694857607
169.081164037	0.0364052235538
182.647916018	0.0312272456762
173.391729952	0.0345418637189
179.869742309	0.0322429478066
216.082031287	0.0213924742408
172.223594214	0.0351525519226
196.044520232	0.0268417272345
209.854600557	0.0229338640484
218.805944728	0.0207037391462
168.826024551	0.0363178750823
177.381902908	0.0331090211088
188.003313108	0.0294172197999
174.163569172	0.0343587509677
177.461556218	0.0330806655398
145.66509267	0.0468333092316
207.657733631	0.0235010425563
208.574162026	0.0233040105553
212.309397596	0.0223091414311
164.093210007	0.0385300215091
165.956822734	0.0377325002706
205.711769854	0.0240607388444
181.811951422	0.031539875916
141.80632089	0.0494788496477
134.877491832	0.053480997361
194.528076446	0.0273358297202
130.704231699	0.0560784469756
213.696350814	0.0219859724
216.255831597	0.0213220558214
156.214334948	0.0420749970659
189.16217771	0.0290703538407
174.15240408	0.034407861476
193.894550472	0.0275630487316
173.747087373	0.0345756993025
207.693491461	0.0235250598876
185.214820405	0.030401959517
144.380479604	0.0480516920144
214.918655555	0.0216836706016
172.840879115	0.0348879318767
171.633122737	0.0353691679032
188.235327398	0.0293855403075
182.247156577	0.0314142555598
178.764011994	0.0326422526408
176.859544174	0.0333027275085
172.385114953	0.0350581385885
221.622521992	0.0200611022245
196.284064767	0.0268263842429
179.762064058	0.0322735675618
200.347618693	0.0256072176609
188.481470242	0.0292711008686
208.428114535	0.023352274083
199.23502883	0.025917274352
212.917847586	0.0221791001296
206.102647719	0.0239649001502
210.123403591	0.0228946411841
225.000761942	0.0193398916486
204.927578322	0.0242771137916
232.46623489	0.0177939497162
187.495655331	0.029548578466
180.50879733	0.0319704816132
179.6963694	0.0322738945644
229.038461677	0.0184797087401
203.6230697	0.0246330150409
229.987483076	0.0183027221022
207.619836323	0.0235377530483
213.011182016	0.022166670506
185.601037553	0.0302092673817
186.819381336	0.0297975164852
181.311809922	0.0316902191335
174.277924337	0.0342965177822
201.438500495	0.0252984938899
177.569902138	0.0330584933011
190.780314393	0.0284927984183
219.273308136	0.0206502380125
146.344218887	0.0464097986021
136.388144959	0.0518074333001
154.076407763	0.0429009252675
133.113226119	0.0537319037582
192.801673582	0.0278523697605
152.171430068	0.0435398671392
216.910007002	0.0211782377683
176.91182481	0.0332801476121
158.301525951	0.0407471224786
223.188906024	0.0197626117075
164.489566361	0.0380479113494
218.991093004	0.0206766126945
170.415656672	0.0358347485513
181.903638499	0.031444125371
158.23991351	0.0407436271632
218.217830568	0.0208898586178
174.677664094	0.0341248988401
178.635560033	0.0326341428526
162.162129632	0.0391809337515
199.348241758	0.0258956753293
189.031540191	0.0290656626978
156.392720841	0.0417615429569
181.019381258	0.0317861094528
136.852489737	0.0515949592136
164.929172531	0.0379749163989
163.63723575	0.0385040533899
179.117769991	0.0324805251586
193.399033557	0.0277069756265
150.0932105	0.044553403612
190.577448105	0.028540910653
175.609604706	0.0338479570697
198.1364328	0.0262472342536
192.459519025	0.0279536924378
177.033140484	0.0332172994121
179.9508213	0.0322487334551
187.246542512	0.0297081961337
160.699697565	0.0400080105697
211.841658103	0.022414042388
209.857864635	0.0229225718948
184.016152455	0.0307405802869
162.91603908	0.0389009990689
188.883048207	0.0291185191345
171.738603333	0.0352235826431
180.258801992	0.0321258666775
167.486040888	0.0370410098147
216.99437342	0.0212185017211
217.924650387	0.0209348477155
164.910708676	0.0381724801699
225.187019233	0.0193019973127
165.650741563	0.037802305413
192.528437383	0.027933201883
208.733057579	0.0232444984228
221.904979874	0.0199906994327
162.983952407	0.0386578082193
179.069760374	0.0324607566289
198.866068361	0.0260252440052
226.399654042	0.0190122017743
211.357816222	0.022541975821
164.741349339	0.0381391868942
206.555576782	0.0238900576739
166.510383302	0.0374906089874
189.682970227	0.0289219218636
173.515140222	0.0345309787005
175.24550584	0.0338604602546
230.89559151	0.0180857012357
209.812816528	0.0229422939131
153.750042776	0.0427815167113
211.392707708	0.0225569247741
214.349304577	0.02182087487
172.458787336	0.0350472984018
208.006855349	0.0234514796419
165.292721745	0.0379765394106
189.4893132	0.028901942443
160.525508284	0.0400867996047
230.327500092	0.0182143230734
211.968396776	0.0224120690557
156.324458521	0.041611565595
193.480030375	0.0276204609112
205.092615147	0.0242260353645
218.12178226	0.0208792119803
170.311423475	0.0359030473604
206.262274001	0.0239351222568
159.922248709	0.0400270977832
213.368333257	0.0220635720586
233.39270107	0.0175690551263
193.479913542	0.0276938029204
197.15828509	0.0265085112104
210.226056985	0.0229036583867
205.357717461	0.0241516193916
232.293323299	0.0177756509687
212.045764572	0.0223897268214
213.157208221	0.0220851065566
228.973369797	0.0185013678219
207.097688396	0.0236695503184
229.362985892	0.0183719946062
227.641222712	0.0187276998897
227.535927384	0.0187876478844
234.226591553	0.0174038898701
221.825819715	0.0200391681797
215.232762298	0.0215980453704
211.410527108	0.0225656242184
229.574896374	0.0183893438438
226.965533308	0.0189253988623
208.888636528	0.0231984401043
198.957437414	0.025967517647
228.608797696	0.0185790022048
237.494994557	0.0167792299277
222.557019528	0.0198754537999
208.393352632	0.0233760216368
206.065591306	0.0239650365358
213.295167442	0.0220595505907
216.97328976	0.0211654723955
219.372561817	0.020644366293
198.050510758	0.0262360978669
197.920263567	0.0263381940769
210.317671059	0.0228180844762
208.320717328	0.023375131109
191.714436399	0.0281901635188
197.633000197	0.0264339941917
200.99793445	0.0253803482345
203.993193341	0.0245377598371
206.68446901	0.0238163491324
202.774557899	0.024892017264
225.289914913	0.0193013798651
201.47856855	0.0252595668278
204.474073221	0.0244111567832
225.524540142	0.0192414016334
191.734956614	0.0281749451346
205.063163788	0.0242371100616
183.544951806	0.030967445867
182.634900466	0.0312948340885
227.9262409	0.018685686533
233.57812733	0.0175839986799
226.498394519	0.0189927436588
221.167316396	0.020186139896
225.645245879	0.0192075502827
236.424742118	0.0170187506451
234.497710348	0.0173853472581
235.687401564	0.0171194259354
230.914073413	0.0180699195886
229.509416137	0.018407357162
214.572611592	0.0217479319951
224.612442045	0.0194062894156
238.083734188	0.0167102331538
220.413928126	0.0203447445652
236.047194666	0.0171071043286
227.561390673	0.0187562522798
230.943876313	0.0180600421074
233.12827326	0.0176205764216
229.566988741	0.0183403123687
223.419184881	0.019681002764
217.597845323	0.0209970772328
211.923629967	0.0224299501606
227.575670962	0.0187630501016
209.189903479	0.0231346976683
237.800450862	0.0167842492578
218.639123993	0.0207739000323
228.006701312	0.0186883394555
225.527487169	0.0192470807899
200.640837928	0.0255283582859
209.487323065	0.0230595948145
209.530185567	0.0230447889984
200.836230345	0.0254485586166
211.176474914	0.0226812156776
189.009284607	0.0290576622105
156.834136302	0.0414970148208
188.692292487	0.0291556130711
202.772647913	0.0248651052494
215.965214675	0.0214353985331
202.672303647	0.0248942852117
207.980950093	0.0234321252677
224.814202172	0.0193999012249
226.646849541	0.0189749829202
198.743852958	0.0260146790013
201.440186723	0.0252493515424
224.211915799	0.0195424828722
193.033762778	0.0278421847474
218.00350531	0.0209157723801
210.470185299	0.0228538573734
156.399824036	0.0419468331403
168.370827908	0.0366630850451
221.560938071	0.0200823947975
211.402262133	0.0225368954502
226.669037717	0.0189874748489
227.762337651	0.0187498739106
209.696490627	0.0230136724447
216.486471114	0.0212909899802
212.753692296	0.0222277158517
217.513321046	0.0210495637347
218.557979263	0.0207798088373
227.815466573	0.0187684201952
216.197854749	0.0213632471442
205.623787181	0.024066518102
209.272435557	0.0231021066819
208.473494737	0.023384365432
207.549288698	0.0235743445667
206.827420597	0.0238006448399
201.392372799	0.0253103717016
223.231076962	0.0197102626611
216.449895653	0.0213549458832
220.511879771	0.0203366721213
232.921727225	0.017681820286
187.584043088	0.0295211142022
184.505558796	0.0305051175909
219.24942183	0.0206625691696
239.671409408	0.0164041490141
237.541947422	0.0167999228142
227.799275971	0.0187273307619
228.363269592	0.0186243881496
233.672943473	0.0175117671498
239.492033594	0.0164501027074
232.60054002	0.0177638495151
235.223753625	0.0172599509358
226.765488836	0.0189590065522
224.899578381	0.0193476869478
224.43161367	0.019473280626
225.270347334	0.0192900377577
219.953634617	0.0204851469018
210.536080652	0.0227781300264
217.733619175	0.0210278187987
224.782207596	0.0193985855346
199.541217512	0.0258353572906
221.131728249	0.020238070889
209.909011693	0.0229460036163
208.200657909	0.0233878535917
221.120746125	0.020189478343
236.071872531	0.017053040458
227.877088564	0.0187313560863
222.816317197	0.0198061454139
236.614538601	0.0169849047525
231.253509441	0.0180123556738
227.298107623	0.0188448444256
228.123254831	0.0186460528113
236.990750633	0.0169276336101
223.001064903	0.0197714863724
238.334954982	0.0166623266567
226.750000776	0.0189605822619
231.143663276	0.0180471580633
238.603996935	0.0166420302044
233.669580921	0.0175277297556
231.17904516	0.0180458429974
229.971941848	0.0182709510383
225.141984586	0.0193094096746
238.4263375	0.0166233169559
229.379098659	0.0184152811235
235.369805737	0.0172199432954
228.968064425	0.0184954734476
222.245864836	0.019957618943
228.880931696	0.0185066607275
217.80577799	0.0209618355817
228.620845024	0.0185550359123
233.217641833	0.0176168892483
240.062514172	0.0163278338408
223.838481526	0.0195820550826
233.187522432	0.0176351735689
231.010394537	0.0180771221746
226.864364931	0.0189297066419
230.770178912	0.0181262521603
229.059290407	0.0184715368471
229.619123288	0.0183602752691
224.164956166	0.0195224708043
233.685879819	0.0175222419782
222.950738998	0.0197987651824
229.279711721	0.0184430442692
233.502062916	0.0176140242019
227.622431136	0.0187571287072
225.055348367	0.0193320274178
226.682945333	0.0189511141852
229.09073454	0.018490106522
224.836720847	0.0193653357716
237.011820468	0.0168815825893
233.175429535	0.0176172960374
227.732256423	0.0187583613363
218.58338801	0.0208439164484
219.993940882	0.0204624508291
222.783068348	0.0198444785021
229.868591861	0.0183052773647
224.081822124	0.0195641259816
225.517720523	0.0192249885223
228.830834287	0.0185074907317
230.258454984	0.0182292172024
230.877149794	0.0180817701597
231.493100775	0.0179799587849
234.062871254	0.0174418349714
229.129047358	0.0184617215939
234.822022471	0.0173066458072
230.804060894	0.0181144872349
224.62053411	0.0194186999581
233.070761514	0.0176654442138
235.984588833	0.0170638799849
243.409722981	0.0157193831706
231.091692993	0.018044572964
245.41142046	0.0154123580475
239.186871585	0.016490703691
241.629792043	0.016052591934
246.725453347	0.0151534043565
245.326258452	0.0153901268376
241.94536729	0.0159863395183
238.824385598	0.0165455948235
243.025802234	0.0158083855341
244.677423142	0.0154927408656
232.910642582	0.0176900595815
232.32818401	0.01779910335
235.202717355	0.0172465237695
244.327462832	0.0155477067485
230.471516868	0.0181859040788
234.025111162	0.0174666205503
240.111450073	0.0163144519014
241.773073293	0.015983806069
242.129313414	0.015967694389
238.210821897	0.0166471755198
242.938794463	0.0158184519593
234.165210258	0.0174392051009
233.261850041	0.0176312599523
244.509868958	0.0155232872688
238.653168092	0.0165844398945
243.042334642	0.0158108794067
239.362248083	0.0164542461841
236.758508075	0.0169470000889
244.57899635	0.0155162752427
242.414540961	0.0159321238158
240.228350383	0.0163003303148
244.644415963	0.0155377094369
234.553746783	0.0173616463763
240.773436808	0.0161952745228
231.224176337	0.0180227986372
244.180966939	0.0155872411131
239.987356602	0.0163382434696
247.559654111	0.015037527116
241.699951183	0.0160337774784
241.475224739	0.016072585914
245.227680803	0.0154118064654
242.700135776	0.0158552424949
245.125138704	0.01545321731
242.575473859	0.0158869883587
245.300879178	0.0154252848618
237.3327666	0.0168346350046
235.52307515	0.0171808299656
246.4160413	0.0152334371431
241.980763433	0.0159820685733
243.00910314	0.0158022137795
244.161936165	0.0155952282406
240.12259321	0.0163155777076
246.883143575	0.0151248883482
241.107281108	0.0161458958324
236.064819992	0.0170619142343
237.150503502	0.0168700389643
237.372549446	0.0168172979314
246.706962907	0.0151512695313
242.128187424	0.0159551427707
249.309746115	0.014754744176
245.75686849	0.0153239987433
244.581429604	0.0155187615816
250.51247113	0.014522918348
247.894246494	0.0149569972576
243.23402401	0.0157450409624
246.916410184	0.0151156796965
238.493580284	0.0166181261052
242.500523623	0.0158897387248
245.058501589	0.0154431690727
249.765602357	0.0146402753558
241.084636991	0.0161432309826
246.329058239	0.0152227258302
248.78077889	0.0148118789069
249.763597849	0.0146734122571
245.629681481	0.0153313795006
248.417034979	0.0148560968174
251.067105124	0.014448153739
245.687775032	0.0153334702249
239.244166961	0.0164811907178
246.699231207	0.0151539677536
240.146781304	0.016314054047
244.669139705	0.0155084609514
247.255429038	0.0150676331502
245.44507958	0.0153784517314
249.012231301	0.014781162635
245.55031253	0.0153571467389
244.196450366	0.0155829225125
247.196621988	0.015074703766
240.589269542	0.0162342192943
248.783165881	0.0148003743579
242.319085826	0.0159224139481
249.509304056	0.0146957345549
249.61401163	0.0146733236586
249.342905035	0.0147211658727
251.932259189	0.0143173018962
252.767223499	0.0141897375633
246.005863632	0.0152639923843
247.234767096	0.0150895034679
253.456017949	0.0140702629182
251.32512442	0.0143876404012
245.651109554	0.0153385539316
247.895418905	0.0149546669065
252.15978266	0.0142525787804
249.993692384	0.0146153336726
251.129410454	0.0144199332577
248.450024212	0.0148843779153
252.299421921	0.0142419058561
249.315310335	0.0147199857231
244.73342706	0.0154966456325
242.774351264	0.0158399130626
246.237473089	0.0152387416127
247.903961396	0.0149530634816
252.707694106	0.0141684609558
249.906916471	0.0146332761343
246.666884554	0.0151748809085
252.651341769	0.0141724633107
247.049045963	0.0151043115937
243.508488389	0.015709837349
249.44802654	0.0147025298096
254.849864341	0.0138617146577
252.372007129	0.0142280094305
253.922141291	0.0139926624721
253.05741953	0.0141122025783
253.901325459	0.0139718743282
255.526098195	0.0137139608369
247.66635568	0.0150013742552
251.633950057	0.0143440351
254.314480596	0.0139139989269
249.884206499	0.0146279901849
252.30446232	0.0142230394197
253.393536689	0.0140681692202
250.586433281	0.0145039531026
250.885498301	0.0144594004475
249.965933236	0.0146090461594
246.006550978	0.0152620987273
251.105123721	0.0144248439587
247.661226692	0.0149950441123
251.875667585	0.0143186222659
254.571062148	0.0138966842945
247.784384527	0.0149605231128
254.058868554	0.013963950988
253.477204085	0.014068253814
250.744039621	0.0144729596298
252.789684106	0.014153628121
250.117775087	0.0145879247075
253.559189016	0.0140324682473
252.304546548	0.0142325259402
249.176857912	0.0147293205579
253.3775513	0.014072337833
254.153044767	0.013954879783
252.199969094	0.0142384520933
252.963274276	0.0141211763497
251.681023435	0.0143343794768
254.779145747	0.0138469941164
255.189332251	0.0137921497669
253.168884236	0.014088912221
256.801597384	0.0135522998938
253.427832295	0.0140472480927
254.816658852	0.0138464650336
253.781273124	0.013996047833
256.219617354	0.0136235215209
256.426529068	0.0135947408681
255.007732108	0.013802080126
256.673813318	0.0135568758501
258.387662929	0.0133142305792
255.821141038	0.0136813270626
258.873201695	0.0132051690415
254.729259645	0.0138629867746
258.401244392	0.0132740124012
259.262048374	0.0131860706892
257.196346867	0.0134748025338
256.758438076	0.0135460502424
257.77402262	0.0133958175563
255.804482677	0.0136920542158
258.82254868	0.0132177321411
252.339807644	0.0142498008189
251.85602533	0.0143055243109
254.992202951	0.0138261217481
257.520454848	0.0134275241124
253.780874729	0.0140218509455
257.650231819	0.0134087381485
259.37976882	0.0131863550742
260.179698731	0.0130296574248
258.716573903	0.0132509799686
257.074804263	0.0134912943933
257.812075832	0.0133876047792
259.838216799	0.0130650068746
254.017981944	0.0139850541314
255.362444453	0.0137605464717
257.814074427	0.0133958687574
258.198665251	0.0133206954169
258.821606108	0.0132740143805
258.418426979	0.0133065052317
252.682143084	0.0141880649144
258.142579808	0.0133491581789
257.470764277	0.0134730757474
260.196202844	0.0130235070162
259.660655479	0.0131240857905
255.028885994	0.0137978472529
256.638958249	0.0135583235144
258.052666701	0.0133274591404
255.864501288	0.0136847073476
257.303442748	0.0134699955467
256.914910597	0.0135439688995
258.964471935	0.013201141084
259.057289844	0.0132366198179
259.980668835	0.0130793764484
254.699729664	0.0138768371653
261.206673277	0.0128806501991
259.877176805	0.0131004710512
261.773349787	0.0128001124989
260.744784249	0.0129882617252
259.539007238	0.0131313118964
258.814752382	0.013250980445
259.853873463	0.0130961306684
258.103718773	0.013378584508
255.111175047	0.0138076305421
238.63849328	0.0165947141098
234.030718618	0.0175126749564
250.846665284	0.0144897775413
240.208011403	0.0162930244593
248.853928697	0.0148333365201
236.030439692	0.017121328312
242.907663435	0.0158154707806
253.941595156	0.0139713578214
238.551272935	0.016593531746
238.943767441	0.0165276390417
252.530355261	0.0142312278359
248.104579176	0.0149237604372
251.335251305	0.0144198294317
254.040501971	0.0139496802044
250.082825744	0.0146039429629
255.904223264	0.0136549362741
248.172485743	0.0149061594844
255.810615492	0.0136766304622
253.791360511	0.0140106590132
257.141699148	0.0134665287432
253.696264024	0.0140250018454
259.120153544	0.0131821920127
252.753981988	0.014173034953
259.623025388	0.0131129588448
254.92684879	0.0138552140418
260.123286643	0.0130259090119
255.940371392	0.0137015383475
256.151774618	0.0136477224228
256.067693042	0.0136702595709
260.256037795	0.0130190890044
254.54636319	0.0138929835571
260.642087825	0.0129672456352
256.395065704	0.0136142317606
257.085314318	0.0135069455446
255.975317253	0.013706310871
256.413339517	0.0136076141458
256.0941881	0.0136701015126
260.42031892	0.0129918613068
256.144145989	0.0136482617047
259.600605647	0.0131057872553
256.221087734	0.0136351722881
259.087824428	0.0131743791474
258.96298338	0.0132185240058
260.505071004	0.0129728518542
256.262260098	0.0136231757217
259.877163869	0.0130618932847
260.227227596	0.0130370900612
259.385575033	0.013162827123
258.757857155	0.0132561573692
258.951107117	0.0132296836909
257.408449542	0.0134685915948
258.622114918	0.0132819634877
257.785919568	0.0134277235428
260.954767427	0.0129227538663
259.525853601	0.0131557620631
257.750636851	0.0134002015756
259.158694648	0.0131887619579
258.789255146	0.0132498490198
258.163532847	0.013332082332
261.843715341	0.0127794106776
261.083418971	0.0129152950921
258.427298127	0.0132987610251
261.039241826	0.0129164125103
258.370685163	0.0133108655436
260.485328118	0.0129923825417
261.136944054	0.0128734512576
259.88839299	0.0130785454401
259.280777843	0.0131576081621
261.789203099	0.0128195914628
261.064358617	0.0129213076582
259.512356334	0.0131382426931
259.127389947	0.0132035732593
259.748231309	0.0131114287156
259.925133509	0.0130941049937
261.224015427	0.0128969242694
260.654060627	0.0129554641067
260.734629897	0.0129482293612
259.611169677	0.0131118192442
260.915568421	0.0129223908671
261.310657638	0.0128649437768
262.389142198	0.012745980913
257.723862314	0.0134125495476
261.385153199	0.0128840839651
261.000176393	0.0129340895866
262.079638508	0.0127622729427
261.582251008	0.0128307844291
263.203037454	0.0126423551504
260.736711556	0.0129814321098
261.524169832	0.012867818173
261.730367375	0.0128104262387
263.406113527	0.0125900358323
260.567389515	0.013003303228
262.298709042	0.0127677893283
261.085684203	0.0129290919279
262.339020707	0.0127535251804
261.200618186	0.0128839034544
262.765907331	0.0126848827705
260.394155011	0.0129954497187
262.652630876	0.0126932853619
260.843927326	0.0129341344875
262.749592553	0.0127013380735
260.385035903	0.0129976658595
260.912225097	0.0129465069846
260.982928407	0.0129175793366
261.441085974	0.0128671121572
260.480525357	0.0129967633374
262.625492306	0.0127184785715
260.794799903	0.0129687519447
260.247191507	0.0130465184099
261.143473158	0.0128992325354
262.268634408	0.0127451491824
260.032640407	0.013052365413
262.34643395	0.0127565451486
260.63268288	0.0129898978655
261.54288369	0.0128581673639
260.786420644	0.0129682048915
260.899797072	0.0129469713287
260.64296362	0.0129861674852
261.432356149	0.0128812484146
260.990333009	0.0129153967659
261.814892274	0.0128003592362
259.175557907	0.013202730991
260.963468003	0.0129500177569
261.401166616	0.0128581510479
260.826283555	0.0129516726185
259.379922224	0.0131631183304
261.282132663	0.0128968216955
260.91251464	0.0129282006181
261.599275613	0.0128273983293
260.298233993	0.0130159945241
260.897681411	0.0129609379772
259.673696929	0.0131277264433
261.560152453	0.0128662240742
259.394161625	0.0131702509841
261.697755398	0.0128405910157
258.405814719	0.0133144879386
260.314535986	0.0130204901749
261.616549187	0.0128212396428
261.521969182	0.0128411448172
262.921232327	0.0126455351691
261.806414988	0.0128260572351
262.011881222	0.0127877212586
263.16639435	0.0126303782222
263.338798381	0.0125853806133
263.370509658	0.0126087257247
264.006801596	0.0124899320977
264.472803888	0.012425299049
264.48025257	0.012426573886
262.927650458	0.0126507123835
264.57133911	0.0124077126457
264.326457311	0.0124419688935
263.062137999	0.0126321180608
261.697161017	0.012829726303
261.864284803	0.0128022695593
262.492197782	0.012730013098
262.736436395	0.0126896220401
262.260635841	0.0127360590418
263.190669929	0.0125960005333
264.903105721	0.0123664187492
263.612137396	0.0125533185325
264.424353077	0.0124606137374
265.114776295	0.0123344440055
264.207379737	0.0124591536293
265.317209757	0.0123117314019
263.565862378	0.0125600199917
264.67587373	0.0123907355366
262.384247855	0.0127266666992
263.425572142	0.0125777775499
262.879567035	0.0126731127979
262.276018909	0.0127520535582
263.565798047	0.0125748127148
263.089299325	0.0126307370768
263.247198656	0.0126217149309
263.978511548	0.0124891692041
262.919202842	0.0126490797972
263.767445065	0.0125137628715
264.131790746	0.0124919388521
263.886868572	0.0125070599272
264.030113652	0.0124830528728
263.806275844	0.0125424946889
263.942256557	0.0125230893942
263.676459665	0.0125304292055
264.690380352	0.0123887801988
264.258818342	0.0124697283012
264.69709905	0.0124200289476
264.347745416	0.0124617489582
264.839012233	0.0124005193736
264.585876591	0.0124357228328
264.877581142	0.0123887249991
264.114285721	0.0124910240341
264.644248531	0.0124208539182
264.184303092	0.012468032032
265.087255833	0.0123452814695
264.245238589	0.0124770175392
265.215016645	0.0123490536424
264.551412572	0.0124163693435
265.05718333	0.0123668564527
265.049397807	0.0123711890145
265.385147163	0.012330304909
265.05761191	0.0123658561204
265.347505496	0.0123356233855
265.008105174	0.0123586949821
265.290377244	0.0123207669741
265.643266506	0.0122636430805
265.69487738	0.0122583997587
265.029684779	0.0123641979923
265.305036538	0.0123387440371
265.057015769	0.0123684335394
265.186943378	0.012348051185
264.876514317	0.0123769728607
265.556079309	0.0122799520479
265.565682921	0.0122747503554
265.482093495	0.0122967504529
265.838212705	0.0122400772541
266.170368364	0.0121974062824
265.806067916	0.0122411087799
266.312898413	0.012176041976
265.722181091	0.012253513785
266.090010012	0.01220828937
265.6380469	0.0122759810578
266.307680508	0.0121753541884
265.657358406	0.0122738833438
266.177531801	0.0121956999965
265.971631491	0.01223139745
266.195622505	0.0122001650389
266.147993088	0.0122073982343
266.307327479	0.0121750194929
266.305280642	0.012185027243
265.79047338	0.0122568477884
266.572933832	0.0121478861199
266.099031891	0.0122077927282
266.764613603	0.0121179516745
266.098861889	0.0122088536874
265.979462411	0.0122409023261
266.135661064	0.0122265049563
266.363210637	0.0121986271028
266.561270453	0.0121692523624
266.376698094	0.0121828053661
266.834687213	0.0121057798258
267.06636288	0.0120784413496
266.496470338	0.0121609774391
266.445638862	0.0121585564801
266.053789974	0.0122242043652
266.190398941	0.012222073371
266.321160476	0.0122018576947
266.482860957	0.0121825474924
266.395072204	0.0121831683922
266.97686124	0.0120858399662
266.678161712	0.0121358867949
266.716748289	0.0121305395799
266.741616077	0.0121160543801
266.207779838	0.0121927414868
266.489449278	0.0121511248899
266.939240362	0.0120968426218
266.84165296	0.0121037491828
266.173139185	0.0121931503336
266.321079418	0.0121727537395
266.561527281	0.0121506724902
266.075222734	0.0122054386265
265.915781885	0.0122278752908
266.636490147	0.0121344173679
265.928270218	0.0122248830546
266.401977582	0.012170925196
265.898035804	0.0122286970198
266.192685636	0.0121905021785
266.031577622	0.012222858297
266.327463285	0.0121809101809
266.115282067	0.0122002317879
266.41707779	0.0121656693035
265.783150818	0.0122443746226
266.163329911	0.0122047738632
265.716996125	0.0122535234654
266.2745693	0.0121856229631
266.145277005	0.0122065377603
266.125702796	0.0122025774063
266.160541297	0.0122045531867
266.178163775	0.0122013087165
266.205567348	0.012198218749
266.068881382	0.0122107847902
266.210631561	0.0121963506984
266.039670247	0.0122209564224
266.199434505	0.0121981216143
265.834367948	0.0122417534811
266.13664962	0.0122060095861
265.900388623	0.0122386122227
266.062600582	0.012216461858
265.643189165	0.0122661891901
265.987539019	0.0122267630966
265.698566891	0.0122672887207
265.798380833	0.0122529292393
265.50436635	0.0122832683745
265.848400799	0.0122455274164
265.8322597	0.0122486655763
265.696123769	0.0122670965885
265.640726157	0.0122650740635
265.600834841	0.0122804385723
265.785800518	0.0122539487664
265.7131463	0.012264297948
265.762168969	0.012250438721
265.805189019	0.0122512366221
265.890898475	0.0122392149846
265.579954499	0.0122825138259
265.592875174	0.0122715719553
265.692970438	0.012258361325
265.855732201	0.0122381914087
265.674587161	0.0122596148256
265.857673162	0.0122396989489
265.614877889	0.0122672145933
265.835898636	0.0122406980499
265.565494171	0.0122731798848
265.63996343	0.0122728623423
265.834291934	0.0122461419964
265.766416267	0.0122483456277
265.820115789	0.0122475666492
265.873437692	0.0122348886747
265.605162192	0.0122671948697
265.759056244	0.0122481101673
266.005306485	0.0122200533663
265.651832766	0.0122609454595
265.967593081	0.0122220323272
265.640868604	0.0122620028141
265.917120685	0.0122333378599
265.732261548	0.0122494774054
266.012542514	0.0122146772074
265.827021909	0.0122359800413
265.944644587	0.0122297044638
266.015202289	0.0122196819459
266.0418853	0.0122155685206
266.215398938	0.0121901626517
265.814555149	0.0122377297547
266.302967226	0.0121774445379
266.175992899	0.0121975517188
266.349308266	0.0121700641019
265.980322261	0.0122164170098
266.388444198	0.0121648976298
266.289814715	0.0121792682107
266.287224979	0.012174491639
266.363660457	0.0121687806215
266.200093103	0.0121848153058
266.195954825	0.0121869141161
266.133011355	0.0121932371715
266.13070871	0.0121948598548
266.421798601	0.0121630035441
266.433228998	0.0121626582326
266.51889648	0.012149838782
266.576029739	0.0121427290572
266.753953906	0.01211648465
266.554109149	0.0121376088479
266.83564606	0.0121031801114
266.793212781	0.0121132746822
266.960101277	0.0120858977653
266.765495336	0.0121091307237
266.843982493	0.0120987625471
267.073747383	0.0120735545674
266.854992834	0.0120972675667
266.866137996	0.0120957389008
267.138209339	0.0120665860156
267.192866535	0.0120589070353
267.019889441	0.0120835774952
267.261312237	0.012048545107
267.058176826	0.01207333487
267.259682448	0.0120499345798
266.965323489	0.0120895459593
267.197116413	0.0120527336248
266.981304782	0.0120879045459
267.312474949	0.012042810535
266.915995982	0.0120914433291
267.369268962	0.0120356833141
266.960764541	0.012085085985
267.208030792	0.0120517701841
267.115501342	0.0120685807479
267.306426763	0.0120453448284
266.931540273	0.0120896292514
267.433889153	0.0120271939378
267.099400806	0.0120697207768
267.398307344	0.012030506164
267.124213376	0.0120658166002
267.297623008	0.012040199316
266.991601222	0.0120823892957
267.513265437	0.0120178774585
267.195292239	0.0120611019027
267.489278505	0.0120164827902
267.18452879	0.0120593510237
267.419272273	0.0120244599361
267.178403699	0.0120587077078
267.570573548	0.0120100262839
267.203539061	0.0120586405546
267.626534399	0.0120011589225
267.166061778	0.012058916972
267.566680369	0.0120087440467
267.296165525	0.0120433800325
267.467629206	0.0120181232459
267.274627388	0.0120447701517
267.601883456	0.0120028315181
267.305570677	0.0120415767384
270.44452131	0.0116354834892
272.066044179	0.0114258635147
273.632824039	0.0112330253743
274.723572371	0.0110943579001
275.752825327	0.0109694554192
276.623461508	0.0108630369544
277.431549463	0.0107645103574
278.151465117	0.0106764648009
278.845980874	0.0105924668338
279.392261387	0.010523383382
280.081812158	0.0104439561294
280.637654688	0.0103763171976
281.257343557	0.0103067434817
281.729604171	0.0102477831625
282.371380859	0.0101776894308
282.923877352	0.0101134690297
283.453370828	0.0100546489318
283.943616834	0.00999730290177
284.406621545	0.0099446958573
284.874072118	0.00989168871489
285.288595595	0.00984588949447
285.741941647	0.00979610287194
286.145700058	0.00975227645202
286.50058458	0.00971505918007
286.840167018	0.00967465145016
287.203212803	0.00963963375106
287.439840104	0.00961431847875
287.738836505	0.00958367684905
287.877469667	0.0095708826975
287.839459055	0.0095731623461
287.705297606	0.00958690980237
287.422038337	0.00961648601193
287.088455494	0.00965405972719
286.712937055	0.00969485890243
286.184470184	0.00975439620623
285.5545261	0.00982318276297
284.976988756	0.0098901094559
284.089165522	0.00998732452192
283.37164166	0.010070937324
282.526528651	0.010163982307
281.921214656	0.0102360453582
281.162005694	0.0103211792323
280.604746869	0.0103890707015
279.923488754	0.0104658352023
279.429523389	0.0105268609402
278.848574546	0.0105921395667
278.468646825	0.0106377403493
278.250739095	0.0106679052214
277.840545977	0.0107140339628
277.592505188	0.0107462035533
277.189782868	0.0107937299881
276.949443341	0.0108239343926
276.948615059	0.0108237427683
290.618467538	0.00929066028899