100	-0.04507	0.0	0.999911938385	8.80616151083e-05	0.0
104	-0.0341	8.66367130247e-14	0.700505801152	0.292633038271	0.00686116057733
105	-0.03809	0.0	0.0	1.0	0.0
107	-0.03916	0.0	0.0	1.0	0.0
11	-0.09578	1.0	0.0	0.0	0.0
113	-0.04422	1.0	0.0	0.0	0.0
114	-0.004406	0.0	0.0	1.0	0.0
115	0.01179	1.0	0.0	7.81351934794e-59	0.0
116	0.04975	2.49877999984e-240	0.976364471314	0.023635528686	0.0
117	0.02967	0.0	1.0	0.0	0.0
118	0.06102	0.0	1.0	0.0	0.0
119	0.08977	0.0	0.000431764227694	0.0	0.999568235772
121	0.09856	0.0	0.0	0.0	1.0
125	0.1838	0.0	0.0	0.0	1.0
126	0.4935	0.0	1.0	0.0	0.0
127	0.6282	0.0	0.0	0.0	1.0
128	2.264	0.0	0.981224701148	0.0	0.0187752988522
165	-0.09007	0.0	1.0	0.0	0.0
166	-0.08846	0.0	0.605530197714	0.0	0.394469802286
167	-0.1198	0.0	9.33066462994e-05	0.0	0.999906693354
168	-0.1099	0.0	0.0	0.0	1.0
17	-0.132	1.0	0.0	0.0	0.0
170	-0.08372	0.0	0.0	1.0	0.0
172	-0.07277	0.0	1.0	0.0	0.0
175	-0.08418	0.0	1.0	0.0	0.0
176	-0.05825	0.0	0.0	1.0	0.0
178	-0.06056	0.0	0.0	1.0	0.0
189	-0.02466	0.0	0.0	1.0	0.0
190	-0.02232	0.416428823983	0.0	0.583571176017	0.0
191	-0.02441	0.0	0.0	1.0	0.0
192	-0.02094	0.0	0.0	1.0	0.0
193	-0.02555	0.999999999997	0.0	2.63607171867e-12	0.0
194	-0.008338	0.978757266788	0.0	0.0212427332123	0.0
195	-0.006823	1.0	0.0	0.0	0.0
196	0.01773	1.0	0.0	0.0	0.0
197	0.02234	0.0130322570648	0.0	0.986967742935	0.0
198	0.05606	0.999575190164	0.0	0.000424809835796	0.0
199	0.07287	1.0	0.0	0.0	0.0
200	0.1043	2.32420141402e-81	0.0	1.0	0.0
201	0.07082	1.0	0.0	1.77043150097e-209	0.0
202	0.02486	0.465409804363	0.0	0.534590195637	0.0
206	-0.005208	0.791018445353	0.0	0.208981554647	0.0
207	0.00177	1.0	0.0	0.0	0.0
208	-0.01649	0.0154675652157	0.0	0.984532434784	0.0
211	-0.01766	4.4590751056e-32	0.0	1.0	0.0
23	-0.09169	0.434778387793	0.0	0.565221612207	0.0
24	-0.08041	0.0	0.0	1.0	0.0
25	-0.08745	1.0	0.0	0.0	0.0
26	-0.09022	0.0	0.0	1.0	0.0
39	-0.07821	0.0	1.0	0.0	0.0
40	-0.06554	0.0	0.0928559588804	0.0	0.90714404112
41	-0.04079	0.0	1.0	0.0	0.0
42	-0.01068	0.0	0.723179394844	0.0	0.276820605156
43	-0.02225	0.0	1.0	0.0	0.0
45	-0.0324	0.0	0.492661530211	0.0	0.507338469789
46	-0.03742	0.0	0.998946780864	0.0	0.00105321913603
47	-0.01548	0.0	0.0	0.0	1.0
48	-0.02069	0.0	0.516681660688	0.0	0.483318339312
49	-0.03902	0.0	1.0	0.0	0.0
53	-0.06195	0.0	0.0	0.0	1.0
54	-0.04114	0.0	0.505665786215	0.0	0.494334213785
6	-0.06615	0.0	0.0	1.0	0.0
61	-0.06199	0.0	1.0	0.0	0.0
62	-0.05358	0.0	0.000369332673043	0.0	0.999630667327
63	-0.05458	0.0	0.0	0.0	1.0
64	-0.06642	0.0	0.0	0.0	1.0
65	-0.06144	0.0	1.0	0.0	0.0
66	-0.05837	0.0	1.0	0.0	0.0
67	-0.06312	0.0	0.0	0.0	1.0
68	-0.06783	0.0	1.0	0.0	0.0
69	-0.05809	0.0	1.0	0.0	0.0
7	-0.08396	0.0	1.0	0.0	0.0
70	-0.05611	0.0	0.0	0.0	1.0
72	-0.06022	0.0	0.0	0.0	1.0
73	-0.05376	0.0	0.0	0.0	1.0
74	-0.05476	0.0	0.727361609816	0.0	0.272638390184
76	-0.05852	0.0	0.499162161535	0.0	0.500837838465
79	-0.05321	0.0	0.0	1.0	0.0
80	-0.05343	0.824724531693	0.0	0.175275468307	0.0
84	-0.121	0.0	0.0	1.0	0.0
86	-0.1007	0.0	1.0	0.0	0.0
90	-0.05758	0.0	1.0	0.0	0.0
91	-0.05626	0.0	0.0	0.468483982377	0.531516017623
92	-0.06393	0.0	0.00131168179289	0.0	0.998688318207
94	-0.04876	0.0	0.998501585952	0.00149841404846	0.0
95	-0.04993	0.0	0.986194914648	0.0	0.0138050853518
97	-0.04549	0.0	0.44702677891	0.55297322109	0.0
98	-0.04134	0.0	0.989233018482	9.17300372915e-05	0.0106752514802
99	-0.04406	0.0	0.0197628239497	0.98023717605	0.0