-80.2639733219	0.597092570638
-15.6883656245	0.286301127071
-27.870797978	0.326625495817
-28.7576504754	0.332089908023
-1.98071213968	0.247246111719
-62.1409647678	0.486319878401
-25.7131916582	0.324057764188
-57.8526709858	0.462637557901
-82.7318072403	0.614569484647
-73.8788742517	0.553980821617
-30.0660151997	0.335648696816
-18.7105435568	0.286528615106
-20.411303134	0.30514579542
-3.86618248066	0.253571764563
-13.8159589461	0.268691310461
-8.00650578771	0.264996396797
-28.2253191249	0.33245109148
5.53033259564	0.226157706605
-20.1304814648	0.29427554964
-22.8787750107	0.301191204909
-48.6234456578	0.417973403777
-81.0617103552	0.603850985074
-73.7851327806	0.556538858738
-80.8156304076	0.602351557226
-75.5784902608	0.568753247733
-65.3319428407	0.506067697659
4.10819414753	0.231267957354
-41.7251695054	0.38167679088
1.16352874839	0.238535308797
4.2906469756	0.231896160345
-16.1706537421	0.290628811035
-5.29964145658	0.25725467331
-62.9404822378	0.493465277671
29.4782048844	0.173607733177
-23.8580077074	0.317917238496
-23.8459607029	0.315043290091
-22.2915933029	0.304610602508
-18.0127380085	0.297659886495
-10.8048894054	0.273933466294
-39.7183034183	0.376953305585
9.61029203032	0.218548524295
-72.4651389408	0.545088081387
-47.8946991634	0.409832825104
-44.9036400086	0.40293161179
-65.2591179547	0.503848569916
-23.1899306234	0.310034578551
-60.2586627625	0.473032600318
-17.1691804846	0.294494171651
0.711860689171	0.240248093478
-13.2491155815	0.276407254169
-72.9052676997	0.550926586222
-39.5628124393	0.377786756355
-22.828276555	0.310961625155
-22.9919899048	0.302100224726
-23.0475799583	0.314368516729
-14.5104556619	0.276597099486
-17.9040849591	0.29668467145
-9.60919774207	0.258701308698
-28.7774127596	0.328896990869
27.9916256197	0.176384714604
3.04918905366	0.233865465402
16.0044754769	0.203266134221
-0.881660069194	0.245735514699
14.9192570063	0.205825922916
-42.8539559168	0.393496567364
-2.05900739437	0.249091123509
-9.3805203103	0.270452116691
21.7313002014	0.190572442512
-18.9826855482	0.295291921851
-19.1725679798	0.294882505852
-24.8645703637	0.31560432802
29.1219736686	0.174431383258
-11.1010324834	0.272090981313
-23.4579597319	0.305259925856
-0.594710379963	0.242643724012
-42.598206189	0.392614602677
-2.57568029847	0.250537398192
37.2144977276	0.15957038891
-8.90383902983	0.266037786752
4.02179594396	0.230844640626
-18.2525432021	0.287800674251
-19.7627328678	0.302247894573
-30.7395418161	0.33800746308
-5.68491135868	0.259301304788
-20.2430770223	0.305278182473
-34.6224587509	0.355648057312
-11.0997157147	0.275654779088
-5.97723993864	0.248105538782
-16.2087596956	0.291642279538
-3.72078124816	0.253734193199
52.797531165	0.133684427958
17.8377043039	0.198524121308
-14.8566636213	0.275895474977
6.27134066154	0.226194706765
-35.7293515377	0.361783421675
59.9705766168	0.122871009913
7.12201236056	0.222703838411
8.56926757129	0.216978788101
30.0305782403	0.171522540845
-1.51067433664	0.239436522685
-10.6679117429	0.268665939594
-18.9731175978	0.291779019915
-11.5435829548	0.269716555612
36.9960312585	0.15971130123
-26.0836682976	0.322330797556
5.13399284948	0.227741363336
-15.37342798	0.279164058902
20.0710459901	0.194145291469
-14.6049986472	0.285842600735
-16.6056850431	0.2929379412
-11.9554259833	0.268142370549
-25.8799257815	0.316054305412
0.986244792121	0.237339688348
-11.1806036677	0.266069754379
9.42771229367	0.21352641619
72.2357566943	0.106703928161
-51.426578937	0.428387381166
0.0990852641618	0.232211355123
-5.33171677575	0.257518072412
81.0664685633	0.0970569503774
51.3052969473	0.135004937639
-22.5121719099	0.304735283579
25.8137265499	0.1786546668
-24.5144164533	0.314218200186
-7.33534764252	0.259712382504
44.9130909489	0.146421573743
63.9341457744	0.117096116623
-1.28472954204	0.246493541609
26.4802625106	0.180317876235
6.69013827047	0.218747278107
12.175986349	0.21140732368
-19.325939055	0.2940632424
36.6752584862	0.160697980717
3.30608666233	0.233740255766
14.9798110017	0.204637400325
64.5831522564	0.115933930105
20.9426555895	0.188086285058
-11.0255055843	0.271475198997
65.2261737471	0.116327358651
-19.8070869468	0.303475264716
81.9730813098	0.095844476904
35.5182995394	0.16276414276
36.5485652109	0.158459555378
-23.2820704915	0.313319063547
-17.6540276651	0.285877956231
-2.51969911696	0.244576515928
13.4750142451	0.203302889193
1.49439712204	0.228251833359
22.7003980781	0.187392231261
-29.5471660529	0.335413291191
64.5556391002	0.117214401971
-19.1685218305	0.293781002852
-4.4525268413	0.253346653837
14.66597897	0.203340577955
50.7688753532	0.136321359846
23.9267730342	0.184640557946
-17.4905246853	0.292892237331
-1.34131198314	0.237073014344
-5.42947070004	0.258317423852
3.43506497249	0.229366116071
-13.9168010836	0.276961199728
7.94490777557	0.216661869514
-23.4352551619	0.315735886999
-28.0937605518	0.331787859666
14.6164695113	0.2007122226
42.0248385962	0.151129247325
24.949250472	0.182511764244
19.3993638636	0.194857551949
95.437719586	0.0825941179078
-9.3732485942	0.262565359064
-25.314124558	0.316553461019
-10.0009164913	0.26384047537
25.6380426783	0.179122207515
33.5910779185	0.165944159254
-27.5319057522	0.329940776815
-2.18189416001	0.248983446009
9.83082356529	0.211748834758
49.3046533457	0.139106171195
-9.0713269478	0.26104382204
1.91873405914	0.233449390431
51.9323890238	0.134958919709
2.10813848749	0.233433732612
-0.213976634514	0.234219913338
55.4723249791	0.127863784189
18.8019289395	0.194571098589
25.4692082649	0.178193521697
18.212639374	0.195622418329
12.3422933508	0.208384492578
-36.3785067449	0.363199739192
77.507177057	0.101327431841
-1.05834757497	0.239192485897
-3.09564887385	0.244222810989
-0.554945916089	0.240344065335
20.577474964	0.187174855038
24.3192682129	0.184442339204
12.305422322	0.21066018959
-0.520587694135	0.238041171076
-0.163266167844	0.237890499113
-24.6675918936	0.315077087312
11.7743851288	0.206870131765
-4.17882988769	0.25107523523
28.8069372917	0.173564543008
11.5551266016	0.212567707318
71.693472941	0.107429712957
19.5203175132	0.191470251158
11.8326552191	0.210481671428
33.9457556753	0.165077080532
3.16604934748	0.230694710492
28.6102560659	0.174402373763
8.93660481343	0.215591126836
-26.6372259936	0.321419631298
11.1433462661	0.214285694541
-17.2449335464	0.291448681762
10.4984234789	0.212120664759
15.3596728644	0.201178486915
12.2476953047	0.203438104932
7.88884519641	0.217789445634
3.05074856436	0.234577539232
54.3493907347	0.130848633069
56.1973896303	0.126269609719
-3.61923893008	0.245961129283
-0.736075924239	0.239980777727
28.1302933795	0.172280723397
-3.33206981396	0.247300143068
-5.68650489839	0.248888620227
44.8962860355	0.146377829793
-4.27372794029	0.245005300659
17.4670631409	0.19587968239
15.7454553905	0.196045065674
63.9892158482	0.118189347904
101.217492133	0.0772992537908
3.35130904159	0.228819670943
-2.02248951814	0.241097566035
26.0280718952	0.176943344989
59.4526807111	0.123281148939
9.36278077499	0.217283371967
-23.5431583455	0.313166851894
14.2707532073	0.199468246813
-14.907091201	0.281432995033
63.4992930149	0.117793770186
26.5787696931	0.176004222601
76.7756621009	0.102509555689
6.72196546816	0.220895688245
28.2419444755	0.172406348466
-12.854521382	0.274555939783
96.5016677873	0.0821488464638
92.8905020279	0.0841448330613
22.1026097319	0.189023552172
0.0779600589675	0.235175178718
-8.16771205511	0.260860425287
86.391446393	0.0905975262898
18.462301	0.196470030314
121.252695194	0.0613831775761
77.9922180394	0.101060978686
56.3350089225	0.128642635452
11.3435020394	0.210504791343
1.70044070783	0.231327431971
11.6374312447	0.205303548554
-5.50416307087	0.249351091493
65.3038584616	0.116259170863
65.7603363318	0.113421020619
17.6575109756	0.193978250041
30.9777663475	0.169491325088
-16.5217223041	0.282960074666
14.2447823597	0.20576601067
18.8486608213	0.193969347405
45.3725388695	0.142602818934
53.1394103882	0.133340259834
41.9306445378	0.151018013708
0.0447478536145	0.236271770757
43.9980343341	0.146978632567
32.8417628439	0.166832292508
39.8736722157	0.151475097296
34.6001550417	0.16339236668
80.8276802108	0.0956584871345
17.5396045276	0.197130813275
102.201893327	0.0769426899351
1.7228606792	0.231222455004
64.3603216933	0.116779371884
76.212503215	0.101663068947
101.696568177	0.0763724657242
65.5426065343	0.11571852834
7.8582658725	0.213775583964
26.9667875453	0.178394969375
11.9901817749	0.209613573252
98.3223232168	0.0796481121364
1.40418073709	0.238096892406
10.8798631384	0.206856940559
68.4599888408	0.112022955276
79.775676993	0.0982821982219
68.7235809334	0.110982381928
56.7677884323	0.126519909136
-4.50904448136	0.253033879251
4.26927274151	0.226507182491
6.73395764043	0.21669319546
46.3248931148	0.142195805133
21.6373745969	0.186030839061
0.124510230671	0.235805190338
103.886890344	0.074490754976
69.0697060462	0.111754452345
3.94335354649	0.227392477253
56.3124873139	0.128369032997
57.1068535391	0.127713585884
71.4873297958	0.108804956597
14.1652611883	0.199417818622
1.84138494242	0.231118481772
25.5286615445	0.179484614369
26.3499845499	0.178271183534
15.363148558	0.196740728442
-11.0931465282	0.270956701329
44.8949548683	0.144630604598
40.2589185512	0.15336303874
43.0815064989	0.146140583994
48.3776819833	0.138030216222
2.75640726647	0.230074048009
97.560340656	0.0796263532567
25.4404193911	0.176606530145
-3.3476345952	0.245980701812
75.2870744955	0.102620391331
82.8226556254	0.0957951057973
76.8275698382	0.102544259975
20.1501278339	0.190715776477
85.3300786228	0.0933018548429
66.6977135599	0.114018991532
15.4374074027	0.196747450209
18.4252946084	0.19026108218
52.927367527	0.133706226131
11.8736387608	0.210110975997
42.27361962	0.147408074821
1.25669686858	0.236656282643
65.4642193533	0.115102791566
11.8837643265	0.208626462028
42.4875549958	0.147122329521
34.2486640405	0.160851517098
26.6404354363	0.176894266632
9.4094983614	0.212811895365
28.6986966262	0.174906353804
17.319920866	0.199292572628
63.1407549494	0.119155591067
53.9982158374	0.131792450434
36.8150042633	0.159957870268
44.5564010015	0.144450801381
96.9275574733	0.0818291367782
106.275128036	0.07226298949
99.733698882	0.0791630315998
19.393687435	0.193525731223
6.86873678721	0.216885923276
29.7050895123	0.173387974347
54.8792522505	0.128040394287
58.3385549853	0.125860972841
65.2491322352	0.115279088204
106.643646658	0.072532023896
54.4514552091	0.131022901446
103.207229762	0.0763354087265
69.2923220046	0.109253529202
35.0902356961	0.158875138778
36.8958221218	0.156203606239
34.2980265226	0.161879410705
14.1642593419	0.202492737689
38.4244816867	0.157207448558
72.1935025987	0.107950555675
12.1376835386	0.207517988758
17.2386177326	0.193869123268
51.9410454374	0.135197902516
38.0679620299	0.1563357557
11.8899756582	0.208180644666
83.4838926227	0.0952087635766
45.7935106484	0.144053560637
28.3362404522	0.175827855684
68.4160888447	0.112159846253
106.175591203	0.072266371364
134.88738221	0.0530884704681
17.8662520755	0.194384173675
109.311847291	0.0704086890188
80.7220467245	0.0966039864856
19.0661814187	0.191928184023
24.0374472914	0.180758561048
36.2179283868	0.157499191183
88.4939720737	0.0882510115327
83.5831027976	0.0944195183422
33.2441516864	0.163652340418
57.3155198588	0.12712927251
46.2622585835	0.141196305729
53.0040357998	0.131494732935
37.4569546938	0.156105053139
17.7023478125	0.194678336393
79.6569010146	0.0993826120439
43.9287501458	0.146605337828
12.9543414859	0.2037585993
95.0916852398	0.0836939037821
111.340612545	0.0696537392734
106.91382803	0.0731878318311
86.0928924641	0.092503626479
13.0928844226	0.203182785364
129.60593771	0.0561914779126
19.1151552927	0.189146724493
27.3627574759	0.17537336378
15.4876837539	0.198310782309
18.47569133	0.190502466129
19.2521675485	0.189548580538
71.0660383764	0.106928032169
46.300554857	0.142310434187
51.4504932764	0.134810470024
100.466306818	0.0769188299688
83.2922471247	0.0934301988435
19.3291609603	0.191707662872
33.2909663281	0.163862371829
5.53046985364	0.221783297062
91.6150570256	0.0869616027254
14.4766330079	0.199299052719
96.850049174	0.0819188038566
87.5639499734	0.090985344525
35.7782722224	0.157586953346
93.6714566187	0.082929810574
36.362563672	0.156629103225
37.0412547188	0.157019360192
103.837333943	0.0755518810225
74.2730738522	0.10541014864
108.727571634	0.0701549554284
109.270840077	0.0701094509522
54.6724910295	0.129751138648
118.793712073	0.0626652536718
57.3750519098	0.125282426288
72.7108798273	0.106816568138
125.266600165	0.0590711805258
52.3266732701	0.131848436794
108.881159451	0.0716081762233
87.6146140656	0.0899368678572
99.7902945828	0.0788298591601
68.1223578925	0.111897053249
83.5314132738	0.0931720967387
90.0016535302	0.0864915859906
109.186327075	0.0701591413571
94.6925706603	0.0816859304414
35.3405691335	0.161200161477
13.9975593304	0.203159501974
86.4316352839	0.0920751491295
81.1500094035	0.0963226867786
78.9431724341	0.100137235985
9.16318922598	0.213208344594
34.9910223389	0.159321415821
54.6045777281	0.128832415304
68.0780553901	0.110167968718
44.944275444	0.144313212943
91.950668067	0.0844821911479
73.1775598726	0.106623615219
11.8124523624	0.208429996957
51.9244278789	0.134690631066
61.8251314407	0.118455496826
109.457327422	0.0705842862573
131.311245199	0.0549732982016
96.2623935521	0.0819404497135
146.190003194	0.0462491890099
81.5800997619	0.0971679934588
79.8267030852	0.0968119745985
110.979343477	0.0699010036984
58.5763164863	0.122937576132
66.8281662448	0.112964477448
106.882858113	0.0732867549938
41.366620436	0.152113983446
66.4988032311	0.112218155248
47.3122910117	0.14217510674
119.165734776	0.0629960056656
124.301002121	0.0590195519378
61.7052336007	0.118531167032
81.7062284838	0.0958819090878
98.9412740564	0.0800940624256
63.1448547469	0.11669916071
99.6117313158	0.0794490386409
58.0469767374	0.125805170097
91.9608501989	0.0865830627509
75.6069311574	0.103945250594
85.5899616515	0.0928340368158
116.252182264	0.0658622102337
77.1550820666	0.101866652222
58.7989493761	0.122124086174
40.3537558811	0.150561626903
132.166102531	0.0546314183961
103.212245564	0.0762910057753
126.772205198	0.0582006070866
71.4161520298	0.106974190621
49.592634986	0.135665718118
54.3581699687	0.130649753316
90.0731725605	0.0872343710625
61.8486685068	0.118355650113
77.5094498165	0.0999210004848
89.6644807813	0.0888949872269
76.657590254	0.10247070893
84.3401505971	0.09417784652
79.9759961879	0.0985019947479
59.5732548868	0.123349626243
55.7619386973	0.126990981983
69.5355174868	0.108354362707
85.2090683606	0.0918144500096
68.7998414563	0.109317319396
67.9918680054	0.112897725883
109.255613771	0.0702543138639
62.3461651697	0.117703661352
85.2690793802	0.0933785181549
68.0122087042	0.110290068945
71.8702639223	0.108146322579
39.9507151858	0.150245131425
78.8939768809	0.0981998209147
72.2269856318	0.105202063285
140.929242847	0.0493356721508
62.1048064636	0.120363912925
126.145259854	0.058452040151
101.492668142	0.0764187489652
73.8833939606	0.10563411369
75.3682988031	0.102422867702
52.7614209865	0.133011915408
24.8075768138	0.177763754995
39.6367340472	0.15199157756
75.7899041196	0.101368819367
47.449624662	0.139698327396
78.5676187752	0.0979873644913
102.336750018	0.0770360598357
99.3479401854	0.0777505642271
27.216215825	0.177163350442
115.3873292	0.0662827752604
119.169468182	0.062665732286
48.8889496697	0.136070989379
73.3482501733	0.104312903575
59.568841053	0.124232220947
51.9079358844	0.135009293554
118.970019161	0.0625298327767
92.4407477851	0.0840189786119
46.8266405438	0.139312172404
56.0967347121	0.126086338711
63.1256172661	0.116524556572
79.8071904642	0.0973579597828
79.4729686199	0.0996318128434
110.736033221	0.0699637492697
51.8931879033	0.134175962648
69.5806046954	0.110644310305
117.06594925	0.0651015933726
121.383344978	0.062022884522
38.2831203786	0.155528437242
113.088555311	0.0673465031358
67.1543783637	0.111421102553
79.5229106539	0.0975525835204
73.9399748076	0.103221581075
71.8125068311	0.107994320394
85.7534743326	0.0925737726366
63.5334008912	0.116196400556
65.7905476034	0.113127531617
61.4932739844	0.118911886697
65.3252615324	0.114600981396
66.1922844555	0.112731944789
66.9862806758	0.111728477959
69.2162726087	0.108793695867
86.8593650699	0.0898349743166
82.7427363338	0.0937491987655
33.0483410804	0.163748884823
32.4413658972	0.163554800251
74.3485430202	0.102604114832
119.446827454	0.0623173854974
82.0343841355	0.094640780554
40.319040613	0.151164419214
80.8900212753	0.0966466699155
80.3018904843	0.0965731602428
99.1161302692	0.0777978483054
143.545997589	0.0476757581775
68.4757293953	0.11198336126
109.438415129	0.0694269120337
63.7476013792	0.116555137085
83.7446048293	0.0928641477455
100.741980876	0.0781463471447
91.7992005168	0.0866195870097
104.006898006	0.0738763908712
58.0493284789	0.124482153022
90.0758181167	0.0864080857651
124.67103185	0.0587180865225
127.789184127	0.0570357944008
154.010902176	0.0424186040019
82.7356113236	0.0939212003632
148.175628337	0.0457750435384
106.081034031	0.0738373144286
137.035950923	0.0515726671852
122.625818132	0.0606444190746
117.101565249	0.0643043828895
113.052067567	0.0665359641213
101.464847589	0.0758056453517
116.315763472	0.0653560974033
106.675000635	0.0723989821457
53.8832318326	0.129748244957
58.6382192398	0.122696429696
70.9402243502	0.106772217728
61.2018952749	0.119157001024
142.248997043	0.0485352263812
66.6559708691	0.114108464624
106.144231255	0.073797417999
57.9713281667	0.124053998025
70.866054586	0.106825503297
118.1334589	0.06315318608
120.566616895	0.061480505964
82.3114097455	0.094811171043
75.6514936861	0.103613826648
96.839459107	0.0818097402987
86.2407191274	0.0903736797894
111.747616772	0.0679091404699
94.7809940609	0.0820156639268
123.239103637	0.0600367034415
64.9463078	0.11702490769
71.1555939058	0.106916597323
89.4146955371	0.0890636253549
117.636637926	0.0647213035232
92.9100787326	0.0835039698597
132.426669975	0.053953977466
73.5205841887	0.105090582213
95.4912581618	0.0832482979522
64.3788901901	0.11542044704
127.948169186	0.0570167137521
155.978289617	0.0418093420647
87.8557932064	0.0885797917457
87.6673583764	0.0888312249131
134.416138596	0.0533016143566
119.933463545	0.0627978202409
112.404011698	0.0678081696402
180.318262013	0.0319330663327
164.078206034	0.0382670211822
93.6769298956	0.0835439674519
67.6607690755	0.11094606505
52.4639930418	0.132167511525
61.6131166387	0.118922505945
66.2186147912	0.112652286364
63.1823115275	0.116891925528
61.210002284	0.118906419257
71.5660445605	0.10609479552
68.1566629838	0.110097240177
74.6993296845	0.102445102133
95.6670410747	0.0812813792054
75.5605065886	0.1014530683
88.980522132	0.0874349323081
95.7986308303	0.0827736505363
155.758818334	0.0417786175796
140.836813167	0.0492602779978
116.253228934	0.0643196049016
82.2175940185	0.0943689389164
96.9920292152	0.0816939097455
120.276623967	0.062867699889
127.092492368	0.0577478434027
80.6969709393	0.095948093772
118.975230565	0.0635302317504
112.499374198	0.0673731537147
105.125698896	0.0747189082644
95.3155246111	0.0832324306961
99.0501531336	0.0785885147001
93.5099335761	0.0830491972015
120.166030673	0.0630247870645
114.6702315	0.0665007846686
102.360153102	0.0770221567753
171.861558555	0.035001552655
95.6638825143	0.0810995772249
117.400780119	0.0650484288873
95.1574992365	0.0834040269953
147.983247666	0.0456239449876
140.367655257	0.0501297444157
140.531413562	0.0499868480537
152.08324735	0.043618593737
104.44090817	0.0740166698314
132.9779856	0.05419606426
116.585999522	0.0656632143285
116.256216588	0.0647136246717
113.726953785	0.0662690349503
163.199583192	0.0385818088179
130.611610503	0.0551826162852
57.1379476006	0.127417439762
83.1541628087	0.0953532332983
162.328348723	0.0388913495169
124.90517514	0.0586537384223
72.6413228657	0.104705450991
58.1325642725	0.123190484051
149.760405819	0.0447832910635
114.155004234	0.0671188727303
95.842041638	0.0815491640779
97.8303337795	0.0802466645313
120.515448344	0.0619729279726
162.703174597	0.0388209394285
155.672036024	0.0421858574479
139.913907693	0.0500989333463
130.974469514	0.055807407181
127.25290954	0.0575008917956
79.6304057732	0.0975796273592
123.300459337	0.0603136052103
95.6476411485	0.0831017670639
135.147552853	0.0527894024084
91.7015661862	0.084971922859
119.90739851	0.0632116032481
137.747153774	0.0511932682196
87.3532712857	0.089036439129
132.164238487	0.0547532254917
94.3404263749	0.0843428163725
102.666928861	0.075627544049
153.298720045	0.0430412604349
153.913523787	0.042959299914
133.391941659	0.053977226082
134.564900592	0.0533035170452
93.2639878114	0.0832643177777
127.0580122	0.0580492615349
77.5462890332	0.101738949614
80.7836209067	0.0961353356409
111.201508595	0.0697623868366
118.977692178	0.0630755887025
145.941230602	0.0468618365451
115.66248516	0.0661965646292
145.105912181	0.047460180132
125.803865412	0.0591448899897
141.180448059	0.04961069916
107.412817769	0.0727818108629
111.625514254	0.0694624277319
168.802930224	0.0363487697296
143.849710061	0.0481984087177
103.788339917	0.073872656173
150.929056961	0.0445120728231
106.858511265	0.0725650816344
105.515539273	0.0743584197663
144.485496018	0.0474243675236
115.914628002	0.0647527580624
117.658874466	0.0640995729099
139.074793268	0.050422406412
105.484096883	0.0732132835317
164.70664164	0.0381197791592
106.333617402	0.0717975661359
123.78029026	0.0603459185768
166.552201657	0.0372725818689
101.410497065	0.0777926620994
84.3978874764	0.0940322851626
145.80890211	0.0469816978345
111.54122598	0.068347301231
124.090169028	0.0594651152163
142.215006508	0.0485054313574
123.177993828	0.0604222896226
159.456457255	0.0403396016939
114.405416415	0.0660434568205
117.03665573	0.0644311824694
166.769606513	0.0372205826517
129.019089562	0.0565296990846
176.492423547	0.033400242267
182.993686006	0.0310746371196
163.407649899	0.0386125590285
150.459670666	0.0446177299336
136.765619448	0.0516193892302
109.550340361	0.0708159290428
120.310888153	0.0618987706003
171.091958581	0.0354705437564
103.734415785	0.0749763572179
107.40071371	0.071857892835
101.542392969	0.076234787758
147.26189233	0.0463246128284
134.564489774	0.0530584222839
160.965060991	0.0397394267791
137.375660023	0.051719878187
110.872563644	0.0700524116146
145.480068706	0.0472354507545
122.374961698	0.0613600848428
102.735799315	0.0767416818446
150.398025809	0.0446579754856
147.093963634	0.0463608378482
139.051724823	0.0504455556076
113.049667242	0.0672043011529
109.129912545	0.070337870569
100.029245188	0.0777179780231
137.791807004	0.0511747969698
126.920259132	0.0577366661032
137.350515898	0.0514289182636
155.291528222	0.0422731281241
126.311071471	0.0580866965138
162.598572197	0.0390219568211
139.709475761	0.0501292710538
143.637200161	0.048126700142
131.469355554	0.0550063627566
139.151145499	0.0509173252157
147.315460583	0.0461458850636
128.72742955	0.0571310594966
168.728372763	0.0364363612118
139.942186111	0.0504352124515
144.615865167	0.0477283878343
126.82736843	0.058496147932
171.248139371	0.035443279225
134.796353192	0.0534157443149
133.784733035	0.0540316767945
144.542917304	0.0478871453449
145.8199374	0.0471458995682
140.528261095	0.0500966084704
156.402887141	0.0418028028289
138.427719356	0.0512722780623
136.33077849	0.0524707535607
139.560531122	0.0505891424673
145.99661463	0.0470839638456
140.533566934	0.0500565788562
162.821294277	0.0389168564793
147.094253439	0.0464816860464
148.280422238	0.0458477278021
165.445976127	0.0377818307841
164.165237975	0.0383417174288
142.360941627	0.0489706188294
158.442694366	0.0408482287668
151.292091813	0.0443034578046
150.306352309	0.0447845563572
136.228847645	0.0525686948527
148.337295289	0.0458893386236
123.597007358	0.0606466466059
170.034329833	0.0359137201364
172.545506833	0.0348096328412
160.811907713	0.0396758688669
130.876869007	0.0556345687924
152.074382432	0.0437266181677
127.108456614	0.0580753026931
146.857592336	0.0464765733279
140.243875523	0.0501445521737
140.632106596	0.0499664970206
158.506897679	0.0408430024652
137.009412534	0.0520400426049
174.391692163	0.0341959220492
160.482289051	0.0398953474649
164.801316285	0.0380614283104
181.283452348	0.0316301052002
145.227576294	0.0474070252199
168.154560826	0.0365671223684
135.684135692	0.0528325139758
180.078172403	0.0320887455414
165.239722985	0.0378799493232
176.097669101	0.0335218204223
165.405258779	0.0377855975869
140.658320306	0.0496513992924
144.764659664	0.0475733405405
146.733096474	0.0462921999411
139.2497386	0.0507337107741
150.756036156	0.0444020907499
141.626240454	0.0493861974829
180.765861134	0.0318453747776
139.492767959	0.0506093801801
164.15622331	0.0383390870885
158.492514209	0.0408798342635
178.470717708	0.0326377066814
142.259260116	0.0490725833342
132.670141833	0.054314558327
175.190211989	0.0338930685274
174.49290483	0.0340500332331
168.721180472	0.0364534969828
134.004967127	0.0532096840278
122.420309237	0.0613278581829
128.119913175	0.0570071422555
146.134730627	0.0466038857513
117.065517113	0.0644498285595
175.607920413	0.0337226365397
139.15108657	0.0508951672407
160.359266963	0.0397878131749
179.037429812	0.032438926252
123.736318605	0.0595027993738
166.752952114	0.037231253991
138.595742369	0.0507643623889
161.15947005	0.0394720517356
162.687193181	0.0389507294962
145.862976294	0.0467589275083
111.915213196	0.0679419801588
164.343320464	0.0382941825829
161.174758643	0.0395962524708
144.731822305	0.0473674372475
135.475034427	0.0529564796099
150.442646057	0.0446274627166
124.881448378	0.0598264518621
132.120190181	0.0551198514823
170.813087762	0.035601486763
157.604075223	0.0410521369196
158.279630357	0.0408338987933
141.82799596	0.0493759482746
122.142284459	0.0616576395402
171.965247784	0.0350579461692
144.412961159	0.0479450144556
143.638969069	0.0483924674343
143.259935808	0.0483751932698
157.903131995	0.041133481006
142.836642464	0.0483746283775
149.851492541	0.045053580055
146.201148476	0.0469571800667
139.448426649	0.0502828456331
147.344617494	0.0463312811954
112.256792575	0.0678726079321
140.104665734	0.0497917141201
153.218264513	0.0432898295527
138.228073341	0.0514105432537
171.342226713	0.0353315538635
174.281242399	0.0342024233981
161.933853467	0.0393193612804
150.366946271	0.044531469339
116.399198922	0.0658303601308
119.976542466	0.0632196395865
168.908874739	0.0363606100263
129.794223365	0.0565606222875
129.126569916	0.0561864517669
161.167321596	0.0396170303979
144.29883477	0.0480203555196
164.486177366	0.0381975590343
158.435408033	0.0407310172621
153.270195348	0.0433583445838
155.823854742	0.0420434991049
150.402242822	0.0447718870145
120.604767616	0.0619917484971
142.33902452	0.049051079656
152.022105696	0.0438906575385
154.763689909	0.042290967212
127.485882394	0.0580205772107
148.358316908	0.0458035548317
128.21618834	0.0566477865643
176.02841105	0.0335644673
153.669110794	0.0430921587084
164.18003528	0.0383365084529
129.428606374	0.0567254410346
163.416443003	0.0385929296502
163.16438922	0.0387896207848
137.043398567	0.0514204492097
129.490953247	0.0565123410312
175.4167988	0.033826298332
128.533456421	0.0573012758846
139.80704426	0.0504174955087
173.026103556	0.0346917242156
159.115207841	0.040591562658
155.530992641	0.0422169899051
152.547437411	0.0436118354736
136.577323244	0.0524173551954
150.333655941	0.0447166670568
137.477681178	0.0518628903542
145.577464673	0.0473182188646
168.194578068	0.0365011916594
147.557397336	0.046118757275
126.684105921	0.0585953489048
161.397897798	0.039561269601
139.513845264	0.0506430262532
171.448453267	0.0352809044531
168.195058762	0.0365209660755
156.905912558	0.0414201837848
153.878081471	0.0428414537868
167.263453901	0.0369313569571
146.524163774	0.0465782311274
162.234351402	0.0390828437666
166.59956528	0.0373071588541
159.231150871	0.0404390273337
165.785563998	0.0375502090737
125.410233655	0.059440884922
167.212078652	0.0370285258885
158.621388239	0.0408068800081
153.919932885	0.0430350799371
152.434813998	0.0437651918543
154.988329285	0.042524785255
138.057832852	0.0515343463871
155.680050732	0.0422039964699
154.048994634	0.042985036108
157.818780011	0.0411007041728
158.124235161	0.0410421113348
149.430425108	0.0449510590157
167.274973353	0.0370304878614
148.186511708	0.0455916787382
173.89546229	0.0343648854423
154.964447624	0.0422931924373
174.759062641	0.0340541040431
170.992486089	0.0353316989256
175.4811535	0.0337411779425
150.016071975	0.0446373397411
159.673480481	0.040281262802
151.025131051	0.0441685467387
156.788266981	0.0416006013289
165.998781972	0.0373161929583
178.755705102	0.0325062810011
170.657483506	0.0354795700917
174.313050379	0.034157764112
153.541292708	0.0429682309816
170.195654554	0.0357379153912
150.818464689	0.0442181728024
171.387263476	0.03529467377
168.861408322	0.0361508252549
159.843791816	0.0401040144408
165.142278104	0.037656509949
179.813144218	0.032109179715
166.036706003	0.0373649778316
173.393260586	0.0344881162377
158.02450631	0.0407751953888
167.003090336	0.0370558663519
168.432128665	0.0363346455838
173.828507412	0.0343043819523
171.969246713	0.0349400225549
180.458655859	0.031857097843
161.840018221	0.0390883687
172.568361408	0.034781851084
154.031370854	0.0427441342747
170.11397955	0.0357050612658
155.984953263	0.0417288589741
179.674828594	0.032129292915
178.039876736	0.0326983019904
177.015786667	0.0330914154782
172.783116992	0.0346320751925
162.693631264	0.0387716143548
156.386157675	0.0416342089801
175.880790791	0.0334779993806
163.970405051	0.038191330099
165.295136928	0.037749592005
168.876659171	0.036131171284
176.826056628	0.0331395740703
166.4668299	0.0371544624144
182.242082789	0.0312472216145
151.54747231	0.0438125909048
171.468223131	0.0351985243561
163.563895301	0.0382854763565
171.879123413	0.0350777217595
152.062492446	0.0436032875011
168.155030319	0.0365747654318
148.10312574	0.0455222521787
180.562420301	0.0318549166843
154.452169585	0.0423893270299
178.282594651	0.03272378922
160.905243425	0.0394423701235
173.037444461	0.0347243896062
163.161382613	0.038482384212
158.970101337	0.0406636362482
156.849768622	0.0413634445094
152.134540637	0.0439043588116
158.239855173	0.0409413386668
161.474124986	0.0395379515502
173.966698831	0.0343837302818
165.551847776	0.0377856379181
157.432534145	0.0414043559193
160.592839858	0.0397812246706
148.583159563	0.0457426919645
141.901741551	0.0493207277662
133.2588478	0.0543863938575
161.548048926	0.0392860495415
176.465388508	0.0333438120654
155.098224538	0.0424911464691
171.123136978	0.0354675143605
164.594142095	0.037894517891
175.56131447	0.0337504305689
173.028126248	0.0346276099665
154.765196961	0.0423179440961
160.089868529	0.0400714799091
162.386583271	0.0391360509977
172.211561433	0.0350301997678
175.333719949	0.0337048430662
161.857203772	0.0393618880536
170.843358554	0.0354026442926
163.888453645	0.0384706388901
161.450313675	0.0392794579989
148.263833696	0.0459339215329
154.534621838	0.0424705902677
163.39767041	0.0386621460442
159.45076847	0.0400710851616
161.013537402	0.0396914037778
165.149227847	0.0378675728214
161.854862984	0.0393586686121
175.052235598	0.0339394282576
169.127051473	0.0362632522794
174.46524166	0.0341709839603
178.089377447	0.0327156289252
164.378895658	0.037947150666
159.565192887	0.0404178485979
185.916509482	0.0300021761549
161.327881419	0.0395892214213
144.550356336	0.0473786669005
169.618298051	0.03608617
177.331502064	0.0330466010596
170.555255485	0.0356334795416
173.810310852	0.0342906201278
172.494775759	0.0349316632789
177.795245792	0.0328180434711
170.398088224	0.0356882775215
180.339953309	0.0319577589552
163.176718028	0.038778418805
169.280431315	0.0359551536379
164.83375098	0.0380451140604
176.766042308	0.0332163729524
169.674652302	0.0359141688598
175.417889081	0.0337519441281
170.681026247	0.035506444154
177.812957971	0.0327479981392
172.648795598	0.0347589627509
167.531875936	0.0367257319816
178.020700978	0.0328361999087
165.385658638	0.037826346345
169.823678618	0.0356921846935
172.098983213	0.0350225006231
172.829188473	0.0345735450009
171.285259037	0.0353982285762
177.037470382	0.0330417981715
173.401638171	0.0345166646834
170.759824465	0.0353714969355
179.821793399	0.0321032319387
176.690507053	0.0331235132256
180.838377643	0.03175035981
166.135640301	0.0372566651839
168.567580357	0.0362536316828
181.594688999	0.0315543265749
175.618294597	0.0335859550832
181.509832651	0.0315770012727
178.326508585	0.0326409340786
159.788865241	0.040304543248
177.995062072	0.0328449775028
164.767777899	0.0378080693347
160.56714358	0.0396494518051
172.910080539	0.0346788494162
179.332833875	0.0323452272882
184.43747018	0.03053693868
157.470708438	0.0409459230715
187.354182801	0.0295337080557
178.736543845	0.0324696180425
184.872733449	0.0303228475265
183.134642166	0.0309672381936
176.926986435	0.0331645305313
173.677123172	0.034475186525
165.912445033	0.0373060371966
185.282938982	0.030230187649
189.093211632	0.0289900857698
175.421582599	0.0337815685358
180.788132507	0.0318181754063
184.85307842	0.0304057285972
190.147151764	0.0286403398275
173.154618825	0.0344769754143
182.723091829	0.0310388481519
177.796484997	0.0327332807304
177.491718999	0.0330025281758
169.45009779	0.0359665478278
171.463943277	0.0350404241547
178.605756439	0.0325377946104
183.127195596	0.0308542395818
177.269367091	0.0329328319886
165.628092697	0.037446054391
179.254092387	0.0323557110057
191.400432813	0.0282412276772
177.799987718	0.0329182581455
182.361210578	0.0312713001264
171.475637786	0.0353305674792
188.089373864	0.029289365869
174.733711138	0.034065002465
184.712259749	0.0303377779519
188.634952435	0.0291478760687
165.380957685	0.0375408502373
162.219282599	0.0388129820079
182.902935126	0.0310432708919
173.140436958	0.0345115932639
170.936289371	0.035344052669
175.525252324	0.0336596998473
186.236714265	0.0299160470809
179.788061843	0.0321878755355
176.848246104	0.0332491980089
180.230345154	0.0318716237196
184.118295526	0.0306491986089
164.73814905	0.0381079122036
183.324920591	0.0308350704084
181.215560946	0.0316140131884
179.183734849	0.0323386800878
183.066421306	0.031008627282
188.592431489	0.0291382414857
184.22470686	0.0306176254079
191.119555039	0.0283390853141
178.967938109	0.0324649916274
184.186006337	0.0306003575128
185.200377088	0.0302717673164
190.252755533	0.0286036612765
183.088161896	0.0309836451313
178.213221373	0.0327146094137
179.376647776	0.0322962200228
184.843478161	0.0303522206328
180.12526436	0.0319891957325
188.871059108	0.028996799648
176.145927328	0.0333937587915
179.746371558	0.0320968096966
181.12161199	0.0316151533864
183.43433005	0.0308066113843
183.366725027	0.0308659450477
175.722872392	0.0336251589524
183.344247068	0.030887403202
176.13602656	0.033361605232
182.850451779	0.0309651213195
181.699560726	0.0314453558476
173.152555406	0.0344750474725
185.317525551	0.0301803484139
175.098489615	0.0339368049615
187.96156398	0.0293571163931
179.763317472	0.0322039397949
186.325588513	0.0298767565549
187.873702937	0.0293918775621
184.778224581	0.0303881108024
168.863613003	0.036389017318
169.108497171	0.0360680931665
180.68567293	0.0316682059297
193.504060721	0.0275801159416
185.021269581	0.0303344229766
189.368546181	0.0288844567025
185.529713222	0.0301771541068
179.977399068	0.0320391066862
187.322014314	0.0295078209858
183.349219084	0.030939840735
188.646580313	0.0290894390605
176.550184862	0.0333921360142
190.624081453	0.0284816772536
185.111355655	0.0303225788106
179.39598609	0.0322201638992
191.987747101	0.0280440602125
191.956801218	0.0280716014911
184.282611749	0.0306147872748
183.368890804	0.0309287086903
186.540031858	0.0298481025073
187.309901188	0.0295658919415
185.551143211	0.0301746335777
183.959450393	0.0307302712379
182.827237606	0.0311200799282
179.722818505	0.0322316819925
176.16299764	0.0335185362831
176.973952393	0.0332313105046
183.526290861	0.0308713459683
179.293572605	0.0323791564605
177.807225223	0.0329175229428
178.132386965	0.0328080004467
177.688369647	0.0329563622469
182.147189232	0.0313671677318
185.649361005	0.0301448345348
184.012892788	0.0307053749066
179.225753054	0.0324083920324
183.106901994	0.0310263646719
187.517069309	0.0295211301501
184.243711633	0.0306314368298
187.341399913	0.0295867001095
187.628150911	0.0294856136062
187.393930083	0.0295538212129
191.494828184	0.0282257415397
194.172500078	0.0273908477084
192.522518638	0.0278912980703
189.224047493	0.0289430555905
186.441292252	0.0298720650889
194.07755658	0.0274077237978
189.386024679	0.0288726034464
186.718821051	0.0297443685966
186.818829063	0.0297137106825
186.894487963	0.0296624954487
190.545147607	0.0284760319302
186.70910447	0.0296903299694
186.257021389	0.0298580348879
182.042586152	0.0312708069411
185.220445183	0.0302221886428
188.429405953	0.0291352224402
191.024028256	0.0283055806921
186.559202653	0.0297309230108
187.503289902	0.0294028587127
189.086911229	0.0289453400618
188.213818175	0.0291848217422
190.780166298	0.0284535047244
188.487015485	0.0291448272399
187.200424268	0.0295965175883
190.637226973	0.0284377820187
184.408429894	0.0305536274006
192.806929874	0.0277673198153
190.409549251	0.0285714897515
189.063984668	0.0290208249409
182.9102657	0.0311079664621
192.206290624	0.0279445203075
192.962143803	0.0277506015508
190.720695222	0.0284502336695
191.271788097	0.0282639214632
187.309351059	0.0295917114984
188.932503266	0.0290305224193
194.336848443	0.027319800252
190.509702037	0.0284841269253
189.749936524	0.0287793111333
190.953946361	0.0283350437637
191.662479101	0.0281666424213
189.845860583	0.0286909480204
187.917263032	0.0293413504877
184.959347447	0.0303008449876
188.415464268	0.0292415813853
189.324202299	0.0289101948672
189.307639442	0.0289378303425
190.609359482	0.0284803268516
183.555984478	0.0308943822456
188.750873982	0.0290864847785
167.351978742	0.0366871710857
188.625391823	0.0291638271337
192.52832987	0.0278721823864
185.80335444	0.0300936708452
186.342752266	0.0298838770922
185.302956334	0.0302664745474
188.251506103	0.0292393265456
183.626146768	0.0308351212017
191.03046855	0.0283389914507
187.998725705	0.0293533724002
187.925493877	0.0293840304203
185.704066345	0.0301310877968
183.400203516	0.0309093996948
181.737352469	0.0314900730016
187.757480191	0.0294350311676
184.428898567	0.0305587739802
184.526992855	0.0305301393666
187.020633271	0.0296856504222
187.930851648	0.0293855130216
191.209362503	0.0283100681903
192.273480974	0.0279863479669
189.2258686	0.0289412751878
187.767716555	0.0294290532459
193.758140511	0.027517018729
191.955813539	0.0280627204232
192.231270652	0.0279820699523
194.897911939	0.0271557827068
194.754884769	0.0272005900274
193.945437056	0.027429397073
191.283730114	0.0282649519537
191.491201176	0.0281958240484
193.838808899	0.0274481349403
195.013476044	0.0271067719805
192.815347972	0.0277601953825
191.325367112	0.0282262515857
192.194149305	0.027960186134
193.83443334	0.0274440035069
190.374930476	0.0285321713469
188.507304785	0.0291430349132
191.082430347	0.0283137020171
192.328149356	0.0279424311872
190.854850793	0.0283721228566
191.709188055	0.0281394440182
190.703125535	0.0284207503878
189.652026776	0.0287946380717
193.526951974	0.0275513256723
190.604527665	0.028492445743
190.503925007	0.0285095362529
190.012611673	0.0286992970141
191.508893387	0.0281826106285
192.330952026	0.0279520055555
192.991792551	0.0277318600907
192.591552843	0.0278579267235
195.524832871	0.0269764480905
192.334532909	0.0279398731997
195.179817428	0.0270662357333
192.678805646	0.0278306695155
192.887896373	0.0277796576862
191.048472771	0.0283708204153
192.971565409	0.0277567899405
190.471918992	0.0285599336856
194.312555806	0.0273479057436
191.82576952	0.0281028036637
191.21505691	0.0283184084916
189.506755667	0.0288427882459
195.527083208	0.0269827407695
192.747754756	0.027803776289
191.287905336	0.0283062910086
191.834512606	0.0281180581652
192.995822065	0.0277757846552
192.76221781	0.0278139372508
189.381673077	0.0289215681549
189.479037035	0.0288759001026
191.507430124	0.0282337434879
190.500865346	0.0285609510316
192.568514291	0.0279059148346
192.351266824	0.0279765257988
193.717181642	0.0275361122933
191.485183555	0.0282388303903
190.260341584	0.0286294346577
190.048115586	0.0287019220916
194.247238146	0.027376410973
192.979044482	0.027758053106
193.70612568	0.027545079583
193.803939257	0.0274958177014
195.733350186	0.0269184225391
194.870348438	0.0271670771238
193.037668524	0.0277311713912
195.478477347	0.0269781773728
194.647438273	0.0272223121201
195.212543404	0.0270616924621
195.406918158	0.0269904438026
195.905647831	0.0268479403571
194.613151399	0.0272248837859
193.275108675	0.0276365471219
192.56100752	0.0278588706013
194.57505923	0.0272424219157
194.338704332	0.0273143532978
194.579214632	0.0272474261611
194.537692544	0.0272590335599
195.07590847	0.0271094216852
195.654313144	0.026921162583
193.405270453	0.0276175867096
192.883403873	0.0277840518651
195.963347806	0.026842152127
195.309216506	0.0270369095481
195.512681854	0.0269718692913
195.374371581	0.0270271888333
196.999079129	0.0265275412377
194.044570042	0.0274267130338
194.012290779	0.0274389112818
195.996485848	0.0268358340205
194.826163601	0.0271845262434
195.001165915	0.027144890295
196.113263346	0.0268128813691
196.514126009	0.0266790545923
195.646034475	0.0269443034324
193.846588691	0.0274920572688
195.886712397	0.0268761705618
195.215306069	0.0270836498582
196.300991958	0.0267474419773
195.164937186	0.0270995802493
196.37678613	0.0267327519362
196.02138339	0.0268300696912
194.267531211	0.0273701308696
196.651305604	0.0266519436928
196.213533532	0.0267899820208
197.012357199	0.0265289702846
195.953232863	0.0268630848491
196.6340484	0.0266420605897
197.382313471	0.0264202343017
195.491086085	0.0269940272164
196.727092152	0.026616625781
198.199330985	0.0261814795232
196.410323377	0.0267090768716
197.783784724	0.0263123033581
198.175685994	0.026181183377
198.643834624	0.0260454864021
197.087092186	0.0264990101594
196.678407448	0.0266195783174
198.469061728	0.0260953628978
197.453474841	0.026399255856
198.644207193	0.0260528912725
198.711073608	0.0260428210014
198.944850217	0.0259738042765
198.375458415	0.0261307361415
196.841199245	0.0265897499836
199.067981965	0.0259387727837
198.914401598	0.0259867671199
198.534833039	0.0260844668421
198.119223263	0.0262256432093
199.086607328	0.0259426327565
197.630234403	0.0263810850256
198.23001976	0.0262016084051
197.021427596	0.0265713170235
196.511609954	0.0267240083443
195.213181303	0.0271219517017
189.156058583	0.0290236317432
195.931624384	0.0268881349947
194.949856793	0.0271808013954
193.592596703	0.0276044825625
193.171076017	0.0277379991185
191.586498977	0.0282671466212
190.002120355	0.0287479985567
195.427472138	0.0270661494496
189.985831928	0.0287343789906
196.329098735	0.0267378492351
194.689534148	0.0272304190033
192.05133162	0.0280449961724
195.581862641	0.0270240513727
196.442542468	0.0267222268644
190.679812455	0.028533693872
195.720368563	0.0269432526514
199.682281015	0.0257755221068
190.5963558	0.0285828282544
195.096679597	0.0271124548905
196.516947375	0.0266634787123
196.778329784	0.0266009553599
196.421893747	0.0267087897285
196.310885503	0.026789632881
197.942942788	0.0262982115189
195.070289374	0.0271718235215
194.835671252	0.0272296286442
196.813330338	0.0266719376016
196.413772959	0.0267687940717
197.817197067	0.0263326553403
193.521211962	0.0276547617242
193.798349399	0.0275110451468
196.123390259	0.0268246184421
198.387181737	0.0261506489357
197.244210368	0.0265239426272
196.801387536	0.026636561059
197.759216389	0.0263503899386
197.547290901	0.0264067432497
197.606917258	0.0263861593898
198.146997419	0.026248666297
199.157870648	0.0259417514311
197.640995526	0.0264128881874
197.338747812	0.0264906634671
197.36117908	0.0264899151375
199.452399641	0.0258776156718
197.486466126	0.0264534653385
197.955260323	0.0263089531437
199.325976295	0.0259231695507
197.085103153	0.0265920463496
197.814562113	0.0263782275105
198.158135172	0.0262637847122
196.831071024	0.0266485875416
196.762540876	0.0266698296881
198.345550353	0.0262106576054
199.160842462	0.0259792112932
199.657358448	0.0258300729751
198.886244275	0.026055943576
199.342726287	0.0259095695192
200.003080222	0.0257397534288
199.329791097	0.0259137392013
199.214342539	0.0259491789562
200.013377882	0.025733021933
200.464748887	0.0255978932922
199.309371692	0.0259345224759
199.498592263	0.0258697638079
199.270153124	0.0259484870916
199.993154248	0.0257468100769
198.599680224	0.026135761083
198.715484348	0.0260950535388
199.67168054	0.0258346419245
199.566146789	0.0258510582825
199.711161532	0.025823706872
199.623017804	0.0258424344003
198.737384372	0.0260912518102
200.794215707	0.0255213091657
199.702973381	0.0258276004605
200.716339664	0.0255384549463
199.560821189	0.0258796605452
200.700433864	0.0255515215278
199.975873091	0.0257656599344
199.388704287	0.025936704977
199.526516697	0.0258943568571
200.591827197	0.0255899515392
200.162440648	0.025715124884
200.512159787	0.0255934803914
200.567091419	0.0255928778553
201.522127027	0.0253206220485
200.169174651	0.0256912938238
201.872617428	0.025212844113
200.315308432	0.025646823312
201.23333748	0.0253867453734
200.814829501	0.0255235448705
201.202328246	0.025408016
200.349800702	0.0256509687731
201.621205499	0.025291099122
201.725670881	0.0252618748014
201.842660236	0.025228985356
201.068490537	0.0254453944712
201.557252143	0.0252967408613
201.207689259	0.0253912902051
202.372455686	0.025075704195
201.72042976	0.0252478670762
202.352894088	0.0250826708611
201.605930066	0.0252865605257
202.922753455	0.0249240165178
202.05430222	0.0251696358508
202.975001749	0.0249078775407
201.605551227	0.025282217289
202.851324354	0.024944418422
201.777795404	0.0252465425753
202.572576968	0.0250196032651
202.548246243	0.0250275322139
204.102930522	0.0245918202348
202.877888142	0.0249219892775
204.434634298	0.0245035637562
203.414889914	0.0247834341512
203.910844969	0.0246426141201
204.166914151	0.0245736585692
205.034297784	0.0243369392412
204.665596414	0.0244372020433
205.320757102	0.0242498947415
204.168947518	0.0245570317825
205.327634554	0.0242373226799
205.279137972	0.0242670779749
205.872911271	0.0241036803647
205.520789308	0.0241954540534
205.53786811	0.0241791168198
205.295403388	0.0242420594953
205.979012943	0.0240749589857
205.226692306	0.0242668823007
206.811631323	0.0238493055298
205.763635738	0.0241288452594
206.703153249	0.0238785810028
205.776091634	0.0241132620734
206.252078546	0.0239995882983
206.203280545	0.0240126582349
205.819181171	0.0241153840169
206.277021298	0.0239934095907
206.176605822	0.0240044598921
206.470891918	0.0239392613445
206.309342996	0.0239668511036
206.860544812	0.023822724322
206.322756972	0.0239782755243
206.812280485	0.0238390123831
206.783850145	0.0238550505208
206.586185825	0.0238896511058
206.194412564	0.0239850310802
205.97838535	0.0240433926214
206.034113299	0.0240232789963
207.218857079	0.0237375722396
206.774174782	0.0238421837524
206.413525061	0.0239271605446
207.174996778	0.0237439451465
206.249835276	0.0239993998557
206.914053999	0.0238183649463
206.686396303	0.0238793394569
206.499086553	0.023907579256
206.947589989	0.0238088013786
207.325542571	0.0236984539174
207.202351044	0.023712031037
207.979585497	0.0235047709153
208.756996067	0.0232949179919
207.856394274	0.0235417477089
209.418251212	0.0231175038777
208.501304429	0.0233957984363
210.007809215	0.0229945668477
209.697131412	0.0230639672134
209.925996838	0.0230169806993
209.926818566	0.0230163448457
210.051838468	0.0229838304909
210.015427417	0.0229941199709
210.319124454	0.0228890534204
210.565357618	0.0228230662655
210.429762796	0.0228797188203
211.120217697	0.0227049356213
210.54546206	0.0228534761574
211.274255535	0.0226635700623
211.174551243	0.0226615224387
211.373736182	0.0226237083769
211.350074097	0.0226439061079
210.935502551	0.0227508988974
212.112013514	0.0224316859063
211.392696271	0.0226130011786
211.666341193	0.0225487660245
211.003131785	0.0227249523288
211.449777726	0.0226093746474
210.963409765	0.0227443345064
211.806905404	0.0225057008297
211.474645682	0.0226082633938
212.043727998	0.0224583938024
211.230805299	0.0226593948334
212.032645161	0.0224548318619
211.217322143	0.0226583622831
212.114366854	0.0224140119835
211.769560845	0.0225321768572
212.72639502	0.0222598919375
211.868897298	0.0225036621365
212.675574746	0.0222700579299
211.567063107	0.0225569368101
212.582242868	0.022316095871
211.997947848	0.0224673033813
212.876614576	0.0222192270803
211.587788546	0.0225477092789
213.029684692	0.0221874294581
211.88685724	0.0224759335858
213.07542034	0.0221745116188
211.972592282	0.022455280045
213.1618266	0.0221449482029
212.006697728	0.0224412221709
213.326955484	0.0221159619439
212.536228342	0.0223310440585
213.702088003	0.0220158610846
212.279480836	0.0223719229608
213.567647125	0.022066029898
212.679734245	0.0222882246715
214.073815892	0.0219204352613
212.335786971	0.0223524315299
214.192005991	0.0218874042166
213.087847581	0.0221899192944
214.610575262	0.0217915064854
213.271522355	0.0221416698678
214.490853973	0.0218453173073
213.336712249	0.0221313371466
214.801025593	0.0217577877387
213.600430944	0.0220638173196
215.178197717	0.0216652690212
213.706384663	0.0220337104685
215.207078617	0.0216567482838
213.919740919	0.0219840890408
215.289482572	0.0216478673484
214.174717659	0.021922343816
215.309953284	0.0216451788592
214.725698402	0.0217854865032
215.300840734	0.0216467789917
214.97092434	0.0217191339823
215.928187097	0.0214841621417
215.14053314	0.0216715758502
216.061665015	0.021450956795
215.330460528	0.0216192095874
216.465857124	0.021351377644
215.607837112	0.0215666423427
216.757218365	0.0212882778257
215.609667899	0.0215679078292
216.805280161	0.021279235588
215.612380065	0.021567673188
217.0814252	0.0212017831927
215.873198212	0.0215039380451
217.288975411	0.0211640399593
216.028446962	0.0214634407667
217.453803202	0.0211127146952
216.254806572	0.021388251575
217.340393527	0.0211324486152
216.579375662	0.0213280880115
217.706522185	0.0210561189272
216.680397767	0.0212851164773
217.769026706	0.0210308717844
217.269803244	0.0211480123123
217.890928833	0.0209992470134
217.423892763	0.0211039766397
218.397204048	0.020887511412
217.894323585	0.0210118365368
218.798416844	0.020811053854
218.057125004	0.0209732124496
218.818654015	0.0208043648272
218.183892199	0.0209494732752
219.352354366	0.0206706567231
218.880188487	0.0207798224304
220.314928402	0.0204419742818
220.314507053	0.0204516871337
221.758814823	0.0201180927948
222.061246776	0.0200561402297
223.573772023	0.0197197461093
224.14839407	0.019588851207
225.997874846	0.0191885623321
226.485395288	0.0190860827396
228.27871527	0.018708770465
228.930705531	0.0185701364436
230.684792709	0.0182091169172
231.055755486	0.0181374119797
232.353789131	0.0178708689387
232.236673381	0.0178984825601
233.20960261	0.0176960218211
232.875401415	0.0177598294037
233.766705323	0.0175805623126
233.605764841	0.0176239771425
234.3329366	0.0174806169432
233.890923037	0.0175665330416
234.611187145	0.017425195981
234.174997572	0.0175103406335
234.862753794	0.0173663584789
234.568653826	0.0174348460036
235.057137558	0.0173405865042
234.877635441	0.0173768174614
236.494495565	0.0170575206022
239.965325192	0.0164108059401
242.84277262	0.0158914277522
245.634457739	0.0154047494068
247.925736984	0.0150129242646
250.172758364	0.0146360772684
252.081876261	0.0143236622051
253.764045756	0.0140543862432
255.473863277	0.0137913012965
256.919858816	0.0135701336103
257.4544799	0.0134908074918
258.441095516	0.013338262542
259.115300601	0.013242007443
259.792896227	0.0131422035443
260.211602042	0.0130851594228
260.694259077	0.0130158880477
261.541730655	0.0129005151215
262.654009396	0.0127462356635
263.384367764	0.0126422751586
264.022702888	0.0125452113828
264.340889677	0.0125025446919
264.580096363	0.0124707637405
264.784631993	0.0124396374694
264.814983562	0.0124368024652
265.173448429	0.0123855589693
265.10168795	0.0123961956607
265.294836526	0.0123686952169
265.478377735	0.012348357026
265.7984145	0.0123019156221
265.391924659	0.0123590858322
265.376084237	0.0123603964257
264.968684358	0.0124225405969
264.690992854	0.0124554479265
263.937708198	0.0125633571917
264.582982119	0.0124624477842
264.020193847	0.0125435340657
264.082604161	0.0125349001869
263.745532036	0.0125810452593
263.580055243	0.0126015701678
263.620881494	0.0125982364271
263.267416563	0.0126363076762
263.196844683	0.0126503870111
263.087822114	0.0126627632567
263.116098796	0.0126563219119
263.364431976	0.0126241691689
263.713898526	0.0125712641829
263.627777163	0.0125809550458
263.658536906	0.012578306996
263.310718153	0.0126260796841
262.874941982	0.0126869488172
262.636761077	0.0127205339503
262.482614836	0.0127407795559
262.512113391	0.012738788072
263.702760125	0.0125663815139