100	-0.04517	0.0	0.999999995389	4.61082826603e-09	0.0
104	-0.0339	1.79567201866e-32	0.666478582028	0.333521417972	1.41119930397e-18
105	-0.03786	0.0	0.0	1.0	0.0
107	-0.03899	0.0	0.0	1.0	0.0
11	-0.09675	1.0	0.0	0.0	0.0
113	-0.04478	1.0	0.0	0.0	0.0
114	-0.005856	0.0	0.0	1.0	0.0
115	0.006869	1.0	0.0	0.0	0.0
116	0.04696	6.99633961603e-181	0.999977595236	2.24047644561e-05	0.0
117	0.03909	0.0	1.0	0.0	3.465682601e-32
118	0.06645	0.0	1.0	0.0	0.0
119	0.09796	0.0	0.0	0.0	1.0
121	0.1056	0.0	0.0	0.0	1.0
125	0.1886	0.0	0.0	0.0	1.0
126	0.4875	0.0	1.0	0.0	0.0
127	0.6309	0.0	0.0	0.0	1.0
128	2.263	0.0	0.990091469228	0.0	0.00990853077177
165	-0.08995	0.0	1.0	0.0	0.0
166	-0.1128	0.0	0.999948627996	0.0	5.13720041723e-05
167	-0.1606	0.0	1.0	0.0	0.0
168	-0.1211	0.0	0.0	0.0	1.0
17	-0.129	1.0	0.0	0.0	0.0
170	-0.108	0.0	0.0	1.0	0.0
172	-0.07683	0.0	1.0	0.0	0.0
175	-0.09414	0.0	1.0	0.0	0.0
176	-0.06174	0.0	0.0	1.0	0.0
178	-0.06393	0.0	0.0	1.0	0.0
189	-0.0253	0.0	0.0	1.0	0.0
190	-0.02275	0.355940093058	0.0	0.644059906942	0.0
191	-0.02474	0.0	0.0	1.0	0.0
192	-0.02123	0.0	0.0	1.0	0.0
193	-0.02578	1.0	0.0	0.0	0.0
194	-0.008565	0.993211790395	0.0	0.00678820960524	0.0
195	-0.006913	1.0	0.0	0.0	0.0
196	0.01772	1.0	0.0	0.0	0.0
197	0.02263	0.00038097903007	0.0	0.99961902097	0.0
198	0.05625	0.999999797988	0.0	2.02011556084e-07	0.0
199	0.07288	1.0	0.0	0.0	0.0
200	0.1031	0.0	0.0	1.0	0.0
201	0.07163	1.0	0.0	0.0	0.0
202	0.02577	0.525202233268	0.0	0.474797766732	0.0
206	-0.004353	0.832064453964	0.0	0.167935546036	0.0
207	0.002265	1.0	0.0	0.0	0.0
208	-0.01588	0.000460831119824	0.0	0.99953916888	0.0
211	-0.01732	0.0	0.0	1.0	0.0
23	-0.0884	0.424893271282	0.0	0.575106728718	0.0
24	-0.07756	0.0	0.0	1.0	0.0
25	-0.08467	1.0	0.0	0.0	0.0
26	-0.08775	0.0	0.0	1.0	0.0
39	-0.07449	0.0	1.0	0.0	0.0
40	-0.05851	0.0	0.000505356764522	0.0	0.999494643235
41	-0.03744	0.0	1.0	0.0	0.0
42	-0.01367	0.0	0.977535663255	0.0	0.0224643367448
43	-0.02596	0.0	1.0	0.0	0.0
45	-0.03662	0.0	0.536571217603	0.0	0.463428782397
46	-0.04031	0.0	1.0	0.0	4.48132175136e-178
47	-0.0201	0.0	0.0	0.0	1.0
48	-0.02545	0.0	0.485904403177	0.0	0.514095596823
49	-0.04153	0.0	1.0	0.0	0.0
53	-0.05895	0.0	0.0	0.0	1.0
54	-0.03691	0.0	0.529588236819	0.0	0.470411763181
6	-0.06658	0.0	0.0	1.0	0.0
61	-0.05821	0.0	1.0	0.0	0.0
62	-0.05093	0.0	6.15491867937e-56	0.0	1.0
63	-0.05072	0.0	0.0	0.0	1.0
64	-0.06314	0.0	0.0	0.0	1.0
65	-0.05874	0.0	1.0	0.0	0.0
66	-0.05584	0.0	1.0	0.0	0.0
67	-0.0603	0.0	0.0	0.0	1.0
68	-0.06551	0.0	1.0	0.0	0.0
69	-0.05619	0.0	1.0	0.0	0.0
7	-0.08572	0.0	1.0	0.0	0.0
70	-0.05426	0.0	0.0	0.0	1.0
72	-0.05892	0.0	0.0	0.0	1.0
73	-0.05269	0.0	0.0	0.0	1.0
74	-0.05389	0.0	0.848525514031	0.0	0.151474485969
76	-0.05828	0.0	0.436825995225	0.0	0.563174004775
79	-0.05268	0.0	0.0	1.0	0.0
80	-0.05255	0.823863485233	0.0	0.176136514767	0.0
84	-0.1207	0.0	0.0	1.0	0.0
86	-0.1021	0.0	1.0	0.0	0.0
90	-0.05968	0.0	1.0	0.0	0.0
91	-0.05811	0.0	0.0	0.468200493025	0.531799506975
92	-0.0657	0.0	0.0178159195324	0.0	0.982184080468
94	-0.04984	0.0	0.999999997199	2.80148250987e-09	0.0
95	-0.05084	0.0	0.99875083158	0.0	0.00124916841986
97	-0.04603	0.0	0.403609220918	0.596390779082	0.0
98	-0.04171	0.0	0.974400046528	1.91242983652e-20	0.0255999534721
99	-0.04431	0.0	2.01013783794e-07	0.999999798986	0.0