-67.986555187	0.521917889829
1.92766993758	0.237228518893
-37.91520802	0.368275491846
23.3850309253	0.180998963264
-38.5596710549	0.372402676528
155.376553627	0.0423216697255
19.7049250516	0.189944390155
23.4388921044	0.180161830054
-12.4533072681	0.278594932959
2.39979905325	0.230209446755
58.5985097981	0.125686525574
-14.3846868184	0.282427724634
11.632760862	0.205590102534
29.8899803643	0.165652711697
36.9320977885	0.15971261146
2.82537156435	0.232812897342
-21.19141957	0.308283707605
32.4140877564	0.168093555226
36.3213819349	0.154261332703
-66.0737440997	0.510468562703
5.44785155222	0.225919480284
23.8046997784	0.178605883683
23.3371099836	0.180525804791
-25.0791366251	0.32083591291
57.6190602382	0.126569827179
-5.77907194843	0.249949534917
22.1208853725	0.183570457446
19.693642164	0.194287065999
-18.2883234157	0.297279403346
31.2922411101	0.163744436847
16.5552877742	0.194400403796
-18.1628876422	0.28864389158
25.9587457615	0.180948261135
14.4255731739	0.201904654296
8.33864621454	0.213865678051
-23.5149513398	0.313463602303
19.1964499084	0.190424753772
19.5696854911	0.188695226532
30.4146324612	0.16652955731
13.2585859672	0.206070573442
-51.3199633139	0.43292975992
-15.4157273301	0.288516157556
58.5888570223	0.125499505431
38.6228423845	0.151523355742
21.8101973813	0.18463643407
-55.3533871257	0.451744740771
32.8269433016	0.160624776026
113.777394894	0.067903751593
34.1109525655	0.165076799706
-7.13019212594	0.261237734672
-31.5053693509	0.342992299515
-25.0053346515	0.316646791694
10.9576699009	0.207595817035
21.4484202908	0.185657837634
94.4244312888	0.0843815032162
-8.1349470046	0.261698528063
20.1836258747	0.187955474776
21.7167656238	0.185733588154
-39.4983716701	0.373831148488
28.7924734228	0.168708854648
3.71649668153	0.229284036363
37.7170424155	0.151991729576
8.14369601801	0.220599450173
9.02714735596	0.212355331022
-37.4211666057	0.370385364137
35.5862384592	0.160307350261
27.4447326911	0.178060016744
-18.862159356	0.297555840359
9.60281227814	0.215853633661
33.1455785199	0.161161498703
26.1109738574	0.174852251203
14.6636095649	0.19900327193
-26.018063601	0.32035275253
-9.96444406186	0.266911539421
22.5937805222	0.183881114241
16.5808107567	0.196813252118
14.8850524246	0.205316346664
4.70366973958	0.226318944646
-36.4999347645	0.366629201172
-15.675469964	0.28889399308
32.7580486131	0.160538152743
-9.40793168657	0.26499109992
22.5119636436	0.183503575417
7.72868956424	0.218690525556
3.54432977176	0.228670392928
3.12348298649	0.228598080892
-8.04608822961	0.26587244561
22.2990674127	0.183255996272
-24.8429139381	0.313041563045
24.208844366	0.179907296379
42.28620882	0.144520978532
12.1053108605	0.210102989154
-24.2663992238	0.319425134756
-33.6039012567	0.352660458393
42.3286029586	0.144092951203
11.3933005426	0.206040120973
9.48619445051	0.211203408273
3.76628378974	0.230232194111
1.6123008678	0.233072014351
21.9848240601	0.185189046095
89.976702351	0.0885461927693
-16.2631566741	0.289505615894
-16.6545878783	0.292509330422
43.5698000372	0.143095216245
-22.8434524393	0.313367527941
30.0787185626	0.169149559697
29.1279291574	0.168285938024
26.0572276337	0.175560244585
23.1293928065	0.180590764561
3.04078399117	0.232217284267
-8.02622669612	0.265875077063
-27.5672282751	0.328651483488
31.2299257236	0.164045215546
15.5606399794	0.200349986677
44.0696411898	0.147603199116
-16.9876319358	0.288755024607
29.1690655257	0.173900448306
90.6153011597	0.0880291479262
11.8331887514	0.211090201221
5.02994578903	0.227595435232
21.1438845201	0.185953610583
-16.828648139	0.293420459355
73.324245206	0.106661368504
32.5529471551	0.167589192315
27.4392117359	0.177926264846
14.6811027383	0.204739414153
67.8590417062	0.113253563249
14.7649014708	0.201889986643
-0.988535601034	0.24030833982
41.3941873828	0.15184804616
21.5038436733	0.183509534716
10.4573293261	0.214419902151
-18.7753449819	0.299130213613
-0.0253079654795	0.235394633356
14.1310867773	0.200219981257
49.8863299131	0.133712185579
13.0407912784	0.207435378514
18.2999075757	0.196539032858
14.0698898502	0.20633291482
11.0891925259	0.212556273287
23.1807072478	0.182188397753
19.3680552081	0.191451706982
20.9217495594	0.191371419465
24.2424704915	0.184357489634
18.6174240879	0.192190747408
2.05162303817	0.235312589958
14.671186894	0.200801165879
-7.22915364047	0.260667853274
36.3901722661	0.154583568009
30.2004744004	0.166111635486
79.2261535268	0.0978733692853
52.1756214847	0.131336873059
10.1267300089	0.213324684412
5.43648044071	0.223036896434
42.4676353558	0.150413246802
-7.18510571788	0.263238277701
42.9720284561	0.146207241508
-16.1481551963	0.29061308333
54.9427629628	0.127471337017
73.9699569101	0.105965686835
53.8201238533	0.13261037341
19.6868305746	0.190127571047
26.2985072058	0.175097973919
96.4685163902	0.0804902225622
13.6498508199	0.206076030454
22.2424432151	0.180941940823
9.16020345515	0.217194709546
15.2588142591	0.203738043731
57.5140720401	0.126973340064
18.5729658437	0.193886632897
13.8904361531	0.205164733585
-6.29469790886	0.25471728199
12.7926998031	0.207020956247
45.7947267859	0.141065906384
23.2752277685	0.182035663839
30.0331342778	0.172376588645
11.1147593211	0.20830359291
139.112743565	0.0504510148068
25.6760808382	0.173991041994
83.0894174516	0.0957453217388
27.47173923	0.177253330201
19.4184999385	0.190784964627
14.211491933	0.202228159109
-7.62020866209	0.259228546745
13.1648252029	0.208266912117
23.0752846315	0.183350082296
22.0285976784	0.184743628816
-4.94104351901	0.252512122288
31.8998903427	0.163097984827
23.6738044699	0.184798061779
12.5435160315	0.20456688297
126.261911621	0.0589092905522
32.197517954	0.162440389411
18.0693234138	0.195285980195
85.5990006713	0.0930887277433
8.45055969581	0.217920696533
158.482169951	0.0408839149019
46.8841809456	0.138097356487
25.2984805715	0.177816644704
26.1282540249	0.179979121135
29.1743748515	0.167468884306
23.8481350683	0.180228676795
140.344314103	0.0502808505396
30.9757233315	0.165792065376
50.9492789051	0.136132094733
192.431868282	0.0279372817842
110.996909015	0.0680952913747
24.016227665	0.17734947619
-13.6007808194	0.280755279501
49.1161372941	0.139509373531
1.02080348726	0.238379564445
133.147995986	0.0536166954009
29.2013112224	0.173950543936
17.022995808	0.198780563473
12.0223497497	0.210471386357
5.30371971292	0.227508368622
8.43945957257	0.219121103829
1.22866607928	0.237899840931
-7.52983288604	0.26318193531
2.04776082923	0.231893394825
14.7435555218	0.200030644399
43.5600302608	0.146907242442
20.2364453013	0.187031113639
21.1516617858	0.190218632396
-14.5852801636	0.284357355677
10.9923854327	0.211754805295
13.2888043215	0.205533235278
51.3867696388	0.132625691339
12.2554448491	0.210233526819
12.6141670238	0.207810136248
29.5462730071	0.167627561884
40.0479221444	0.154649161659
13.754882082	0.2001712121
19.6761317898	0.191680752768
73.4373524327	0.106639456621
5.56371672994	0.226467064566
8.73557601043	0.218310591727
107.898380565	0.0725732814974
16.5116228793	0.198558024268
23.823731676	0.182068682394
85.0721233219	0.0935324565931
48.4496951837	0.135691797606
20.7459169328	0.188191688904
5.0217126879	0.228218746657
74.3436248524	0.103755628957
35.7428813782	0.162302917356
24.8840873132	0.179564690467
44.3512905232	0.147036421654
82.291227796	0.094509533195
121.135516307	0.0609034048706
78.6892199324	0.100475736707
78.1769392109	0.10114243853
116.168026227	0.0647012417033
40.0765323607	0.154472479567
18.7400746888	0.196506684127
103.418095279	0.0763410885579
38.6493045711	0.156569169223
-5.35287783688	0.254305879939
57.7563143174	0.123551864827
23.342689211	0.180566256459
55.8310801454	0.126281032694
59.0882437843	0.124765524473
-2.62145614228	0.246763949904
54.6438410125	0.127740644337
30.4314795258	0.168125485789
21.4199729034	0.188561561824
26.2822516969	0.175719976187
18.2183334669	0.196473690344
30.8799822309	0.16943069752
66.4231607089	0.112835955206
27.7861100614	0.17293513962
79.7673649935	0.098075858774
72.3387714901	0.107932523186
28.1614310941	0.172423428445
-2.96502710178	0.247971276827
17.4590366081	0.193570664239
10.5887936244	0.212685134
37.6700546999	0.158153295247
24.6242559479	0.181254439856
62.4047592515	0.12021308399
27.4694696095	0.173415417452
25.155989752	0.180072882985
20.9200951285	0.189928431566
48.2909928195	0.13722838534
27.8324474659	0.172952133077
124.268888022	0.0603158461843
34.0836941995	0.161418540451
0.601464132187	0.235585239968
30.4759986156	0.167018744264
-6.54465033443	0.252941773567
29.7137241762	0.169058715548
29.2374772122	0.168745631284
30.6929217492	0.165917927619
127.473203782	0.0571098933372
35.6066157456	0.157255778093
22.1175410753	0.183338317793
141.456059782	0.0487979719466
26.4588268958	0.175445983828
28.4934285917	0.170677834979
75.2114694139	0.104493276454
36.8114266548	0.154016944933
26.9759785039	0.171803066831
26.7015369726	0.176729337589
77.6791395842	0.0994271353018
23.9260301879	0.182449588329
55.2165153366	0.130548334654
43.7754688749	0.142135568777
4.28256747398	0.228651929051
119.402367171	0.0637729896013
62.9143438873	0.119684094174
52.3620369523	0.134490304071
93.301339448	0.0851459575383
111.705716587	0.0695738140015
105.608779163	0.0744946549576
123.146131705	0.0600288127139
27.5935836044	0.176885034975
23.3966236176	0.183853258785
146.383859752	0.0461750026047
26.8228968576	0.176542570647
30.6608506919	0.170944902519
22.9804836113	0.185385511622
28.7969068995	0.174533863133
114.211609124	0.0676176749714
25.4319279561	0.179099912465
43.3360149042	0.144886330334
98.2097349956	0.0797384790297
27.8931503045	0.173777288352
52.1249865625	0.130413674624
28.5759995516	0.172289715104
42.6483361305	0.144054567664
25.8868407835	0.178252944437
44.1081120307	0.142137298493
46.9878524551	0.14280792121
37.3540753047	0.154432313106
16.0774635431	0.197375813117
71.6811312722	0.105791401937
69.4818966714	0.108635707062
154.796366268	0.0425666764766
59.638516577	0.121046534459
58.0390669354	0.122643192642
17.5678693284	0.197448360212
87.5589357109	0.0911118920351
48.9128008862	0.139939096072
168.695639257	0.0362867359247
55.8196444218	0.126203872273
56.5683749564	0.124678819315
7.05819603668	0.223314886227
87.5837455333	0.0890978498042
60.6677455161	0.119936655064
71.2081338949	0.106431616908
70.2732606447	0.107893402417
84.3064190719	0.0944805929152
62.5225488112	0.120109374364
58.9237884197	0.125120440933
78.853155844	0.100173128291
52.4698707511	0.134570951744
114.363959445	0.0658579604858
80.1097078625	0.0967480075679
140.715123797	0.0499663255269
28.9230369113	0.17175567767
70.0165449447	0.107845996027
27.0003421475	0.175320696337
125.517028466	0.0581313624794
19.5055079541	0.192824554165
31.3539447862	0.164869648832
31.4318971447	0.1693275922
69.6457928826	0.111035788089
118.983665177	0.0633027271689
68.607973983	0.111777864592
82.8138789066	0.0958215505843
86.8405537421	0.090616112343
22.890090887	0.185506291428
67.9110061157	0.113372307156
21.8685927426	0.188260661218
57.7565708679	0.126581255185
30.4878810497	0.167315241156
116.289212022	0.0660606019687
112.807867802	0.0686746020898
82.1000716092	0.0946449068957
51.4574042454	0.132536822881
29.8505090848	0.167821093447
64.1740911403	0.114960253183
52.3925531472	0.131327673871
69.5389161581	0.109789080815
137.054564541	0.0512425500007
15.7426200947	0.199855385166
70.4914991667	0.107143233483
43.0818381957	0.146318069764
53.2628873826	0.129906526696
24.506922671	0.177751599297
68.2473114191	0.112795615091
86.0347196327	0.0914757253522
64.429690447	0.117656722593
111.103442655	0.0700255896532
161.191235305	0.0393782556006
40.7990617064	0.149627162961
59.3593871726	0.121997811338
100.134612381	0.0775265892389
101.483742001	0.0779944078398
70.2614688328	0.107511236737
116.975332006	0.0646179336212
64.045909631	0.116471324591
73.7149199645	0.106179859767
29.9023188134	0.171415663071
90.6262776222	0.086554511676
80.844548943	0.0957919972116
31.8934287308	0.168540206825
34.1116535365	0.1646375569
89.3075900025	0.0872510087612
68.5011347299	0.112394691897
18.7075791767	0.19273634108
109.793130982	0.0710730755255
107.922131453	0.0703603955233
67.629422539	0.113487794269
67.0514292978	0.111817564341
55.64639379	0.127032854021
68.521321839	0.109523677787
27.837277343	0.176097477264
139.554602038	0.0501357668252
63.6266431281	0.116063450685
74.6101768502	0.102188611561
58.4476973242	0.122631538517
37.269817351	0.154508907796
53.2429155359	0.129795406236
61.4894138908	0.121232706687
71.5839958295	0.105777824889
28.2422869788	0.173368135739
77.4431862062	0.0991892572708
150.743986994	0.0446060219499
101.05238345	0.0761320299588
66.5251043588	0.111843665669
87.4120352134	0.0889912063668
63.5961286899	0.11552266804
104.47084775	0.0731583937711
61.2915675632	0.11824282794
81.2945208448	0.0948997290832
49.5963769571	0.133942216191
47.103639619	0.14062193596
149.977768235	0.0444248225827
71.3273328412	0.106076154122
58.1743055882	0.122257758808
33.7265213994	0.159940842318
32.2639746066	0.163618410461
84.7244232886	0.092718356007
29.0720590207	0.171610053297
107.280593356	0.0730616601254
51.6934146921	0.13536255463
53.287907884	0.132924169803
49.5871687398	0.138490847936
92.3220807849	0.0863320672923
50.5034253447	0.137285293151
36.7371798542	0.159666053117
61.3297010321	0.121644422323
81.7842797242	0.0945645995706
67.141544367	0.111352477861
79.0350012143	0.0982532707696
32.8861636494	0.167274747228
74.3886899305	0.102796501577
68.756955216	0.109171378982
45.8477563801	0.139450937457
36.4581782137	0.157511210134
59.1663631803	0.124920848519
66.4072323718	0.112396061193
85.5444599363	0.0928245257456
66.9656227815	0.111203427561
132.74002127	0.0540988336271
57.0541131467	0.125072665557
83.6570201069	0.0924708919745
109.486953328	0.0711754100874
92.2209444884	0.0843116208231
122.917515941	0.0606068977924
112.332935709	0.0690541454038
34.5154013475	0.163761843943
93.0260739461	0.0843365098525
122.761948927	0.059781938382
66.4979241622	0.112113300775
146.169300569	0.0464170746159
74.1582960119	0.102648340517
45.4652390988	0.141202491539
54.0531709084	0.127939607123
71.5314638318	0.105719250008
117.285425023	0.0635314160962
71.4904497726	0.105961101828
52.8817790695	0.129216666981
88.4284492921	0.0880940509987
74.974887023	0.101841466169
69.2375628448	0.108343965234
159.60622315	0.040394733788
86.5511342956	0.0900681741419
79.5316523907	0.0965783083734
105.892233019	0.0738699624718
62.2572681803	0.117817731324
99.9351412294	0.0793091656947
95.5944004634	0.0832593533972
101.700461958	0.0778001200438
121.539102775	0.0606763348152
108.026568927	0.0724257881402
77.4437475914	0.101781433291
145.66637549	0.0465233627972
147.140769023	0.0460397386558
122.21671527	0.0615085429883
52.6506306262	0.133850295885
119.517082071	0.0619827491566
144.690019901	0.047379559347
82.8030263953	0.0959805491862
122.366892472	0.061583376513
99.414159717	0.079736588978
100.67359801	0.0786643537793
113.719217069	0.0666877861377
93.5493009175	0.0830761951086
69.7401453797	0.107772748078
116.322549096	0.0660060521866
90.5885937008	0.0880402003162
95.7887181764	0.0831231241279
25.1284711874	0.181377147113
167.887568484	0.0367959939807
109.907598302	0.0708012467373
111.386486886	0.0682311333953
90.0683264053	0.0863756570509
71.1210501688	0.10629927512
55.849374845	0.125408410562
102.892546554	0.0767836738994
90.5331535555	0.088104457139
47.178220594	0.14230809721
109.447060735	0.0710319621919
64.6410273473	0.11518069328
114.315226996	0.0675145257699
115.516690619	0.066552406963
86.0831579708	0.0926322635843
100.449734868	0.077036051088
75.2137987878	0.101508797161
57.6094652678	0.124220683021
101.127471723	0.0783077581517
129.464492384	0.0565279403413
155.835929291	0.0421531400525
141.622933026	0.0488327429066
79.4873100242	0.0966481506324
76.4131401527	0.100124284642
55.503235574	0.129744567906
156.068702873	0.0420672157942
73.9832203668	0.105981495915
170.551227537	0.0357929885865
163.927092686	0.0384753871759
90.2870617669	0.0883915440471
125.181601404	0.0584587079103
151.050259214	0.0445378043458
112.820286583	0.0684375068732
111.684204302	0.0677926306022
108.198503401	0.0711084050571
167.79408169	0.0368406365127
145.283519378	0.0475369825422
99.3815040105	0.0798033957046
137.666592577	0.0510465829976
142.889670249	0.0486029381412
129.926478402	0.0563176821274
80.6888045844	0.0983339061248
121.881240344	0.0606192707205
140.755863814	0.0498102628472
144.4458646	0.0479889505991
171.346207199	0.035481846536
89.8806897521	0.0864982702931
113.277602116	0.0667259379221
128.781010508	0.0562025272197
117.851089038	0.0648793792733
184.00699033	0.0307922509581
100.07636318	0.0777596780243
160.361040886	0.0401252324506
125.281354873	0.0594561562749
171.517415731	0.0354315116857
166.422086773	0.0373042258878
160.371470816	0.0397093547246
124.580196043	0.0597332980019
106.239894092	0.0718714695202
191.796800745	0.0282249832432
75.506325774	0.102363925601
112.820489472	0.0686783219017
198.784419462	0.0260696420446
95.7242771935	0.0819482206396
93.0227381352	0.0839433150769
152.991576829	0.0434422729313
155.957766457	0.0417599868646
155.200416749	0.0423332286587
140.792677341	0.0491302191494
94.4551802084	0.0823582208562
103.113402248	0.076529043925
181.842062727	0.0315534384568
83.078042129	0.0956893156934
99.2982459971	0.0777875233407
107.286461525	0.0711019999055
139.692668618	0.0499685443606
142.528002522	0.0490422556252
102.477546775	0.0770988973572
105.954130259	0.0721643668236
123.098692451	0.0600627949814
137.401811106	0.0519687245811
119.766785895	0.0621915995513
86.5561851328	0.089828278062
86.8286604659	0.091818629031
89.4866143998	0.0869802237415
129.996578019	0.0554626675952
147.476932345	0.0456701536966
142.432155621	0.0485983950863
144.957025035	0.0475115436958
171.797206243	0.0350972636448
106.336278776	0.0734988556639
118.913372242	0.0628928309818
124.608584778	0.0587682794991
83.5217905919	0.0927345345879
88.3813600916	0.0883490714774
144.532315493	0.0478254227174
153.409475315	0.0432843788508
112.680920114	0.0671476916909
111.543113968	0.0696750860059
76.7207687406	0.102599703777
122.485261634	0.0615585948202
87.3896229482	0.0891736140623
169.44689486	0.0361552866045
94.4712157522	0.082166327028
121.790404542	0.0606433335167
155.212756576	0.0424132057331
164.117588294	0.0384305666541
160.102931093	0.0398303595354
128.935795123	0.0560533888924
136.320865857	0.0519634704923
129.24507173	0.0560911738329
83.501868433	0.0927426066466
124.752117952	0.0596424486848
108.225386748	0.070668538839
116.682255901	0.0657412970756
87.5699978607	0.0911152189866
143.143748315	0.0486417537351
157.039615499	0.0411973622117
148.346508075	0.0453406453705
119.779235169	0.0621577667586
92.9803202585	0.0836158155399
136.91061735	0.0521516389647
109.936749989	0.0694732235765
140.647319568	0.0499684469881
154.477613669	0.0425540106144
81.3567732065	0.0950457446652
184.108107802	0.0307583647227
106.149319012	0.0721883558588
125.996935879	0.0580408145425
124.149665533	0.0592506544266
115.26168626	0.065742551027
87.3831046646	0.0891683584448
100.14420524	0.0771465013261
100.268791357	0.0773305797484
101.10755438	0.078328495474
103.062533781	0.0765467825153
141.86103689	0.0487913697841
159.335472147	0.0405879480128
148.103905547	0.0454901915587
84.1841347149	0.0945499161522
96.8153117327	0.0821624419197
116.593675597	0.0656250037825
149.085757019	0.0449693839227
167.779024942	0.0367698188949
110.563204058	0.068712533059
129.003650421	0.0571054959286
168.724226369	0.0362707776195
171.634949331	0.0351801756708
95.3316831805	0.0815363271558
139.382855786	0.0500393561697
92.0643691545	0.0845209242943
141.98180615	0.0490312867797
179.936956699	0.032248181356
117.167046195	0.0639236173914
157.214332315	0.0416071433191
180.651476508	0.0319373303667
175.818160441	0.0337748011393
137.057151968	0.0514194310002
175.546422088	0.0338560146584
131.48252203	0.0547151264784
157.822306468	0.0412612535853
126.878376433	0.0574868782947
130.336794407	0.0561380725898
131.896430487	0.0544499605218
142.398958642	0.0489717320827
205.768207806	0.0240414887039
209.103034705	0.0231429356215
164.192521972	0.0384420638653
210.164762628	0.0228468986171
224.57768354	0.0194098125601
156.669213089	0.0415378742747
181.67755867	0.0316442956964
147.255200088	0.0459485996993
173.411672953	0.0346794165891
160.516643012	0.0399819976438
172.328275228	0.0350936690084
156.961392379	0.0415100924974
212.127381793	0.0223457092069
136.676416673	0.0520528810887
165.665292749	0.0378221987984
167.283458766	0.0370926200346
183.770570755	0.0308350315266
158.709830676	0.040598940543
112.89405159	0.0670251042639
134.99392542	0.053092973308
196.471173649	0.0267709071827
196.894078174	0.0266354346967
133.462282235	0.0535470982105
175.4672407	0.0338619011356
185.926813095	0.0300941036288
182.244036131	0.0314342676219
158.34684307	0.0408743664882
186.474869086	0.0299646796454
158.294158195	0.0410185374479
173.801146045	0.0344988761689
150.349439969	0.0446565418211
182.787847491	0.0312322754216
146.014572968	0.0468174459479
177.112003505	0.0332638378351
169.052646806	0.0363132248534
207.341780561	0.0236124585302
178.322204807	0.0328197000312
224.938621894	0.0193215252217
180.910500467	0.031892189522
203.207225545	0.0247803304589
152.60242353	0.0436276549815
156.695418858	0.0417704026242
137.793667742	0.0511651970298
155.354211565	0.0423910903666
133.035676015	0.0541721096969
154.573050704	0.0427686789726
146.282321467	0.0467133715445
144.8266667	0.0477074595638
149.055501502	0.0452946754387
159.239491223	0.0406047723623
153.387780806	0.0431173750387
209.144201635	0.0231318625699
169.746159642	0.0361203240495
213.83280825	0.0219245063796
162.859923169	0.0388856504113
180.858880108	0.0319216087759
160.57423857	0.0398538038438
163.626094837	0.0386795381694
158.813747131	0.0406201299142
158.649250707	0.0408670342952
165.389736692	0.0378266106866
200.876847744	0.0254170980029
166.826702969	0.0372163565922
205.64838257	0.024044153226
172.256947664	0.0350591937589
215.432428903	0.0215165771543
181.1280637	0.0317958683526
210.931672607	0.0226982480947
184.640935593	0.0305844977187
217.394496747	0.0210474729518
180.008736833	0.0321832556141
183.109895001	0.031074995104
204.685518033	0.0243648999276
179.787698163	0.032260746136
205.506241232	0.0241359010987
175.060839363	0.0340159256016
210.508584066	0.0227704780293
210.258444356	0.0228694593437
173.807890177	0.0345408627117
213.866065948	0.0219095819878
180.134651939	0.0321572247435
216.172239476	0.0213759640736
176.43942523	0.0335377477656
174.172458436	0.0344008670766
180.167597586	0.0321009160164
155.860926461	0.0422394985488
167.96238682	0.0368586914857
186.462603993	0.0299163145051
163.417725746	0.0387417371235
180.505301144	0.0319934071081
165.86533218	0.0376730249018
177.254251874	0.0332333200028
151.583866914	0.0443378463351
174.439588901	0.0342922599321
154.466925434	0.0428404535214
222.02875614	0.0199513938966
194.128940867	0.0274164792144
213.91001785	0.021907026309
167.318135327	0.0371173004098
185.446161496	0.0303090921056
171.591016887	0.0353803973167
173.124401381	0.0347764559004
157.159687394	0.0415996806099
171.269662343	0.0354582807617
158.11876428	0.0411042680457
165.37038631	0.0379329699056
153.779378821	0.0430070423722
167.611633375	0.0369398614391
214.436675082	0.0217703530554
185.419336556	0.0302822565242
174.115118996	0.0344126308395
209.608621712	0.0230129378198
190.835531605	0.0285085355877
218.457101893	0.0208100404044
160.913858878	0.0398369247422
213.819227336	0.0219042367237
195.265769134	0.0270438058759
177.977163911	0.0328911125826
162.030589287	0.0393564960995
166.976651991	0.0371974014323
174.670232557	0.0341932570748
197.902162546	0.0262524698686
166.657764129	0.0373256633367
206.522681858	0.023819860026
198.732634695	0.0260398001297
216.067841347	0.0214395111251
180.791805484	0.0319398123477
208.276656753	0.0233926813875
199.135514021	0.0258834649086
184.903058785	0.0304932490378
189.27978397	0.0290138357854
193.318826323	0.0277122020138
224.667147486	0.0194058996361
167.809464406	0.0367254122349
224.188861865	0.0194909881661
150.878588643	0.0443286154128
213.94166404	0.021921704903
152.683696132	0.0433470309192
205.24196993	0.0242565844659
178.157520414	0.0328510489486
225.503074118	0.0192120263101
201.799779277	0.0252463373731
208.468826765	0.0233078967123
160.131490758	0.039917203522
190.700498795	0.0285396232955
223.525767117	0.0196699100374
157.350588378	0.0412848086082
209.942537995	0.0229174341679
188.649418466	0.0292080050666
205.867803903	0.0240131599595
231.590964743	0.017972620639
129.358355986	0.0559840516951
201.378761313	0.0253313435152
132.368826956	0.0542277357203
176.879266868	0.0333168977494
119.900206176	0.0620300341294
156.692879554	0.041796385726
171.838232573	0.0352604273944
139.992458258	0.049851644782
167.267850265	0.0371377651851
119.181428727	0.0623546866644
119.789230886	0.062093722023
149.092449505	0.0451521208798
136.786451131	0.0516979084258
198.427876946	0.0261808157193
187.28549362	0.0296841705188
188.09852916	0.0294172085485
220.811801232	0.0203164343684
176.673866163	0.0334303882098
172.18853928	0.0351785303215
193.924950491	0.027551008048
217.360229844	0.0211397653389
152.371451299	0.0434819600203
186.577340703	0.0299233877455
169.723306577	0.0360269171955
158.43056304	0.0409299612952
187.853359894	0.0294767789127
217.326027441	0.0210802252276
199.359911293	0.0258424708752
142.575949792	0.0484132689689
166.119335004	0.0374559677207
175.275240934	0.0339102684777
177.326264242	0.0331885502048
173.782024825	0.0344599321425
161.992357296	0.0393337763168
170.62577563	0.0356154190916
224.129427323	0.019550403584
193.724330086	0.0276201311496
166.806012681	0.0371955878722
195.991821883	0.0268617280782
156.847626054	0.041345922715
215.839844195	0.0214608965174
193.581591758	0.027671495882
193.99841942	0.0275448966185
220.278224614	0.020457054547
211.038887189	0.022606558959
202.089534129	0.0250803253092
187.603287568	0.0295496124614
192.437390765	0.0279777032866
193.617080194	0.0275787747231
168.639671964	0.0364699481713
209.143234791	0.0231699712029
198.968662111	0.026049012633
208.640785125	0.0233014259311
210.575271703	0.022774344563
221.331022017	0.0201452154572
230.071682597	0.0182340729025
214.098420657	0.0218863754467
207.069959062	0.023686223723
175.885329061	0.0336002574238
192.626021329	0.0279452305253
151.172270805	0.0440354640685
178.514003611	0.0327122455276
193.693514166	0.0276031085603
206.270038032	0.0239327673433
179.164442619	0.0324557423624
170.588657769	0.0357616448087
207.799021928	0.0235306106602
191.07652558	0.0284470238907
176.393426426	0.0335115487322
172.928695997	0.0348948950985
173.077421	0.0346853907381
210.657408376	0.0227232745162
205.413355526	0.0241376048985
221.758531111	0.0200722501531
200.633914459	0.0255102905704
224.270663831	0.0195098487853
220.716344956	0.0202832971663
232.986676014	0.0176558631399
188.872510009	0.0291259874088
227.600765573	0.0187808617886
187.063527298	0.0296997810364
199.067311355	0.0259727228327
203.556861261	0.0246598956871
207.153571352	0.0236686394952
216.386879006	0.0213272188807
219.444319582	0.0205854293999
205.14234965	0.0242272268071
235.988770591	0.0170596252599
222.927108386	0.0197867168286
204.14676031	0.0244902819793
231.218488854	0.0180439289375
208.421403455	0.0233266279596
219.195712137	0.0206505038522
217.035230517	0.0211516587897
209.228674993	0.0231004525737
228.265913819	0.0186538206497
198.388968813	0.026125212818
222.136548782	0.0199566633462
234.135724115	0.0174387422858
194.070151711	0.0274487228255
218.641992806	0.0207727142586
200.024156207	0.0256569544228
218.987046815	0.0207088427077
233.372450893	0.0176046685569
203.455157357	0.0247052185426
233.610131727	0.0175836372303
241.167513304	0.0161088512658
205.102053838	0.0242309470087
225.58018892	0.0192163219268
214.170274457	0.0218523114334
215.873126113	0.0214450903391
218.748596125	0.0207468552059
239.713284148	0.0164086692382
234.782252477	0.0173256122814
210.222038042	0.0228560009601
224.064278365	0.0195511340267
225.106445238	0.019339064323
216.91320793	0.0211869992163
226.417928105	0.0190246922001
235.438254696	0.0171694427964
229.647221508	0.0183499577975
207.643163685	0.0235433677451
217.373256017	0.0210786884939
208.074301825	0.0234308067217
225.612552104	0.0192068646772
222.022321896	0.0199946716802
244.544540512	0.0155215955613
210.598806902	0.0227635096359
232.760786951	0.0177290742312
217.564050743	0.0210319090124
245.180562683	0.0154447850212
218.699058936	0.0207669377058
242.189078579	0.0159617231866
243.481623486	0.0157100715338
220.897890839	0.0202741423727
242.711419228	0.0158485818801
221.988841422	0.0200290175371
231.947721259	0.0178909064914
233.754573769	0.0175390706706
235.439866161	0.0172029402409
218.4190766	0.0208460084948
228.854649739	0.0185064108141
220.899793735	0.0202673640179
225.103336271	0.0193091533653
220.155690366	0.0204533218753
223.254804559	0.0197152130861
233.460358586	0.0175923327572
224.746675432	0.0193914841691
213.825028702	0.0219547150533
237.108007146	0.0168587593063
202.869565175	0.0248552362031
239.537456011	0.0164376979832
211.719011712	0.0224679230768
225.910256285	0.0191238184601
178.327024901	0.0327937595651
229.858701349	0.018291105885
193.407879551	0.0276814635207
212.079233725	0.0223965060193
208.800567602	0.023211469692
209.953027709	0.0229693813389
220.75371962	0.020307276794
202.137624422	0.0250675385283
250.631673098	0.0145283029072
243.153502451	0.0157851636896
215.6730921	0.0214818104551
229.339526994	0.0184129871897
198.086705022	0.0261929245246
233.004111979	0.0176681669725
204.716942278	0.0243138902766
225.757587773	0.0191872055073
213.639865976	0.0219854599251
220.562131695	0.0203441688735
214.006519763	0.0218968220503
237.479862424	0.016810049216
223.901073235	0.019580613917
244.457937888	0.0155430322146
236.138952383	0.0170862077238
244.400697343	0.015553052403
227.192143613	0.0188630159246
221.457117695	0.0201578759885
227.913771458	0.0187093161866
219.257952691	0.0206695983408
229.798036343	0.018328999254
236.592977067	0.0169908106532
245.365173189	0.0153888893742
247.774611979	0.0149838918306
243.788519467	0.0156765192453
251.99497437	0.0143282278511
224.217144122	0.0195223711592
247.923273519	0.0149726761166
227.102019961	0.0189024636941
236.499412596	0.0170096416469
242.03281018	0.0159915255737
251.274319542	0.0144133614604
225.194069205	0.0193218819227
250.88338363	0.014493078886
231.394609039	0.0180187154491
252.273774405	0.0142770527528
244.509553803	0.01554941218
237.209543603	0.0168729802893
239.435340375	0.0164669759432
231.937433616	0.0178860784044
234.596217394	0.0173719979341
238.49663606	0.0166052096151
227.000294989	0.0189312186614
243.33012002	0.015737889359
241.054730229	0.0161822960251
220.725600022	0.0202942968721
241.168292607	0.0161111638383
225.094992634	0.0193343836001
176.22299452	0.0334426605932
222.134992616	0.0200057897294
253.23528627	0.014120931058
232.576184821	0.0177717865915
236.524438061	0.0169906583413
233.599632945	0.0175751569275
249.203953485	0.0147160233328
216.671311052	0.0212733735744
234.465698638	0.0173802739744
238.014228975	0.0166957733955
248.015059556	0.0149456666933
236.242788792	0.017045581617
235.103547886	0.0172613902631
233.733151001	0.0175452932387
234.350792239	0.0174080357416
232.844911062	0.017727389884
237.32315648	0.0168367936602
240.138728604	0.016337929522
228.969298983	0.0184790537572
244.560973345	0.0155279518501
214.181981081	0.0218905760254
238.261961646	0.0166618990829
255.366151342	0.01378708207
248.903660315	0.0148081152429
250.418778521	0.0145527282144
247.067604955	0.0151049698461
231.648694055	0.0179479021437
232.255440379	0.0178405602437
233.125799926	0.0176412141627
239.161685635	0.0165036697662
240.707112411	0.0162369396399
254.572521741	0.0138975443962
240.522686854	0.0162624982051
246.58723677	0.0151872350617
233.885119827	0.0174867683717
250.141535815	0.0145930032111
238.502313405	0.0166377840611
252.07846955	0.0142934233885
236.367192824	0.0170190148282
232.418971491	0.0178078426243
228.238280062	0.0186320740321
233.745737343	0.017548528394
236.697206753	0.0169932694779
249.855575184	0.0146296737234
235.858078475	0.0171592134546
246.056093284	0.0152770837381
238.321190111	0.0166801357922
241.753498502	0.0160418080835
248.289323819	0.014908418477
253.219356263	0.0141063328683
253.540194433	0.014059780197
252.318627122	0.0142730401783
255.879218129	0.013695849844
248.889503262	0.0148268354532
244.809683641	0.0155071081896
237.184876085	0.0169035036199
250.708996973	0.0145153347262
241.070757962	0.0161873632251
255.459208281	0.0137707279688
252.399967132	0.0142569022551
242.542090469	0.015919526481
237.766625152	0.0167951434122
252.991268826	0.0141582639981
252.588272309	0.0142278340879
247.384472494	0.015084734519
254.709169938	0.0138940627741
247.149959765	0.0151238255606
248.352020251	0.0149104583872
246.427771157	0.0152477364843
250.83629547	0.0144976893406
246.431572125	0.0152459220955
257.99535842	0.0133814899205
238.963112596	0.0165736887092
240.204377611	0.0163245589708
252.397170613	0.014244295047
249.005965516	0.0147729627665
234.491183122	0.0174208582448
242.979493074	0.0157960194804
252.79048775	0.0141838319512
249.434434674	0.0147085812061
249.404360764	0.0147467604432
246.310841086	0.0152138976522
250.914539569	0.0144874668208
250.884767139	0.0144484627145
252.914559841	0.0141568962623
252.665405803	0.0141773311777
251.426628374	0.0143943151347
247.295890271	0.0150477328579
244.55777109	0.0155477514708
252.316981519	0.0142326350077
247.33014706	0.0150731614872
243.200574993	0.0157572675155
236.889630925	0.0169471611345
243.963305189	0.015622465633
243.113432284	0.0157811067954
254.912551393	0.0138340684038
254.43412468	0.0138740560111
252.823605484	0.0141514048685
247.97675138	0.0149324383229
248.014758003	0.0149253181338
251.589337366	0.0143390112041
246.741947556	0.015141598935
254.545750703	0.0138862432539
240.31049512	0.016281162238
240.424570274	0.0162478405956
250.473967817	0.0145173950991
241.300610733	0.0160896039576
244.475527312	0.0155451630824
253.724771141	0.0140268902299
243.426630009	0.0157101236125
246.162192216	0.0152505510467
250.506538984	0.0145176224855
245.074167497	0.01542610935
255.634916193	0.0137042843221
244.121621435	0.0155971053768
248.621507881	0.0148318367932
249.251788071	0.0147417192795
254.118539074	0.0139839290213
250.694116506	0.0144923972739
249.275740491	0.0147615961388
249.40654572	0.0146989134603
242.308660526	0.0159555156019
243.254260759	0.0157510766588
244.500625244	0.0155631730622
246.946847204	0.0151316235802
242.803355973	0.015883125672
245.177079659	0.0154247115865
254.760885023	0.0138510812766
247.023890504	0.0150952314413
243.298773209	0.0157459193626
249.588971862	0.0146837919348
249.645391593	0.014666796396
250.579128662	0.0145094371337
252.199935382	0.0142712700308
252.113330002	0.0142506109639
253.923733809	0.01401712142
247.001373144	0.015094568581
243.414088425	0.0157322620852
240.126322071	0.0163103959462
248.372150512	0.0149211107236
248.36260811	0.0148835310338
252.945716951	0.0141585170025
243.088686075	0.0157918399101
250.948470076	0.014440877725
250.742304201	0.0144691779668
249.17074521	0.0147554623047
249.069078172	0.0147755713263
242.859844684	0.0158298700533
242.978075523	0.0158112069893
249.552831354	0.0146608594461
246.562288563	0.0151749854272
249.237255722	0.0147423176283
252.572226668	0.0141698216938
254.268919912	0.0139536936799
248.150627777	0.0149206480266
253.249506266	0.0140910126108
251.158293197	0.0144463650891
249.279303147	0.0147289702527
252.060537489	0.0142505045633
258.107877307	0.0133452404422
247.300463431	0.0150616211158
259.767896826	0.0131207982906
247.877425832	0.014962566617
251.737440279	0.0143402071896
252.735080812	0.0141586923865
250.173941778	0.0145879855054
252.59869144	0.0141667138924
253.791370008	0.0139882452823
251.254272721	0.0144119507614
243.589896819	0.0157138245097
251.733506497	0.0143101362531
253.290265745	0.0140798399102
248.679902314	0.0148367934187
253.503094445	0.0140604071221
249.349407734	0.0147260381636
251.548481953	0.0143626830428
248.940005753	0.014794605696
257.1203633	0.0135085488796
253.890392288	0.0139851159313
253.37620692	0.0140773661392
253.917863967	0.0139868537636
259.143650191	0.0131761555318
258.91516451	0.0132490508115
259.416671744	0.0131554213652
256.62454608	0.0135753229031
254.623590704	0.0138719717907
251.936565528	0.0142967690504
256.021555772	0.0136573633218
260.199377298	0.0130264631793
262.536536831	0.0127115444006
256.150345019	0.0136414029197
258.233927558	0.0133258321582
256.162717399	0.0136544327843
257.965501768	0.013380445306
250.711334521	0.0145002279381
250.145140448	0.0145840794666
255.799585445	0.0136799598402
256.604977754	0.0135722430109
247.738414036	0.0149866574308
254.670557224	0.0138617215315
256.118200477	0.0136304659917
256.745153553	0.013542049663
255.806373441	0.0136783149968
253.934546803	0.0139886192456
255.331289684	0.0137569849835
254.210137031	0.0139508025504
254.62768976	0.0138546806737
249.206348525	0.0147329206975
255.473130337	0.0137156547234
254.56734858	0.0139010131972
251.290738217	0.0143994262074
257.682980025	0.0134025186763
252.425197753	0.0142345278592
252.817188469	0.0141560144166
251.787224077	0.0143276303713
253.765888681	0.014023584898
254.054466671	0.0139405361642
255.694576243	0.0137212504001
252.220618516	0.0142600066344
256.156210351	0.0136377702025
250.708178765	0.0145030688997
251.951059707	0.0143115107133
251.145403804	0.0144362780537
248.837617182	0.0148027607638
247.047704636	0.0151141770598
253.868120467	0.0139602398816
252.838374924	0.0141630308415
249.194912311	0.0147416366682
251.210788499	0.0144163647026
253.65332962	0.0140425912474
253.869908833	0.0140228255558
250.24746905	0.0145725075851
250.087858482	0.0145992948341
251.520071799	0.0143672211598
255.918454214	0.0136746916784
256.222741105	0.0136282411543
253.72353627	0.0140169369871
257.752636901	0.0133900264445
255.768805586	0.0137197069099
255.680585031	0.0137115933166
251.997164199	0.0142918339291
254.734945025	0.0138557984421
258.152404629	0.0133174882275
259.04008952	0.0132176569851
258.291043762	0.0133147702825
259.231725153	0.0131650580768
255.133447196	0.0137920716192
258.709022226	0.0132532438939
259.059725956	0.0132036110041
258.470679925	0.0132937354364
252.496389195	0.0142117440631
257.849024835	0.0133730771603
258.378091566	0.0132914806469
258.423940457	0.0133099962213
258.168932165	0.0133260561781
253.71461138	0.0140180724735
255.836237685	0.0137066499465
255.944066741	0.013673238159
257.49001562	0.0134252177918
257.87672448	0.0133951060547
258.430204391	0.0132889185213
254.651109763	0.0138728269204
258.278516131	0.0133376670044
254.998139176	0.0138187728548
253.527498795	0.0140483055681
254.766302277	0.0138545686409
259.591928338	0.0131183196201
259.020073614	0.0132130216388
260.198797721	0.0130316809543
260.954381739	0.0129505657677
258.28495961	0.0133245466026
256.254941373	0.0136341460898
259.874194679	0.0130920569283
262.522897729	0.012705712188
261.478182477	0.0128762907537
261.751595439	0.0128433928773
258.244956781	0.0133291570849
258.228790462	0.0133414547292
260.479815499	0.013002424931
263.548584883	0.0125825524849
260.478316646	0.0130014212354
263.905064277	0.0125326010544
260.794617118	0.0129541570066
262.889314033	0.0126676668933
263.982097192	0.0125030653687
264.024092802	0.0125077912124
261.8852671	0.0128196361818
263.611798019	0.012573923647
263.464816018	0.0125969222292
264.402562033	0.0124498812925
263.731797552	0.0125577529049
264.013923281	0.0125196654907
264.822995057	0.0124166821522
264.597765733	0.0124454014676
264.500534466	0.0124458277171
264.418792558	0.0124583059425
260.382383003	0.0130473604535
262.426200352	0.0127569780179
259.025337193	0.0132356707068
263.348851771	0.0126138565082
261.004448444	0.0129563072164
260.760591478	0.0130010601571
259.428572523	0.013179447134
257.514620029	0.0134729319076
261.611317936	0.0128596712085
259.385943579	0.0132034215967
258.138814025	0.0133772092283
263.073081763	0.0126464335161
260.510821309	0.0130287451666
261.419542751	0.0129012590912
261.278278074	0.0129345234762
262.453075783	0.0127355724717
262.827919085	0.0127050484838
258.633781761	0.0132997299005
262.724102961	0.0127015865738
262.184318128	0.0127917535706
257.475004288	0.013474459755
259.65633663	0.0131446562992
259.795547206	0.0131248660016
261.761452307	0.0128469408339
259.845287293	0.0131184249115
261.305237827	0.0128901539518
260.255311083	0.0130696369533
258.925471052	0.0132590351367
263.173861288	0.0126378636008
261.869967933	0.0128286029916
263.80772233	0.0125644111907
263.213037915	0.0126486752558
262.510497377	0.0127408435523
262.904206827	0.0126742819804
262.765275248	0.012704404766
260.965346818	0.0129751452551
259.049234943	0.0132454786887
260.034527019	0.0130799657163
263.056618533	0.0126571866051
255.410855489	0.0137703884993
260.48565652	0.0130156252264
249.151103578	0.0147567783857
258.389922939	0.0132994920995
249.405675925	0.0146865328899
256.76346604	0.0135602622591
251.85474163	0.0142985405596
253.002686002	0.0141247713591
251.411971759	0.0143763400071
255.720987978	0.0137011475485
252.149153437	0.0142550719954
255.116809809	0.0137885508185
252.422048074	0.0141973057232
251.74554533	0.0143437675973
250.827099145	0.0144643425478
261.370021971	0.0128898973861
257.752763019	0.0134305358229
263.452092017	0.0125811007587
262.869810925	0.0126898263288
263.595288313	0.0125782628872
263.03383383	0.0126581772827
264.998156809	0.0123695074717
263.281799632	0.0126232092477
265.054628668	0.0123619934412
263.05147245	0.0126559961998
263.720538173	0.0125672337604
263.878700342	0.0125308879726
264.460810878	0.0124520780233
264.370349064	0.0124626241832
264.866015401	0.0123947207172
264.102202846	0.0125153443129
264.218401197	0.012505042744
262.469860599	0.0127364916569
263.564836735	0.0125742206054
263.904688432	0.0125325586093
262.99229512	0.0126525293422
262.612142602	0.012721821767
262.520225967	0.0127453879322
261.758955428	0.0128391398894
262.742573128	0.0126925428323
261.607669256	0.0128694355942
261.295494435	0.0129236200148
259.972196588	0.0131020534702
260.995089085	0.0129648544174
260.540001056	0.0130320530982
260.275003592	0.0130759329437
259.317906432	0.013201289707
260.860599653	0.0129645517335
259.185091443	0.0132218507564
260.988902677	0.0129471235032
260.13870214	0.0130762090984
260.854407475	0.0129705674131
260.686666253	0.0130013911493
261.261173746	0.0129084899354
261.285951344	0.0129172939538
260.536216804	0.0130368230416
261.003831722	0.0129508770182
261.221625006	0.0129361475084
260.303802884	0.0130593716039
260.72132512	0.0129924471131
260.002253772	0.0130996880575
259.751800872	0.0131400800085
259.455265468	0.0131839495795
260.878654559	0.0129812638167
258.35945317	0.0133465572162
257.747675151	0.0134058097393
258.086799072	0.0133536393489
258.057781064	0.0133382154324
260.183501367	0.0130524291335
257.508935828	0.0134398493237
262.077908467	0.0128157859917
258.094382466	0.0133423949111
261.91389078	0.0128337218356
260.034505762	0.0130587422304
263.982031434	0.0125410661779
255.107524659	0.0138168116707
258.770566651	0.0132805569632
262.252548597	0.0127400813385
257.915182762	0.0133939215361
264.365170673	0.0124581151737
262.470735356	0.0127446317334
261.076926073	0.0129139623516
261.016978824	0.0129503103715
262.804815812	0.0126978727391
260.654106094	0.0129700000853
263.693719601	0.012585966959
259.296443407	0.0131964898976
262.193186792	0.0127655367589
263.221099558	0.0126366115787
262.825082297	0.0127176102981
259.312306972	0.0131630771486
263.994613275	0.0125253834787
262.91144446	0.0126642037428
263.235929441	0.0126285327304
260.410534056	0.0130051279158
264.51286209	0.012463404897
264.043667799	0.0125040314915
264.437768443	0.0124846621906
258.774598911	0.0132647531537
262.708878589	0.0127098426463
263.46508408	0.0126072050826
263.498174071	0.0126168971895
259.141979749	0.0132051061177
263.348392741	0.0126089426385
263.940964286	0.012547873935
263.042252931	0.01263655818
262.981443313	0.0126762663549
260.083865707	0.013071262605
261.077930882	0.0129270742507
263.479124922	0.0126083914416
261.526843273	0.0128620017197
265.293439463	0.012329017226
263.306520952	0.012619779218
263.828991526	0.0125316885809
263.884757913	0.0125459511483
263.194195532	0.0126295069526
261.937747662	0.0128078747894
261.947203059	0.0128094956104
263.320076969	0.0126191640758
264.347364914	0.0124898160255
263.327621032	0.0126160285957
264.214473428	0.0124781961978
263.29053396	0.0126126073669
264.068943626	0.0124944073533
262.547349103	0.0127008038377
264.789153278	0.0124234292708
264.053158139	0.0125039321753
263.252869343	0.0126359215084
264.049935652	0.0125206183058
264.830161708	0.0123952552816
263.484997841	0.0125992423397
264.61398875	0.0124399109416
265.03154574	0.012389074386
264.873602238	0.0124040318988
264.326049688	0.0124659924119
265.425536376	0.0123233037053
264.800124474	0.0123985971876
265.18910381	0.0123594141024
264.922916682	0.0124024831488
265.677437405	0.0123108963902
264.80111056	0.0124212206856
265.507246047	0.0123217600408
264.810689497	0.012414937468
265.248686371	0.0123469498392
265.282589025	0.0123366664069
265.536922385	0.0123050013522
264.814389587	0.0124112276595
265.538416477	0.0123054179127
264.866892844	0.0124102553363
265.315392933	0.0123522173207
264.94240091	0.0123968772096
265.741330296	0.0123024785433
265.260621927	0.0123543079286
264.97599516	0.0124109355843
265.482540126	0.0123356089262
264.602437335	0.0124616182419
265.048972426	0.0123812934851
264.363007003	0.0124791948882
265.581704009	0.0123172259347
264.522782538	0.0124736167153
265.340806269	0.0123434164324
264.833583991	0.0124316222484
264.967082667	0.0123972175182
264.483264224	0.0124719319978
265.547348186	0.0123168820137
264.772151928	0.0124283292759
264.75964236	0.0124205137864
265.335523459	0.0123616077509
264.809769287	0.0124121452727
264.483236883	0.0124643589181
265.170413802	0.0123629327585
264.813253947	0.012431572179
264.973577754	0.0124009571561
265.03043603	0.0123925582905
265.221103193	0.0123594551788
264.393637302	0.0124791344166
265.250121093	0.0123608698454
263.922344432	0.0125438094797
264.963922596	0.0123949808201
264.317210568	0.0125052910718
265.177858435	0.012375038782
264.275136766	0.012512337237
265.027481838	0.0123846923861
264.149472298	0.0125283894571
264.688605457	0.0124259379733
264.576425886	0.012467012513
264.573041727	0.0124407635585
264.801960122	0.0124318284405
264.830351545	0.0124159836376
264.591077685	0.0124652444784
265.44959596	0.0123321248397
264.160925351	0.0125072185111
265.108528754	0.0123689186064
265.013486418	0.0123997443398
265.053236887	0.0123750965907
265.004848252	0.0123969446085
265.137819339	0.0123645270732
264.235089539	0.012494448878
265.186176068	0.0123588603228
264.564660365	0.0124608325169
265.575946467	0.0123079001147
264.722824689	0.0124410023989
264.627505619	0.0124429645282
263.997099181	0.0125391680297
264.32295191	0.0124680110048
264.724247645	0.0124248339551
264.899641256	0.012403762717
265.262874573	0.0123608676521
265.17054135	0.0123643434757
265.039297563	0.0123838090961
265.69836036	0.0122942389854
264.928753756	0.0124130337098
265.136412402	0.0123770213003
264.640939135	0.0124550717113
265.3997667	0.012330111103
265.096446812	0.0123729927829
265.271673029	0.0123565363955
264.500233165	0.0124720361958
264.889273522	0.0124062855172
265.323485875	0.0123471147198
265.696779342	0.0122907797902
264.801415458	0.0124096672772
265.169800447	0.012366650772
265.650632559	0.0122977708738
266.351578345	0.0122081153147
265.592679371	0.0123120311262
267.968814639	0.0119774455519
266.980017714	0.0121141219098
268.669292006	0.0118872691423
267.286129365	0.0120720546054
268.491493827	0.0119084562116
267.635599501	0.0120240974987
268.770843879	0.0118710826435
267.025889004	0.0121126391932
269.458337081	0.0117863352746
267.066122226	0.0121103877847
269.392010643	0.0117901834065
267.262990662	0.0120839800334
269.221204067	0.0118174143891
267.671598849	0.0120281850791
269.211858911	0.0118049613023
268.194559113	0.0119541854012
269.490616385	0.0117835153543
268.046906498	0.0119694437026
269.224570952	0.0118179630829
267.885315954	0.0119855211541
268.925649262	0.0118384842555
268.47765762	0.0118983369246
269.581620104	0.0117470138269
268.958089595	0.0118328607188
269.55343803	0.0117520791651
268.657804571	0.011870832266
269.6963139	0.011740287856
269.490918144	0.0117630717971
269.841696994	0.0117217770881
269.83199848	0.0117225781166
269.880155358	0.011715467957
269.443723564	0.0117676900189
269.386512834	0.0117789470101
268.73197003	0.0118684649999
269.472538165	0.0117706255193
269.781308894	0.0117262798545
270.243535226	0.0116641931892
270.084985837	0.0116893362055
269.80378229	0.0117210339696
269.898026939	0.0117088853122
269.684536009	0.0117420980151
270.179377337	0.0116788218719
270.265249324	0.0116642957242
270.18646658	0.0116768131048
270.416788687	0.0116430337891
270.363397401	0.0116536731321
270.3559702	0.0116529302274
270.428076627	0.0116458571743
270.356666969	0.0116521105189
269.932346488	0.0117035627227
270.56390437	0.0116251121915
270.513762083	0.0116352988847
270.128143692	0.0116835417705
270.348824818	0.0116561216954
270.455457027	0.0116423005679
270.246345555	0.0116635834883
271.124871007	0.011554386519
269.888643209	0.0117088955567
270.829166362	0.0115921350928
270.790975207	0.01159508503
270.790774161	0.0115915175833
270.554931576	0.0116280711513
270.866975359	0.0115839028575
270.991869503	0.0115735201356
270.414515438	0.011643454563
270.77387869	0.0115945649982
270.667596033	0.0116083853143
271.06952598	0.0115621181836
270.630743153	0.0116205661161
271.016187553	0.0115661759646
271.267050293	0.0115359966086
270.967452494	0.0115734007169
271.41576889	0.0115120646286
271.003955022	0.011572669561
271.194634889	0.0115409944212
271.498394293	0.0115066359557
271.337343329	0.0115294797107
271.354699285	0.011520552011
271.253045436	0.0115324099051
271.81848373	0.0114652595964
271.894247554	0.0114546731632
272.006858015	0.0114397758872
272.116881625	0.011422013463
272.06673491	0.0114295979124
271.82716675	0.0114552366941
271.853133046	0.0114511145608
271.960226434	0.011444185986
271.624594547	0.0114819833608
271.738337543	0.0114693447412
271.931189727	0.0114476209557
271.707857806	0.0114723706445
271.996526973	0.011439994218
272.053272015	0.0114322934023
272.143832295	0.0114217898287
272.03590563	0.0114301572901
271.990487977	0.0114342541582
271.836500577	0.0114525269398
272.046666926	0.0114327827933
271.906002651	0.0114465442225
272.148060781	0.0114188842683
271.977488932	0.0114386631888
272.107343062	0.0114227146708
272.056363735	0.0114288596437
272.037596541	0.0114300924393
272.203768717	0.0114134245614
272.256354552	0.0114037339881
272.159559057	0.0114185082799
272.132798611	0.0114179928895
272.221351068	0.0114092253819
272.322754071	0.011398356912
272.137914912	0.0114183917118
272.254388584	0.0114049052664
272.096133198	0.0114228891952
272.334000522	0.0113975311055
272.26731716	0.0114034905315
272.367287384	0.0113925526796
272.145600446	0.0114160181474
272.37684398	0.0113907585569
272.296582843	0.0113989261555
272.26369114	0.0114014546987
272.203795911	0.0114089529931
273.374809371	0.0112606019996
274.611974411	0.0111062374667
275.717350137	0.0109702700344
276.37923158	0.0108869749981
277.237909206	0.0107865864524
277.831093565	0.0107118248082
278.608929734	0.0106220184762
279.169983519	0.0105533015303
279.818773635	0.0104791162001
280.37789829	0.0104147556748
280.954958306	0.0103469047592
281.516785983	0.0102826875741
282.041637238	0.0102217750823
282.525639256	0.0101651788348
283.179866835	0.0100918178071
283.701099482	0.0100347365852
284.37946692	0.00995466065555
284.937646981	0.00989365081194
285.223846047	0.00986479468902
285.971042664	0.00977931563795
286.248128114	0.00975171979952
286.560085875	0.00971612797822
287.009266391	0.00966857044962
287.402095469	0.00962538290296
287.842239805	0.00957582079105
287.924807393	0.0095695367935
287.943883702	0.00956273740503
288.405485487	0.00951669201832
288.328791284	0.00952531131481
288.281077898	0.00952996290624
288.258088593	0.00953426286444
288.100468256	0.00955077320423
287.713702459	0.00958968770846
287.443111268	0.00962022243617
286.945288542	0.0096736830307
286.309310851	0.00974174699507
285.759044961	0.00980318626626
285.130139165	0.00987262369233
284.500024626	0.00994354746705
283.70161603	0.0100304984413
283.136482033	0.010097127803
282.473228899	0.0101724203776
281.865272446	0.0102409539586
281.261414202	0.0103099659043
280.677326128	0.0103783186668
280.117829335	0.0104420013835
279.643226795	0.0104985983522
279.183160857	0.0105530987516
278.705656059	0.0106065319172
278.262598479	0.010658217532
278.000440072	0.0106934801115
277.480958057	0.0107539507142
277.497221446	0.0107526989638
291.47907724	0.00919616586483