100	-0.04489	0.0	0.999999999798	2.01963446757e-10	0.0
104	-0.03377	2.52744678781e-203	0.785665358537	0.214334641463	4.42389403878e-15
105	-0.03777	0.0	0.0	1.0	0.0
107	-0.03905	0.0	0.0	1.0	0.0
11	-0.09987	1.0	0.0	0.0	0.0
113	-0.04621	1.0	0.0	0.0	0.0
114	-0.007573	0.0	0.0	1.0	0.0
115	0.003591	1.0	0.0	0.0	0.0
116	0.04293	7.21203022496e-23	0.999999999966	3.38139662241e-11	0.0
117	0.04094	0.0	1.0	0.0	3.55929718056e-123
118	0.06947	0.0	1.0	0.0	0.0
119	0.1007	0.0	0.0	0.0	1.0
121	0.1124	0.0	0.0	0.0	1.0
125	0.1915	0.0	0.0	0.0	1.0
126	0.4869	0.0	1.0	0.0	0.0
127	0.6276	0.0	0.0	0.0	1.0
128	2.265	0.0	0.999880708043	0.0	0.000119291956846
165	-0.0819	0.0	1.0	0.0	0.0
166	-0.1048	0.0	0.999925844623	0.0	7.41553766794e-05
167	-0.1631	0.0	1.0	0.0	0.0
168	-0.135	0.0	0.0	0.0	1.0
17	-0.1297	1.0	0.0	0.0	0.0
170	-0.1022	0.0	0.0	1.0	0.0
172	-0.08409	0.0	1.0	0.0	0.0
175	-0.09754	0.0	1.0	0.0	0.0
176	-0.06656	0.0	0.0	1.0	0.0
178	-0.06607	0.0	0.0	1.0	0.0
189	-0.0257	0.0	0.0	1.0	0.0
190	-0.0232	0.313739839239	0.0	0.686260160761	0.0
191	-0.02516	0.0	0.0	1.0	0.0
192	-0.02183	0.0	0.0	1.0	0.0
193	-0.02651	0.999999993924	0.0	6.0757709432e-09	0.0
194	-0.009667	0.993817551371	0.0	0.00618244862932	0.0
195	-0.008543	1.0	0.0	0.0	0.0
196	0.0162	1.0	0.0	0.0	0.0
197	0.01984	0.00664372318948	0.0	0.993356276811	0.0
198	0.05315	1.0	0.0	4.29362394415e-26	0.0
199	0.07146	1.0	0.0	0.0	0.0
200	0.1044	0.0	0.0	1.0	0.0
201	0.07309	1.0	0.0	0.0	0.0
202	0.02752	0.488145900585	0.0	0.511854099415	0.0
206	-0.004152	0.813118863549	0.0	0.186881136451	0.0
207	0.002347	1.0	0.0	0.0	0.0
208	-0.01562	1.0699483222e-08	0.0	0.999999989301	0.0
211	-0.01715	0.0	0.0	1.0	0.0
23	-0.08948	0.439247984377	0.0	0.560752015623	0.0
24	-0.07844	0.0	0.0	1.0	0.0
25	-0.08574	1.0	0.0	0.0	0.0
26	-0.08866	0.0	0.0	1.0	0.0
39	-0.07762	0.0	1.0	0.0	0.0
40	-0.06079	0.0	0.0106393190484	0.0	0.989360680952
41	-0.03736	0.0	1.0	0.0	0.0
42	-0.01124	0.0	0.820745868563	0.0	0.179254131437
43	-0.02446	0.0	1.0	0.0	0.0
45	-0.03715	0.0	0.44626898234	0.0	0.55373101766
46	-0.04081	0.0	1.0	0.0	0.0
47	-0.0204	0.0	0.0	0.0	1.0
48	-0.02597	0.0	0.461702985404	0.0	0.538297014596
49	-0.042	0.0	1.0	0.0	0.0
53	-0.05879	0.0	0.0	0.0	1.0
54	-0.03965	0.0	0.454268118357	0.0	0.545731881643
6	-0.06726	0.0	0.0	1.0	0.0
61	-0.0685	0.0	1.0	0.0	0.0
62	-0.04968	0.0	0.0	0.0	1.0
63	-0.04921	0.0	0.0	0.0	1.0
64	-0.0614	0.0	0.0	0.0	1.0
65	-0.05734	0.0	1.0	0.0	0.0
66	-0.0544	0.0	1.0	0.0	0.0
67	-0.0586	0.0	0.0	0.0	1.0
68	-0.06401	0.0	1.0	0.0	0.0
69	-0.05504	0.0	1.0	0.0	0.0
7	-0.08644	0.0	1.0	0.0	0.0
70	-0.05305	0.0	0.0	0.0	1.0
72	-0.05799	0.0	0.0	0.0	1.0
73	-0.05187	0.0	0.0	0.0	1.0
74	-0.05308	0.0	0.84048857782	0.0	0.15951142218
76	-0.0577	0.0	0.538889958251	0.0	0.461110041749
79	-0.05268	0.0	0.0	1.0	0.0
80	-0.05279	0.834380264996	0.0	0.165619735004	0.0
84	-0.1204	0.0	0.0	1.0	0.0
86	-0.1015	0.0	1.0	0.0	0.0
90	-0.05922	0.0	1.0	0.0	0.0
91	-0.05744	0.0	0.0	0.52380977971	0.47619022029
92	-0.06484	0.0	0.00316960093095	0.0	0.996830399069
94	-0.04944	0.0	1.0	1.4253765276e-27	0.0
95	-0.05029	0.0	0.999068221379	0.0	0.000931778620628
97	-0.04573	0.0	0.195650967711	0.804349032289	0.0
98	-0.04138	0.0	0.985069401519	0.000481891593335	0.0144487068877
99	-0.04392	0.0	1.66138983474e-05	0.999983386102	0.0