-71.6977408333	0.544187169002
-1.30683558443	0.246152335181
37.7899040816	0.151134087448
4.60946574811	0.229097135651
17.7698658322	0.196840942328
-23.4874619717	0.313675427459
-64.3572243729	0.499772641608
44.6219871592	0.14643310817
7.53976559732	0.223037221598
-25.7865339987	0.320190435658
9.07764757119	0.209367162557
55.3245190346	0.130284435298
-44.6184457456	0.400780214118
-16.2040068137	0.290245491169
8.73354682089	0.21899089478
15.8915612355	0.200396565192
-8.77489507767	0.264561312075
-6.9190910998	0.258188385997
13.2508195697	0.207460135411
90.2898535449	0.0882599711156
10.5902645235	0.211906872131
49.9778244585	0.134767508042
-21.3206254352	0.309105985454
22.4106366828	0.182256953212
1.4138465177	0.237296029489
-49.3388644544	0.422169951807
-9.2431052361	0.266422021945
5.33621119591	0.227974640985
20.4632198287	0.188232725486
59.8782232797	0.123114972976
1.22555596793	0.233377524946
-59.4928937697	0.47486590705
54.1091635688	0.131682478401
-51.7616916754	0.43520063877
5.70818636359	0.224431360899
48.1201883237	0.141336034608
-48.0628450032	0.417017795093
-12.1508554839	0.277265014014
-38.239511239	0.373300288024
-27.4454963775	0.325127085514
21.1975860861	0.186363588648
48.9765735266	0.137869364353
91.4030437693	0.0872010261696
-21.3466986078	0.308835856582
-31.1454308636	0.345110368405
1.48246895618	0.238582578321
-71.4000059667	0.542276469908
-71.3634661115	0.542053760196
-76.0562933814	0.571960845643
-73.9695209784	0.558948079879
-70.0831285998	0.53521124557
-67.2422242634	0.518305988734
-74.5907615716	0.562660492296
-73.6849906791	0.556667794642
-73.7262604938	0.557140528556
-69.867432846	0.533111697999
-62.7417134412	0.490325717529
-7.30653757058	0.262852550422
8.70446770934	0.219394711826
-6.68708299747	0.26059771222
-9.25917600748	0.268162626702
-13.0326023784	0.278572196206
7.19668860884	0.220499422431
45.7656595502	0.144737725613
10.2778869748	0.215315365634
187.044054886	0.0296751649295
21.0801758458	0.190600631518
0.623215171495	0.232976657829
-5.06683646416	0.255874870652
17.1546994149	0.199667297225
-20.8871207657	0.307599637003
33.987177293	0.16513887344
49.8110575106	0.138428655557
47.6111078904	0.138064940156
40.7210868155	0.147710655844
7.01632006225	0.216612770995
35.0046369975	0.159633583671
40.9311380477	0.14925044617
41.3547081713	0.149250337451
67.8856672769	0.111063995367
66.8448137413	0.11224420416
29.1155487286	0.171362338405
46.4638575477	0.139705465539
83.1741990312	0.0933300325096
14.1445101468	0.20538135414
27.2355067202	0.174017132047
92.9376181686	0.083344970896
44.0921624054	0.144866137964
61.4252709711	0.119758228899
44.4396870759	0.143805826198
41.8202354301	0.149163415536
61.4665323672	0.119113598046
62.8083476471	0.117988200874
68.3634955225	0.11079272727
48.3513110946	0.137647960853
72.1701435187	0.105946687301
53.063379217	0.130998479525
80.6525909275	0.0960711181138
46.2588910133	0.140724634352
56.3882271818	0.126201184156
61.8322340944	0.118585211706
64.9795343777	0.115288642906
57.3712164028	0.124538633616
59.5877719821	0.121578153864
73.6947783779	0.10419956227
61.3886289147	0.119764464137
52.594950835	0.131374401615
63.9865015076	0.116572147593
55.3767826635	0.127319964583
61.7476875698	0.118648346812
51.2088193362	0.132986384546
38.1942707118	0.154927556377
52.8379557486	0.130713279658
43.0265892675	0.147056614399
40.416696353	0.149868021973
47.1980676136	0.139452425585
39.3223689431	0.150791811764
33.4406770159	0.161883067941
38.9321321677	0.151005832823
31.5515957186	0.164657150417
25.5246281051	0.177196959657
46.5297900735	0.139515361323
32.0982994716	0.161346097286
48.1336126171	0.137549422153
43.768264722	0.142830002558
45.5046417097	0.14147037751
17.1244297476	0.194391634387
25.2483175237	0.175807625834
-5.63206197436	0.258744302132
-18.6984502879	0.298924308582
14.8256201624	0.20344837193
9.45657415327	0.20835815437
17.3139008	0.198220032692
17.7418707546	0.193515934858
7.28064765778	0.223667386709
67.9124364575	0.113225090562
48.6816003374	0.140155716944
20.3143567586	0.187110514552
2.98196628378	0.232474666848
44.1717593913	0.143467002033
2.32239564329	0.232802029551
117.876684432	0.0648407270823
132.990370836	0.0546689909578
16.5547369321	0.201049236371
54.2916713755	0.12881194618
42.3908582085	0.143721325846
24.2263445049	0.177167553709
87.109287853	0.0903148697552
-23.1020473852	0.311041268154
-24.3463931756	0.318694404038
-10.5731083711	0.268500246544
88.7607844672	0.0885560473792
-1.02909567926	0.239379313863
54.5043233958	0.131334952505
-37.724109376	0.370361583762
52.7285609815	0.134105156969
42.6677271719	0.143934984313
4.6677521197	0.223933495058
-20.0708257884	0.304709190308
22.1464838584	0.189103221889
4.11547905289	0.221965132261
24.7472427253	0.180156151465
6.7457309179	0.220099138908
-18.6357380618	0.296164230642
35.8951551092	0.162020545293
54.4273912635	0.131678180256
75.2326458929	0.104473565698
88.5239317225	0.0901134299909
45.7140452583	0.139999214965
20.1344879068	0.189795136257
96.0322057462	0.0828719534153
18.2546348718	0.195218992441
21.5702345838	0.187723902863
26.6202713227	0.174918160903
16.8524911787	0.199274063827
120.607165059	0.0629117035681
69.3251687066	0.1113924044
18.5352234921	0.191186184783
17.1597963494	0.197253319047
28.261658855	0.175933634025
33.5857932089	0.16583174488
25.9435883886	0.176449835193
8.87638193925	0.21543367467
19.6598420043	0.192394399095
13.4013874933	0.202232467949
15.6997992628	0.20077466462
50.9438718997	0.134486943883
53.6112544829	0.13278506069
20.0215883332	0.188853859991
-9.3998808724	0.26278124927
72.9887107915	0.106995549751
35.5080118023	0.162226238465
29.0298145523	0.16887493667
24.9822441042	0.179756443842
41.31223549	0.149894121049
14.8322009985	0.204294002575
23.8534875896	0.180377570918
12.4145519814	0.20977513509
13.8679279056	0.203222762518
12.3137127142	0.209398183965
84.5733898054	0.0939838414682
25.9165214727	0.181254389181
0.915549377973	0.239756872041
14.8254681741	0.205162384955
35.0433521117	0.163071962792
9.59165574019	0.214155491499
9.78884323538	0.216380845883
23.3014340541	0.182607188274
79.5509604215	0.0994435731954
3.3788788209	0.228890895843
11.9300891143	0.20637505513
12.9182901162	0.207285204245
56.8927768746	0.125180074078
28.9222294376	0.174932997027
27.2631166964	0.172191576293
-0.0208440805192	0.241389093643
18.2150806781	0.196277864647
37.0795477401	0.155423294029
7.48718328168	0.219938234809
149.233498073	0.0454572024999
26.5725157738	0.173263098404
72.8126985019	0.10508848249
26.1836099743	0.177290504148
1.70998991823	0.235786321133
109.227419606	0.0715080183335
37.2931673914	0.155901455393
17.7947950158	0.195609073397
6.27474254402	0.218884654601
66.8563037994	0.112165053073
-14.1713092929	0.279129371686
-2.48200796751	0.249739370583
76.1033020898	0.10125909721
113.755111853	0.066627481502
19.8609246619	0.191774187933
18.6078686732	0.192410936968
26.5965141797	0.175206264079
43.9360363493	0.142992847637
22.7412290025	0.185046702652
89.6430927791	0.0890345758635
23.3489002294	0.18320953911
27.0868692777	0.17313931499
67.8715006173	0.110688247626
26.0434486723	0.17598335699
-12.3447082276	0.274614036118
34.3384801993	0.157519642426
7.6255347345	0.217429320067
88.0614356843	0.0882436510195
109.78159679	0.0700725637873
80.0288836348	0.0968463596999
76.1350288445	0.101468329272
120.776018371	0.0616252408095
82.0440931489	0.0957932590075
35.2588728482	0.156245197566
31.0972419088	0.164549214995
64.9702965465	0.117153320375
73.553770704	0.10646724294
56.27605972	0.128899447216
76.714262861	0.10268756558
-21.2643061174	0.30871265826
33.8279669241	0.165435315493
87.5957421104	0.0910308175571
82.8232826001	0.096005483876
19.0820122226	0.193876858691
23.2849527317	0.184066994009
7.73920994935	0.221442801791
84.5879042009	0.0940254938768
33.9626307511	0.164914579307
35.6786290075	0.161802505408
21.2686281629	0.189468193468
22.312346434	0.187503043914
20.6979432407	0.190357707708
21.6373640565	0.189428701787
148.27889676	0.0453972944881
44.430824789	0.147044324677
45.1257641193	0.140545313681
10.1720474777	0.210136296183
29.4998565396	0.167990473635
39.111621017	0.149515464797
36.9401063428	0.153742433051
30.5941008602	0.16537668695
162.153973233	0.0390808872028
29.5437030952	0.168534042404
17.0989545519	0.195335801094
8.60202339975	0.215704340083
22.0627551424	0.183214263683
23.7675679359	0.182954160666
49.8589540361	0.138238958466
18.778508578	0.194203594238
21.6137348735	0.187624877071
80.3636917161	0.0986822305701
3.18265031305	0.234144074842
22.7979325419	0.181242343684
96.8007129861	0.0821859306369
24.0607698217	0.184194643413
84.5089357306	0.0942904172461
47.53243583	0.141280031473
32.6137534964	0.16400683681
14.8763019593	0.198987784167
52.797170674	0.130959626041
62.8131259347	0.119651434836
16.7258936342	0.198804711093
20.9705183829	0.189346965947
12.6581152569	0.204079613701
53.247135524	0.132592384006
21.6256338762	0.185939768978
26.4587873666	0.17674353203
27.913370244	0.173692318736
16.9455745909	0.199797067265
101.668781078	0.0763261360524
7.58696117983	0.222070494366
44.8946459972	0.143098971766
72.8564060256	0.107135576263
13.2073309896	0.208770179165
79.1245992568	0.0981884060134
73.7870998791	0.104366256026
84.3816511631	0.094382315419
65.3731421068	0.11640886664
23.1610981454	0.185912661018
50.4218828284	0.137429724552
21.3487466756	0.18716866718
102.593727431	0.0754967709926
27.6794074631	0.17424388572
52.2307934552	0.131491184229
37.8107301205	0.158208285884
59.8552657652	0.12374142689
13.2570125617	0.204334672673
46.2935646018	0.143775254506
51.842010908	0.130603872792
96.6887662419	0.0820771062611
15.2898337893	0.199885727199
50.0858932947	0.133187133156
62.0009276001	0.121056049315
22.3275877064	0.185682018002
24.7934527085	0.180517313215
21.2521927426	0.18912953728
77.0855122687	0.100768234528
180.255467928	0.0320272139369
55.6094124747	0.129701266571
27.7175415255	0.176945860733
11.2182487818	0.209222650095
30.077905543	0.168275289288
31.0434659905	0.164963970728
155.942216083	0.0419483101898
22.3318518464	0.186975535875
107.341329502	0.0725991505639
17.1432506805	0.199463859038
41.8348412056	0.145431714755
174.379748624	0.0340231090618
30.4719103364	0.165200339465
115.462089834	0.0663932507946
103.811774728	0.0737759112126
40.7848802312	0.147115829479
25.9121661533	0.174603403567
129.214709174	0.0569790614433
12.1241192572	0.205536564055
45.7526887012	0.144561068568
23.1317319243	0.185484859692
22.9110186934	0.186325891133
14.3396549648	0.204988579703
118.596123147	0.0643637397766
125.031610465	0.0598407737401
102.786274056	0.0768879073427
125.718628627	0.0593501149629
46.2444065889	0.143812358977
126.016059896	0.0591691118076
24.1229865412	0.18268397962
43.0226419908	0.148968928074
75.1691569935	0.10446336264
25.2490321066	0.18008453845
22.1367570786	0.187645303704
14.7762516702	0.204395526948
39.3825369539	0.149285638925
29.010306584	0.170539887255
44.5548731667	0.141029831373
33.219723938	0.16085755102
28.9993876766	0.170783267934
37.1864170038	0.153394229034
71.134930843	0.106862637976
19.7520521503	0.192931780188
96.6968264135	0.0822769295139
139.155567033	0.0508351798603
133.443648235	0.053282358109
46.5082697099	0.139331203607
162.818091163	0.0388282956089
54.1255096127	0.131855272648
76.4703225919	0.102991134751
39.9798273364	0.154227257079
91.5076865969	0.0872091888737
71.4313499108	0.106120917612
126.883028336	0.0571557433662
151.504675523	0.0440377591692
74.194498366	0.105587658026
146.959316853	0.0465908030529
108.449552062	0.072158394324
22.2060670691	0.187328743883
123.482295549	0.0608891621985
22.2841872117	0.187764795476
124.35186571	0.0602978718239
43.0378382631	0.145415585554
47.1640139939	0.137198625793
47.4010482553	0.137906037481
63.7263280212	0.115862240363
89.5478438385	0.087422942485
84.1301223829	0.094635382615
22.7248198936	0.184949518608
103.978554848	0.0735272938469
64.7413300421	0.114443585497
141.376978989	0.0492627338026
68.657403716	0.109431534195
29.8181854341	0.169127331237
61.5967866381	0.121328421829
126.735222017	0.0572410194138
51.5834853706	0.135490329754
108.057901606	0.0711166357207
103.747350555	0.0760738929057
136.541888345	0.0524718967035
24.4633138741	0.183825405625
85.2691955071	0.0912198165394
139.651583736	0.0506087308513
68.9282196863	0.109102653142
63.114400037	0.116425062881
66.4839851998	0.112064728354
92.552128465	0.0839018344274
94.5671696686	0.0830242475394
49.4379146535	0.136113362318
57.1958451826	0.123500033265
55.1087768958	0.126640956681
91.9143313289	0.0867467120138
25.3623190138	0.180754454929
120.167324481	0.0619596307454
49.3243815745	0.136707735845
65.2761441382	0.116515273266
163.8327958	0.0382517038695
100.881770145	0.0785180716586
65.8299178386	0.112953422464
21.2327125396	0.186894599403
75.1923764575	0.104558447557
52.9847518019	0.129681144984
35.309554741	0.157335511395
53.7845221598	0.129955548029
104.719063942	0.0750964953625
42.515686246	0.149868943247
87.169979294	0.0914647479071
67.7495581683	0.113416430955
42.6439690481	0.149502678549
73.791547803	0.103121978346
120.214743602	0.0631652329317
74.976801855	0.101728087955
149.991250318	0.0447159274719
127.129778795	0.0571128509975
126.723606229	0.0576057980103
106.910229914	0.0711989623512
108.37835134	0.0722110674616
58.1138566655	0.123462416834
68.5683144594	0.109371227439
131.29982018	0.0553955297327
97.5895427339	0.0814755958939
120.055404551	0.0632497092181
71.6038013682	0.10866031214
171.406312486	0.0353285807271
57.4410530569	0.126981910837
148.113626851	0.045554242438
70.2621534091	0.110385059574
120.380663304	0.0630581439529
54.6430693755	0.13097086259
139.997994696	0.050376249835
137.411361951	0.0509823570139
78.9314398808	0.0978803475409
60.1272539012	0.123333177237
58.4221480269	0.125647908596
116.898719708	0.0655829366737
64.3982247205	0.11771005813
81.1929820811	0.0977718045387
95.0440344903	0.08359186381
64.6118645792	0.11744378281
92.4914092409	0.0839753485565
154.513118847	0.0426538699129
90.9036018033	0.0877651170513
99.4793464266	0.077984742703
96.5498264894	0.0816109163415
137.536137622	0.0512975077624
80.7332828177	0.0982261481731
54.4832146674	0.128575553887
144.623148326	0.0477529839864
107.379545405	0.0715050442619
62.3438992671	0.120295887703
61.3399994253	0.118244585594
175.734695222	0.0337185832161
115.001047143	0.0670164405573
34.6636877007	0.1633595276
92.7681826213	0.0836233182944
82.1672597237	0.0967284514881
90.4650206289	0.0860565704255
126.231176284	0.0589103444816
83.6805502393	0.0937911292822
107.356863462	0.0728239240678
103.060429698	0.074862323411
94.3148805342	0.0844929423362
102.420614189	0.0751290019514
68.8674168206	0.109472208371
49.9095429678	0.133358620945
59.1848613667	0.121209077623
112.819814144	0.0686725116841
141.811716603	0.0492079822223
147.135256911	0.04612954745
55.3298912662	0.127478954061
63.3699525818	0.115501300078
121.775492358	0.0615777468092
48.6620764145	0.139953659899
113.043749646	0.0665486461532
115.075302413	0.0659547884277
154.461509817	0.0428230974384
77.4808921818	0.0996104931053
81.8412299604	0.0970387320058
96.7482488297	0.0822337917326
76.4570050169	0.103045291752
46.2598724975	0.143803004564
64.2672792749	0.11567931771
108.203459413	0.0723568171117
53.8535373277	0.132200613923
50.7039353216	0.137061781182
46.5778311639	0.143446017353
101.502844474	0.0780077932123
130.481933208	0.0559175159615
76.0770532534	0.10349944502
126.426829021	0.0575421652994
123.379845167	0.0599430486561
87.1652136004	0.0890910021407
96.8294746758	0.0821921690678
92.5209071128	0.0862242179231
64.0235638411	0.118163966983
59.5820331952	0.124041122692
126.399323932	0.0588919480759
76.1888871031	0.101395059574
114.716007117	0.0653454686965
67.1559953258	0.111057785183
79.3294249335	0.0968830338966
46.5169076085	0.143405476544
33.6032508737	0.165418992885
101.828302164	0.0774800941201
172.081338923	0.0352111585151
135.743570435	0.0522222965259
87.4938810435	0.091150516477
151.15655141	0.0439080995091
162.710233853	0.0387027803672
96.2113619964	0.0827118666826
77.0093682724	0.102341633022
103.749179647	0.0751271587852
114.447694812	0.0674318863428
85.9427945901	0.0927348019579
127.190613973	0.0581218828321
98.7522770785	0.0803431233122
178.422382065	0.0327981113056
150.402263999	0.0448134120969
126.226283456	0.0586048382947
88.7428933057	0.0899600923997
111.428678852	0.0692596554475
87.3505750716	0.0888865314433
104.947143881	0.0750286524143
82.4377900964	0.0941054532502
114.796000403	0.0670120780981
93.6375559959	0.0829774482397
145.333655503	0.047069699724
102.406488719	0.077082384046
115.264071769	0.0651405665883
102.866631219	0.0768240917491
141.987987484	0.0488307471388
129.723471641	0.0567106253304
146.633355004	0.0463769929595
169.412872591	0.0361652530192
78.179351624	0.101069757867
153.926695417	0.043082681248
163.045729672	0.0388912331248
94.1282887488	0.0824146727554
77.450196627	0.0994440869281
119.293283733	0.062463356618
149.544671075	0.0448437110396
101.573008503	0.0779470058256
95.9194428754	0.0830222216633
73.3113385634	0.106601848698
92.9168297315	0.0857905822599
128.119828004	0.0576765037647
127.026500314	0.0583265275496
122.996532863	0.060496038425
170.91962715	0.0356084386099
139.187142558	0.0501129636749
126.583266051	0.0587708155808
121.228435578	0.0621041770191
156.25964552	0.0420171012876
87.4517080262	0.0912180591182
136.406649558	0.0523774630294
113.096343651	0.0674387531107
181.54736172	0.0316338149337
106.095633947	0.0740789398816
141.265989763	0.0490696432283
162.611744588	0.0389287692613
156.718570324	0.0414278067557
183.867260371	0.0308985757944
117.095284792	0.0640482483876
109.849092949	0.0700580689167
164.889257387	0.0381351958262
112.275839554	0.0679041455715
135.854137537	0.0522104526304
168.297561169	0.036625902213
120.473038695	0.0621055595023
76.6364506682	0.100540147379
134.500564376	0.0528709805296
84.1169342122	0.0921208890814
116.84161258	0.0641916367861
103.88990036	0.0759358193243
124.431669017	0.0590826749085
152.417893645	0.0434953737226
106.586792848	0.0724244578162
110.50535144	0.0691105759106
150.710674985	0.0446872085644
152.546266708	0.0434502814387
143.100531322	0.0487076305265
110.384382725	0.0696006334439
179.485521526	0.0324567637048
105.301241618	0.0733012603944
78.6662064012	0.0979515446326
165.131304822	0.038071456478
109.255037253	0.0714809191076
107.845687173	0.0726302214345
123.143684639	0.0611182266281
195.247013141	0.0271448125444
143.10161194	0.048693001572
107.283351148	0.0713725418317
165.026583638	0.0379385803125
124.421426103	0.0602333500293
192.33924279	0.028027744538
126.450008666	0.0578115413097
175.309147442	0.0339622508747
102.684256317	0.0750314232664
159.395848763	0.0405301559311
106.615339537	0.0718229634551
140.851315948	0.0499905374932
138.296564255	0.0508103894505
154.676251149	0.0427754188882
119.720179859	0.0622179065404
176.292576511	0.0336102636105
116.077452517	0.0647596163467
180.61377171	0.0319814353549
120.759860834	0.0615219619845
154.652015312	0.0427871055374
128.425816034	0.0565986232287
127.630942846	0.0579342659344
128.325432409	0.0566654512507
149.836264049	0.045130015947
130.108975921	0.0555497588355
128.4066876	0.0573803356193
98.9273865806	0.0781952297331
157.12987271	0.0413741322567
120.052542259	0.0621881243817
129.821739939	0.0565580505247
128.827445044	0.056589855773
167.665707994	0.0369711775538
125.273388157	0.0585570311603
216.090054484	0.0214347643263
139.188501256	0.0502797392501
182.606026672	0.0312689372572
160.122975651	0.0399904282361
189.176556567	0.0290850594512
138.615708213	0.0506502347902
204.888689836	0.0243281720563
158.524387068	0.0407022590584
215.747947911	0.0215100743147
171.168340981	0.0354751751695
189.211506941	0.0290742821722
145.157933466	0.0472155295813
182.835977831	0.0311943271311
177.143129151	0.0332267477786
175.243576577	0.034013963062
128.401383351	0.0569386842012
205.715443659	0.0241043853306
148.02184022	0.0456569998958
195.100697466	0.027196104447
173.846758019	0.0344678575911
174.701174805	0.0342234384338
174.898057828	0.0340605574665
188.330448064	0.029362416718
182.926775683	0.0311533105784
215.05352969	0.0216816492035
181.238520575	0.0317479225315
214.581833958	0.0217470881031
166.203651539	0.0375749033436
199.45702418	0.0258300601817
164.261283024	0.0384212848179
174.212642104	0.0343795461671
163.308479887	0.0388335421171
207.10973083	0.0236982610446
150.608203966	0.0446703462625
153.577750265	0.0432763343238
145.746214262	0.0470259141664
182.997120764	0.0311547923825
179.727539743	0.0323110470314
180.976095973	0.0318631462366
184.573366189	0.0305959261175
196.30602975	0.0268230022452
171.363941098	0.0354752752134
185.660438049	0.0302506524171
211.710642772	0.0224635924372
177.597709091	0.0331022466419
202.949353508	0.0248728917883
177.494272231	0.0331352977496
195.591115703	0.0270385135556
173.700920528	0.0345707709576
176.978228998	0.0333494261779
163.452381188	0.0386590735885
159.584111282	0.0404312293899
170.674712136	0.0357225513638
160.226309958	0.0401609261556
168.840011589	0.0364392774116
205.447643144	0.0241720936544
174.120596629	0.034371806747
184.996059695	0.0304348461944
175.980704561	0.0336986315645
209.969754645	0.0229587867656
158.356777043	0.0409820610254
183.28207772	0.0310265948881
166.258028066	0.0375208154809
179.630788729	0.0323303568456
143.385923224	0.048269210583
162.720561347	0.0391236715779
158.19644145	0.0408783677838
202.918697701	0.0248181719978
147.39805898	0.046150132033
156.203900236	0.0420053203532
153.006754166	0.0433105299603
164.47454803	0.0383357306152
204.900497298	0.0243308791569
154.173318269	0.0430153446479
197.502055664	0.0264038898949
199.335661581	0.0259077203105
158.319388286	0.0408538564509
186.789375219	0.0298716453694
159.5385864	0.0403152809497
178.394283394	0.0328363272853
179.769304097	0.0322957934884
156.177055545	0.0420423141356
212.171900851	0.0223328459066
172.614105645	0.0349808196029
209.594458271	0.0230526692644
187.12273978	0.0296957700524
190.818796573	0.0285425530602
219.066859942	0.0206922980834
155.524158074	0.0423378132119
202.712366156	0.0248774587154
178.764741314	0.0326309519363
215.429334795	0.0215264455561
204.016425099	0.0245026497624
170.799615328	0.0357030405345
172.330733089	0.0351170403387
182.920477804	0.0311510423431
182.545220639	0.0313351040776
162.700295932	0.0390797544122
211.767842724	0.0224264620379
148.060621322	0.0460478350806
164.044044618	0.0384748666327
204.522150027	0.0243723053495
185.851008869	0.0301257921403
152.860572808	0.0436800755019
221.667364295	0.0201137230483
193.802727346	0.0275921276334
191.562668293	0.0283086317529
215.600492898	0.0214837203251
141.550283362	0.0494706582839
196.829195274	0.0266575589757
150.871440725	0.0446913906663
168.573676379	0.0366122774807
148.200396399	0.0460395358303
210.220128805	0.0228359777424
152.337284009	0.0438995321854
144.394888059	0.04805635003
171.768267559	0.0353434572661
150.257129808	0.0449423354521
211.999897982	0.0224440767378
182.863620257	0.0311595906041
208.90301131	0.0231920549896
186.867408138	0.029839194613
221.836743234	0.0200732286998
155.306798677	0.0424222295846
208.148763896	0.023400131759
199.29391448	0.0258780461207
173.729962791	0.0345620293909
178.880108659	0.032626919526
187.664865438	0.0295420343134
199.671658154	0.0258072874352
177.330003122	0.0331938943503
197.650273109	0.026358254106
168.222638614	0.0367583300865
188.075607847	0.0293859934836
184.893115873	0.030483573108
196.686272093	0.0267060735754
199.945007954	0.0256910819245
215.953941584	0.021465191597
195.53872512	0.0270393842366
168.114347773	0.0368020173758
179.427387212	0.0323705215094
181.957315413	0.0315418913068
184.883495368	0.0304622773359
208.462370265	0.0233192557216
159.445580624	0.0404882174477
228.773766063	0.0185134886853
162.929215662	0.0389290555445
219.128884406	0.0206569379953
159.67933633	0.0403388849762
229.159947406	0.0184552325945
177.666974253	0.0330071294634
191.355993374	0.0283165150645
176.223455256	0.0335376487281
168.73864199	0.0365282273383
148.929519174	0.0453488559497
206.517625967	0.0238761297716
146.672101223	0.0463938017738
179.291446371	0.0325037793415
146.044843607	0.0467010229033
184.286717266	0.030717061041
151.456337076	0.044029896336
203.641570755	0.0246720975286
160.092772106	0.0400430083418
176.873020472	0.0333877990201
160.049206902	0.0399998632672
223.957744451	0.0196063037431
148.424988213	0.045470746899
177.127173193	0.0332872226674
151.181547418	0.0445325600275
158.866507177	0.0404258658963
181.885241151	0.0315226268835
204.188227314	0.0245209541057
190.921936259	0.0284691412775
145.544150163	0.0474026638233
192.50999579	0.0279546132377
175.834086521	0.0337769665197
173.69237073	0.0344771136363
180.897143251	0.0318955668295
161.829988192	0.0392726720355
189.298616237	0.0290103680573
157.03802356	0.0414108654297
163.388323516	0.038683837714
167.076680613	0.037035909152
177.853764343	0.0330192026706
158.703115191	0.0406815825523
184.844157595	0.0305310498139
154.796104541	0.0424242278262
168.214657677	0.0367378363527
159.741198293	0.0400962217847
192.02681776	0.0281340492586
153.271944287	0.0430227724387
196.69527261	0.0267210676056
188.319241415	0.0293498150559
152.207210122	0.0440273562864
173.69564516	0.034553766415
185.164013496	0.030392823309
222.71366411	0.0198371971534
166.396864344	0.0375038097547
204.178146745	0.0245183450725
160.568214275	0.0397596026971
188.988208414	0.0291362587111
156.213823939	0.0416736276625
195.434344887	0.0270848578964
161.155443724	0.0395806832394
183.049512529	0.0311486711901
160.639924723	0.0398090417743
204.672589887	0.024383762777
168.353081432	0.0364769902748
226.460073592	0.019022742332
190.716832936	0.0285264462837
224.776710955	0.0193887906541
184.157007281	0.0306961448971
185.662465829	0.030189093717
197.152741346	0.0265517859593
195.908832044	0.0268853526594
202.694086702	0.0249260448109
201.980647942	0.0250955790957
208.481309389	0.0233355288823
209.852954143	0.0229461672456
213.279575595	0.0220900598231
228.11723459	0.0186456507961
204.251030395	0.0244590670441
226.537937379	0.0190371729215
212.67043052	0.0222225320072
213.852455864	0.021965456045
194.831383455	0.0272347537673
207.483052656	0.0236113170409
194.110184086	0.0274580011465
234.416491656	0.0174165597508
215.987751606	0.0214144688036
214.447400951	0.0217806173462
227.066852412	0.0189206300191
219.611731526	0.0205392353859
206.201597235	0.0239631925476
229.277867795	0.0184252691865
202.301151607	0.0250511347468
224.237481646	0.0195174932056
195.270279641	0.0271353601565
203.194785173	0.0247498702306
233.862123023	0.0175377590807
201.653511319	0.0251857421449
211.582753357	0.0225058035911
227.68069922	0.0187471381096
195.312269375	0.0270770801693
211.125982414	0.0226283134682
205.600367833	0.024088999228
209.437320358	0.0230472723564
211.822318105	0.0224486433545
194.594278751	0.0272894078542
226.101941698	0.0190814158623
190.74783127	0.0285087768966
216.562956461	0.0213148805986
214.447722813	0.0218051338574
189.04430274	0.0291066031445
212.027556142	0.0223778539836
198.760898661	0.0260803811404
201.256291552	0.0252890564341
203.089800749	0.0247729186955
198.305687747	0.0261597383493
201.923542988	0.0251061131169
224.338947144	0.0194902397373
192.259070414	0.0280178712402
210.129645725	0.022892775727
194.21733135	0.0274024130293
210.852006597	0.0227036197452
199.554476152	0.0257913165701
221.155048725	0.0202068752551
217.560785032	0.0210227580471
233.51714473	0.0176055699527
217.185966971	0.0211599737384
185.381714046	0.0302780040936
218.324781697	0.0208486680775
228.264834714	0.0186527114911
205.479292496	0.0241452821953
220.511918085	0.0203221461999
203.046615196	0.0248356442168
215.647807524	0.0215284689111
207.187765755	0.023694594321
212.711277511	0.022231619394
213.466342758	0.0220667462724
203.836795122	0.024614845798
241.503141883	0.0160992490675
219.269993043	0.020658784022
229.444237251	0.01839756836
201.715601861	0.0252108181884
227.885562438	0.0187359633258
217.468145783	0.021095829928
218.655992972	0.0207836056433
208.610857675	0.0233145342155
218.252501639	0.0208745939362
236.764728302	0.0169510442765
237.121469166	0.0168800166352
235.221933291	0.0172756580798
233.023479777	0.0176668699998
218.766644696	0.020778294266
208.217269816	0.0233859432904
212.651091831	0.0222656825526
222.770103188	0.0198332013132
221.238479361	0.0201866322959
226.248311426	0.0190701516179
241.604754747	0.016042075782
220.495341557	0.0203205616103
239.763723767	0.0163994297475
202.107321543	0.0250463892339
222.521095091	0.019900608458
207.067444932	0.0236800846237
226.982299802	0.0188980290528
196.425271643	0.0267166017301
219.859550457	0.0205015712163
192.414570253	0.0279400232664
213.879878997	0.0218947432161
198.875859103	0.0259867584666
234.241376372	0.0174452544032
179.972491565	0.032102790305
210.230428305	0.0228503386443
221.075954544	0.0202508453394
237.131365393	0.0168833451027
239.755432877	0.0164131277848
210.12686608	0.0228804255712
188.592016321	0.029151858496
214.79849746	0.0217157279797
172.326240623	0.0348942933657
202.20032887	0.0250439695326
229.564745711	0.0183801730308
190.775393691	0.0285653576628
229.248434735	0.0184288665558
192.007072182	0.0281189053169
236.266210571	0.0170620241884
204.344294748	0.0244850766437
244.727684564	0.0155269764628
226.970417849	0.0189473080852
239.783895729	0.0163778323309
243.625335395	0.0156873335263
216.936672054	0.0212029241927
245.573340952	0.0153821659925
224.428088242	0.0194831902036
244.255484623	0.015617715728
238.697716071	0.0165863463461
228.694327367	0.018562185987
238.952864938	0.0165298850745
243.409551945	0.015756374337
221.386106463	0.0201568910278
229.160907627	0.0184672262893
237.597758983	0.0167710491909
206.192923097	0.0239697018126
214.740957573	0.0217301456323
201.360776456	0.0253367647577
207.553759649	0.0235527862031
187.706036785	0.0295229304594
218.756629363	0.0207486720622
222.079568129	0.0199910417482
218.290130278	0.02087398987
211.92451743	0.02241686361
212.969639931	0.0221762014784
220.807507674	0.020273924145
227.51329758	0.018824480138
242.726479959	0.015876959373
236.656158594	0.0169644465629
237.414954478	0.0168287136928
243.021807514	0.0158095857351
221.108051672	0.0202180555371
230.360444008	0.0182068716359
241.31742232	0.0161171797469
229.967030651	0.0182972806571
225.962217174	0.0191453837626
246.430802318	0.0151952453697
229.229550913	0.0184558963701
237.180330139	0.0168751188652
231.215645967	0.0180469481187
232.575286907	0.0177684378274
237.425167982	0.0168317984786
242.724852424	0.0158489773211
239.192070261	0.0165061172653
236.612318514	0.0169621401835
228.261249606	0.018659877179
224.118645897	0.0195282383454
241.126566042	0.0161327347137
222.837481106	0.0198187583137
233.069658012	0.0176666260743
242.723719866	0.0158726129217
227.139849447	0.0188850305834
234.071324596	0.0174663901827
220.452105187	0.0203501826562
244.643587611	0.0155076136266
222.493429824	0.0199263377034
245.652205703	0.0153472246722
226.764746416	0.0189790617925
223.753024261	0.0196108960442
228.277769624	0.0186325924952
221.02603042	0.020221697488
237.547842522	0.0167727070369
244.749092542	0.0155054566668
239.771453714	0.0163686651389
231.617852458	0.0179583376292
230.6782339	0.018155422441
233.675963609	0.0175481873821
233.549292426	0.0175794391823
242.978149171	0.0157941906629
235.053888878	0.0173177488995
232.973155606	0.0176714068735
236.200053968	0.0170883256858
229.046299342	0.0184730068824
237.832963167	0.0167613006755
238.029637015	0.0167158502895
246.021455671	0.0152952796503
237.133818444	0.0168805634238
246.947974121	0.0151242597296
231.299300523	0.0180238588499
244.391354379	0.015568863042
233.419335707	0.01759987895
247.012861796	0.0151254869009
239.916106937	0.0163634499165
240.605087222	0.016234686911
245.141167753	0.015417757215
251.79347383	0.0143364552038
243.696439326	0.0156799326428
243.654666569	0.0156703702541
237.467559793	0.0168067616638
239.481910802	0.016468222512
236.391912974	0.0170109121793
233.066330025	0.0176861498258
232.98402456	0.0176769984967
226.864944407	0.018925252798
239.174425037	0.016498919831
231.231539783	0.0180555363632
249.444319446	0.0146853128928
230.937347061	0.0181090824365
240.825764233	0.0161820549529
230.459886568	0.0182024487292
248.600855797	0.0148258217844
234.860985862	0.0173261267123
242.55964129	0.015886520896
238.015499459	0.0166928652117
234.318082988	0.0174383760911
237.964581232	0.0166995446475
228.17692556	0.0186900513475
235.246794277	0.017221200407
226.078586831	0.0191523050344
250.818025087	0.0144887040892
236.364497893	0.017038557562
247.493540612	0.015026333937
241.598997751	0.0160662455271
251.919458055	0.0143016485899
246.477036524	0.0152196558888
255.273900025	0.0137868149863
239.079708056	0.0165436551105
252.20499261	0.0142815445384
255.104818807	0.0138334340327
256.062020792	0.0136763075404
246.186091391	0.0152624624054
250.085231762	0.0146292391425
248.625087374	0.0148461156149
248.488044306	0.0148942472252
256.659556326	0.0135883325532
247.626712323	0.0150409303988
248.157831474	0.0149252734334
246.312511718	0.0152632100148
249.2217762	0.014736799293
238.15257738	0.0167135402891
250.191362487	0.0145644610147
244.864754367	0.0155135519539
249.064425859	0.0147493078516
249.572451527	0.0146897214606
253.139048521	0.0140892707419
239.554182409	0.0164615969635
236.96866784	0.0169077149193
245.057173924	0.0154703041004
253.683448635	0.014027844549
248.060391906	0.0149450279254
251.701191303	0.0143302842254
246.418507592	0.0152321314206
247.246536824	0.0150578051178
245.183225464	0.0154515783614
253.170154723	0.0140836500362
241.833925371	0.0160470307118
242.875508729	0.0158311060388
250.656279618	0.0145055082159
251.668223505	0.0143219375032
248.834493915	0.0148220085693
244.424794838	0.0155545402061
255.016274642	0.0138320001869
245.010355508	0.015456785571
255.696855678	0.0137592592164
253.478519532	0.0140662416186
252.847225055	0.0141881578198
251.661898182	0.0143555319441
257.261484051	0.0134972742201
245.545758419	0.0153772091136
255.949605876	0.0136784966279
254.942521517	0.0138346555028
253.657662294	0.0140267177771
244.154495594	0.0155857596626
249.191576826	0.0147300829945
251.969631523	0.0142869858323
244.673038898	0.0155078547457
255.407939916	0.013766314258
245.919398728	0.0153227500034
252.851737364	0.0141469926206
244.16501245	0.015589114386
252.412143834	0.0142260993242
252.999074213	0.0141485387207
249.573010977	0.0146915546633
246.508629975	0.0151803480896
245.410981878	0.0154140283059
244.873964773	0.0154666584528
244.534141945	0.015583899198
248.815941857	0.0147945808339
247.091916479	0.0151261083736
250.926215159	0.014458797597
246.434572127	0.0152471006074
252.347182391	0.0142250422427
254.546730819	0.0139073465553
256.391596426	0.0136082464258
256.021957908	0.0136853387888
253.745353804	0.0140132117951
250.663224802	0.0145460219304
248.123160441	0.0149524206673
244.965948663	0.0155132422194
253.415077682	0.014116324061
254.311038145	0.0139629936946
255.783068805	0.0137270172492
253.940033469	0.0140093107479
258.567169256	0.0132936806844
259.366069249	0.0131753696904
254.178546599	0.0139830347458
254.32075357	0.01393063256
252.57632084	0.014234643287
255.832390527	0.013699990904
251.089947028	0.0144738284471
259.14261806	0.0131849977528
247.12877319	0.0151314163941
259.020483511	0.0131985772314
255.369875848	0.0137902563261
259.160328978	0.0131801515509
249.639998225	0.014700195689
254.693538462	0.0138629749487
255.703179641	0.0137332693423
252.218716485	0.0142578154767
245.718753842	0.0153703161682
253.331467071	0.0140717043945
255.645584103	0.0137326815783
255.175619611	0.0137893706769
258.055749313	0.0133580517451
253.055865417	0.0141197554356
258.185776015	0.0133429851528
258.428871613	0.0132905674457
259.834139155	0.0131074716296
249.771824319	0.0146724731402
251.632572554	0.0143703435402
257.758310077	0.0134007671315
259.721385415	0.0131114350745
258.638913392	0.0132758076973
254.873094684	0.01383029349
254.091282961	0.0139592674995
249.775503229	0.0146466024006
255.002651427	0.0138389137859
252.259265719	0.0142481860337
255.801028385	0.0137240646154
245.328246187	0.0154069180479
249.82028745	0.0146773172263
255.850419897	0.0136878828517
256.179365162	0.0136691249556
257.948184496	0.0133986826
253.008722783	0.0141518746415
255.443895171	0.0137553381383
256.690688187	0.0136018244541
261.505541183	0.0128713226533
259.953288212	0.0131047889283
262.00159457	0.0128000791961
259.434242079	0.0131768913839
263.483350728	0.0125843525616
261.619050048	0.0128517469464
261.329770386	0.012907584204
259.842169611	0.0131121439527
260.337411636	0.0130484207048
259.789709037	0.0131199917864
257.59119717	0.0134599118132
260.481476361	0.0130168240927
254.93538091	0.0138634596262
253.396280612	0.0140755258745
259.264556019	0.0132150725534
260.048297247	0.0130735883505
256.860228585	0.0135722894757
257.339681469	0.0134779390828
260.272242334	0.0130702447634
255.855891867	0.013718086989
258.70926953	0.0132954634814
259.157716477	0.0132138681974
259.498273868	0.0131752898305
257.648442844	0.0134382657761
261.234973075	0.0129228207094
258.899227301	0.0132578057108
260.008583384	0.0130968427594
259.622097603	0.0131473906111
262.453267676	0.0127469786302
255.438471036	0.0137854942852
262.965204007	0.0126852247166
256.724237648	0.0135783582434
260.397907924	0.0130234316581
258.501546042	0.0133057400529
259.612259695	0.0131658312117
261.530113717	0.0128872753382
257.458086751	0.0134568644145
256.356168873	0.0136426681593
259.390148459	0.0131669622277
259.898541628	0.0131188507479
260.185052262	0.013075825723
252.6735825	0.0142112391377
258.153131727	0.0133716458521
260.567145367	0.0130290934631
260.852033693	0.0129783314749
260.302449693	0.0130569378388
261.596778251	0.0128608749026
259.067393078	0.0132434352652
263.377231476	0.0126240073291
263.051735833	0.0126735282778
262.662296273	0.0127139434704
263.199998875	0.0126470775507
259.963937671	0.0131138360257
262.366616349	0.012763331104
260.626406725	0.0130092859151
263.810053184	0.0125591866453
259.84090232	0.013124138267
264.444056766	0.0124787756159
261.560410104	0.0128844004249
262.542684053	0.0127313024694
256.292166052	0.0136601210546
262.072186275	0.0127973948573
262.966095322	0.0126890782286
262.016981571	0.0128185094569
262.266173901	0.0127807055622
259.099191143	0.0132427716381
263.494101034	0.0126029932325
263.55419417	0.0126058484986
261.553164143	0.0128781777053
263.498401715	0.012609805535
260.902592199	0.0129705485993
263.69253956	0.0125851755968
263.671716525	0.0125891519716
263.730309372	0.0125739315249
258.37591226	0.0133422974073
262.598535922	0.012727762734
258.749401935	0.0132952078469
262.993877181	0.0126765340951
263.237860743	0.0126343358709
263.557066854	0.0126097443254
260.416198865	0.0130401032218
263.310861042	0.0126372001477
262.150168942	0.0127998663053
259.829405567	0.0131340469067
257.561238915	0.0134594113292
259.343715124	0.0132051344398
262.905290716	0.0126947013273
262.171569275	0.0127785699031
264.064242964	0.012524338162
261.89869063	0.0128219203072
259.20476388	0.0132241401916
262.193967024	0.0127931918531
263.578039917	0.01258687451
264.300633285	0.0124906574161
263.342821852	0.0126114499319
262.057809295	0.0128067670923
264.244492809	0.0125102299717
262.801355387	0.0126890952855
263.84207552	0.0125477877777
260.743278647	0.0129962910779
259.59964423	0.0131657436118
264.089076171	0.0125308870573
264.185076096	0.0125188793267
263.095067114	0.0126605158886
262.415609767	0.0127532321738
262.062521331	0.0127927853125
259.995593417	0.0131043322466
262.692306775	0.0127107753991
262.136759543	0.0127940648055
259.643332199	0.0131595030817
264.50344639	0.0124678420045
262.046222155	0.0127968685486
264.726555884	0.0124142158506
260.134144362	0.0130848285861
264.87299673	0.0123898029584
264.192375534	0.0125171382286
261.713269491	0.0128465264392
264.449612897	0.0124771294966
264.377659898	0.0124767513628
263.546205952	0.012571142699
262.592986609	0.0127018396511
263.468363707	0.0125811326233
261.933294937	0.0128045397469
260.408224325	0.0130152232567
258.316101489	0.0133355819484
256.385528372	0.0136164107951
253.207840398	0.0141094604932
246.830584627	0.0151296987683
249.320763075	0.0147290768001
263.359441529	0.0126357963291
248.146236412	0.0149185919582
255.421977753	0.013788077484
263.656517357	0.0125722753439
264.217452643	0.0125057087222
262.030515329	0.012796744141
263.56825341	0.0125728536526
264.157793555	0.0124843306438
262.70721276	0.0126889034696
263.786900844	0.0125213980086
260.806503951	0.012962883261
263.344294221	0.0125827593502
263.111574668	0.0126389776831
264.078282861	0.012490621547
261.035775127	0.0129147345086
262.458006302	0.01271131166
264.36024925	0.0124617668431
265.517571682	0.0123036246908
265.582638091	0.0122810986585
266.648252376	0.0121339840648
264.660260272	0.0124244852421
265.376790634	0.0123263326341
266.891686053	0.0121076871777
267.09324053	0.012089290842
266.668515593	0.0121571477616
264.063447807	0.0125081157379
267.095259921	0.0120787107178
266.913923261	0.0121258536795
266.581510108	0.0121637289955
267.388268175	0.0120425072429
267.080390671	0.0121044072882
267.306081509	0.0120729825072
265.409171338	0.0123236533167
264.649125747	0.0124295137801
264.43116893	0.0124599396887
266.97555039	0.0121141765313
266.699812041	0.0121577625366
264.34748824	0.0124712526752
266.458664676	0.0121739261257
266.513822757	0.0121680257856
266.85304868	0.012118259989
265.420360997	0.0123341311403
264.980033015	0.0123875296862
265.062299164	0.0123639660288
265.093614867	0.0123611842686
263.711157667	0.0125746917164
255.958650295	0.0136880559887
264.599040579	0.0124553818187
258.647801836	0.0132711931568
263.90654752	0.0125497304516
259.492472416	0.01314118999
265.328847594	0.0123358970819
258.873985165	0.0132463431155
261.679470828	0.0128546552215
262.617964032	0.0127133521005
265.078730412	0.0123635787717
264.250813294	0.0124675391694
266.589887635	0.0121627495297
263.7835104	0.012533082557
265.432971852	0.0123177801782
263.74160151	0.0125390606267
263.642915356	0.0125697124702
264.330448192	0.0124678033648
268.369756288	0.0119374560132
265.553562758	0.0122952450614
266.021157461	0.0122382395394
264.590214137	0.0124441986235
264.6049117	0.0124395047376
264.547013252	0.0124489598448
264.020932997	0.0125208935087
265.61219886	0.0122855353922
262.71316653	0.0127035230759
264.607101202	0.0124401253262
264.863658463	0.0124098553999
263.872915629	0.0125513721003
263.624833131	0.0125661154249
263.895464166	0.0125256022035
263.023552926	0.0126594797756
262.313411043	0.0127569790472
262.13720645	0.0127864139899
262.408382042	0.0127387210024
262.055173319	0.012796357495
262.118764101	0.0127757657454
262.596154006	0.0127185326281
263.493192037	0.0125884850492
263.002594123	0.0126582535267
263.469847221	0.0125872971901
263.953934967	0.0125181486512
262.094416739	0.0127888028108
263.742144765	0.0125534684551
263.740642512	0.0125557614718
264.082695893	0.0125118792634
264.662145903	0.0124153543617
264.293266335	0.0124728779
265.436115463	0.0123197211964
263.755869134	0.012570065639
263.449349573	0.0126037368215
263.472731576	0.0125994251589
265.483935753	0.0123254964792
262.709728131	0.0127053634314
267.296727743	0.012056746531
264.754516449	0.0124296743277
267.667433704	0.012006702156
263.670639063	0.0125678126678
265.884336987	0.0122584541028
264.118097003	0.0125123805702
265.812432766	0.0122777618082
265.332758988	0.0123497610097
268.473821759	0.0119031028221
263.127385799	0.0126439380406
265.968410482	0.0122457124312
263.37558117	0.012607074401
266.926852429	0.0121119219387
261.652328872	0.0128535182512
264.469550838	0.0124397453184
263.287638496	0.0126164779938
266.414460805	0.0121836356902
263.108521036	0.0126447989648
262.919826882	0.0126541465423
264.406120041	0.012452212541
263.651942323	0.0125571108716
262.800249681	0.0127009375692
267.444095705	0.0120374739041
264.742946966	0.0124039898167
266.98614916	0.0121058063157
264.290329422	0.0124666906476
266.489495683	0.0121711773723
264.395828969	0.0124533418454
265.657994471	0.0122860268259
263.900751735	0.012522253289
265.407068923	0.0123174611032
263.149626305	0.0126343226714
266.174191706	0.0122138344915
263.710192119	0.0125501598578
264.187059216	0.0124891243572
264.181355763	0.0124854823152
262.248901043	0.012750556232
264.372936164	0.0124581360274
263.362243767	0.0126036823207
262.968694732	0.0126603376598
265.307602846	0.0123284698153
261.801861691	0.0128277005143
263.03411835	0.0126373593596
262.416397184	0.012741419808
264.341885659	0.0124644200584
263.56446392	0.0125729034279
263.512489579	0.0125782367177
263.762581622	0.0125501734169
263.482067039	0.0125827749338
263.885000748	0.0125279765001
263.33410885	0.0125983908917
263.585009353	0.0125745820887
263.047252247	0.0126433062202
262.731733722	0.0126965100068
264.001497435	0.0125109809997
263.003699688	0.0126482805125
263.987197652	0.0125027480457
262.201694733	0.0127628453312
265.825243976	0.0122505573873
262.523257303	0.0127231241154
264.919449039	0.0123857095551
263.066729907	0.0126402833244
266.580154384	0.0121585399829
262.636399772	0.0127078659857
264.653931432	0.0124218537961
263.158953929	0.0126266358235
266.10031694	0.0122208215825
262.569946373	0.012707500884
265.826948136	0.0122509205824
263.817980163	0.0125425809078
265.265715875	0.0123256888131
263.715697042	0.0125457848415
266.989475333	0.0120968088846
263.03771662	0.0126528332768
265.660979542	0.0122735990653
264.560218455	0.0124389686295
264.708098369	0.0124084115211
266.832353865	0.0121242106595
265.132317334	0.0123596533207
268.250722849	0.0119339496936
266.417003702	0.0121752341226
267.540303601	0.012022184709
263.882502747	0.0125224497092
268.42295288	0.0119035530276
262.972400493	0.0126611848721
266.349333568	0.0121782545839
264.480943224	0.0124284412637
266.016108619	0.0122175443848
265.019092802	0.0123730370646
266.923736988	0.0121131877232
265.731679078	0.012273442835
266.581218581	0.0121500632856
264.867143563	0.0123951527877
267.599172467	0.0120236261246
265.314658935	0.0123300878775
267.82202798	0.0119837468533
263.856838529	0.0125354909224
268.769431809	0.0118657343774
267.792330257	0.0119795911742
267.924220541	0.0119665937147
264.52926317	0.0124333022052
267.175153458	0.0120703870602
268.069804136	0.0119487706307
268.1352786	0.0119473341243
266.933443587	0.0120862405505
267.813477666	0.0119828783384
268.777690777	0.0118609210754
267.405809097	0.012037944872
268.000235855	0.0119581045016
267.806050561	0.011984126578
268.976734236	0.011838203729
267.882559413	0.0119740278154
268.093166576	0.0119454422135
269.021328712	0.0118308357187
269.176582021	0.0118089395183
268.233432842	0.0119289671195
268.098290406	0.0119533521664
268.092811533	0.0119627059373
268.567292232	0.0119000956971
269.781472702	0.0117245050928
268.75551236	0.0118688208948
269.774774424	0.0117267466455
269.760997163	0.0117339428688
269.678857463	0.0117450535643
269.478218957	0.0117655125561
269.047509371	0.0118251916362
269.749085055	0.0117324883611
269.258024528	0.0118020679656
268.936894564	0.0118392863496
270.04635134	0.0116937271747
268.954630005	0.0118347059593
269.379980606	0.0117960406333
269.514782621	0.0117770728174
269.577198299	0.0117715567903
269.66775786	0.0117383869564
269.613168776	0.0117546036716
269.121160382	0.0118139264445
269.567739421	0.0117595375118
269.348724012	0.0117904637951
269.688291294	0.0117525677368
269.83420753	0.0117170586748
269.423710632	0.0117802834492
269.665149586	0.0117638416842
270.168032301	0.0116979252439
270.006705807	0.0117145002708
269.74070645	0.0117412680742
269.692875649	0.0117357444528
270.127846688	0.0116773402923
269.472994566	0.0117686890085
269.832928255	0.0117384147244
270.036034739	0.0117136109348
270.248114774	0.0116871334063
269.660556973	0.0117516233763
270.285079002	0.0116573546465
269.804241329	0.011719342969
269.80454738	0.0117305755806
269.737740623	0.0117459043264
270.247353995	0.0116863285359
270.242176353	0.0116876210054
270.046450262	0.0116991566824
269.946279868	0.0117024291911
269.903318757	0.0117095514508
269.696683702	0.0117490347812
270.326598471	0.0116736661119
270.077139892	0.0117005686152
270.363200188	0.0116713482445
270.351122344	0.0116692012907
270.264589788	0.0116762184756
270.306680413	0.0116720719625
270.233426666	0.0116855921187
270.36751253	0.0116700542244
270.129972798	0.0116968903573
270.284708014	0.0116773990143
270.438737517	0.0116547705191
270.094600061	0.0117009477494
270.281401627	0.0116795742859
270.316434533	0.0116693194908
270.103798487	0.0116997401432
270.435856393	0.0116599413453
270.377231396	0.0116694837381
270.182826483	0.0116940331529
270.382551021	0.0116693888347
270.051771137	0.0117029811233
270.259654268	0.0116602951596
270.132150281	0.0116760211974
270.456748277	0.0116407536943
270.564875608	0.0116240452783
270.474205099	0.0116326090474
270.466040398	0.0116403377742
270.434511096	0.011637519348
270.411720295	0.0116478329262
270.170103605	0.0116715064934
270.21953313	0.011664090789
270.224898893	0.0116641079523
270.660805828	0.0116126588135
270.504388671	0.0116351157222
270.473702162	0.0116387575493
270.450654313	0.0116357571335
270.614440203	0.0116143603426
270.215269104	0.011664292331
270.703313591	0.0116063472609
270.64521156	0.0116159160063
270.631924321	0.011616626146
270.711645365	0.0116049773125
270.511448078	0.0116328952783
270.525053368	0.0116319076973
270.615573884	0.0116140591484
270.548192786	0.0116280766637
270.66822744	0.0116076492641
270.607747884	0.0116154060738
270.410631834	0.0116377269652
270.646694927	0.0116118003461
270.330112584	0.0116476473862
270.542241708	0.0116282664877
270.58877497	0.0116218954199
270.356157151	0.0116446503476
270.684099072	0.0116080598468
270.616504744	0.011614338294
270.752944331	0.0115967725978
270.364501109	0.0116432064774
270.39108827	0.0116398618449
270.704579356	0.0116056903007
270.596436614	0.0116205879305
270.549334725	0.0116257989934
270.684499445	0.0116059945537
270.373960687	0.0116414030541
270.297750241	0.0116511096928
270.704995976	0.0116016167094
270.39345838	0.0116391766377
270.439336875	0.0116327053708
270.328665923	0.0116469618026
270.322012919	0.0116483729039
270.190263486	0.0116645756248
270.652612434	0.0116068401502
270.660465647	0.011609067943
270.450949954	0.0116309778098
270.473369055	0.0116284105433
270.781541271	0.011593175696
270.713076905	0.0116005079656
270.825872382	0.0115874087649
270.681053844	0.0116035818326
270.822560345	0.0115892961925
270.708549568	0.0116007597664
270.516263642	0.011625106167
270.635368789	0.0116104350344
270.732807595	0.0116002004279
270.605629337	0.0116172444651
270.683182289	0.0116085228358
270.622964601	0.0116139687335
270.468794861	0.0116315539586
270.390815274	0.0116418291619
270.599871743	0.0116148115442
270.623741136	0.0116161985609
270.505730435	0.0116267294431
270.485749684	0.0116292081042
270.656389597	0.0116080573433
270.532564308	0.0116228925739
270.772854108	0.0115966644027
270.715561791	0.0116039270984
270.657510575	0.0116071519952
270.516132108	0.0116245891268
270.728214918	0.0115967646925
270.685598541	0.0116035936209
270.681276983	0.0116034003978
270.705339218	0.011600639545
270.675670689	0.0116045930176
270.625736893	0.0116098086025
270.574382618	0.0116154011368
270.641660466	0.0116082577599
271.447145827	0.0115039115509
272.964692061	0.0113123450935
274.126645173	0.0111650338812
275.004191076	0.0110515892908
275.994196989	0.0109305820189
276.831929581	0.0108280751364
277.675353931	0.0107294337931
278.357001851	0.0106459412783
278.996532101	0.0105695155525
279.668429571	0.0104906897657
280.382512362	0.0104096508807
280.95430265	0.0103432173648
281.469633705	0.0102825715788
282.018113563	0.0102232207171
282.396832132	0.0101746864121
282.991150562	0.0101116756746
283.341266303	0.0100683190192
283.846030168	0.0100136872334
284.266869486	0.00996915099042
284.689355679	0.00992128994138
285.13362075	0.00987102399845
285.400984123	0.00984087625212
285.810525573	0.0097972253079
286.199316866	0.00975248667783
286.513799751	0.00972093594339
286.628953587	0.00970464006987
286.929319796	0.00967543857532
286.9520029	0.00967018667642
287.105511784	0.00965593248073
286.927808574	0.00967228732319
286.831083086	0.0096828907344
286.724825149	0.0096959852073
286.477465717	0.00972448225866
286.018031867	0.00977441770597
285.58298334	0.00982490856203
285.091843637	0.00987475382978
284.716637596	0.00991632629831
284.468628956	0.00994625587841
284.115351524	0.00998314842678
283.902800161	0.0100095157877
283.565185727	0.0100468762325
283.259717973	0.0100805539861
283.154010316	0.0100930221773
283.111810835	0.0100968180252
283.16747101	0.0100918724972
283.211436403	0.0100857806489
283.173823003	0.0100887183088
283.138852489	0.0100928488877
283.034569671	0.010104590835
282.805407364	0.0101307542166
282.420968509	0.0101730690423
282.255140446	0.0101900271775
282.281694477	0.0101868418574
298.276501623	0.00851728311271