-79.3959221146	0.591587092168
-17.2465259995	0.292369370725
-60.5880097748	0.475534675771
-17.9035505825	0.290922058505
-54.1314929821	0.445186228839
-33.2093402237	0.347166667528
-58.6129360016	0.468133199426
-0.268832450436	0.24284820924
-13.7609882414	0.281239981224
-56.0875865673	0.455046397924
-20.7229458008	0.300464145919
-47.5188962452	0.41466195473
-18.9083342734	0.288205081651
-12.2431299218	0.278982962888
6.24171063603	0.226093450277
-29.9869412198	0.332174509462
-3.11662561414	0.25202574189
4.92701994347	0.230440949198
10.8494031304	0.215201302018
-39.4713787145	0.378809398333
-17.4542758882	0.294885683916
0.715994102905	0.241547462129
10.8033093238	0.213456576121
-56.7152726851	0.460048730046
-53.9733448013	0.445465095653
-32.8909777011	0.350116240756
6.3134516338	0.22651691221
-11.6338448163	0.275365192955
0.663549601187	0.240737771929
-12.1829821162	0.277520942614
-34.9203353051	0.352865679899
-47.6766091266	0.410292761731
-24.8102822558	0.313570824973
-2.6397463969	0.248829927515
-33.6183033181	0.345083959941
-35.3041985559	0.355260143635
-17.3623239923	0.289526518109
-42.8693533126	0.391778109564
-46.4945074241	0.403502882246
-56.4307250451	0.458583039296
18.9413710955	0.195460682732
-5.61157460407	0.258608411471
-10.9190814823	0.273412250774
-21.8367052679	0.302465873541
-16.4568863671	0.286714914716
2.04362318922	0.237571471254
0.775372934765	0.239910022942
-8.10260206739	0.254740547116
-10.5097599493	0.261868363089
4.34823912027	0.23177061416
-16.6110834481	0.29327048461
-43.3838429591	0.39314194934
-24.7781533663	0.319175977281
9.63120003039	0.217542328797
-3.72247534763	0.253069288916
19.6361728152	0.19523708343
-47.7949640916	0.41504340023
22.0670240675	0.190006454279
-37.2820403648	0.360656377499
-33.0099620916	0.352273240192
-3.08961917324	0.251891647063
-40.5096730763	0.374889692956
-37.324350781	0.362107245386
-7.32411906218	0.253513246912
0.873581132208	0.240990896435
-19.005342358	0.28916383618
-36.7062838466	0.367313953966
-24.7216700081	0.315481796213
38.0341884588	0.157345250393
-17.2222043577	0.293224636184
61.0225908336	0.121300886478
-12.6736462664	0.275299606222
-29.1235095618	0.336177394572
46.4769129877	0.142918155663
20.8529430364	0.192016928066
-22.2426591475	0.302194126911
-52.3420751361	0.435482565192
-16.265941639	0.292084752005
11.9484501768	0.212634050644
-7.5860757755	0.260134831894
-37.0965326943	0.361552189075
51.8125520644	0.134767289276
-27.225081316	0.324142837577
-9.3812477352	0.259979949629
-15.1080650581	0.287837130141
1.30160350904	0.239407079582
-20.5085784014	0.29891394094
-6.4660209699	0.258955049528
-37.8620299172	0.3629868158
-8.46296822158	0.260649182636
-13.2041983419	0.281971601585
-14.5139109293	0.284482549199
-10.9309045496	0.274277478725
-29.0892789298	0.337343474049
-9.50509782527	0.263370375296
-0.763663043675	0.240375796139
48.3441490422	0.140456393391
-19.9380054235	0.29405322534
-49.2486664449	0.41770119739
-14.6530642413	0.286894806669
-27.880083815	0.326863209536
28.315870612	0.176326137296
44.0965659362	0.146807248079
-2.82943510676	0.239711866907
-7.25256343678	0.26323637884
19.3674554517	0.194829721551
10.3212409832	0.215604805096
-31.6485795302	0.340736505378
-14.5315025014	0.286547267895
-18.2878935565	0.298698773063
52.9629700133	0.132806059902
34.5068570873	0.164316940854
-5.10285007995	0.25274814129
44.2814844605	0.145279779823
30.1272898752	0.173203843954
85.3300235189	0.0923140760028
9.93005582142	0.21592672866
10.810392218	0.215467277491
-2.23133156785	0.238342521845
-36.3012916041	0.35958781499
-29.3147645647	0.336041513132
9.78391721767	0.212205056604
-18.0815833813	0.292021814637
0.813520981883	0.235068603005
-45.3307225075	0.404870368252
32.1769942411	0.167511759213
83.0192774586	0.0951459767703
-44.7488893884	0.399827914862
7.36749040727	0.223872462237
68.366406098	0.111339948686
50.8087154818	0.136520415909
47.7308834643	0.141796006805
10.1139283433	0.216870802543
10.9281166517	0.214418826028
85.5656878878	0.09182814197
25.2390989684	0.182235803288
0.634814125856	0.236932818493
2.98583221749	0.227495697488
1.18023668015	0.236277926752
-10.5081773227	0.264790798451
-20.6659004481	0.306743404227
25.2856148666	0.181971709709
-1.73255495205	0.238586591802
15.9392435806	0.202131929695
53.6070761445	0.130966838234
-22.7874602247	0.314352820488
-32.7495763684	0.34401835068
-25.7578048489	0.325049439696
3.68592392511	0.233314209446
3.16459598621	0.234611209854
-4.77882930761	0.248920433202
34.6823749866	0.164310010002
-7.46416234745	0.258997342674
-29.817894167	0.34020077414
32.8354015555	0.167913964129
5.99824834484	0.225135649648
6.61918553545	0.215721848148
29.2986550143	0.174450408606
-2.91547163974	0.250780517074
26.0399829757	0.180454944846
8.72588571023	0.214579076046
16.9390738163	0.199135779543
1.36895337301	0.23786860371
23.4300632885	0.185872726124
4.51291619883	0.223152135208
33.3116648898	0.166214385501
4.31082924142	0.222244945551
30.0232528622	0.172576991087
-0.0666824182338	0.232448542325
4.14765289685	0.223175316626
4.20466191187	0.227240222398
1.08589450989	0.231281492171
39.2156771839	0.153036772209
11.2350872486	0.211819477713
65.1349347709	0.114955078965
27.2651132787	0.17545893708
9.60945309976	0.217171677549
18.5495865485	0.192430493503
42.7515685386	0.146984305921
31.5054709599	0.167160633461
36.2431525004	0.160947019809
-7.68322626222	0.257558217416
9.74119902653	0.208951424822
5.24499396256	0.221988354139
49.8244720331	0.138255758528
99.858867791	0.0788917406533
89.1887164951	0.0880596387839
-16.5035534343	0.291702865041
11.3985495734	0.211924372014
-17.3630031119	0.291975984636
-5.97613875712	0.252907581319
30.7617545758	0.171128538382
6.76458566403	0.224246944922
2.51990677819	0.235553888865
-10.0220541182	0.261275955722
10.7501301605	0.20803740496
40.4979859779	0.153264311393
7.77098738065	0.222498198806
-30.4105701024	0.333216965401
32.8282842309	0.163982878764
15.4431319068	0.196957500106
98.2275926447	0.0801665173899
-9.18658683701	0.262078683894
67.4686455573	0.11175578074
14.6161664689	0.198986272453
27.712571373	0.176269373381
-3.09135247648	0.246112084344
97.4634199275	0.0801461128804
3.88415827303	0.226666887582
16.0941664396	0.195040223846
75.9796222365	0.103088079717
97.3288654796	0.0802864076828
25.1717801534	0.182426010766
-4.5387530394	0.254771456956
76.111753598	0.101617718309
42.5725134739	0.150179669329
26.1861840853	0.177098940267
-15.65891573	0.282848853576
13.206253323	0.209183259554
25.4777831261	0.178117377347
16.377819277	0.194485982863
-20.6220222149	0.299894640197
21.0219406003	0.191424432683
26.6978542498	0.179389878774
50.5407712583	0.137449566093
32.7364789027	0.167522937167
44.0118485936	0.14721750966
33.3887464223	0.165796448227
16.100139887	0.199373965658
-1.42957712282	0.239669696616
-19.4434355651	0.300353777996
18.0023681946	0.195242345162
33.5005001238	0.165642091418
14.3970350866	0.198866525696
9.64970037661	0.211092577317
9.16333219902	0.215138509076
11.6084410554	0.206320209401
31.0252752826	0.17035131301
6.99431692058	0.220736806253
5.06986309288	0.220498638095
43.5014099799	0.148278013405
15.3018315942	0.201825048743
63.5957013038	0.117688932293
48.5537779984	0.139066413404
-1.19157146926	0.237946593373
11.7157927363	0.205333735411
15.9621106742	0.202372680649
7.02955536428	0.2216789219
4.37566322337	0.224319916493
71.9802666446	0.108057702693
-4.76709453477	0.256399621889
-16.7100582095	0.28734115918
93.0351569336	0.0834902453007
6.49270584325	0.219753331429
38.4671546186	0.154140374344
3.27990228321	0.228886364524
-0.948797517174	0.238607357694
12.4060928608	0.207331363756
28.466858173	0.175926634095
-0.959452821837	0.239998464534
0.407551247457	0.235245139444
59.3506146417	0.124530331488
24.663890073	0.182458294628
0.635814202442	0.235323673689
27.8074239666	0.172208500854
2.741424941	0.232229380404
12.4490160568	0.206768494529
6.29667997346	0.219908639333
55.791665346	0.129292814665
16.2026754092	0.202319221588
20.908224834	0.191253309852
50.4781328286	0.134446551898
58.8360271606	0.123490904057
41.1107671006	0.149415011486
55.7899320322	0.126741703129
19.1405923524	0.192938879115
84.7558778017	0.0919097198399
10.0401111841	0.209699609114
10.0501450926	0.210986859142
85.6946959873	0.09201319454
3.29773238574	0.226457096822
62.8788707457	0.117127611426
22.3674007438	0.182289637225
-4.00298414264	0.247772033374
73.5397922436	0.106070356856
25.7255393326	0.180963492732
118.062858717	0.0637135982447
5.56746462727	0.225732511089
-10.2217878158	0.266525425367
39.1176124957	0.152794897472
42.3461603394	0.149392127571
19.9921173922	0.188746464701
87.6619964384	0.0893343217006
5.99980942325	0.219349491105
34.9114838579	0.162613966487
35.414101925	0.162537914126
61.2703741434	0.120055471259
37.1398784871	0.158367795468
22.5495825812	0.182744448277
19.5911343837	0.188835982323
67.0199129254	0.114287606126
-12.2539358954	0.270910001349
39.1160893563	0.155008375617
3.09633358426	0.229053063466
33.999127949	0.164249326411
52.2371514144	0.134624926866
16.7364489113	0.194491327493
14.5710212747	0.200720447724
63.9012044192	0.118143799733
44.3390461133	0.147180508916
33.983620251	0.164272480714
43.0703852749	0.146120191496
80.3128741002	0.0986440216936
30.5661238048	0.168749895871
55.4702440368	0.129116304884
62.7401453851	0.11973595896
56.352137858	0.128571063747
48.2923594285	0.140432275237
27.2095789717	0.177944745588
26.0880346664	0.178814980584
72.1517124825	0.107988767268
7.83863419432	0.220284065562
0.239785120937	0.233417535391
32.804275698	0.167185333063
50.6309345515	0.135858081062
92.0569999518	0.0862170828252
49.8008896665	0.13796284362
32.4170886869	0.167801697915
48.2851804088	0.137985365223
11.6463804611	0.210560439199
108.583048756	0.0704663455511
46.1256810411	0.143967689447
5.91392680746	0.220251946545
12.8390813348	0.204501038886
0.919863786979	0.235351159448
4.21409880163	0.22692973564
99.8221081924	0.0778709831065
107.900723265	0.0713509497516
16.3900759589	0.200894197815
-7.93556775809	0.259878312814
3.20189445256	0.227921660352
16.7356002569	0.197630090879
52.0960048466	0.132168863358
70.5171177429	0.109961351627
3.39239450227	0.225862503949
12.5480952794	0.20701698519
63.2162388263	0.117428750799
19.8304300643	0.189417393816
40.7507775172	0.152039797869
62.5797355977	0.117559750578
84.0939480356	0.0946249944791
66.3414775057	0.115149693873
67.1091659765	0.114221801215
54.8042190121	0.128034002134
18.8574042431	0.189850081359
26.4713185498	0.179764179951
-6.38598479975	0.25490309521
28.1027994362	0.173473859667
53.0438880748	0.130776957662
39.2587245574	0.155310652718
76.3297441663	0.101097657441
5.68312404569	0.220683020109
17.8834675464	0.194402841813
8.4489283152	0.215434785251
74.0429276367	0.105735687379
15.8693803562	0.199859559661
71.3147193455	0.108927506569
10.1323235618	0.21034417113
49.3083387931	0.136280545173
38.6020967025	0.155873758655
9.23456505119	0.214906358002
41.2226721003	0.149447950026
5.43841114558	0.223891655988
17.4844800376	0.193372119385
41.8382439427	0.150739798143
56.6869024457	0.125467903448
76.017356644	0.103476373976
39.5232304548	0.1519539773
37.5628092015	0.155243988765
71.3925220068	0.108783199564
8.60542251949	0.214629838458
70.2715964154	0.107652712156
79.5256988479	0.0994730119519
27.3770376174	0.173897145
27.9478322406	0.174471794011
43.3293067668	0.147931952798
1.47134729357	0.232660604234
63.0221288203	0.117096073838
34.2381562869	0.161261346161
47.6075666049	0.138752688264
8.06494451386	0.21601462542
44.1858054577	0.144761626335
32.7016201504	0.164844273246
93.8584902123	0.0848452342408
101.977606186	0.0773138061902
34.4647642165	0.161674392366
63.2530218426	0.118835418432
119.350000756	0.0624315926268
125.325558641	0.0590491958688
13.8366128133	0.203102049214
81.3348180084	0.0972964794575
75.2622642365	0.103850289929
24.0702083281	0.18100448716
33.0391423315	0.162670133171
83.446635951	0.0952314338199
16.5797008628	0.197727145242
50.5736310729	0.1364924949
91.0550673408	0.0867490492739
107.166653192	0.0728179880318
133.290905281	0.0538754199739
108.335766518	0.0719607783188
62.7845717506	0.11951697395
58.7141396745	0.124952810255
33.5989663267	0.16385114067
94.9447877848	0.0829258812469
45.2763438232	0.141886801486
36.1701704635	0.156904179073
53.6395117254	0.132275018111
26.6860575634	0.177748461817
54.9608275316	0.127713450861
39.9095259285	0.151680108297
82.0248905665	0.0967797075542
65.9727344551	0.113099623129
124.228981602	0.0599340682315
94.5910947198	0.083570978586
115.003640946	0.0655141138129
71.8858317571	0.106316264161
28.1186860096	0.171537530636
122.588346055	0.0602088098179
103.807255459	0.0757642963572
29.5400111105	0.173609565302
61.5337145024	0.121488991321
93.8951668712	0.0842817655292
88.9482528394	0.0895261396021
109.709769753	0.0702199234126
33.8091415642	0.163126850681
72.8132151683	0.106657175547
82.6561073387	0.0960875154652
74.9896179318	0.103906994469
55.1196207694	0.130216536587
53.6736332057	0.129931069107
44.7604551842	0.144642431522
99.1882001431	0.0786302885343
61.547745731	0.118805447905
108.358729846	0.0704486061882
84.3077000481	0.0931163634798
80.1798382483	0.0983356744009
40.9834915463	0.150093805039
99.2819467447	0.0797099270044
72.3546300747	0.107325580381
52.0906827356	0.132863093537
33.6445764182	0.163780058696
42.0538910824	0.150647467239
93.6483378091	0.0844155282801
78.8180870588	0.0979933014444
62.6416508751	0.117400611089
93.1875111234	0.0849102476729
72.4747151426	0.104994144846
89.0901041005	0.087999747343
54.6405343893	0.130264162604
34.6269720366	0.162111044419
73.3653368387	0.103888745632
95.8829272953	0.0812967223751
43.5873448326	0.146325577503
33.0347775425	0.165108596562
65.1526678339	0.11511894924
91.8113567486	0.0847442886047
90.0345849616	0.0870192336848
37.2456196818	0.157975762991
11.1831456224	0.20918089621
103.269011794	0.075428982699
75.757959672	0.100965290445
23.0117889088	0.185018488211
35.7001887181	0.160956757726
71.5914740324	0.106983668713
43.2893817612	0.146997274869
63.9531473079	0.115993128872
94.2955021473	0.0838785914387
112.072858666	0.0678397208246
101.767032135	0.0774397280952
96.3036139816	0.0820392189463
126.849055894	0.0581380822884
89.6104172297	0.08870952324
119.990907406	0.0628694765984
73.6940071071	0.105994980574
101.885012125	0.0773649120383
63.1363924957	0.119372811865
74.6599820249	0.104895429065
65.7067977261	0.113259723419
105.399048321	0.0726368083734
89.823623394	0.0884718232359
107.442731902	0.0727250945945
65.1436657142	0.116605390413
47.1681302649	0.142182121245
19.9603802786	0.188612420834
53.877000351	0.128761543631
134.573035163	0.0530718471866
77.6120363981	0.100576636811
59.6220866946	0.121444801737
24.4721135156	0.180806742623
136.073684252	0.0522968946695
61.2004540043	0.119149852597
43.1659814911	0.145548769604
114.476500047	0.0671440921719
56.4823790761	0.126410993278
108.106987539	0.0716187212064
50.031191198	0.135849913593
62.1536079333	0.117995870918
25.7419283843	0.177159764683
82.9275208378	0.0951304739201
51.6075867377	0.133421421584
53.1114515724	0.129939666728
76.7102447542	0.100398515866
54.582059938	0.131295509551
99.5563074821	0.0775107983225
53.7429764158	0.1296702752
61.394357819	0.119220769462
78.0733279793	0.0986120159061
87.9800005871	0.0885023316558
78.1925532352	0.100842452696
140.295462247	0.0495516089103
50.5204733016	0.136232787416
123.761065544	0.0600750995202
114.346624452	0.0672755565471
56.2413857602	0.127887414044
62.9749004529	0.118902984464
50.7706297177	0.135803271392
56.3407969766	0.127805208978
116.582959186	0.0644014279423
104.215491418	0.0754178161446
62.8677364769	0.119065451151
43.9696387703	0.146574673523
54.9091667909	0.129918237215
75.9681110644	0.10066696482
49.9263437333	0.135551691163
117.300813887	0.0642913684692
145.039934813	0.0468795494743
89.2040031611	0.0893747983433
39.4329583989	0.153652536443
111.973801126	0.0672576581501
64.9936593725	0.113988033112
45.6299825041	0.144376420966
71.5003198035	0.107050515772
71.0006834835	0.106436036773
77.2472205909	0.099606099118
82.6138927045	0.0961448206142
72.2199022235	0.104990595324
73.7004026377	0.105711088418
77.2927138861	0.100685934725
41.2238636848	0.149762626129
49.9452418341	0.135440502038
59.2383711774	0.1238367376
116.156071905	0.0650960307092
128.115255113	0.0565168187774
118.426850525	0.0637538511654
160.931073589	0.0396201443001
105.710671578	0.0731669853493
63.3844852344	0.116146937117
71.7087475041	0.105678498514
104.575442438	0.0750054429239
48.9896447243	0.138460082364
102.68111115	0.0767988739957
35.4395440904	0.16112572867
118.193216395	0.0629363771632
160.51758906	0.0396642306888
50.7602221338	0.136383823303
156.58902209	0.0412277616359
114.866984857	0.0667869733976
91.6925527271	0.0866708239813
102.394220291	0.0750488009348
65.6895050909	0.114181985048
87.0264199931	0.0915866640945
63.1012975477	0.118645300141
115.486016867	0.0649172015549
117.015868274	0.0653237626105
75.6405335319	0.101179276957
70.7739926056	0.106829754343
95.8005816191	0.0828714724568
100.266380407	0.0769567384969
136.13376025	0.0523208554357
87.182524822	0.091124099764
75.9365403625	0.100739711379
111.19529033	0.0682470806336
114.595859135	0.066213706262
71.6285268716	0.105794004064
64.5178749757	0.116964366906
80.0054012133	0.0963992916983
93.5629418501	0.0828882451176
144.647449922	0.0477512085006
95.4189522284	0.0813699827532
103.338801919	0.0759345210758
101.424297972	0.0778307031741
75.5905517183	0.10122478528
46.9076026915	0.13990283261
97.9008423719	0.0788777577152
105.962526974	0.0723212021641
102.269089587	0.076797836387
151.930129339	0.0435342053622
98.2890911151	0.0803703076441
132.798519532	0.0538261601809
72.1610948589	0.105558664145
43.6785173845	0.146143933762
114.555170714	0.0657735983588
69.5922073627	0.109150749054
71.8686788893	0.105735650669
111.566124404	0.0693944286246
142.428894428	0.0484250533289
68.5027876282	0.109660762838
122.915172466	0.0610281087578
97.3780771471	0.0797666420727
79.7733599807	0.0992668904134
75.7997567194	0.101635367333
100.03447355	0.0778508982803
103.544466934	0.0740699592365
166.011362246	0.0373936393668
67.352782106	0.111618603002
154.887479982	0.0422477524087
76.6071812185	0.100413116871
97.7207621137	0.079820879713
80.4705351164	0.0962496100062
153.567713785	0.0429637651335
135.198567253	0.0527694491688
113.427467915	0.0674620692513
141.611314915	0.0492205091731
122.261811326	0.0606441214235
81.5008774012	0.0951238090005
73.4175975917	0.104259742903
131.009162765	0.0557075268613
149.611249485	0.0450542581146
144.248117252	0.0478669596159
129.237303668	0.0567594607742
96.1000320272	0.0826116297092
114.593759435	0.0661502734431
143.648812431	0.0482799511903
154.604482851	0.0426971258719
145.023768681	0.0471776456733
109.67127535	0.0697874576122
60.8475849392	0.120152154299
155.339545006	0.042047293457
151.616656222	0.0441367608791
140.466515425	0.0497087417207
150.08667894	0.044831864412
140.234087457	0.0499351772318
77.4998669644	0.0998243718668
78.65256873	0.0984904663021
79.3910938953	0.097270623593
76.1578325229	0.100733593656
75.389102206	0.101437893882
130.565107513	0.0558373277101
113.710097083	0.0667467131091
88.5532282844	0.0898212169654
69.3342409762	0.111423869057
139.319388494	0.0504309655652
149.718604545	0.0448557200058
90.1680520526	0.0863464047249
135.028775535	0.0529127165979
81.7512867512	0.0948357975651
128.284428061	0.0565748676786
173.247448999	0.0346002656712
153.011882692	0.0433331687807
114.38708178	0.0663438643537
151.151173881	0.0442480845413
68.0468051038	0.112918640953
112.648795206	0.0684864897938
98.981499136	0.0799918139505
116.990251983	0.0648024154722
122.350967938	0.0608463557387
94.7646541925	0.0838116790455
70.4526321775	0.107003495053
122.112413514	0.0609636105685
113.440920328	0.0666585430762
74.748855429	0.102895897157
80.794185531	0.0960551793117
86.8360145794	0.09021175611
160.628351399	0.0398029140836
104.389462241	0.0736986882135
91.5252478861	0.0869284361454
72.1666994429	0.105218207546
135.099621319	0.0529327008962
166.085451306	0.0374899207767
90.3371671047	0.0879980348771
151.966799081	0.0437398369808
100.819229106	0.0784343839081
160.025918927	0.0400475654576
91.0062720599	0.0873530053297
151.711999851	0.0438220782951
127.197263473	0.0582176463976
160.026039077	0.0400686229436
137.724311235	0.0515808866078
133.853167948	0.0532744050112
168.570225029	0.0365348813757
116.676461101	0.0645132970332
132.027169699	0.0551075368908
150.285553562	0.044512170741
142.058936619	0.0492059677929
121.89787011	0.0612983499748
148.194370262	0.0459152614085
121.523749186	0.0614672723026
170.810525378	0.0356522825095
102.846808197	0.0755435578916
102.668366949	0.0768695795255
154.386904454	0.0425224938646
74.1080958654	0.105701987451
168.434101474	0.0364700041953
105.835045471	0.0741344407158
153.192258436	0.0431041296892
88.6950651405	0.089894709422
175.186796123	0.0338935031666
181.089277683	0.0317950933931
116.783314856	0.0643684468052
184.882716792	0.0304886879196
101.480018456	0.0762676795346
89.1878060683	0.089227100985
81.3671623059	0.0956376713218
127.641245496	0.0572758240361
154.830584195	0.0425105323806
100.284775662	0.0778530053044
80.6489466273	0.0960073355197
99.2583736738	0.0798802834875
138.57492189	0.0509573671919
135.655338021	0.0525714283408
179.220246493	0.0325167380818
170.266232692	0.0358610185745
138.465908004	0.0506643278516
146.48295012	0.0466931504823
100.345983423	0.0777192600636
118.332540132	0.063814080052
116.639983805	0.0655136992512
157.079546792	0.0416740323997
133.912019759	0.053259143058
141.106672816	0.0495798959116
146.071074779	0.0470012229322
110.388093243	0.0689560137464
139.602882483	0.0504982005833
89.0253516696	0.0873596249323
96.6567506895	0.0805817008129
136.081124508	0.0521732567543
148.768048739	0.0455527395021
114.234287723	0.0665210070162
136.530194535	0.0519021535285
135.256529972	0.0528741544477
144.644294602	0.0476312135992
143.861489195	0.0482487238504
136.639082271	0.0522314246461
132.037348588	0.0550186526432
152.224405553	0.0439541781767
155.180679712	0.0425065496519
145.964089077	0.0469609059044
130.942616767	0.0555722699169
137.106447886	0.0517928459744
131.550098785	0.0553322117834
145.747062427	0.0471282854408
111.533549962	0.0688809024275
144.366688619	0.0478503930447
128.756672444	0.0569636340157
131.669458394	0.0551096788207
133.987789842	0.0537258279452
140.682625491	0.0500035447493
148.426038946	0.0458725866805
144.583375965	0.0478606342161
144.416603039	0.0478903112308
159.383217416	0.0406043882582
137.317982462	0.0518530663676
149.687638186	0.0451946052121
135.093174569	0.0531785652402
152.220324912	0.0439359981257
148.543486787	0.0457762182048
148.999877954	0.045513282278
127.549747851	0.0579842266569
140.40695384	0.0500910309295
145.047107836	0.0475792828628
166.221667479	0.0375911758324
165.220421573	0.0379919343328
167.57886888	0.0370452546905
168.199749555	0.0367905795101
142.284998752	0.0490933713879
142.151191211	0.0491663944517
140.796317972	0.0499169816702
117.818740247	0.0647807207578
147.373646616	0.0463657610751
127.665485354	0.057926694397
165.102075067	0.0381042581634
127.600659714	0.0580340962962
166.516101432	0.0374641448171
125.827911359	0.0591959982917
154.900532799	0.0426263080962
147.726829745	0.0461975417919
153.095394321	0.0434710988973
143.972257143	0.048181189142
172.471913633	0.0350477741918
136.508740655	0.0524182529151
172.640849494	0.0350083955143
148.259189819	0.0459109976459
154.314365262	0.0428922933595
150.217067638	0.044911761548
137.02425798	0.0520578093841
133.587563115	0.0541968315633
140.739086545	0.0499521103568
118.895094307	0.0639455741886
162.711809852	0.0390911173284
136.236152325	0.0525377630276
158.191064441	0.041089954164
142.266777654	0.0490836745691
175.642827697	0.0338596338735
139.246816663	0.0507980291857
178.368663864	0.0328365018525
135.747799297	0.0528601994153
156.560796296	0.0418600265448
175.328646956	0.0339640504102
157.906596185	0.0412254157111
131.549141632	0.0553876819292
145.21827009	0.0475166002176
174.154902585	0.03439558615
132.825604455	0.0546920444658
141.822324209	0.0493920011126
128.28150306	0.0575327624704
180.700799227	0.0319771882152
145.203793877	0.0475378476823
158.73397308	0.0408345198443
170.922798767	0.0356710990812
180.089059549	0.0322030905462
143.393782572	0.0485436167888
171.909014967	0.0352767604343
147.453791619	0.0463550561736
152.583815581	0.0437599485126
132.938689684	0.0545772527
186.156146966	0.0300705259038
134.893013672	0.0533826550371
169.149974297	0.0363790726634
144.099391503	0.0481623552865
149.319175827	0.0453751681722
158.616304276	0.0409259442325
164.201616233	0.0384353034088
153.951754619	0.0430997750031
135.497607139	0.0529943134201
148.563849807	0.0457780536579
136.647161679	0.0523117020858
173.857476096	0.0345205263243
142.728606954	0.0488425600149
137.439255548	0.0518680280351
161.343475142	0.0396861827763
146.129934538	0.0470288505369
147.911093991	0.0461325185889
127.622552099	0.0580106004438
141.057459328	0.0498128938151
143.694784413	0.0483488572367
127.39567357	0.0581648273902
139.659755333	0.050569262527
121.796511757	0.0618989602108
185.957823089	0.0301407227485
140.140902095	0.0502926712578
144.327778342	0.048000119391
139.717145991	0.0505266088733
153.611950451	0.0432387483029
155.14208528	0.0425191465714
160.796691584	0.039906255167
130.639028076	0.0560763479523
148.423414329	0.045839182025
124.990251494	0.0596720827125
167.703540552	0.0368217451173
132.054894513	0.0551686118682
161.267627407	0.0397150749309
125.856652429	0.0591233105719
188.899829501	0.0291690966949
140.49831802	0.0501396684717
154.809289957	0.0426988426098
131.854326735	0.055307898461
151.059898071	0.044522312803
114.767528017	0.0671010091262
165.768634052	0.0377519512869
138.995807699	0.0510175283819
152.310388868	0.0438693299338
127.325524822	0.058126760579
178.384232914	0.0327297920253
135.974041795	0.0527774272797
186.539143868	0.0298943848986
126.299811989	0.0587460951279
170.515593825	0.0356709292565
143.837182473	0.0482963958789
156.385897061	0.0417973100218
133.558546425	0.0542173511976
184.207782234	0.0307146160058
144.556527835	0.0478629361256
172.123780063	0.0351681255826
139.961276946	0.0503178050905
120.08923604	0.0622904414029
185.42221217	0.0303049244383
170.868053169	0.035584201633
133.178498834	0.0535340832047
146.998116408	0.0464851735361
130.616757896	0.055362857451
164.303898447	0.0384653874679
137.960852816	0.0516176149982
165.6262083	0.0376653512798
182.351169039	0.0314194483337
155.704034751	0.0422073715694
144.328357976	0.0476045987506
154.883562265	0.04237868606
137.265817552	0.0519741922727
132.272988524	0.0541346751495
159.978353918	0.0402808854185
182.507753644	0.0313636129018
117.750738487	0.0648681136647
135.922323946	0.0527730661032
139.219765436	0.0504971916953
155.521820679	0.0420395590527
140.271864067	0.0498002918673
132.91702319	0.0540406441465
114.475293018	0.0657485775399
142.082837686	0.0491816102525
181.255681847	0.0318132575899
138.211765193	0.0513264497536
185.67090033	0.0302618928806
171.451300221	0.0354603918173
154.617415494	0.0427671645131
154.034005479	0.0430395127183
137.804817259	0.0515521101711
137.631352988	0.0510432228984
161.248100657	0.0397715250614
162.607323291	0.0391290531571
158.228151791	0.0410889135386
167.795721604	0.0369286352702
180.705479731	0.0319942003936
154.019572625	0.0430212776453
182.271753452	0.0314390067794
149.778107921	0.0450844700188
163.291190598	0.0387825650405
172.866232129	0.0349061669997
185.263057455	0.0304285324948
172.410204023	0.0351059281845
149.355661602	0.0450658712719
144.789044041	0.0476073268176
143.10947653	0.0485356146456
182.425154557	0.0313870804765
161.041077443	0.039801678074
156.425071774	0.0418362958444
167.211131109	0.0371607956578
176.885943972	0.0333694413063
183.04772343	0.0311624309579
181.466958639	0.0316721224865
183.169387053	0.0311167899237
179.401328708	0.0324504791364
176.488889118	0.0335174044615
176.45475754	0.0335113285252
178.269466505	0.032873618924
163.554708817	0.038664396524
180.82365389	0.0319458381191
178.442738604	0.0328049158288
158.080895338	0.041126029077
184.293628529	0.0307330242759
164.197701967	0.0384068841353
167.902784957	0.0368849333194
145.390546526	0.0473908013855
161.662128746	0.0395191766814
142.231357116	0.0490356169389
132.76865066	0.0545524949621
167.172666339	0.0370907112794
155.281786673	0.0423893876816
174.685785154	0.034210285357
160.337372001	0.0401089953949
149.168294587	0.0451305025523
161.219163807	0.0395961040754
146.000691271	0.0467360089689
174.318461948	0.0343306225946
152.689055547	0.0432934768202
170.193984496	0.0358079819741
167.615622552	0.0369404970647
183.743257089	0.0309119728289
184.668211407	0.030554919841
166.524713181	0.0372975119824
179.037058185	0.0324767243747
171.116782027	0.0353474309562
190.72418005	0.0285135807459
174.515978058	0.034071586505
177.022085701	0.0332336202133
180.938200555	0.0317877335727
170.108936709	0.0359733906095
171.212103848	0.0353360129407
181.864086221	0.0314458210421
173.055310217	0.0347580128854
189.342672004	0.0289430525487
173.761248825	0.0343804073415
184.49737998	0.0306083178462
178.792994372	0.0326108171357
182.194442998	0.0313262599056
184.525082784	0.0305290413701
192.122820365	0.0280558089336
178.604246333	0.0325928198348
192.803362262	0.027851887255
170.042686921	0.0358201303651
187.444577157	0.0295399996607
162.757342449	0.0387966379759
174.495221793	0.0341176514305
166.0157907	0.0374129909056
191.796038575	0.0281534953799
187.231261946	0.0296340405487
175.468292436	0.0338903179988
180.805792312	0.0317955264469
177.020243397	0.0332923413057
166.698545686	0.0372987468333
186.153984426	0.0300537137925
173.742570937	0.0343276327911
194.92332212	0.0272193938924
174.334372221	0.0340963919661
174.973397014	0.0340219296424
171.736747288	0.0350976305904
175.990261138	0.0336692590959
159.923835029	0.0400945660104
193.700912116	0.0275803366261
164.284984647	0.0381864088801
195.293809753	0.0271034569943
176.165022968	0.0334030654142
179.836740337	0.0322337889244
161.652239482	0.0391780711054
180.254914551	0.0320613170547
157.041560731	0.0412364195052
195.509662243	0.0270589769844
177.393369932	0.032946634075
170.643911057	0.0357490610777
178.719653289	0.0324808694527
172.454409496	0.0350235990297
175.033259432	0.0338412190683
180.18759622	0.0321017611865
170.248939175	0.0356411320552
191.553038708	0.0283073789505
180.842749978	0.031743778669
180.656556493	0.0319990537146
173.65317793	0.0344373638199
170.569298758	0.0358111986695
178.791541501	0.0324792721292
186.159546121	0.0300798916672
188.981415226	0.0290388986666
179.785023049	0.0323190853389
188.969856687	0.0290458308297
174.100506489	0.0344204764021
177.361122833	0.0330844066239
171.480254769	0.0354374811788
191.554022366	0.0282503921862
172.867469439	0.0349075484779
194.166860515	0.0274463347427
183.21297246	0.031093033357
188.700068357	0.0291921875659
166.557793234	0.0374433172707
191.73055363	0.0282093216636
165.377897208	0.0379347580365
199.435842369	0.0258978656063
183.60418173	0.0309665551397
191.647164167	0.0282051179084
182.587405735	0.0313176043199
184.118570605	0.0306958753788
175.518702114	0.0338787433163
179.234215529	0.0324262803527
171.825565543	0.0353044570295
187.814984058	0.0294596549562
182.881395522	0.0312038049682
188.865155286	0.0291487039927
176.948633967	0.0333537130161
182.745581907	0.0312100000734
171.577997851	0.0354089023979
190.988844063	0.0284164124079
194.70777458	0.0273225480689
188.121673134	0.0293896548967
188.144963901	0.0294102117329
192.114203783	0.0280949653802
183.433347968	0.0309926122545
196.456652947	0.0267547574954
193.462813499	0.0277205151814
199.503188077	0.0258775413109
199.58646929	0.0258492726115
191.208770468	0.0284007045658
182.483339571	0.0313482597226
189.849425267	0.0288323417093
195.515213614	0.0270750767716
190.206090878	0.028659896737
196.827307644	0.0266848656718
184.833891175	0.0303871920411
182.323437532	0.03138595474
189.979622036	0.0286976248377
175.069558345	0.0340434733262
187.302632181	0.0295807199568
176.63203232	0.0334634010968
180.997313457	0.0317047108025
181.655930339	0.0316462701094
175.169257574	0.0339618462936
182.542660969	0.0313278810595
168.851267023	0.0364624296491
179.640288231	0.0321278142581
178.937410029	0.0325440998971
177.422229317	0.0330992198491
178.361145649	0.0328404592436
176.311652331	0.0335096590979
175.712671226	0.0338302692502
169.878593168	0.0360371563501
167.335327265	0.0370091612839
179.16172126	0.0324897466544
173.826332944	0.034518781267
190.405306773	0.0286958513819
187.074931223	0.0297696379501
186.933320891	0.0298334963766
188.732807577	0.0292024812024
190.647725456	0.0286021772158
180.58996363	0.0319806042972
188.549806042	0.0292817946021
181.754011827	0.0315755814593
180.364350752	0.032086645458
191.151450578	0.0284118387806
187.355187954	0.0296920754562
184.840608306	0.0305440825206
177.861038416	0.0330104928694
166.36902308	0.0375116611391
191.325253187	0.0283843937919
190.114843948	0.0287626419746
174.516096103	0.0341184701431
158.450132149	0.0409623524854
167.634968028	0.0370088628197
166.984994561	0.0372501987643
170.153979183	0.035944874888
172.916701823	0.0348472677897
172.487808418	0.0350010182333
160.440113392	0.0397016862974
190.485181455	0.0286658873928
182.343857326	0.0312777324153
179.849714727	0.032232241837
175.699970603	0.0337525045948
190.399869157	0.0286808155843
182.937268337	0.0311545436916
183.855059687	0.0308715551708
175.596247031	0.0338573511956
178.020432274	0.0328302526676
186.331256809	0.0300471122927
177.158778607	0.0332199085066
167.37454308	0.0371121425115
169.660919057	0.0361332860844
179.207604064	0.0325469769006
174.531190439	0.0342821620446
188.03185341	0.029458200191
174.354982216	0.0343095018765
190.920895636	0.0285489192051
184.045871744	0.0308120520755
182.474903586	0.0312855630094
178.893662671	0.0326371567187
194.429905677	0.0274132990207
177.899627142	0.0329861637446
194.159682317	0.0275195169383
179.022246678	0.0325976673498
193.253035492	0.0277906016248
183.568635767	0.0309403898266
178.820439632	0.0324710952876
192.88101293	0.0279270576854
191.666009409	0.0282385935572
178.055495529	0.0329374657433
185.475615375	0.0302855168878
176.48897692	0.0335094513089
181.198169724	0.0318215756379
187.375755531	0.0297014510352
181.101466777	0.0317959629098
181.870182757	0.0314642805842
188.235131535	0.0293859542745
186.373782613	0.0299671853534
179.55298188	0.032382658068
197.646830955	0.0264292701823
179.756432957	0.0322854552652
195.792678331	0.0269809424527
184.752691516	0.0305552877826
192.574938613	0.0279862932942
190.526022136	0.02865313988
197.986346627	0.0263539959957
193.162228975	0.0277304141915
188.480709625	0.0293075615629
187.229023776	0.0297201718009
188.442646797	0.0293194442791
185.939953078	0.0301079680414
190.944162502	0.0285318709996
185.393120468	0.0303474284623
194.093871407	0.0275325108057
196.76678869	0.0266690846167
186.537251242	0.0299891963132
185.819929502	0.0301917659985
185.798831144	0.0302243819846
185.609001859	0.0302245719993
183.926771855	0.0308663351803
190.981047905	0.0284927765675
177.478287437	0.0331321335691
187.583520265	0.0295878119464
186.622258131	0.0299146660646
193.461841713	0.0277150126426
179.674180785	0.0323569738601
186.749008776	0.0298816801208
193.381974933	0.0277473443917
187.743888351	0.029560731691
191.225529626	0.0284204592326
187.959372169	0.029442146457
187.649175983	0.029535944478
192.202086753	0.0280926756526
193.445938195	0.02768922051
194.731812355	0.0272854508343
191.459669973	0.0283020926335
194.050278853	0.0275062422437
192.683355915	0.0279054334514
191.619468941	0.028254388075
195.105839645	0.0271821698509
193.178868103	0.0277747735999
194.898792704	0.0272666230296
194.857029474	0.027259546942
185.740572907	0.0301806883069
191.177121229	0.0284069256835
191.111278248	0.0284282608468
186.978832097	0.0297724979221
180.575633829	0.0319400257
182.587710393	0.0311987611786
185.905299713	0.030142632892
195.506903617	0.026986562813
189.007553989	0.0291540411086
192.196175052	0.0280591733057
185.904381308	0.0301652831349
190.878057065	0.0284417384365
192.873144292	0.0278895698044
197.155653229	0.0265744876978
188.821777034	0.0292189648394
195.845052398	0.0269628241211
194.352043043	0.0274403446254
194.766085554	0.0272719061075
193.563259537	0.0276753839438
188.807360897	0.0292051543089
187.037324056	0.0298026356893
195.205561599	0.0271739728108
190.216113807	0.0287266890889
196.704007312	0.0267474947593
197.387857698	0.0265375098659
196.035259501	0.026934705221
191.556381916	0.0283325540743
191.884988166	0.0282011510904
195.160933132	0.0271815883734
194.504634086	0.0274116313839
186.105795095	0.0301167544494
192.700346263	0.0279454741136
192.169173625	0.0281464231696
186.739625553	0.0299112638969
187.748144257	0.0295437693537
192.612792176	0.0279994527057
190.974949857	0.0285240076343
197.760323526	0.0263940901258
196.117446941	0.0268920867061
198.032930739	0.0263181430983
196.729305938	0.0267277650052
192.256378842	0.0280919850961
193.519596683	0.0276920607929
197.906152667	0.0263517464863
201.171554219	0.0254167947981
201.046921574	0.0254606551339
199.910989147	0.0257780863236
192.97243896	0.0278382403784
196.284860371	0.0268408347147
200.474323172	0.0255835993188
193.162883532	0.0277878543705
193.942086756	0.0275596491996
196.188524712	0.026845529565
199.021968802	0.0260200692098
195.588440571	0.0270364054965
195.584908696	0.0270456944126
199.699879648	0.0258459606288
200.341272019	0.025627516454
191.349540916	0.028376239102
192.770306426	0.0279184249272
197.372215267	0.0265049603284
201.973237416	0.025185473877
198.109482529	0.0262833316261
202.800230024	0.0249499571089
199.633356844	0.0258337045308
199.498227204	0.0259028284819
193.476548231	0.027717187547
196.82104356	0.0266958002261
192.64334604	0.0279761333042
201.181590807	0.0253801805448
200.536870382	0.0256062800503
197.534683545	0.0264843175692
197.380795773	0.0265018995506
200.163257095	0.0257080861429
197.476534987	0.0264692065627
201.165471183	0.0254004910941
201.669280479	0.0252445099625
197.488567592	0.026471383686
202.265138641	0.0250941209167
199.792994555	0.0257874309635
202.581018956	0.0250159173176
205.281544301	0.0242241348235
207.080532368	0.0237693835248
207.882314414	0.0235575737481
201.04197614	0.0254379164531
200.649146405	0.0255547338156
205.910837964	0.0240630401759
201.555266228	0.0252762995006
202.078403658	0.0251571989503
205.647831894	0.0241303432041
204.660702345	0.0243972563267
199.282548473	0.0259351262132
198.518712015	0.0261597307465
206.194530089	0.0240009180625
198.720860845	0.0261004269193
202.459735684	0.0250160484221
198.469648291	0.0262131633127
203.557164096	0.024746838429
195.749040927	0.0270206194177
208.083340962	0.0234630834825
201.183355893	0.0254166836834
203.882331304	0.0246377386154
196.248065612	0.0268668999425
210.403253559	0.0228559856299
205.366254979	0.024227208216
205.278131892	0.0242212737611
200.352678614	0.025654657271
205.4447472	0.0241772343901
199.66228348	0.025824449581
204.362560005	0.0245049057616
198.132355119	0.0262964878003
200.30127604	0.0256533240873
198.318837554	0.0262380022593
203.4719069	0.0247255284915
203.026959967	0.0248832186919
205.641406164	0.0241572387951
202.200048472	0.0251054828939
205.192821152	0.0242704771089
205.917163784	0.0240683389995
212.390697508	0.0223560045559
211.820187913	0.0224809334013
209.201243925	0.0231891558629
211.433989654	0.0225828506943
211.993085893	0.0224684902517
210.518831073	0.0228261343825
213.535104188	0.0220623762967
209.960801368	0.0229721752475
207.942991308	0.0235046408194
213.719498255	0.0220392746673
209.815067162	0.0230067304382
208.546192975	0.0233746229946
208.533767921	0.0233445650934
209.620979056	0.0230985917045
211.241315072	0.0226471159899
205.634219952	0.0241336857798
209.711922606	0.0230356549957
210.047934063	0.0229442899345
212.14410343	0.0224139916722
211.517800645	0.0225966030847
211.162226231	0.0226838876022
207.857798534	0.0235433040181
212.998111586	0.0221868226354
208.457583553	0.0233685317257
215.051507006	0.0216996272475
210.925140109	0.0227228503291
214.442710822	0.0218295802287
213.73855828	0.0220326308467
214.45185835	0.021851320127
209.456969466	0.023115674142
211.895781336	0.022468366144
214.327074103	0.0218539469957
213.865291811	0.0219977385105
212.66342118	0.0222787270938
213.929538886	0.0219817935897
214.414596871	0.0218358264068
214.205861497	0.0219084690478
214.186262705	0.0219114635502
212.264658768	0.0223860470785
216.464519324	0.021330436587
218.554266867	0.0208292611362
213.889134753	0.0219730231213
217.666340769	0.0210707088084
217.411950495	0.021106105141
217.824965081	0.0210260430752
217.867833385	0.0209954260844
216.651161677	0.0212901520379
218.955986874	0.0207344879972
218.196333137	0.0209124979521
217.482286103	0.0211110582487
217.86756804	0.0209933207961
219.454250807	0.0206482185211
217.940424148	0.0209792857487
217.820907192	0.0210068727781
219.086665917	0.0207035930846
219.516606861	0.0206018545452
221.199978415	0.0202436735556
220.423868379	0.0203980658369
219.523553536	0.0206209904573
219.586570982	0.0205926671473
221.440660887	0.0201866618689
220.188615384	0.0204550496392
221.580882555	0.020127116572
217.467248847	0.0210882242486
216.006997321	0.021445584983
212.274619583	0.022401205946
213.745539801	0.022034033801
215.693766229	0.0215064055365
219.296366558	0.020684800073
198.867133565	0.0260545749418
209.940802109	0.0229781617179
218.916285617	0.0207495161933
216.713904249	0.0213065419592
213.176064982	0.0221974660648
211.557349335	0.0225809014536
213.99905069	0.0219736252168
212.910266878	0.0222535169675
215.485972986	0.0215894608118
219.426440395	0.0206567109127
212.886231032	0.0222351741282
213.983596579	0.0219652214146
215.242980068	0.0216476554654
219.66398867	0.020608303105
219.108053996	0.0207299395363
218.741105859	0.0208083835763
213.522037322	0.0220779915563
218.907104538	0.0207687904632
219.623629045	0.0205912883743
222.881118382	0.0198451295913
219.651417731	0.0205907624326
219.945737979	0.0205269980655
222.858855326	0.0198691222306
224.108636045	0.0195936256344
215.930049751	0.0214897471051
216.476791684	0.021356389801
218.47614117	0.0208916032235
221.666117256	0.0201281270981
220.448041598	0.0204445083965
223.245571611	0.019775831708
222.590774079	0.0199161724229
219.237879592	0.0206983996701
221.449688843	0.0201793837847
218.698751861	0.0208214802298
220.323386052	0.0204712142218
224.484506388	0.019508072394
226.411763213	0.0190996505023
221.090061113	0.0202770707808
223.859967159	0.0196483907386
224.36044807	0.0195519899254
219.921203479	0.020545491971
222.783409359	0.0198819335415
223.986441706	0.0196342508515
223.515564853	0.0197231194764
225.437391635	0.0193167122967
224.784286798	0.0194616817101
225.041853811	0.0193764765153
224.715171199	0.0194759965729
224.267002283	0.0195646575387
224.110392182	0.0195915384443
226.264149134	0.0191111451005
227.870715241	0.0187700544091
227.882858736	0.01878477151
224.696728697	0.0194577113768
223.618053843	0.0196958644366
226.274432583	0.019112385649
227.292718514	0.0189083945229
223.209588926	0.0197977862229
228.275144512	0.0186899427113
227.438202801	0.018857167761
229.276835482	0.0184961388945
227.622368577	0.018825689506
227.59532543	0.0188255072434
229.851955834	0.0183725569278
230.100814521	0.0183265957851
226.910685465	0.0189833450893
229.269139453	0.0184752664037
231.032423605	0.0181292193797
230.009193998	0.0183382747355
231.262008257	0.01809006492
227.579571648	0.0188420346225
230.313252601	0.0182602947871
231.458494371	0.0180447862054
231.588828259	0.0180311249115
231.32768629	0.0180781207602
229.494000086	0.0184393022621
227.965462964	0.0187583236738
230.514405052	0.0182337342352
231.439986332	0.0180620889328
230.922060882	0.0181553588643
231.103999939	0.0181219244827
231.383174413	0.0180716798449
230.949196329	0.018163728084
230.298660825	0.0182901090102
229.309622976	0.0184803277501
227.444966732	0.0188729614044
229.034084014	0.0185392931233
229.763242062	0.0184014859683
227.188967583	0.0189263134686
228.572200693	0.0186380041266
226.704058626	0.0190362267572
228.553692126	0.0186411845851
228.36924692	0.018693035798
227.473161172	0.0188700720596
228.136897505	0.0187441854631
229.228953783	0.0185156672722
227.567267821	0.0188628061181
229.412424311	0.0184740960727
228.929674173	0.0185734493765
229.137504225	0.0185398122016
227.848366576	0.0188040051395
228.391120632	0.0186757255409
228.607324494	0.0186535823734
228.1277316	0.0187422786869
227.983100212	0.0187661216196
228.903702969	0.0185735334482
228.689782277	0.0186184375631
228.816185867	0.0186068599402
229.980885162	0.0183627461771
228.170627191	0.0187376776012
228.992355077	0.0185690878051
228.249470274	0.0187089443321
228.225336349	0.0187270231012
229.960792056	0.0183605599928
227.434790537	0.0188810403451
229.670966118	0.0184320277796
227.835697626	0.0188104582731
229.679465859	0.0184303251952
227.753153027	0.0188343847122
227.882841517	0.0187947637693
228.345156258	0.0187021520603
229.23032663	0.0185227762867
228.983194361	0.0185798462168
227.462174932	0.0188986308602
226.475336312	0.0190956037215
225.855617203	0.0192252808378
228.510771063	0.018670647736
226.755445301	0.0190517016739
227.346119903	0.0189244573338
226.751320163	0.0190542388395
225.222452246	0.0193711807704
228.498485545	0.0186866236109
226.85424161	0.0190474215986
226.027208464	0.0191985231582
226.531177157	0.0191055436922
226.749777088	0.0190434287172
227.654212001	0.0188579886557
227.441093855	0.0189100274686
226.619262574	0.0190892413048
227.011478637	0.019007021893
226.002972017	0.0192092185444
226.054952528	0.0191851315561
224.858054093	0.0194611860994
227.875687043	0.0188069761189
225.607800111	0.0193016747013
226.923346041	0.0190180988469
224.50107132	0.0195441624023
226.445445956	0.0191056862245
225.078531968	0.0194229006563
226.840891826	0.019033887703
225.093638964	0.019400595432
226.50606875	0.019110089033
226.609960477	0.0190785088234
227.420142489	0.0189125084877
225.738261257	0.019257680494
227.381366497	0.0189123209749
227.475980164	0.0188970161825
228.586973823	0.0186579781781
227.024030228	0.0189908991584
228.881292374	0.0186010352472
227.73121274	0.0188311249634
227.831531369	0.0188092210321
227.635004493	0.0188640117128
226.277210435	0.0191462789373
227.611235143	0.0188666056585
226.036599213	0.0192037163334
225.926581691	0.0192037630666
228.174885998	0.0187518111067
226.744910985	0.0190498110203
228.22723597	0.0187432626506
226.915421096	0.0190188638307
226.765035397	0.0190456266913
227.304496436	0.0189373056749
228.302565044	0.0187224827219
228.357748892	0.0187221735254
228.11995427	0.0187549229425
227.944024801	0.0187969781836
228.615763958	0.0186544373374
228.244014001	0.0187358329261
227.622043883	0.0188597022712
227.631248477	0.0188624523011
228.911675744	0.0185953912748
228.287791952	0.0187358208558
228.356070902	0.0187162850367
228.324741742	0.0187272972434
227.859959095	0.018805384074
229.021232787	0.0185693732251
227.512953273	0.0188847574033
228.30254091	0.0186924500015
229.367316889	0.0184980496872
228.787167262	0.0186080701982
228.649872302	0.0186341709252
229.546861103	0.0184466124156
230.692480212	0.0182009798278
230.485010051	0.0182344159476
229.828856752	0.0183677183789
229.639048266	0.018434303867
230.159799623	0.0183121925172
229.810975967	0.0183774725033
230.670147991	0.0182246555459
229.93319206	0.0183691839076
230.045018551	0.018349662783
230.38766953	0.0182582261376
230.768923079	0.0182014447947
230.515111599	0.0182430370399
231.106946547	0.0181264572651
230.417155692	0.0182716696317
230.574766189	0.0182207393848
230.41445041	0.0182671979709
230.593575635	0.0182336297751
230.294806364	0.0182940953026
230.530541589	0.0182485725955
230.446145279	0.0182483101947
230.971976651	0.018155622319
229.807729559	0.0183880614049
230.36734962	0.0182740776503
229.99745899	0.0183540624541
230.178831004	0.0183150292932
230.507586557	0.0182332876985
230.63634994	0.0182051713363
230.215608557	0.0183133994992
230.505212849	0.0182545797101
230.156135429	0.0183135519644
230.501246833	0.0182497068284
229.864200307	0.0183844903049
229.791247	0.0183862962098
230.032684431	0.0183551360901
230.011407639	0.0183512851559
230.049298445	0.0183232218702
229.198914855	0.0184892479215
230.173662014	0.0183136709766
229.825136861	0.0183963175113
230.166817683	0.0183199445509
230.030552504	0.0183497534689
230.429641017	0.0182581407801
229.939257852	0.0183643153923
230.45934796	0.0182589130935
229.977258707	0.0183587704177
230.321597047	0.0182884854622
229.619440351	0.0184295286777
230.72871332	0.0181911437733
230.061740655	0.0183394659447
230.736043098	0.0182029779249
229.903957412	0.018373038756
230.629246563	0.0182110802304
229.943755853	0.0183642592575
230.595781164	0.0182347502326
229.478846202	0.0184548411609
230.483556856	0.0182584043615
229.513926395	0.0184496194246
230.106264141	0.0183345759423
229.384596027	0.0184766485948
230.243088647	0.0183060016213
229.253690564	0.0185023922877
230.363848913	0.0182777901276
229.277787179	0.0185045870533
230.555805551	0.018216577575
229.466734082	0.0184509354293
230.477600637	0.0182615050349
228.970977118	0.01855941851
230.58869977	0.0182329234208
229.041363912	0.0185457880463
230.303732571	0.0182927484976
229.113470499	0.018533471386
230.186932946	0.0183176381339
228.908709547	0.0185757065472
230.582530104	0.0182182852555
229.309736342	0.0184956515895
230.42871135	0.0182679412184
228.91528333	0.0185741098013
230.405520357	0.0182676893046
228.997628706	0.0185590143431
230.160322567	0.0183248835145
228.723734983	0.0186138771639
230.326817103	0.0182829969989
228.868630362	0.0185874744842
230.334719281	0.0182686275847
228.373168731	0.0186645862532
230.282556582	0.018262822038
228.738312726	0.0185875822899
230.308985068	0.0182766885717
229.078207365	0.0185425912913
229.989436384	0.0183591595091
229.02263448	0.018558506452
229.957069708	0.0183659065082
228.840972649	0.018591935951
230.098040135	0.018331348189
228.713656393	0.0186188129112
230.062182136	0.0183309688622
228.71169562	0.0186027181132
229.995957224	0.018333094289
228.794350341	0.0185768815636
230.014932357	0.0183239769885
229.121069043	0.0185274081994
230.057289908	0.0183451212999
229.163432115	0.0185155085394
229.946214501	0.0183476464721
229.05355156	0.0185469902772
229.853500003	0.0183785503006
229.082862255	0.0185292803373
229.675549127	0.0184017237021
229.095942098	0.0185271231091
229.585160826	0.0184251730917
228.845079015	0.0185711422335
229.741902262	0.0183941854939
228.98824168	0.0185541850189
229.627869178	0.0184286225428
228.889639269	0.01858870556
229.6391692	0.0184223763296
228.810513022	0.0186033143833
229.426879324	0.0184749145749
228.734877643	0.0186158325604
229.417647175	0.018471015612
229.046597799	0.0185390334879
229.275196428	0.0184847078925
229.323829112	0.0184799489956
229.536577884	0.0184527455158
229.240948281	0.0185104312644
229.335951754	0.0184933072761
229.215868379	0.0185137939007
229.408761431	0.0184724003293
229.113440509	0.0185246141689
229.38136676	0.0184747962177
229.185242878	0.0185238577426
229.423200903	0.0184747723406
229.023853148	0.0185572546407
229.576251903	0.0184422979803
229.060745806	0.0185496647849
229.610509081	0.0184364985587
228.982027584	0.0185641498578
231.027140062	0.0181475606318
236.078230424	0.0171465265677
239.812561559	0.0164574616171
242.724452485	0.0159330215572
245.356283127	0.0154628462074
247.680372004	0.0150718074601
249.573912165	0.0147576632891
251.274777664	0.014475097734
252.52204438	0.0142758435899
253.72771243	0.0140761881753
254.733363847	0.0139073298811
255.704899829	0.0137541959654
256.632643474	0.013613052521
257.437826626	0.01348686361
258.052071037	0.0133920357115
258.429336564	0.0133403070535
258.993770568	0.0132514782763
259.441028181	0.0131864320848
259.822618607	0.0131314489794
260.05280389	0.0130993669096
260.161668234	0.0130856948682
260.385659801	0.0130510646823
260.303820002	0.0130662730016
260.555583398	0.0130298416678
260.665529384	0.0130083796355
260.844075649	0.0129873334551
260.775421668	0.0129975068099
260.982295583	0.0129622499649
261.130997122	0.0129443498605
261.021538032	0.0129563961645
260.802812899	0.0129881644159
260.67723833	0.0130048729627
260.573369154	0.0130210724459
260.373190034	0.0130523872466
259.898792376	0.0131228805118
259.660289409	0.013158182132
259.847160075	0.013127600432
259.637777591	0.0131593820673
259.636362827	0.0131541016005
259.453815395	0.0131869164008
259.631452875	0.0131555144864
259.725798123	0.0131452549176
259.650071035	0.0131562308346
259.712614691	0.0131436837506
259.4689057	0.0131843548544
259.456475437	0.0131789697266
259.123240568	0.0132257624184
258.861904773	0.0132578539522
258.346982429	0.0133273527905
257.832589219	0.0134012955064
257.445633864	0.0134596597122
257.288161547	0.0134839909951
257.465426636	0.0134583404321
259.141354855	0.0132230923648