100	-0.04393	0.0	0.985711893097	0.0142881069029	0.0
104	-0.03321	7.94208695735e-15	0.626113829302	0.35943139073	0.0144547799679
105	-0.03721	0.0	0.0	1.0	0.0
107	-0.03857	0.0	0.0	1.0	0.0
11	-0.1025	1.0	0.0	0.0	0.0
113	-0.0458	1.0	0.0	0.0	0.0
114	-0.006245	0.0	0.0	1.0	0.0
115	0.01009	1.0	0.0	9.62885172291e-15	0.0
116	0.04738	0.000299049863426	0.977259709254	0.0224412408828	0.0
117	0.02525	0.0	1.0	0.0	0.0
118	0.05632	0.0	1.0	0.0	0.0
119	0.08477	0.0	0.168526165184	0.0	0.831473834816
121	0.09117	0.0	0.0	0.0	1.0
125	0.1745	0.0	0.0	0.0	1.0
126	0.4874	0.0	1.0	0.0	0.0
127	0.6288	0.0	0.0	0.0	1.0
128	2.292	0.0	0.0140175168438	0.0	0.985982483156
165	-0.08819	0.0	1.0	0.0	0.0
166	-0.08347	0.0	0.388329536138	0.0	0.611670463862
167	-0.1086	0.0	0.0	0.0	1.0
168	-0.1043	0.0	0.0	0.0	1.0
17	-0.1354	1.0	0.0	0.0	0.0
170	-0.08026	0.0	0.0	1.0	0.0
172	-0.07291	0.0	1.0	0.0	0.0
175	-0.08256	0.0	1.0	0.0	0.0
176	-0.05843	0.0	0.0	1.0	0.0
178	-0.06038	0.0	0.0	1.0	0.0
189	-0.02444	0.0	0.0	1.0	0.0
190	-0.02217	0.458949780814	0.0	0.541050219186	0.0
191	-0.02426	0.0	0.0	1.0	0.0
192	-0.02094	0.0	0.0	1.0	0.0
193	-0.0258	0.999974934405	0.0	2.50655950157e-05	0.0
194	-0.008723	0.97412571788	0.0	0.0258742821201	0.0
195	-0.007797	1.0	0.0	0.0	0.0
196	0.01715	1.0	0.0	0.0	0.0
197	0.02067	0.0336242903235	0.0	0.966375709677	0.0
198	0.05517	0.998948112006	0.0	0.00105188799401	0.0
199	0.07253	1.0	0.0	0.0	0.0
200	0.1068	0.0	0.0	1.0	0.0
201	0.06986	1.0	0.0	0.0	0.0
202	0.02206	0.407634965499	0.0	0.592365034501	0.0
206	-0.007068	0.852224353056	0.0	0.147775646944	0.0
207	0.0007584	1.0	0.0	0.0	0.0
208	-0.01794	0.0492211180903	0.0	0.95077888191	0.0
211	-0.01844	4.72754167105e-28	0.0	1.0	0.0
23	-0.09388	0.598899372582	0.0	0.401100627418	0.0
24	-0.08182	0.0	0.0	1.0	0.0
25	-0.08838	1.0	0.0	0.0	0.0
26	-0.09022	0.0	0.0	1.0	0.0
39	-0.08651	0.0	1.0	0.0	0.0
40	-0.07057	0.0	0.391319777586	0.0	0.608680222414
41	-0.03965	0.0	1.0	0.0	0.0
42	-0.02499	0.0	0.986497406788	0.0	0.0135025932122
43	-0.02932	0.0	1.0	0.0	0.0
45	-0.03279	0.0	0.562851619555	0.0	0.437148380445
46	-0.04108	0.0	0.998742371483	0.0	0.00125762851715
47	-0.03078	0.0	0.0	0.0	1.0
48	-0.03339	0.0	0.565647699988	0.0	0.434352300012
49	-0.04776	0.0	1.0	0.0	0.0
53	-0.07014	0.0	0.0	0.0	1.0
54	-0.0727	0.0	0.389213274057	0.0	0.610786725943
6	-0.06682	0.0	0.0	1.0	0.0
61	-0.06158	0.0	1.0	0.0	0.0
62	-0.05489	0.0	0.00889217700706	0.0	0.991107822993
63	-0.05587	0.0	0.0	0.0	1.0
64	-0.06773	0.0	0.0	0.0	1.0
65	-0.06228	0.0	1.0	0.0	0.0
66	-0.05885	0.0	1.0	0.0	7.06300529559e-42
67	-0.06326	0.0	0.0	0.0	1.0
68	-0.06784	0.0	1.0	0.0	0.0
69	-0.0579	0.0	1.0	0.0	1.74866767231e-40
7	-0.08483	0.0	1.0	0.0	0.0
70	-0.05554	0.0	5.10690773212e-154	0.0	1.0
72	-0.05942	0.0	0.0	0.0	1.0
73	-0.05277	0.0	0.0	0.0	1.0
74	-0.05347	0.0	0.663184409527	0.0	0.336815590473
76	-0.05671	0.0	0.526324958227	0.0	0.473675041773
79	-0.05219	0.0	0.0	1.0	0.0
80	-0.05254	0.731764015685	0.0	0.268235984315	0.0
84	-0.1189	0.0	0.0	1.0	0.0
86	-0.09906	0.0	1.0	1.95708065114e-184	0.0
90	-0.0566	0.0	1.0	3.58279942806e-279	0.0
91	-0.05506	0.0	0.0	0.449394972641	0.550605027359
92	-0.0624	0.0	0.0274425535491	0.0	0.972557446451
94	-0.04773	0.0	0.999739497635	0.000260502364534	0.0
95	-0.04871	0.0	0.952002989538	0.0	0.0479970104619
97	-0.04447	0.0	0.410016441251	0.589983558749	0.0
98	-0.04033	0.0	0.960855070687	0.00573569832057	0.0334092309925
99	-0.04288	0.0	0.00847198555331	0.991528014447	0.0