-79.8709938491	0.593981497267
-16.5671106028	0.289600863599
-42.1563825363	0.386156613827
-33.5280210378	0.351527211221
-12.4277234027	0.276031783702
-13.7680557338	0.283397865016
-5.19971381719	0.257682228398
-23.9521860824	0.30935234527
-32.7054905755	0.339578383826
-35.4121077154	0.356151385047
-60.8416523854	0.477471098791
-73.9023629486	0.554132937696
-16.2562006269	0.284895498638
-49.1266607206	0.422188219072
-37.6901446587	0.371597746582
-35.4227108318	0.361840936975
-32.3567397977	0.347453143269
-1.0933919008	0.2466051279
-34.6321754581	0.354107227069
-20.1623839603	0.304354328664
-33.5201450252	0.3502942729
-54.2228526384	0.445349921201
-56.0840045367	0.454361816315
-77.7120341211	0.581803866355
-74.343037039	0.560537742769
-76.915896943	0.577425457506
-76.5385024565	0.573934964723
-70.5666894571	0.53666305671
-71.4260276409	0.541927198434
-49.5361505728	0.417737991024
-40.4089874103	0.377311485467
-53.4620868215	0.440308765971
-65.4889184734	0.507209494339
-20.199449451	0.304130494761
9.28731586533	0.219153077544
-43.429585904	0.395670704429
24.4703183368	0.184104357975
-29.6998035172	0.339469788103
-40.8851533255	0.384920208405
-21.4836414135	0.309702076393
-36.5431266739	0.366705840204
-33.1280387811	0.352985357971
-38.0294215147	0.371837994498
-4.42022807175	0.255665810723
-33.5683258949	0.354211508612
-9.7087907848	0.271275504582
-18.3827900923	0.298613611689
-18.1418221189	0.298332378199
-10.2613284611	0.271399741654
-25.2943284682	0.323171426913
3.14323792365	0.231275723732
-32.5608339556	0.344533125528
-1.32517422588	0.246757560861
14.283400923	0.207271214706
1.77572611413	0.238577373924
8.40178385949	0.221401748399
4.29400576238	0.231963450207
-18.8700241986	0.296897315325
2.77530166127	0.235647012575
-44.3214117889	0.399034755479
49.4160845995	0.138498484567
-16.6102188746	0.291192294096
7.6862556908	0.223225334014
10.187471175	0.216576868233
-26.5464602862	0.326071343236
-14.0534206025	0.274783858138
8.5086179427	0.218911843066
7.94490447934	0.222614631405
-7.58944243	0.251517338298
-19.5305950191	0.29541418389
-28.9905967964	0.327586907696
-25.4221617205	0.317022347936
-11.3352832307	0.263010967992
-12.6703016726	0.27986800471
-37.3023574605	0.369311063051
9.1833035814	0.217948386068
-2.02644712049	0.246873133488
55.2403275182	0.129610699759
17.3959584463	0.198797601411
20.6444589935	0.190567299795
-55.5739309623	0.454125905025
1.06334126966	0.240531552597
-42.4619989403	0.391375095579
1.73185763374	0.233973425691
-2.78725091324	0.245840612865
-8.79893369352	0.25679233688
-24.2870497908	0.310696733226
-12.8731301206	0.269650284825
-38.6540743075	0.375585355245
-18.2212257819	0.293643953797
33.8507243564	0.165881143425
-16.6134097719	0.293051527291
12.4164618143	0.211290238052
-2.9027038703	0.239742894046
-36.8843738288	0.360325611258
0.695275122421	0.234880171164
51.9684864993	0.134386237499
-25.7045912242	0.324243182441
-45.2520933408	0.403724207964
-12.4908657067	0.279218491444
22.7833681376	0.184928016558
-1.0036844173	0.245233419467
7.88516898579	0.21677519978
4.66994528569	0.230826505681
-45.5560581917	0.402668042559
62.3888816672	0.119943451697
-52.2356191642	0.437588350644
-40.8466277666	0.377945917629
33.0236703878	0.167131288203
70.4164274822	0.109291105783
-2.79315736564	0.245476084332
0.504661612282	0.232800486377
-29.5948775775	0.330630483883
77.3921297608	0.101147077636
-21.5123463861	0.30967323752
-25.7691770228	0.3250796229
5.31060236849	0.228638888925
9.14683197891	0.215045988039
-31.953402598	0.34632661076
14.6256488419	0.201115333484
-49.8994173145	0.424160759748
-26.5424077302	0.319815811261
-62.5868129622	0.488653320949
82.5508156229	0.0953425765617
1.79664231099	0.233079299846
-6.70107873539	0.26071376098
14.8527873704	0.205410728779
-21.2736688036	0.300054363454
-17.6998077029	0.296197304498
-28.5796305212	0.325516258478
-16.2407964514	0.284761877792
4.28477889885	0.231024514037
56.8434000012	0.126482765771
27.2088318108	0.17879372556
-1.54247952242	0.246370175896
84.1513832476	0.0939004229077
-8.46410508447	0.267421819386
10.3775464413	0.21170759785
15.0966679632	0.205192369644
-0.898240427837	0.237285423775
3.73135203398	0.231926847015
38.0713249008	0.158257387955
5.3858376663	0.218221555424
12.5541972229	0.209451972794
14.7088302865	0.20533591
51.4179483678	0.13549603919
22.6396710598	0.188252576311
22.0245980485	0.186725204718
51.6206231874	0.134589091183
-1.06861185907	0.246232506579
-11.9394642248	0.268779141912
86.3915471129	0.0908240596558
-0.176408436844	0.242537786199
10.6183383184	0.214043233478
-11.4465892728	0.269278863207
-22.1760377844	0.304141600421
4.10915758223	0.231889148741
47.2768716975	0.141543799624
-1.48837249374	0.245971303322
-22.5847629958	0.313657723069
-18.6685150164	0.299851134925
90.9696641035	0.0862343861257
31.8515079071	0.169703758968
0.436788718563	0.242104015249
12.5896823885	0.211078045331
-3.3749399186	0.243450381895
19.1780298134	0.191435570583
-1.7833062968	0.244796648526
-16.7878086054	0.290029880654
-2.72658896394	0.241366043304
66.3733732512	0.113548554368
5.87080038535	0.226446078671
-7.42324891539	0.263286415535
-10.5542724187	0.271747353425
24.6691516625	0.180664891497
26.4058638588	0.180545950965
-9.25092212347	0.265701943692
20.3069965922	0.192211942795
-36.0741101343	0.356924865111
-4.88938660045	0.25263303985
-35.0836359679	0.357621123111
25.0937756912	0.183054673366
-5.84721500466	0.259744508669
-4.6476303883	0.246498320712
59.6836161692	0.122894352961
44.7182789367	0.146713690706
21.8872122133	0.189343752276
-11.1048947698	0.264329142233
9.1158885876	0.209687387884
-10.0716399202	0.270483302553
88.12173332	0.0890429105478
10.4771462897	0.207370784981
13.7107507348	0.20578012424
20.5240716747	0.191955433571
-9.58991710789	0.270174020013
40.6120622572	0.152041553341
-13.8357749283	0.283160692311
10.3293241508	0.207773998919
1.45657439779	0.231356522608
19.0434238321	0.191332455665
-14.8224912536	0.281494614072
50.5688474116	0.137203382942
-0.428351423583	0.240496678311
72.8468472997	0.106213097894
5.79910546232	0.224472675654
-11.495418482	0.265848263189
16.3328287447	0.19458490736
59.7503922653	0.12234877528
38.9616144501	0.153283629853
12.1733897004	0.203330775844
5.85140332246	0.224329455556
16.889798832	0.196014517356
50.9302935972	0.136756747011
-4.65874368231	0.248095440097
37.6180361999	0.158854036324
-14.29687578	0.284409265396
23.1633582212	0.184915104628
-23.5565191768	0.316484080933
31.1598792702	0.170672910876
102.653568768	0.075591675332
27.6814685834	0.177395800689
24.7454455717	0.183789413784
-11.171637681	0.270812415961
6.24601476343	0.225643570105
1.93851576806	0.235280105934
20.523902401	0.187709841363
-4.37568816772	0.248748749757
99.53180981	0.0792095384774
16.0369714796	0.200768252494
74.7000960704	0.104944020149
57.5982499208	0.125465073048
56.5320607266	0.126570460972
61.2334988122	0.12060921147
12.896619154	0.20922881401
52.1837034571	0.131882746813
12.8525256425	0.208057204634
-1.48060023756	0.238820773577
-1.97343777131	0.241332814714
12.7175199214	0.209227628643
96.3345340839	0.0810145212071
-1.67674869177	0.24566708401
22.9363739948	0.183153346181
11.5482741922	0.205500113063
22.6370153849	0.182468086959
44.5815837386	0.146682203131
13.2761553838	0.203505263362
-11.1760112582	0.268561489252
-6.78359274009	0.260124764446
60.9002298356	0.12024201482
20.9131137187	0.191420115735
28.3636577828	0.174493312179
36.0333940285	0.16160192242
-27.2548688119	0.327346675135
33.9676980416	0.164808561064
39.5357880726	0.155204584139
36.6149082365	0.16008057101
17.9255112163	0.194622232202
17.3830846977	0.198912476681
86.3102516254	0.0907567449541
46.9464289987	0.141681708126
13.5242490878	0.207802409645
-1.14937437053	0.241577141722
55.6581164554	0.127800617133
63.0151483783	0.119430660268
-9.05131681365	0.268178582019
33.3041734808	0.165727030597
104.485276204	0.0742924543833
-2.30502192852	0.242331570533
23.436985964	0.181637217182
80.6976035007	0.0960293147702
4.20454045945	0.224128097701
-5.12909295147	0.251418607871
28.1027129277	0.171665687499
1.79107893738	0.233134505566
31.6000481521	0.168313448395
11.6973883844	0.205438123386
22.8772724123	0.187486466845
68.9981429603	0.111856441351
27.1654911282	0.174954361727
16.4651424995	0.199219899014
35.3530795002	0.161970347211
17.8513392935	0.196620131075
31.2748107689	0.169411575145
-15.366397885	0.286554885513
36.136498243	0.161098478792
79.6347240696	0.099382872485
41.2471785972	0.149244223574
44.0169432337	0.147450118194
27.6850829972	0.175927836821
57.7458060829	0.123850130144
7.09548555678	0.219126028007
57.9739430294	0.123530161696
0.00423481376914	0.236631001993
59.7183271379	0.123932994869
2.52557791553	0.22897547109
10.2502808371	0.210304981382
59.2559905041	0.122634140838
33.773597187	0.165559865785
33.957966323	0.16483843268
-15.3061288357	0.28591591927
53.9609029151	0.129781530418
21.9571282291	0.187093221489
55.028714549	0.130291917215
27.6612079265	0.173382638057
70.971303218	0.109388715498
32.1912454748	0.165268131379
73.056641694	0.10693147308
5.7592554161	0.223000889457
35.2310784714	0.159653534842
45.4058292794	0.144945792189
7.30781986582	0.219282201945
32.4970097252	0.164474730043
22.0015021752	0.187512921783
34.8468233874	0.163186746971
6.37593448418	0.218824916009
65.4809223333	0.113804772544
-2.55276278529	0.241455670075
37.8185133353	0.155282808433
112.73974339	0.0678161087556
94.8349793723	0.0835261037295
102.155057135	0.0754602446629
-0.432187130704	0.237606408785
115.952607827	0.0649851600378
110.089945255	0.0694941099354
51.9777933244	0.135099052879
17.7907703928	0.197947221206
6.04940625655	0.222053973942
34.0233007167	0.162647871891
0.810886463386	0.236657058099
59.0629626741	0.122597974866
85.6311670536	0.0919436666843
82.1958552681	0.0957280958218
69.769434414	0.110912012018
16.1940282531	0.197296536659
65.5495001228	0.113540712152
37.0130583125	0.156872319469
73.6191407879	0.106201885075
75.4797503083	0.103214607364
1.15624205738	0.23466857951
24.4799820174	0.180616482997
18.7959413358	0.194142381378
97.3264145281	0.0810699860741
54.8122074233	0.130849997596
107.337275197	0.0719532299684
65.8083698016	0.11585856779
56.1143506758	0.128795886282
86.7344743883	0.0895633207278
39.7184836903	0.154371841108
75.53504724	0.102204382863
91.1005117449	0.0874436687443
79.4797116571	0.0995857669009
99.0533303254	0.0779145612877
122.673733878	0.0602862384494
80.1365388506	0.0986960559512
98.8891246898	0.0794000800286
13.4120674999	0.201920732253
14.7700690147	0.202673849708
6.09118703381	0.223410195326
5.77565386937	0.222008379106
31.0969986847	0.167259395407
40.162231647	0.15172489974
64.2606975952	0.115318172993
76.2008824478	0.102940806305
52.7348398677	0.133889105089
13.1343534469	0.205427537446
33.2752504872	0.164051583982
64.2619054513	0.11655297527
51.8250680191	0.134969019044
55.5953777328	0.127127182822
55.1616077178	0.127922381105
127.872654488	0.0566725534629
33.0748874066	0.16613585036
95.3317115821	0.0825952753185
64.4255666605	0.11502974886
56.2537840061	0.128720232438
39.2487858578	0.152283500097
26.0601063494	0.179340798856
42.2710134071	0.147753770895
66.6118433332	0.114008469928
54.4466777245	0.129733718491
50.1016244382	0.135037401227
9.91282436834	0.216915049968
26.4223814834	0.175170857467
78.0745563342	0.101061590939
130.652505005	0.0552573274875
131.954252425	0.0542561584347
39.8448598732	0.150775363975
28.4929369916	0.173863266517
11.4487109341	0.209266146293
28.8868986626	0.17003941165
28.5792136827	0.173725467836
24.5500505597	0.18108360593
12.6876841525	0.206106484624
46.1610598505	0.141279788337
43.4317714188	0.145487723365
38.7794744624	0.152946743411
49.4343917927	0.136047617766
30.500358856	0.167215485273
39.5935375384	0.154574437782
9.31962918999	0.212407569547
35.5286831939	0.161538609786
46.5330271151	0.143495484358
37.9553818116	0.1578235404
75.8540546692	0.103611544965
70.8229418334	0.109634811892
89.4247614593	0.0886472574858
59.8322389649	0.120802585025
116.396974493	0.0653869611759
75.3394419067	0.102221983696
105.54653008	0.0733448073011
43.9838856797	0.146974595088
76.3939735651	0.100583201698
46.3045800359	0.142445548322
119.34414832	0.0630282179299
101.958278932	0.0758408117697
66.9775743053	0.112992725269
43.8985122833	0.146667054461
31.5800585588	0.167752742814
52.6438126463	0.131253368595
88.582239712	0.0891902864385
71.9169031536	0.106248426215
44.3178937239	0.145122732997
47.9867135432	0.138725867398
113.160481232	0.066864147324
35.0317800614	0.159144662851
65.1449702399	0.11412055087
127.173740572	0.0572216783704
55.5358219563	0.127797802985
57.0129915615	0.125244546598
81.2882405652	0.0961212066434
74.1219671622	0.105421453047
121.736459728	0.0606724049395
27.8619214988	0.174536411316
96.9239198266	0.0811389654922
48.5714215881	0.13799639405
48.7685658852	0.137392320313
106.257849237	0.073656792647
29.4816199549	0.168972068174
143.065404424	0.0478324328652
58.4561886134	0.125577536283
136.854749511	0.0513204676212
63.4110871666	0.118655888197
42.7095550915	0.147684375997
82.8798405369	0.0946664739652
47.6311591618	0.138139515468
29.4339356158	0.169249120154
58.2190210807	0.124209065036
42.7499588057	0.147713122163
43.1992135183	0.145931661181
133.556822314	0.0533380174659
100.05256741	0.0772330407304
51.0755138476	0.133377258738
77.7324440057	0.0990957664761
50.9918779416	0.134332965012
84.2955124877	0.0943467373344
72.9168107509	0.106367385658
98.9182567518	0.0795049795961
26.7621935538	0.176671263164
60.3261173678	0.120273674591
74.5373167734	0.104509537161
66.6241249218	0.114699034778
44.9434899327	0.143882338479
128.190876149	0.0571487779165
89.6167465596	0.0886092954373
70.1520360152	0.110161554653
96.6677966191	0.0814278994796
51.0662548639	0.135963813297
81.7340854653	0.0947912166148
72.9790537541	0.10673783808
71.5836721445	0.106490236553
120.926832467	0.0623649708267
96.7985250445	0.0820708980613
47.0321923045	0.142032002367
106.435907679	0.0720282300976
62.4741772159	0.11987274833
113.333025892	0.0670617823315
40.0503447611	0.15331447821
130.300573567	0.0552826350249
48.2954464306	0.13997473513
123.449780788	0.059653879573
49.8555299392	0.137629300212
132.628441827	0.0538911177086
62.512117779	0.119821762323
113.926262744	0.0665040617505
52.6596241622	0.133396809801
118.724150277	0.063375383661
73.7634932373	0.105962367573
127.025391343	0.0580418196209
58.3348515482	0.1254963157
75.0228329896	0.104565701645
60.5547126657	0.122604930678
23.3239807587	0.183396480789
68.0615883445	0.110387667708
48.5846049685	0.138202825498
71.629197101	0.108028175276
60.4984704297	0.122598921502
91.991081646	0.0865938354329
60.6714338924	0.122292194668
47.774850648	0.141446235171
49.4701296988	0.138151464659
57.8111018021	0.12613647603
56.9280291995	0.127313746884
43.9109433731	0.146694117073
91.9794113182	0.0866250479129
61.6616185038	0.121082449068
58.6941002687	0.124787642344
71.2945005237	0.108848074638
38.8299146243	0.155249140133
57.737432212	0.126541290625
119.215482684	0.0636491811815
112.503668759	0.0685753275963
25.0162380534	0.180341563836
36.6200866772	0.159982194843
15.2616218605	0.201975018656
88.3643092168	0.0881995407541
132.614944828	0.053977282619
69.9959590618	0.108582036779
45.6714335135	0.142363061924
94.465191463	0.0842547308586
59.5071633589	0.122376686955
85.7414933908	0.0915149513123
94.1262522493	0.0833491773516
140.632685489	0.0493364245675
131.226066466	0.054611984991
57.3633360158	0.125253622182
57.3269223836	0.124367355283
62.8790579857	0.119344453364
74.662426168	0.102524812055
119.193755639	0.0636111618572
72.4163137431	0.107441971365
42.940093021	0.148403684478
53.2030608773	0.132642581025
49.7750742353	0.137585608406
58.1650354612	0.125678351234
35.0668857933	0.161582114498
45.7747753407	0.143654074455
69.6815645929	0.110647509419
85.6126729004	0.091472271648
61.8153825502	0.119768191399
94.6604173382	0.083936889152
84.316921751	0.094355450909
89.7631023093	0.0887903880092
37.6169155501	0.158121209468
59.1499368027	0.122078146054
63.0296799986	0.119078496177
107.027946309	0.0716114255205
54.6911363051	0.128373433849
25.960923363	0.175886808421
73.3897632166	0.104082256837
121.391805239	0.0621192655301
80.8315436148	0.097939642954
70.6470226098	0.109521727335
73.0450964257	0.104739704211
55.2196748353	0.127700639176
55.4382657021	0.127393006771
131.446300041	0.0551874184916
108.20849079	0.0719046848962
45.6969237376	0.144577359332
40.2056488082	0.151511045909
86.0964146622	0.0921878380712
65.1976819231	0.11391504902
62.9472599906	0.117240231934
87.077060851	0.0901637848706
116.586431338	0.0645333254444
115.051261083	0.0663377520868
109.46819447	0.0711056254911
122.628948255	0.0608640933356
104.537804679	0.0749720978967
61.0533435967	0.119471620634
66.4531501389	0.113004378382
141.788775811	0.0487738065131
127.865033406	0.0569089595545
54.49970151	0.128741369165
61.6524891097	0.119793601213
69.1462360279	0.109158576561
86.1004592626	0.091650554491
63.9148569096	0.118306601523
40.6498799995	0.152474449072
84.0684070618	0.0921941942675
64.9086759879	0.11432026517
40.3947618276	0.150762724934
92.8133240848	0.0835310090845
83.0602491276	0.0937745501823
59.9355623342	0.120892232026
115.721070901	0.0651390878858
137.449557969	0.0515939061589
65.5024274104	0.114201920495
140.031557221	0.0497893510805
88.4697003276	0.0886935937482
90.6595146883	0.086093628506
57.1249142765	0.125050440669
56.355289386	0.126007889897
115.643786599	0.0661039395232
139.079405768	0.0503342340088
84.8822901468	0.0935216274844
95.7188200115	0.0830231681936
52.7222176189	0.131125978394
65.5294832002	0.113583304474
52.8233319258	0.130434028673
73.6374693716	0.106004682281
114.459331139	0.0670521010469
64.4530443881	0.117628289872
88.1744044642	0.0902906481812
106.128747679	0.0727074906433
105.132020312	0.0733463119427
65.096866679	0.114138353504
104.833784883	0.0734649583661
145.722679027	0.0466444726067
134.895804194	0.0530694078006
75.1282441896	0.104278610117
90.289502608	0.0882742482074
106.816424573	0.0726810541676
94.1255189816	0.0827725806561
110.683028183	0.0685534616751
123.10012958	0.0601485972178
122.655690566	0.0605060628955
84.8185821797	0.0920177786471
130.339846592	0.0557181726682
89.8875041996	0.0865385858757
83.8253606779	0.0925039326554
133.37867546	0.0538023599737
78.0932793584	0.101158070003
69.2400089525	0.108839379261
132.658887326	0.054075070931
67.4175205583	0.111069450694
54.1945703622	0.128979457421
44.9852817788	0.142575039598
149.807356507	0.0445427423928
74.2971977547	0.103104575339
99.8507551627	0.0779428315192
70.4781133459	0.107272483419
50.3701680738	0.134124536928
144.217923894	0.0473789886788
126.600195245	0.0583248826435
139.131933804	0.0504115925517
155.292206915	0.0419378879869
118.781056157	0.0637315192196
148.042233904	0.0455997326355
140.698686426	0.0495239825284
103.150657808	0.0763498000063
103.275464996	0.0752791718637
136.14805599	0.0523529094031
108.815162323	0.0716931759772
102.233362253	0.0764462024281
139.895866029	0.049849778935
109.051296442	0.0707981829327
149.907279358	0.0448271696294
147.692423488	0.0457342933889
112.16856832	0.0690113763505
102.425461316	0.0770404017604
103.36858912	0.0750342132146
125.083762673	0.0587646246888
122.238983895	0.0606272619633
123.891491894	0.0595929296994
110.065569533	0.0696293482609
142.237808386	0.0489201438931
126.120822388	0.0583073518058
150.517166056	0.0445560423057
96.743411747	0.081455328243
117.866455666	0.063840345082
104.607773682	0.0751621588924
158.693677449	0.0404869932426
116.863055	0.0642858188131
168.552753516	0.0363838409201
103.931919542	0.0748777470959
112.54529068	0.0687561507527
124.13454988	0.0594065375048
98.9214166376	0.0781056115034
122.035760408	0.0608611797226
124.831014491	0.0591389633492
128.15877932	0.0572860843166
161.289524649	0.039364987406
135.212982861	0.0529673497363
162.766682408	0.0387735741209
124.138166977	0.0601264134903
166.613573997	0.0371644354042
136.388461653	0.0521660134516
147.390571988	0.0460382289442
129.230790279	0.0567515658978
155.103474587	0.0421479722164
96.7175482669	0.0820995822254
145.010453155	0.0471541704066
127.387530856	0.0579491424837
151.924703613	0.0437370951264
114.133576211	0.0675404523533
155.057424705	0.0421850488432
111.287789101	0.0697587755342
151.83497178	0.0438578239835
125.713750121	0.0590502205932
156.870702425	0.0415057446828
108.592193512	0.0717320348492
158.023308074	0.0409125693615
118.222930509	0.0644805715074
139.053658268	0.0507193787493
119.655171154	0.0634368658013
159.366423187	0.040343287217
118.21243859	0.0644168853896
128.559509166	0.0571878440654
113.769018491	0.0676903752089
142.181954724	0.0487198901194
101.86443892	0.0775875686254
161.698516426	0.0393479719205
112.524602439	0.0687331234928
132.475710271	0.0545255888869
128.713073856	0.0570201433701
148.673904769	0.0455045589518
116.314386853	0.0658954926086
119.757481539	0.0632268779488
95.1489143443	0.0836460845662
139.680256815	0.0503118795055
113.270649925	0.0682276554647
121.915706892	0.0616302321811
109.955831558	0.0707060578474
172.919053681	0.0346868735408
118.089637188	0.0645787453329
131.151158737	0.055684761765
126.242136432	0.058876659351
147.133491239	0.0464084668852
102.338661356	0.0770635211782
149.291173612	0.0450325584218
119.230744579	0.0637432314763
168.165724712	0.0365836531938
119.636402984	0.0634454893321
136.33671427	0.0525110539287
115.966061708	0.0661668351405
140.930718252	0.049792949285
113.060179681	0.0682531574709
171.06621797	0.0354683788715
115.958954324	0.0659915135021
150.089865118	0.0447044172677
109.125614274	0.071504940196
150.288922012	0.0447059848141
123.880350457	0.0602437929797
124.106417196	0.0600632745562
129.517291906	0.0566344846549
175.33390379	0.0338170405057
139.00707885	0.0507457093485
150.303430393	0.0447173957221
122.274797384	0.0616096710926
130.269050603	0.0562166162604
122.543893144	0.0613488286183
146.503348251	0.0466901517249
125.814236309	0.0589542973443
134.206012905	0.0537513987227
131.578862691	0.0554185180037
117.033117233	0.0653604524254
126.023419	0.0590373472136
116.33855587	0.0658741382876
117.894795122	0.0646079255422
128.07805338	0.0575148608197
125.222152718	0.059414001193
155.08643413	0.0423392294668
129.492767257	0.0565867442773
149.36031303	0.0451147665634
128.295553267	0.0575325615682
133.462337654	0.0541123449477
107.257172166	0.0728140876832
127.787384794	0.0576870245864
138.34049305	0.0512238965398
156.864915424	0.0414977534321
126.434029208	0.0585587221344
141.047743412	0.0497742617025
137.508773611	0.0517989801651
142.432357312	0.0489845995124
142.125856552	0.0490306068488
170.556431007	0.0356474150464
139.726109853	0.0505002858633
126.338613362	0.0588503499806
134.762144736	0.0534463417923
112.224670081	0.0690311376072
123.290763064	0.0608595796682
128.339629561	0.0574920794493
144.014043559	0.0479595277669
166.068298995	0.037469403854
157.8376479	0.0410664648811
148.53116514	0.045653418636
147.977477563	0.045886650905
135.421064202	0.0530719809622
133.895799128	0.0538032035497
149.753641515	0.0450578332075
141.173878187	0.0495414152356
135.954709491	0.0527245413846
135.119681643	0.0530532887482
155.7843824	0.0420334848908
130.220432938	0.056071311596
153.094625498	0.0433407325154
142.799261128	0.0487539445461
122.162809163	0.0616791287962
150.737814448	0.0445353358776
130.999905649	0.055686095128
149.282703749	0.045197274877
128.043414135	0.0575357593555
149.820124285	0.0449396120977
127.619194896	0.0578574769627
146.668360047	0.046662555543
122.96466662	0.0611529230909
139.722528511	0.0505010527965
143.437748294	0.0484590425717
127.641228804	0.0579659606711
156.941262748	0.0415200463416
131.497618824	0.0553700459067
160.621867389	0.0397759928999
139.633498403	0.0505952757604
140.263426359	0.0500881475294
115.408595512	0.0665989710088
141.63921047	0.0494257381831
111.933744338	0.0692507235391
171.588733637	0.0351713486692
147.894057727	0.0459575645343
158.416214094	0.0408002922071
127.620005151	0.0578568467134
179.968171728	0.0320549548971
138.007243071	0.0515411413481
149.484350078	0.0451065543839
130.737707631	0.0559778658234
137.247107417	0.0515419906471
130.969407114	0.0558251516648
164.459358309	0.0380412811506
127.500104435	0.0579282437732
171.155317067	0.0353079231174
140.337381172	0.0501097366111
152.288864338	0.0435996384345
135.000463665	0.0533408341053
140.779176831	0.0499093096024
109.559208692	0.0711378953771
176.034429999	0.0333802530055
139.442742334	0.0507176495771
174.739549881	0.0339461833039
141.589677289	0.049403468223
140.528330293	0.0494262941212
141.491674688	0.0495579288763
150.548851685	0.0444656106675
125.072405783	0.059517608251
168.107462267	0.0365334461396
126.046968042	0.0589153904621
161.097792308	0.0395092607585
124.506596433	0.0599914882288
153.474246584	0.0430828955654
117.691283165	0.0647502341589
161.513247522	0.0391790794307
127.760824826	0.0578661561112
179.813191412	0.0320294842302
137.893135252	0.0515932737067
156.773459174	0.0412929060263
144.51345971	0.0477241681548
181.071869338	0.0317115326738
135.30371231	0.0531197085836
159.588174009	0.0400658465497
132.422207526	0.0546445627375
171.922190643	0.0349297261163
158.923077372	0.0405331300783
127.221040127	0.0573789176095
153.131848402	0.0432810071137
142.455969134	0.0483663213669
122.222360509	0.0614701836987
121.397308649	0.0610038644858
131.121095225	0.0552888083698
171.750451305	0.0350998781273
139.722285543	0.0505421456103
142.447323798	0.0485616791733
128.117381993	0.057525659264
182.434389524	0.0311955660916
133.283232099	0.054392013656
135.690997732	0.0524154527596
143.900213315	0.0480845234169
165.097487065	0.0378601334285
128.348369454	0.0574631259203
149.703927442	0.0448248537683
144.993128733	0.0474805271574
153.732130015	0.0428853409185
136.126940329	0.0526257295381
166.092333616	0.0374681795401
131.440619168	0.0555192998859
139.399129164	0.0506570430201
164.594944989	0.0380942208433
165.127001413	0.0376547772446
136.847792886	0.0522048956309
178.996762406	0.0323002556617
127.172135004	0.058082260495
150.587809362	0.0444612140363
180.263579005	0.0319660800953
151.836743026	0.0436382491959
152.181847032	0.0437829284296
151.03823228	0.04437820177
134.587460953	0.0535450395813
138.857231352	0.0508267904629
161.737103872	0.0392519584057
156.532037039	0.0417185442244
175.115741258	0.0338126392958
151.16961247	0.0442327430936
179.45496061	0.0322681439461
148.606003345	0.0452744818469
158.21313228	0.0409436257504
149.8309556	0.0448196505994
151.992617458	0.043844825059
154.636489934	0.0422925854035
150.087492562	0.0446892537722
157.687422293	0.041111787521
144.674514384	0.0475074143297
143.737788106	0.0480293100234
174.846939442	0.0340191104558
168.565365423	0.03628672675
159.528303646	0.0402840162746
178.845157721	0.0324647984091
165.797469943	0.0375603961119
155.388431639	0.0421578170156
164.344182891	0.0380580060233
164.128196072	0.0382370243934
153.186109289	0.0432689332553
173.429237632	0.034562244341
150.268944155	0.0446642168737
159.946041736	0.0400454549456
153.112331207	0.043255526085
170.789719541	0.0355129615423
172.714745851	0.0347243174943
164.927194498	0.0378612883403
145.868408171	0.0467051419278
176.883227131	0.0331933515802
143.411973552	0.0484124101483
153.05520009	0.0432890238148
171.796338479	0.0351025430496
156.119216198	0.041744956293
161.996043357	0.0392238746363
144.94658551	0.0475008026096
178.537210399	0.0326196010753
136.615703902	0.0517637468905
147.96665611	0.0455677960092
167.593120801	0.0365900892563
151.75247201	0.0437666949876
152.583706151	0.0432825839372
154.506029709	0.0424054517718
142.3550844	0.0485805708594
145.851790792	0.0468447698639
144.671969308	0.0472544554979
164.388642879	0.0380343862272
136.772195933	0.0516092839097
143.773137507	0.0477581194056
164.964332669	0.0376957401434
139.325752543	0.0506211950963
159.872570479	0.040106010459
171.325509395	0.0352787699968
179.204735633	0.0323408848747
150.770870427	0.0444303655551
145.537295113	0.0469569741419
148.29133189	0.045424728463
138.180758475	0.0507319586613
135.143310264	0.0525384923
135.847679558	0.0522565573114
147.747246064	0.0456775499544
154.402498852	0.0423950692207
153.137907332	0.0430830786568
138.192237422	0.0507759134603
139.551399865	0.0505719275549
163.225619829	0.0384027724287
153.694886177	0.0427994143839
141.599026021	0.0489291165279
158.137454589	0.040977375446
148.303480276	0.0453422315337
136.410597752	0.0524993200507
160.601664287	0.0398245920138
163.296815203	0.038700800671
155.78689819	0.041881581606
159.90381418	0.0401357755879
161.619407673	0.0390867514273
157.193610438	0.0413044745629
181.39081722	0.0315456138674
169.736745676	0.0359576733305
143.553662869	0.047811668907
166.449376531	0.0371916553154
171.696059606	0.0350311066475
141.165368005	0.0496809513593
163.667024555	0.0382956619637
157.132706898	0.0412305273621
162.240616344	0.0388584539274
154.071883327	0.0427711266169
171.138909466	0.0352963581793
171.974417688	0.0351215073636
146.839378667	0.0460858576899
150.451903645	0.0445250116504
150.415928595	0.0443321403557
169.601727485	0.0358974377012
179.334817852	0.0322988424455
159.13226578	0.0403324514132
168.615301634	0.0364161893477
159.38912039	0.0402942598652
170.923368467	0.0352876993613
169.491042091	0.0359545180502
160.291600276	0.0398253454785
174.031807468	0.0342637299309
158.564793439	0.0404228733644
176.273253379	0.0334056517516
171.079444935	0.035194950393
188.525408821	0.0291364416815
178.558976776	0.0324308423629
177.922764388	0.0328000637579
168.198917886	0.0363559052617
173.118572003	0.0345831712403
159.104447196	0.0402135733666
168.810342469	0.0363234844743
160.24997868	0.0397141919047
186.860922137	0.0297250180213
176.628571456	0.0331094266199
184.300460682	0.0305897503326
166.778238062	0.0369115512598
183.054584281	0.0310348024699
164.35089936	0.037928972699
178.892033823	0.0325229108336
176.829006553	0.0330524381997
185.954951874	0.0300790723871
179.42137055	0.0321227028762
184.269288705	0.0306372402228
166.629223709	0.0371114682964
181.887102167	0.0314854734508
172.064652873	0.0349536183206
175.608465992	0.0337466714892
186.306098923	0.0298359011749
185.401330784	0.0302705493312
174.612977701	0.0339257330279
187.738352314	0.0294785318064
170.67774584	0.0354309787683
179.360006516	0.0323602292232
172.976626087	0.0345386221497
182.963150256	0.0311045626266
180.07323768	0.0319214670331
189.636165769	0.0288646819589
181.581461503	0.0314014732222
185.651597363	0.0301469489409
168.655382779	0.036318951363
186.035915029	0.0300232478392
183.791915211	0.0306444430174
187.548471383	0.0294841283699
178.785105593	0.032359865489
187.193728395	0.0295874287371
176.672332585	0.0331332509612
188.661196488	0.0291073557601
171.699990144	0.0350604969331
175.402015059	0.0337615582527
185.915502433	0.0299508686588
181.562650066	0.0315215544252
187.585443695	0.0294246189871
184.818927744	0.0303327607721
171.861592916	0.0349642993032
175.024962775	0.0337758181952
176.163236262	0.0333598690394
176.362157917	0.0333207709624
190.355535876	0.028540350259
189.112163719	0.0289189658682
185.652004621	0.0301351980388
175.600550261	0.0335708894258
182.987454942	0.0310198808978
178.067556273	0.0326855893798
193.823853852	0.0275099030015
190.074630326	0.0286150941757
193.385061827	0.0276864362955
175.817389802	0.0334265765897
182.408519074	0.0312205053255
173.879799419	0.0341743054258
187.263245547	0.0296054291612
180.027669006	0.0320394106995
195.389972147	0.0270700904866
185.638918969	0.0300578153532
195.505354596	0.0270082456056
184.218597954	0.0305388068427
193.674719786	0.0275559712933
183.282160452	0.0308855478989
186.486722898	0.0298294615555
192.726510485	0.0278348900758
195.579665747	0.0270108036653
192.065217334	0.0280342099814
185.147362533	0.0303196309097
184.431379369	0.03056094235
187.849525026	0.0293827442897
196.515882611	0.0267182352017
192.875543829	0.0277966756797
195.649178369	0.0270065449705
193.063702507	0.0277152974148
186.198525182	0.0299805948832
192.881160096	0.0277697515466
189.507183549	0.0289181220833
184.860398297	0.0303481780066
196.183611218	0.0268546640847
190.822774521	0.0284569232758
185.170474553	0.0303423932475
188.471252443	0.029160660054
183.106404629	0.0310468695743
185.506202092	0.0301148204366
195.095142475	0.0272010412493
191.2839793	0.0282919808843
189.81449574	0.028868962702
191.481174923	0.0282117039755
182.34918082	0.0313515660946
190.106717193	0.0286276622506
188.683400962	0.0292354764195
183.551061346	0.0307637716024
190.300074423	0.0287128722349
175.651454924	0.0335726741641
189.598903461	0.028907641743
175.579687273	0.0336135329841
182.357332212	0.0313047928967
176.126903449	0.0334735508126
174.467366035	0.0341525123796
154.016319766	0.0430139061398
175.415773136	0.0337125730443
158.367153639	0.0409303431165
165.573124296	0.0374095253616
169.353827503	0.0362329018989
195.744163013	0.0269359131125
170.893233566	0.0353610611481
186.382486628	0.0298842584425
183.079304086	0.0310081145932
185.223443996	0.0302851890418
183.051443321	0.0310160764465
168.910219147	0.0363347077493
158.535121317	0.040550022553
168.634402052	0.0361841496522
186.418412867	0.0298899829129
191.854966493	0.0280788831328
192.952403432	0.0278124993385
193.159905155	0.0276925956498
185.056221204	0.0303223241648
185.168975585	0.0303532282261
180.050935286	0.0321081531378
171.085533898	0.0355561788712
163.875344558	0.0383265909945
186.382429409	0.0298643185454
177.533780982	0.0330876573613
183.954850669	0.0307830210854
170.947371887	0.035529260157
187.852696566	0.0294301878942
171.128438552	0.0355517698226
174.975769618	0.0338627567536
174.372983607	0.034210966708
177.625756597	0.0329104501371
177.026603619	0.0331906614524
179.141979437	0.032264991023
168.673339489	0.0363406209586
180.882992881	0.0316007262628
179.432024217	0.0322560974989
177.901611259	0.0328217916945
161.66878265	0.0391853752486
182.504746486	0.0312888510181
172.386373099	0.0349923066061
193.918339613	0.0274723507222
185.849025221	0.0301402022614
171.667292381	0.0350007806313
169.589090135	0.0359170066217
155.067722333	0.0420044841502
183.278399007	0.0308636576014
175.14897489	0.0338581817951
187.148838644	0.029622598861
183.759113758	0.0307379676566
174.18701329	0.0340698101896
187.382193521	0.0295427066524
188.867037552	0.0290811395235
174.87196622	0.0340469404163
188.30031256	0.029246242606
176.326011287	0.0334891120723
188.502465642	0.0292227377148
179.108397929	0.0324906996407
185.371472316	0.0302385950144
188.722284432	0.029164972342
192.974021931	0.027821852353
184.243368711	0.0306619713222
196.111784325	0.0268980890758
198.427396279	0.0261339623341
189.243990397	0.0290432554243
184.566895861	0.0305419076391
188.550771388	0.0292491510322
189.496363576	0.0288832441598
187.147520067	0.0296901649009
200.896178523	0.0254275932342
190.82813116	0.0285566146327
192.002716335	0.028128869814
186.072298255	0.0300608419462
198.583762916	0.0260631652838
185.782871676	0.0302213972586
190.202145767	0.028648452242
185.896945873	0.0300812774154
181.048530242	0.0316176265625
176.806418152	0.0331519575039
186.274802443	0.0298748228173
186.468376612	0.0299572087383
169.963866732	0.0356520202429
180.679627499	0.0317702538835
175.523481762	0.0335700974575
188.666339505	0.0292151915827
198.44967994	0.0262024321444
185.353561689	0.0303166677672
188.198382716	0.0292854003114
180.770651503	0.0318314855478
184.020245003	0.030688058228
188.256232337	0.029273653168
189.484357143	0.0288787648566
187.736045874	0.0295017553448
198.457285801	0.0262256325348
193.865115336	0.0276013951386
181.37138626	0.0315917888569
181.118298919	0.0318124073527
192.080782456	0.0281273404186
189.546319296	0.0289546645174
197.447333967	0.0264997565276
191.434032428	0.0283104306119
189.896547302	0.0286672624542
183.450949477	0.0309704045313
184.186225081	0.0307192426737
195.59803187	0.0270280783303
193.095412961	0.0278327906326
190.180375802	0.0287196344839
186.147014347	0.0300874688566
182.498894338	0.031335197213
192.017124421	0.0281490239304
187.895438812	0.0294994172721
183.228263966	0.0310581177394
183.402615807	0.0309207023801
184.186602501	0.0305849815175
177.141929354	0.0330373880308
173.557863331	0.0343314677638
186.52705888	0.0297748469969
184.185221511	0.0305645408454
190.572561278	0.0285789373194
187.971299642	0.0294426151951
184.567960942	0.0306179636199
188.805365771	0.0292241335817
187.249489878	0.0297193945408
191.031716195	0.0284616857947
193.38891806	0.027638143602
195.797698403	0.0269931731662
194.983048293	0.0271781454154
193.251318768	0.0277374392397
190.994421567	0.0284459221097
182.772115088	0.0311477575135
194.743831325	0.0272433085148
196.853251062	0.0266976659861
196.269230263	0.0268298536897
192.317608528	0.0280299500745
198.850379018	0.0260834284538
195.000643947	0.0271926905447
203.324761547	0.0248032430193
195.446389321	0.0270786952949
190.022705042	0.0287778048329
191.314115165	0.0283640404149
193.420655074	0.0277326180034
187.214404467	0.0296755387299
186.329784531	0.0299699795077
184.702720741	0.0305269573047
192.743130001	0.0279222244714
187.363774915	0.029628600896
187.472486457	0.0296444480309
192.369759397	0.0280411535152
188.947208199	0.0291766392733
199.512740549	0.0258645460684
195.62414921	0.0270352914139
194.450779035	0.0273642021056
193.83807578	0.0276041194639
190.32603456	0.0286459707819
195.972537268	0.0269036169497
192.203081106	0.0281257038709
193.816902297	0.0275921841172
194.79951978	0.0272613472237
188.928503036	0.0290935783436
191.848465863	0.0281634341803
195.896447109	0.026931465442
202.023547849	0.0251495097066
196.563074944	0.0267269358833
192.267980923	0.0280328280885
190.236999539	0.0286654154579
194.632656323	0.027368404487
196.214309511	0.0268508996943
195.015307414	0.0272378015976
200.685725865	0.0255457181995
202.113603189	0.0251265282561
195.682263536	0.0269914958891
195.929847342	0.0269084470321
197.978891733	0.02629901442
192.110137879	0.028085267231
194.962530932	0.0271892082418
197.039848929	0.026571315173
197.626472967	0.0264491571564
197.223018604	0.0265619980193
191.586902128	0.0282882326103
195.201057926	0.0271646066663
199.780044098	0.0257801362874
193.633032682	0.0276427732406
198.129165133	0.0262622010965
196.167355155	0.0268605765674
200.015253016	0.0257168099819
198.897922648	0.0260754485998
202.953293868	0.0249011690935
195.045105621	0.0272281856011
201.486174883	0.0253338154043
199.901348977	0.0257843958869
201.861249534	0.0251915548761
193.611949566	0.0276500219894
195.365073423	0.0271163756001
192.19070476	0.0280817114311
201.313803725	0.025349244412
196.578204311	0.026757251822
197.852406923	0.0263963727006
198.933562967	0.0260419289989
198.956393228	0.0260340206699
195.470754586	0.0270532711955
193.316460228	0.0277468226917
196.441967917	0.0267932815416
197.8825355	0.0263465154855
195.030082424	0.0272403775054
199.144215334	0.0259892820542
198.897480175	0.0260786340549
198.662505539	0.0261187212769
193.199279792	0.027782039723
196.867073881	0.0266485772772
196.450310796	0.0268160208433
197.407639565	0.0264862587207
203.384853069	0.0247666016361
203.843666948	0.0246350373961
204.364086809	0.024519677978
201.61179077	0.0252821304206
199.279466116	0.0259432187374
202.789446803	0.0249282235283
200.13377042	0.0256711666947
199.898900638	0.025769618854
199.245376974	0.0259235221737
198.792100157	0.0260886117002
199.124121229	0.0259920144775
198.561752515	0.0261601153526
201.567830728	0.025260876415
198.819922944	0.0260582465942
201.395384385	0.0253495353906
200.425762976	0.0255869552029
202.295991542	0.025095716733
202.988980855	0.0248648544032
201.89537296	0.0252120506183
198.277116575	0.0262494698015
198.396728911	0.0262159888629
201.156289101	0.0254177041926
204.584988226	0.0244192515
199.284630202	0.0259295670776
200.813052473	0.0254896029148
204.137331969	0.0245527831795
204.659245065	0.0244053744872
201.167111723	0.0254141801058
200.613312314	0.0255810918722
203.486948159	0.0247569250781
203.991067605	0.0245970494352
200.74309376	0.0255054530542
200.50957431	0.0256121510213
201.732812893	0.0252187868522
201.719382017	0.0252634097535
203.248370338	0.0248291379647
199.708020944	0.0258363592301
199.261675991	0.0259660546142
203.685856898	0.0246971042488
205.85617251	0.0240739095032
201.796800314	0.0252058264321
202.413860666	0.0250302217066
205.337548467	0.0242096344398
205.780866368	0.0241232235179
203.324699218	0.0248027001941
201.700398232	0.0252567005912
203.939490695	0.0246327433144
206.907725654	0.0238202840025
203.673066873	0.0246648661303
205.313954766	0.0242336708593
205.546871835	0.0241719820515
201.735459449	0.0252448164209
199.271951335	0.0259472058439
202.532494241	0.0250207005979
203.480837249	0.0247565861594
202.911276091	0.024872517467
203.929218168	0.0246291572699
204.383363109	0.0244978457685
201.026564985	0.0254477776847
199.326577566	0.0259361591551
201.293634266	0.0253713650638
203.885810731	0.0246431246073
202.681894477	0.0249385988949
205.282985272	0.0242200084713
204.352982208	0.0245065182995
201.789990147	0.0252338623296
200.447158034	0.0256125967125
199.879427835	0.0257804269926
204.171515552	0.024551601532
205.671185505	0.0241147713265
203.386387025	0.0247833963336
203.951664239	0.0245900604702
204.632655379	0.0244353639794
207.672433228	0.0235790988207
205.945090383	0.0240737805464
206.290568418	0.0239797241185
207.088139628	0.0237624178895
205.07807033	0.0243071290391
206.17146029	0.0239678587133
206.612503268	0.0238857594371
207.294209845	0.0236971491144
205.148559421	0.0242857479228
204.554684942	0.0244489940874
207.88816669	0.023507035298
204.717683786	0.0243749498401
204.511540475	0.0244338319393
205.263740274	0.02422234325
207.894310197	0.0235263316216
208.963746711	0.0232430145688
207.68616191	0.0235986800752
206.768291155	0.0238448984856
206.543420076	0.0239044087604
210.005192286	0.0229648773446
208.635247591	0.0233116411142
208.807185885	0.0233010136482
209.898979328	0.0229779283604
209.839916789	0.0230005037813
208.062911104	0.023456398316
206.000489441	0.0240185116926
208.060187099	0.0234623281362
208.740277757	0.0232781713352
204.40199293	0.0244794280022
193.246914159	0.0277386110927
195.576331925	0.0270195510063
209.585387897	0.0230584495245
192.318883287	0.0279908771858
201.467449536	0.0252871299344
192.755695373	0.0278707727485
208.200597894	0.0234254060928
201.980069624	0.0251489857244
204.683317991	0.0243956120061
201.818286884	0.0251661282018
206.127704899	0.0240146021734
204.100324653	0.0245436260221
202.761262244	0.0248842615368
203.492090768	0.0246804290386
203.57409719	0.0246936051419
205.191040112	0.024247236131
203.761450243	0.0245973297664
205.642231946	0.0241272955938
204.638466839	0.0244108632953
205.312060138	0.02418832322
204.800353763	0.0243274561485
204.531809827	0.0244383991996
204.890194028	0.0242921582632
207.270278553	0.0237067426568
206.855675398	0.0238128161528
205.483267536	0.0241900171296
205.463100634	0.024192877529
205.33296185	0.0242295675695
206.932273759	0.0237539946346
205.458667949	0.0241653233435
206.256056874	0.0239660003278
205.240893386	0.024228097222
205.531194882	0.0241703041314
206.93350983	0.023764750405
205.405694983	0.0242083672733
202.454424727	0.0250371640301
205.039287154	0.0242890038691
207.185693704	0.0236970851627
204.852062247	0.0243222668388
207.270463201	0.0236781656437
205.001698333	0.0243198634911
206.329106024	0.0239230556486
204.391600448	0.0244935705191
207.06076134	0.0237321677438
206.234125108	0.0239478927942
205.088857644	0.0242587389083
204.881402718	0.0243152059155
204.930168292	0.0243384640582
206.014731336	0.0240420319977
206.736376734	0.0238206439746
206.043997996	0.0240246264112
206.557200974	0.0238624914103
207.044230216	0.0237357177574
206.172544197	0.023995942145
207.273991763	0.02369824018
207.60397206	0.0235805537247
207.758693535	0.0235377181461
206.881435705	0.0238108450883
208.248604075	0.0234397251164
208.629892073	0.0233071336524
208.788903435	0.0232642771345
208.342940211	0.023413979117
209.822481351	0.0230073026557
208.587914164	0.0233528716567
210.179928421	0.0229150093909
208.679657805	0.0232932417273
208.285127883	0.0233979658324
207.551563227	0.0235897130324
209.721024331	0.0230277320134
209.207942373	0.0231831443282
209.949813637	0.0229547931508
208.521796289	0.0233250850522
208.722022356	0.023305430534
209.84688198	0.02297996517
209.846383174	0.0229836468624
208.481029515	0.0233721333538
209.202187124	0.023187519562
211.055031272	0.0226727686453
210.317325082	0.022878142102
210.380866232	0.022860551422
209.552956383	0.0230992897082
209.261622691	0.0231762290748
211.138468471	0.0226542457385
211.067966188	0.0226709753241
210.331548387	0.0228628470503
210.524391901	0.0228369471764
211.345123928	0.022604006039
210.574481626	0.0227993818505
211.290198399	0.0226185839484
210.839462513	0.0227401488376
210.675242388	0.0227792502839
210.763064288	0.0227598449257
210.299963581	0.0228792884076
210.888404733	0.0227185585259
209.588953889	0.0230786500279
211.138711336	0.0226552800069
209.455025621	0.0231105100594
210.650747726	0.0228021211863
210.264138892	0.0229031385668
210.106207277	0.0229533381097
211.230628794	0.0226328832616
209.743202015	0.023039577926
211.036724345	0.0226846753469
210.004554114	0.0229644029965
209.711887332	0.023057529899
210.783197505	0.0227551478302
209.122608325	0.0232043445783
211.087225	0.0226743087555
209.057054817	0.0232114711439
210.121162482	0.022947691743
208.907257379	0.0232651193118
211.292701941	0.0226224896635
209.067243274	0.0232033214021
210.31750669	0.0228847152259
209.400848738	0.023133282593
209.528831727	0.023096652565
209.301981675	0.0231600738549
210.552921517	0.0228149944732
209.304652148	0.0231366452603
210.587768241	0.02280842283
209.207502342	0.023163823488
208.971149633	0.0232340802558
209.105613985	0.0232023468672
209.297603062	0.0231543230057
207.95553769	0.0235178173341
207.658434958	0.0236072096089
208.280744894	0.023438958667
208.761395197	0.0232865738492
208.902456697	0.0232459610454
207.797966589	0.0235467943752
208.802693622	0.0232938927982
207.812592982	0.0235425830447
207.898127288	0.0235116289804
208.069819821	0.0234713960171
207.384456332	0.0236704209241
207.648721875	0.0235865651417
208.068003547	0.0234667378123
207.12429148	0.0237265750509
207.912673155	0.0235102411347
206.693122592	0.0238417906536
208.03345595	0.0234773946107
206.297529857	0.0239490734597
207.026187027	0.0237454043685
207.118061706	0.0237271753882
205.765502052	0.024088774315
208.992414943	0.0232354150702
208.178160323	0.0234541502333
207.20415023	0.0237034276949
207.440654121	0.0236704151315
207.949604708	0.0235359178396
208.397473302	0.0234083340365
209.531247863	0.0231179232442
209.373563166	0.0231457483158
209.372166583	0.0231300514965
208.141549424	0.0234428805793
209.674175561	0.0230725413418
209.031478991	0.0232179248874
208.877287915	0.02325833974
208.86860256	0.0232537118481
209.355806495	0.0231619998385
209.494571546	0.0231126803232
209.848940308	0.0230304334821
209.406411928	0.0231201219705
208.955571818	0.0232360853398
209.313361615	0.0231703934001
209.926304358	0.0229983280602
209.239805651	0.0231605465207
209.58663095	0.0230834319264
208.782407408	0.0232754416032
210.468106304	0.0228484944564
210.015786577	0.0229604487711
210.602350131	0.0228222223842
209.776202412	0.0230445277483
210.779884642	0.0227802166247
209.894790717	0.02301772035
210.83832108	0.0227674108044
210.092457134	0.022968010383
209.921906489	0.0230160582676
209.62123357	0.0230899985768
210.196293617	0.0229469962832
210.021577262	0.022959910599
210.59053094	0.0228216615362
209.880180395	0.022994020011
209.853972177	0.0229998834107
209.965039448	0.0229751158097
210.607544515	0.0228355620566
209.435154076	0.023139084719
210.48893597	0.0228685661321
209.976134322	0.02299533033
210.637222371	0.0228280107812
209.903031959	0.0230162389948
210.633838179	0.022827380679
209.802559133	0.0230413795853
210.179954037	0.0229473555554
210.064463133	0.0229742103377
209.950685303	0.0230047417547
210.534795279	0.0228514009944
210.495789272	0.0228383836719
210.515160117	0.022825468367
210.800729787	0.0227648169117
210.662280381	0.0227918618787
210.499959932	0.0228535031842
210.581807991	0.0228409147618
210.580224633	0.0228380506748
210.529523283	0.0228564751348
210.461311514	0.0228692796078
210.916705493	0.0227511550162
210.567384686	0.0228231758837
210.878420903	0.0227502060799
210.544985748	0.0228451542768
210.772970784	0.0227833616964
210.464242749	0.0228558371243
210.865380437	0.022747627186
210.504085226	0.0228393774196
210.906347281	0.022745131925
210.459287651	0.0228652160953
210.867336847	0.022749595852
210.198125831	0.0229338798036
210.758189739	0.0227761089252
209.840527958	0.023000999616
210.665831456	0.0228070108203
209.924990093	0.0229848931367
210.885939371	0.0227541219341
209.937004791	0.023005138493
211.056542764	0.022712865905
210.175481045	0.0229277205688
210.972997674	0.0227085776365
210.159766989	0.0229278053202
210.879250179	0.0227319672407
210.162913115	0.0229405888667
211.099805501	0.0227006341796
209.971576763	0.0229771033102
210.811588518	0.0227718373241
209.940538328	0.0229919744134
211.036447817	0.0227016684628
209.902681315	0.0230121762689
210.953572445	0.0227244959902
209.899450613	0.0229926160867
210.778961221	0.0227726961933
209.712859193	0.023040969221
210.556012065	0.0228369946489
209.725163878	0.0230534673481
210.709722407	0.0227906536158
209.539191715	0.0231078394408
210.367939665	0.0228726712042
209.500501055	0.0231067492919
210.241469425	0.0229276365467
209.281484383	0.0231676357594
210.282221362	0.0228975249139
209.438443406	0.0231240025714
210.303020706	0.0229062081499
209.514564255	0.0231057916771
210.325374641	0.0228981209829
209.110549523	0.0232170192307
210.443789634	0.0228695150315
209.190313546	0.0231979035181
210.078321074	0.0229664469332
209.345150648	0.0231572405097
209.757475441	0.0230534636146
209.580355523	0.0230946355724
209.844789428	0.0230123595279
209.531322439	0.0230935079327
210.106870023	0.0229557723243
209.102097323	0.023222585085
209.982903634	0.0229849054261
209.461376628	0.0231032090122
209.72223114	0.0230378183809
209.517770474	0.0230910480402
209.883708818	0.0230094570568
209.583218802	0.0230752312528
209.857857594	0.0229982668273
209.397243066	0.0231155257556
209.925606986	0.0229973123952
209.733944791	0.0230547152425
209.699311857	0.023067484393
209.301949644	0.0231726835424
209.7215634	0.0230627954564
209.736945541	0.0230398808798
209.85294574	0.0230085270865
209.638849356	0.0230572774255
209.945899878	0.0229868801983
209.734245711	0.0230534131969
209.828354931	0.0230348630595
209.659161852	0.0230780451527
209.828853337	0.0230311821838
209.855384322	0.0230058741484
209.677857364	0.0230454180102
209.754158161	0.0230268728663
209.870506842	0.0230030683085
209.778097838	0.0230395102937
209.897715571	0.0230159822699
209.768732413	0.02304573499
209.94916789	0.0229958217337
209.843917675	0.0230094388429
209.840314952	0.0230119841849
209.801137291	0.0230204846957
209.920433274	0.0230002403721
209.706041203	0.0230594407003
209.793020542	0.0230418597475
209.880955295	0.0230051116204
209.834373782	0.023024789641
209.863703738	0.0230192583671
209.836336287	0.023015978142
209.807353859	0.0230320440759
209.767081113	0.0230424652966
209.93113092	0.022993280981
209.730902945	0.0230495876021
209.96145812	0.0229849876794
211.476626116	0.0225864350449
215.574374941	0.0215673619777
219.894890679	0.0205396212773
223.642523452	0.0196915972152
226.949057102	0.0189714660204
229.631013856	0.0184012553064
232.103577752	0.0178988902541
234.142724999	0.0174890614428
236.405187209	0.0170361124353
238.485086894	0.0166425731121
240.226111532	0.0163169787616
241.774982788	0.0160336493034
243.175607453	0.0157814128424
244.415833632	0.015568823529
245.580971109	0.0153674686982
246.573198577	0.0152087619686
247.589463514	0.0150382001121
248.479799307	0.014895409411
249.363925694	0.0147463758587
250.067554104	0.0146284688434
250.81151415	0.0145062969047
251.458677461	0.0144020082659
252.041182295	0.01430667436
252.681389378	0.0142058419681
253.132187503	0.0141349714571
253.497747839	0.0140774613057
253.905469738	0.0140131010382
254.207931083	0.0139657962126
254.500946385	0.0139206429527
255.103653334	0.0138224918957
255.431472402	0.0137733865941
255.662087784	0.013736862201
255.776915195	0.013724079668
256.040455945	0.0136819504847
256.053405349	0.0136793840628
255.98012671	0.0136934339413
256.170686158	0.0136631223792
256.097870577	0.0136756961816
256.110259874	0.0136740035797
256.049948774	0.0136849608959
256.19218935	0.0136642705934
256.087227671	0.0136798237499
255.890860384	0.0137073088212
255.876533652	0.0137092013252
255.823431169	0.013722059946
255.996942981	0.013702986814
255.765552285	0.0137403597521
255.688675716	0.0137580317998
255.507126219	0.013789279019
255.422896057	0.0138079392866
255.396757067	0.0138160504117
254.772858943	0.0139149872151
254.846221298	0.0139024877439
259.407053332	0.013214807488