100	-0.04412	0.0	0.994695371491	0.00530462850885	0.0
104	-0.03342	1.17783080732e-05	0.660991171098	0.33218840289	0.00680864770433
105	-0.03741	0.0	0.0	1.0	0.0
107	-0.0386	0.0	0.0	1.0	0.0
11	-0.09198	1.0	0.0	0.0	0.0
113	-0.04383	1.0	0.0	0.0	0.0
114	-0.006374	0.0	0.0	1.0	0.0
115	0.0009154	1.0	0.0	0.0	0.0
116	0.04418	0.00592164341257	0.981448651335	0.0126297052526	0.0
117	0.02334	0.0	1.0	0.0	0.0
118	0.05379	0.0	1.0	0.0	0.0
119	0.08133	0.0	0.693011343157	0.0	0.306988656843
121	0.08872	0.0	0.0	0.0	1.0
125	0.1772	0.0	0.0	0.0	1.0
126	0.4904	0.0	1.0	0.0	0.0
127	0.6337	0.0	0.0	0.0	1.0
128	2.289	0.0	0.0157597601563	0.0	0.984240239844
165	-0.09271	0.0	1.0	0.0	0.0
166	-0.08941	0.0	0.666209474222	0.0	0.333790525778
167	-0.1194	0.0	9.9665313609e-08	0.0	0.999999900335
168	-0.1111	0.0	0.0	0.0	1.0
17	-0.1299	1.0	0.0	0.0	0.0
170	-0.08328	0.0	0.0	1.0	0.0
172	-0.07338	0.0	1.0	0.0	0.0
175	-0.08241	0.0	1.0	0.0	0.0
176	-0.05785	0.0	0.0	1.0	0.0
178	-0.05894	0.0	0.0	1.0	0.0
189	-0.02452	0.0	0.0	1.0	0.0
190	-0.02232	0.438112201923	0.0	0.561887798077	0.0
191	-0.02437	0.0	0.0	1.0	0.0
192	-0.02112	0.0	0.0	1.0	0.0
193	-0.02572	0.999912096362	0.0	8.7903638187e-05	0.0
194	-0.009245	0.961942660758	0.0	0.0380573392421	0.0
195	-0.008003	1.0	0.0	0.0	0.0
196	0.01564	1.0	0.0	0.0	0.0
197	0.01962	0.0830362976694	0.0	0.916963702331	0.0
198	0.05183	0.997290270559	0.0	0.00270972944118	0.0
199	0.06898	1.0	0.0	0.0	0.0
200	0.1008	4.55855284884e-20	0.0	1.0	0.0
201	0.06958	1.0	0.0	7.94283199351e-96	0.0
202	0.02428	0.406913057078	0.0	0.593086942922	0.0
206	-0.006607	0.848584593879	0.0	0.151415406121	0.0
207	0.0003141	1.0	0.0	0.0	0.0
208	-0.01741	0.0127599984082	0.0	0.987240001592	0.0
211	-0.01841	4.29495533961e-13	0.0	1.0	0.0
23	-0.09248	0.46150757712	0.0	0.53849242288	0.0
24	-0.08095	0.0	0.0	1.0	0.0
25	-0.08797	1.0	0.0	0.0	0.0
26	-0.09018	0.0	0.0	1.0	0.0
39	-0.08079	0.0	1.0	0.0	0.0
40	-0.06583	0.0	0.116678980428	0.0	0.883321019572
41	-0.04069	0.0	1.0	0.0	0.0
42	-0.01623	0.0	0.902356452807	0.0	0.0976435471928
43	-0.02461	0.0	1.0	0.0	0.0
45	-0.03177	0.0	0.533144133362	0.0	0.466855866638
46	-0.03726	0.0	0.993694500878	0.0	0.00630549912158
47	-0.01814	0.0	0.0	0.0	1.0
48	-0.02278	0.0	0.511300233448	0.0	0.488699766552
49	-0.04049	0.0	1.0	0.0	0.0
53	-0.06608	0.0	0.0	0.0	1.0
54	-0.04863	0.0	0.4839318865	0.0	0.5160681135
6	-0.06484	0.0	0.0	1.0	0.0
61	-0.0778	0.0	1.0	0.0	0.0
62	-0.0556	0.0	0.00982903413345	0.0	0.990170965867
63	-0.05695	0.0	0.0	0.0	1.0
64	-0.06906	0.0	0.0	0.0	1.0
65	-0.0633	0.0	1.0	0.0	0.0
66	-0.05997	0.0	1.0	0.0	4.47635169542e-108
67	-0.06476	0.0	0.0	0.0	1.0
68	-0.06921	0.0	1.0	0.0	0.0
69	-0.05891	0.0	1.0	0.0	8.94514424622e-123
7	-0.08148	0.0	1.0	0.0	0.0
70	-0.05665	0.0	0.0	0.0	1.0
72	-0.06047	0.0	0.0	0.0	1.0
73	-0.05371	0.0	0.0	0.0	1.0
74	-0.05452	0.0	0.77410855493	0.0	0.22589144507
76	-0.05793	0.0	0.651527940755	0.0	0.348472059245
79	-0.05273	0.0	0.0	1.0	0.0
80	-0.05284	0.685055721071	0.0	0.314944278929	0.0
84	-0.1184	0.0	0.0	1.0	0.0
86	-0.09785	0.0	1.0	4.05142575883e-41	0.0
90	-0.05594	0.0	1.0	0.0	0.0
91	-0.05472	0.0	0.0	0.339399890449	0.660600109551
92	-0.06216	0.0	0.0112348465061	0.0	0.988765153494
94	-0.0476	0.0	0.999997710078	2.28992170546e-06	0.0
95	-0.04873	0.0	0.914268689421	0.0	0.0857313105793
97	-0.04451	0.0	0.337021460852	0.662978539148	0.0
98	-0.04045	0.0	0.903955810492	0.0112033156156	0.0848408738919
99	-0.04307	0.0	0.0180934727272	0.981906527273	0.0