-79.3614620501	0.590974408708
-15.3514908171	0.285738878363
-55.1729647706	0.446768179306
-36.4781977608	0.360549435983
-15.5591164804	0.289388331425
-26.6265259992	0.326846502358
-38.0306398109	0.365839969114
-19.5606393528	0.300197437967
-11.9017970506	0.277790639685
-20.0665917792	0.30357688986
5.85769738051	0.226237901182
-38.0471114918	0.372576490163
-28.749346843	0.335785774197
-9.14075568059	0.269530762665
-28.7126884919	0.335722670183
-70.1724812977	0.535360391206
-14.5218097752	0.284591022846
-18.5016456112	0.299508269131
0.508473963747	0.241761303228
-58.0687939383	0.466887698911
1.8040960161	0.236588799681
-44.7532482386	0.392173006406
-18.4358573921	0.284956646346
-10.7991854507	0.273875941827
-64.8911776902	0.504307131198
24.0640509834	0.184777663408
-6.99430227717	0.262212354029
-34.4146209148	0.349545489888
-38.6977653111	0.375444578316
-32.8022358434	0.351745028701
10.2410569868	0.216918706167
10.0879707641	0.217247172556
-55.2274140752	0.452377934812
-72.9064448448	0.552177806843
33.0954141545	0.166902207878
-58.3199712057	0.465365611312
-11.3935917662	0.275536186925
-4.11039449573	0.251020523348
-14.203577646	0.282802906545
3.90202531638	0.232078370389
-29.2717842375	0.325939479395
-56.230076915	0.455352202226
-51.5965824968	0.427261662196
-27.3667163772	0.319670378401
-26.3563678351	0.317002582886
-34.3556514072	0.357901993051
-44.671227937	0.401677701156
-8.59445698091	0.264089120715
-64.9234167848	0.504317780197
-10.8546903926	0.274761821929
-40.4577958984	0.37416557336
0.619523472007	0.240318727707
19.6205730281	0.195064578764
6.18298662316	0.225419073045
8.76632969361	0.220058156842
-15.6657206224	0.283113195853
21.3234196109	0.190383494591
-0.163352280665	0.242346023244
51.0148895244	0.13652888685
-24.3563400695	0.319937966563
-9.46149515295	0.257138791642
-34.2071252045	0.352129081452
7.82793444405	0.222860916594
-37.4148305513	0.365240331049
10.4854654453	0.21586191942
5.82335233266	0.227774259288
-8.44230342413	0.255022821151
-17.6219695199	0.291782092952
44.3781975077	0.146469807723
50.9087697867	0.135977190142
-1.89422986826	0.24536723021
27.9529228959	0.17755343605
-26.0561426923	0.316722518159
-13.6924972998	0.282872018211
18.9444267819	0.194888980731
-0.494581142091	0.242343154733
49.5669801506	0.13802815736
-9.22669384005	0.258115658084
-3.8115904692	0.247423963249
-21.4952210639	0.301775945087
51.5219000723	0.135390855903
-3.88349917279	0.25421642921
33.1144998286	0.167376772216
-13.5669383026	0.282505726568
-55.8493003822	0.453106846358
-6.47559217804	0.248566882185
-2.36099128567	0.249957182794
-10.8435841373	0.267589536111
-5.45120884331	0.253547071652
57.642498908	0.125887078221
-36.2058752056	0.365249685662
-54.6944946378	0.449884176595
16.7068357056	0.201398247035
-18.7030209202	0.29264611721
13.4788283138	0.208058748617
-55.1703011303	0.451403406647
-20.6345311413	0.301014005018
-28.4612928237	0.331178212804
-31.582093064	0.342491236809
6.64480912806	0.224502581661
31.4817833089	0.170686311822
-17.2644112694	0.291059467861
38.9647296573	0.156640589635
75.1805819482	0.103189585414
26.0896152633	0.180191126937
-26.4857224894	0.324104480331
23.9636507994	0.184770379162
-3.62308386818	0.251818646851
-16.2360770366	0.281805045436
41.770749897	0.151417148433
18.2624046433	0.198082370254
12.2961984025	0.210313403423
-35.7686148398	0.359768278316
2.12072302055	0.236703226471
-32.2802493326	0.349628380861
-7.13989388092	0.263258214847
14.656235908	0.206301485519
28.8913917694	0.175644704033
19.8966781509	0.194344760658
-10.9883805825	0.273756660657
-8.17910190573	0.266790116921
3.3281760686	0.233189282487
10.3345156952	0.212435790651
38.2928236067	0.157799836403
-26.9926588967	0.329522039635
-39.5238320365	0.379272525577
-20.5447649402	0.300939683107
68.3189381539	0.111233473805
-13.50711198	0.277236246851
-12.1416612796	0.269234921676
-1.01384170583	0.243058105166
-38.6894250798	0.375279960378
40.1830524086	0.153620904171
-4.99423369041	0.256993315338
-4.92914880707	0.257093919425
-5.08312292399	0.252509248154
-32.1188202956	0.347996376766
7.74631373687	0.2202366018
5.43822410189	0.217637438037
6.94219961385	0.217846004344
39.7923311738	0.155119300529
-20.8100588926	0.298742974832
-21.0879609314	0.307812566988
54.3346567647	0.129950866891
34.1914155281	0.163055573571
13.1998410796	0.209428187546
9.79153135246	0.217750540577
61.9053104187	0.119566307818
-17.9463602822	0.289704258528
-31.2429717032	0.342777616493
-17.1806388749	0.289795308056
4.84327002021	0.226391023011
61.7088214361	0.119756418476
82.5362336752	0.0947627492129
-37.7626516741	0.370042273674
31.0923166319	0.17041414482
59.8057521178	0.122447435108
-7.19643305314	0.252001901338
37.0578240191	0.160132648491
-25.2325845252	0.320192096562
43.9041735052	0.148037515098
-10.009494508	0.2663194739
95.080085415	0.0826928184633
16.2211624331	0.200918616574
-29.5753467854	0.330969080173
-2.3014985894	0.246695725718
-3.78094781598	0.242537159742
68.6376973024	0.110671901817
17.9447005013	0.196851267697
27.1408885134	0.176050700617
29.8172228871	0.173148302299
60.7356068202	0.121877219777
4.07041057324	0.230625573909
38.64041306	0.155029955322
-16.1229904782	0.286204330347
17.7106936817	0.199170981134
1.22399024821	0.238965789654
-11.1699567579	0.268550125421
-31.7204960123	0.344717098314
18.1503287075	0.193078385014
-31.928074882	0.347282194789
-12.172238799	0.270914867413
48.0070737456	0.139307080503
51.6182302025	0.13521902169
56.4805428514	0.127326447867
-1.6889351973	0.247912814783
4.10742000084	0.224143921965
-7.41502150175	0.262792486798
-17.3480509992	0.293291463978
-19.1159080554	0.301494127372
17.0401444584	0.19258758544
98.1617829412	0.0797782181628
36.9347036311	0.157655522352
22.6984123583	0.184830102278
1.90187488375	0.230182539044
54.3760276578	0.13166274874
-9.09949134608	0.267266614964
74.8299965243	0.104517178475
27.7953593723	0.177442519165
7.25558091578	0.214152311025
11.3865566944	0.210370250776
56.7664570983	0.127783613639
0.386162171552	0.23203181325
11.8130226633	0.208535750125
-9.41690831077	0.259928196536
50.2496359979	0.137750853839
-1.99418639204	0.244259556127
4.75715674598	0.226160991092
-22.0514062241	0.304122693929
32.4401125566	0.168399446542
13.9287111171	0.207373291873
3.11213981308	0.229737439601
15.032277113	0.202903963834
-3.32680925988	0.241885609135
14.8908196878	0.202885001362
13.6692294593	0.201468440172
-24.6327997662	0.316051829515
31.9885535954	0.169195822886
17.6790638678	0.196584921505
29.9804824375	0.172376230787
20.6268117198	0.185067234648
1.31087938353	0.236619167702
12.0005027553	0.211449514104
11.7709074288	0.212806622946
7.01085848677	0.223573239177
33.697324209	0.165764339589
78.2616577438	0.0999421311806
-18.4960170995	0.297665139857
-5.23663853509	0.250636195982
10.3713365319	0.209206967573
61.7450727607	0.119673384906
0.758520591939	0.233566469938
-16.373542168	0.285306061969
0.704756127805	0.233189657791
10.0063492885	0.21021082877
97.0943889481	0.0811437978277
23.7428995026	0.180873149566
42.3604893499	0.150617970109
-3.26289837426	0.241910318861
26.7770393745	0.174068601462
8.54336940597	0.216114429835
30.7999598507	0.171152515951
-13.8917467937	0.282308170545
3.96562617039	0.223115475972
9.15089976201	0.215915615132
29.0647829637	0.170285139504
-18.1178759647	0.291850589251
26.9537369526	0.178120780061
7.45914790932	0.218047617759
-1.56464861436	0.245386644985
-10.6615603553	0.264090524416
4.42299105353	0.222319707815
65.9980128637	0.11488239748
7.27682116146	0.219065520258
53.6977395346	0.130172067441
-0.932246165222	0.235567475172
12.5265366096	0.202310856136
60.3452790524	0.121211351121
-2.1895592711	0.248372906133
120.916883594	0.0616017112142
-21.5322078206	0.306174852651
-6.27668598099	0.254170884329
2.12205322478	0.236126866706
62.3108209992	0.120188529415
17.4992778796	0.195378882703
13.0074885333	0.206018699947
17.9694446016	0.19429539072
17.5106647371	0.195241632254
21.6928210371	0.186126970663
20.4648826714	0.1903280632
-0.781789817896	0.241429253514
16.4490886003	0.19735699328
49.7114034772	0.138219846446
5.968021099	0.219537311006
8.23326009809	0.213818502212
11.9697805724	0.208198313987
28.0343797885	0.176659996781
8.45809836031	0.215770239381
46.5554088338	0.143397671594
-3.53387173662	0.248594119476
13.8313576048	0.201115840403
6.46974110085	0.220403108154
4.95169444732	0.223781587914
79.5602511775	0.098497428272
13.641073085	0.205093675406
25.5832731643	0.180450785687
84.8689628566	0.0930161624045
27.5350492879	0.176013918242
7.61322447736	0.215445939714
51.0789134104	0.135903663242
28.0687170546	0.174700258551
1.40654171029	0.239065623722
2.20119884927	0.233333990287
3.30992226294	0.226517349439
-13.9363891869	0.280758092157
42.6282179236	0.149478647772
87.7130023027	0.0898394434695
13.6998956196	0.205022559361
75.2928494958	0.102803736055
65.4104997579	0.11584529572
71.7431365399	0.108376408163
63.1100993737	0.119435967412
44.5432471055	0.146316762802
23.6066398746	0.182178549327
34.4587071227	0.160170956572
101.216236901	0.0771341924262
54.7865102418	0.130897060189
50.414760221	0.137295914872
9.42616291202	0.216613027469
7.05519065258	0.218431959983
99.5408463946	0.0792845262478
-2.65783384701	0.245002214407
5.83289913792	0.218595695544
22.9657777192	0.186921804238
-3.63010591287	0.246276960539
74.8355391158	0.103306865125
1.8844389968	0.231236277456
34.4999178009	0.163573917519
-0.148960308062	0.234550997486
53.838771152	0.131727147048
55.8515992778	0.12934859379
8.50698609316	0.213814799134
29.0848398695	0.172311335564
72.2368001424	0.106859207672
44.8527808103	0.145433843506
68.3095509683	0.110953710022
35.4256041049	0.160784715663
44.6291619404	0.146453111583
73.8167759728	0.105434283419
42.2191244553	0.149687993499
4.42766741641	0.222739507064
7.38012482581	0.216635162293
4.15359310885	0.225066995107
9.12109178135	0.213979007788
95.6785915653	0.0822594895005
95.068646933	0.0819017966908
22.4264776104	0.185640743919
41.2770733949	0.15176965731
62.4661142158	0.119184862683
9.76965273907	0.212872040285
23.5039371505	0.180773742752
43.6447833066	0.145591656281
69.3582803653	0.10938419785
49.3562431054	0.136239160191
60.3758832331	0.122636949635
17.7607082338	0.191795745368
66.8173964728	0.112260209895
37.9762238463	0.155524585082
25.1287772508	0.177383162123
73.6503016336	0.105382485324
16.8293781962	0.193981824285
27.5210219753	0.175776871262
37.9905024611	0.156704303706
124.658862604	0.0594691656458
92.4556147692	0.0851569637585
20.4085402658	0.186484794624
80.9140102212	0.0980323473663
7.45886600537	0.215795903629
88.7268121547	0.0898321652169
52.6201437367	0.131644757013
85.86632241	0.0924717773566
24.3313909772	0.181673260021
41.1464017178	0.152178620233
53.7099844458	0.132476260198
106.511399899	0.0733681286946
59.6833486258	0.121279833974
34.2920536839	0.160397571417
112.730730029	0.0678889134597
31.0091078716	0.168803790551
80.5446531845	0.09637780909
97.0989186144	0.0817130842722
57.5057090043	0.126647779592
123.52643991	0.0598682587068
80.888812367	0.095934009734
21.638975467	0.184869512627
7.05129248829	0.219200382261
22.3672203779	0.184075161194
12.3410408208	0.206687834769
36.8808311629	0.155804708264
40.9881241986	0.151498146141
33.1905769691	0.165096540615
20.618827225	0.189207383994
52.7290934112	0.133909508381
35.7560521689	0.159367244319
70.7103900074	0.108135953943
74.0932698262	0.105668434748
48.9363270585	0.139200839462
4.9534855209	0.222621767051
119.574201321	0.0628442594399
27.4770886915	0.172306697654
52.1642346786	0.132035640721
107.903898137	0.0718533146706
39.3409379555	0.15301953273
-9.19739230379	0.265061250523
59.048335757	0.123407084206
102.152695224	0.0770100629884
29.55210105	0.170942496266
98.8102010549	0.0792459638373
50.0575785709	0.135195697722
5.06063377073	0.222312458905
66.8596530206	0.114506666154
48.542152031	0.137657604367
50.8584919548	0.136481046639
43.5293378157	0.147012367101
49.5778906835	0.136116998434
61.6887806159	0.120750560505
30.4569423241	0.16900631185
32.2244198301	0.168579288813
43.5019475446	0.147714924573
6.08860920251	0.220834975876
54.2461302432	0.129026733881
18.3424155923	0.193504530748
54.2147518236	0.131447889213
74.8886879144	0.10429412599
99.7301244804	0.0776372117944
81.2628365847	0.0953797253524
102.769453896	0.0761084489405
18.4964708303	0.193116349385
56.1132214373	0.126273922589
45.9184834254	0.144590671587
121.181511844	0.061854390008
102.547507847	0.0766701434033
61.522249687	0.121396814937
104.169061893	0.0741412658675
104.324639084	0.0752507887228
110.35943917	0.0702961477607
111.268519619	0.069114881078
108.145367007	0.0708441258922
121.807938755	0.0610105537937
114.027026989	0.0668455925553
72.0820985964	0.105355131376
41.2932571074	0.149678307104
24.8784190367	0.18037735497
46.2131121896	0.140934711442
48.0849857703	0.138637325308
32.3819741101	0.166795326263
94.2849302477	0.0825540162808
83.3835762484	0.0951729843358
67.3369806985	0.113051113511
78.5739630258	0.100609493453
83.8179943217	0.0937964013035
98.4334259334	0.0804436270625
98.5317714047	0.0787965034046
85.078515715	0.0930591253627
74.3482050882	0.105102155116
113.821167642	0.0669566730027
68.2937093808	0.112420683876
54.272209455	0.129094862742
52.5944090832	0.13131690275
106.740448674	0.073304732899
62.4572763254	0.118490073119
73.6171083112	0.106289208661
39.6547414718	0.151897081379
103.529886397	0.0746011643938
65.2385436069	0.114405758908
83.5432911618	0.0931194324087
60.5129611446	0.120183749899
127.164578193	0.0574589127903
46.2870508914	0.143668631764
118.686218774	0.0638980313297
89.36098736	0.0892015770339
24.5793814825	0.182133382096
63.489993053	0.118573889955
70.6973994895	0.109760438952
46.9469103634	0.1418561314
59.5353046634	0.123951616479
51.3884145497	0.133410761206
65.0051816052	0.116785672535
108.118720315	0.070569919692
93.955793758	0.0841843683361
152.28661167	0.0434307629396
39.9230029754	0.153433342539
51.2448299968	0.132616295986
134.417543215	0.052849428636
69.9252678772	0.110432613226
84.4339270346	0.0942106099591
49.0513905308	0.136152045863
86.7711675004	0.0897915010767
112.679908991	0.0685736615581
126.504546455	0.0581944378101
22.0130090834	0.186875683602
69.2827836263	0.11001369209
110.921373478	0.0684501576862
83.5828994535	0.0930138681168
119.388399296	0.0623630237182
121.09792276	0.061716461158
109.103460793	0.0703823799416
92.7631674653	0.0848301556185
65.4590063108	0.113547423675
117.089879731	0.0643848714844
69.8191380754	0.108020134822
125.631775682	0.0587482990608
58.5678570594	0.122940781339
61.8639387284	0.118310522384
77.0077435989	0.100057639329
122.259323283	0.0605535492852
96.4655450058	0.080776548427
95.4902348825	0.0822925584008
38.5540564943	0.153754025487
70.5859889154	0.10897004982
75.4142271515	0.102870869379
59.6499444397	0.124081276722
73.8491578252	0.105823372608
47.8649542612	0.141251523325
62.4240738195	0.120293516949
89.9894111337	0.0878299720121
115.786290952	0.0648232085574
61.5429741126	0.118807823635
125.560032075	0.0581485919539
65.029682497	0.114109981581
61.6299064634	0.120782498004
125.512093116	0.0587526125481
133.329604722	0.0535557286795
109.953929385	0.0691895923906
71.5735316193	0.105943772959
112.641951356	0.0680179656948
75.3250106929	0.101578047589
62.9314194831	0.117108185195
70.5156432298	0.107340940411
96.2680034233	0.0817501672622
62.7220483827	0.117381476948
127.435214492	0.0571597913217
114.463264229	0.0669116943636
71.6905249915	0.105978301919
54.1727378859	0.131159454773
56.4245309983	0.126407478903
85.4794934425	0.0930070252171
63.1448204012	0.117059244109
42.2682700234	0.150060015453
61.0832062931	0.118827246022
64.9085728208	0.113945336769
73.9233589977	0.104516711189
57.4278131293	0.127172077652
70.9060602765	0.109529892844
61.327849529	0.121377241328
79.5808096698	0.0969761242885
84.9226294691	0.0935129898476
39.8941605737	0.150271502454
62.4086214597	0.117028923166
118.832654167	0.0638294761191
57.7774328405	0.12600891739
65.0621187075	0.113785314287
115.773456894	0.066071696648
89.78746046	0.0886546490074
80.8593860672	0.0979411423135
61.4736760384	0.120894954878
82.9509752258	0.0956780762821
67.2104291037	0.11354777516
82.4159549842	0.0961798881991
72.6062082629	0.105928833957
88.1577867048	0.088333681413
141.611546924	0.0488612970412
91.6958772086	0.084883129963
67.6851242197	0.110643608814
81.3643335509	0.095498760797
113.80784745	0.0663017502895
107.150042928	0.0729378134445
93.4179084466	0.0851220097022
33.7102684536	0.16442976157
50.6524885802	0.135837231623
40.0491958515	0.1529114372
124.329011184	0.0598222789986
57.6931591828	0.124042590124
125.493007679	0.0589438158976
53.9471302671	0.13136567055
114.611771951	0.067054244839
50.7878091469	0.135795313659
115.857178299	0.0646342775776
84.9059581771	0.0916357494766
141.177398822	0.0491331177899
82.6574738215	0.0943823394352
76.5148844423	0.100186832831
101.848333384	0.0769979172878
89.3236214273	0.0892176506823
79.5002231262	0.0978801911018
157.008072659	0.0412478665458
84.3801267985	0.0940694678984
153.839447877	0.0426732431364
74.3250014848	0.105411735225
82.7445114008	0.0937879882161
144.456743039	0.0475691404904
108.329530257	0.0718750156469
109.341596465	0.0706762802523
110.326646605	0.0700834650775
151.687941594	0.0438650206187
145.865922852	0.0468727130655
82.5330715563	0.0943468188551
67.0547935161	0.113924348101
41.1993572451	0.151293007045
93.2819166764	0.0834064967537
130.483373663	0.0551982696941
128.9874894	0.0568395199031
123.987488728	0.0598354755018
112.328711012	0.0677240390924
73.9233673178	0.103102261387
56.5871158354	0.124677564909
53.1282446691	0.12976016618
60.3119612206	0.119737859885
97.220717073	0.0798851333764
120.235798299	0.0620257860564
139.739460971	0.0497951175284
129.557378055	0.0564238855878
126.422111602	0.0584203927655
69.57648974	0.108302753581
143.031092949	0.0481440176122
162.911107425	0.0387526210632
104.718387929	0.0746014428651
94.4646223442	0.0823384612004
112.445426712	0.0687274509126
166.797978221	0.0371105188036
151.189476957	0.0439778959747
89.5307612188	0.0872163790472
102.502910558	0.0769250872632
111.557735888	0.0690780863878
136.2007576	0.052280280545
115.181171781	0.0656899231218
105.14228028	0.0742788759771
89.6815431989	0.0878682160546
139.657350865	0.0500250599863
76.6141691068	0.100060807702
62.4857512185	0.117697558536
64.2565991504	0.114491625636
78.8979059047	0.097688187224
63.9301826253	0.114971194174
63.8494069679	0.11493981498
46.3169942199	0.14045288349
31.3208423423	0.165260008582
137.99836555	0.0511094624427
83.4086164002	0.0939718419099
123.935160426	0.0602845891686
127.55293432	0.0578709485838
114.5063339	0.0669849421757
107.052750618	0.0716822126209
73.587302834	0.103566357158
134.595871808	0.0532767397167
108.045113474	0.0708243891478
129.909307474	0.0561205431387
58.3798190873	0.123207479502
103.502677818	0.0745644395478
103.277959277	0.0749339213658
135.77678667	0.052531440574
104.517464973	0.0735889752698
85.0565575184	0.0931471710756
134.725436443	0.0533015086615
124.783042135	0.05970876229
132.546216604	0.0545468487094
111.615866632	0.0681469936478
53.9129739315	0.130207522124
53.1220802109	0.131289444491
159.383514825	0.0402855931559
128.203867512	0.0567984372954
129.823278088	0.0559152709197
108.847475904	0.0701164678633
70.5793453814	0.10779632179
140.382263558	0.0499203523529
75.5684189231	0.101759032893
108.402264375	0.070393700932
124.131478565	0.0593203945205
134.162742301	0.0533743927849
83.7185497409	0.0927246557123
59.7248108098	0.122032378622
122.610311569	0.0612740426034
115.842734858	0.065980076088
111.247467222	0.0685841010958
122.544813105	0.0611303010225
113.923089175	0.0674788001324
71.9353044849	0.105497222421
155.580130646	0.0422376598754
112.876787744	0.0673418611226
94.5620886611	0.0823199661001
92.187047803	0.0863994945888
167.411941613	0.0370537302879
126.100364974	0.0580125278694
147.834482421	0.0459899004818
104.672673423	0.0740021864934
133.33189883	0.0537148892974
123.529584639	0.0602427218184
132.776912182	0.0543227035828
120.604449824	0.0616801676412
135.217155342	0.0526090982433
162.720501443	0.039014991208
117.270392351	0.0646925822429
125.800450901	0.0587251802925
109.50167063	0.0700297519515
102.785496897	0.0758910592138
71.9413834617	0.105613802717
69.9417506095	0.108126417146
157.382145942	0.0413746535402
126.280783066	0.0582414520415
82.5485238677	0.0961079580631
136.268108355	0.0520996709571
87.5397376336	0.0910766791875
123.051541119	0.0606888656163
96.6352920293	0.0802775977868
122.058874841	0.0614173210266
84.6948024906	0.093966237458
121.714764457	0.0610969765938
112.081042298	0.0687650193173
90.811870962	0.0878016733015
145.559035521	0.0471559934106
118.994367844	0.0638482442736
145.174104225	0.0473008290619
128.833620852	0.0565270431643
121.15472771	0.0620055047834
134.063528988	0.0535326304024
158.687238937	0.0407498157797
92.4942134507	0.0841672281829
103.84565636	0.0755107933009
72.587074845	0.104949945699
74.0296376089	0.103082459844
125.608945434	0.0586948644553
131.089242921	0.0556413796646
125.491778853	0.0585440933819
137.310306238	0.0516669719326
170.178927911	0.0358978649187
146.36166906	0.0468194738774
125.862213544	0.0591083213222
124.020287359	0.0597716610555
165.664416329	0.0377454890853
119.855804132	0.0632696523914
140.736125327	0.0497790354855
122.505165269	0.0611456326929
131.815677375	0.0552818285718
156.206660668	0.0419565870671
129.251735792	0.0569050687892
83.3438566412	0.0954003078672
86.5460092868	0.0902872203285
153.772663719	0.0431037177219
137.205201189	0.0520342010282
125.622451462	0.0592098497207
123.049023303	0.0610346121122
126.835834974	0.0584931634564
126.278019431	0.0580069744852
153.529748142	0.0431790289685
131.905290868	0.0549615500442
141.894841068	0.0491749682463
118.754959127	0.0631757613216
122.068295516	0.0612657742759
104.077316091	0.0745515045444
106.921466188	0.0721618745349
100.650988273	0.076510825553
135.268491469	0.0530553158466
129.371232467	0.0561943934454
94.7768128665	0.0838283320231
101.748722549	0.0763305348625
127.112301247	0.0583234088389
142.573439256	0.0488465604166
123.901910532	0.060426827177
163.233665003	0.0388285771805
135.940379684	0.0521311155549
126.636714186	0.05813754855
107.281868409	0.0714909337339
98.6076101172	0.0785276466275
133.823332349	0.0533923485105
83.385307906	0.0932491447667
120.638373696	0.0618620578119
150.295239191	0.0448374625262
121.49725745	0.0610948333356
127.496128883	0.0577134561077
109.173483352	0.0698657725535
107.176485991	0.0724135002777
139.718161981	0.0502067305725
93.5759587197	0.0830638715183
145.946279364	0.0470654277029
138.854648916	0.0507084002148
105.779819157	0.0729615705839
136.397272118	0.0521676802945
116.657856235	0.0650555977709
118.530013173	0.0632922093058
116.847093652	0.0644321511664
128.965624026	0.0568516082898
123.734491851	0.0598464133534
120.599971224	0.0618337899124
125.236141203	0.0591627790324
121.60380582	0.0615951894736
128.344737541	0.0573846626701
107.214649222	0.0719802726209
128.743127773	0.0568240622209
106.688081929	0.0721657318633
125.836496593	0.0588115511411
122.024051312	0.0616801885255
141.691085471	0.0493581447844
160.616490315	0.0399851709157
130.842843526	0.0557381966273
124.360683646	0.0601572665551
138.226999696	0.0512916553817
114.862022185	0.0668907208075
130.343391035	0.0562160684535
128.105142391	0.0576559041865
141.677561115	0.049410926676
124.504131482	0.0600123247778
134.630718702	0.0535464474944
126.362891399	0.0587655528238
136.593746687	0.0524053790464
127.690905384	0.0579108941418
143.289815337	0.0486026481524
126.332156321	0.0588342820203
145.947723789	0.0470380918804
148.896141239	0.0455838465237
142.422449974	0.0488380261505
138.562866873	0.0511957893796
148.554294406	0.0457917135418
126.949103506	0.0583402571253
144.039808316	0.0481842852709
142.979325592	0.0487497340404
133.44847731	0.0542734805625
149.491647595	0.0452749390629
132.48992458	0.0548117431716
129.889560794	0.056463923955
129.74535355	0.0566024581665
131.841536219	0.0552040105391
143.842898827	0.0482099531111
134.506961076	0.0535393606326
153.283622419	0.0432990085044
149.686583587	0.0451322410468
153.920554435	0.0430801118495
142.846012461	0.0487962412094
162.321945884	0.0391949804274
149.777029058	0.0451408780263
153.933627239	0.0430965673011
150.092177793	0.044967662187
145.994644206	0.0466809979478
177.003122868	0.033193520427
141.121248568	0.0493635176857
162.533926405	0.0390821193848
161.593059047	0.0394446709587
147.532833224	0.0462945014529
136.824149019	0.052097799246
139.461766421	0.0507026590159
152.193908351	0.0435714585031
146.77156659	0.0466400659171
145.463490679	0.0471430564877
126.77366413	0.0584524352042
170.359300939	0.0357579279032
150.279707014	0.0449045594651
178.037779811	0.0328350088544
140.893386372	0.0498783719219
127.403015471	0.0575889891572
158.516820474	0.0408905196821
160.69021726	0.0398205359057
125.230196641	0.0595184201203
173.933769111	0.0343822178508
125.384607767	0.0594202087204
150.659516697	0.0445793271663
129.261495828	0.0568495312412
148.52958038	0.0455990297846
140.314618734	0.0502057900205
130.34739677	0.0562125984418
129.410292134	0.0568514022019
155.766324067	0.0422134408836
167.440671812	0.0369873439427
156.744820183	0.0417340600886
136.698684054	0.0523284096856
147.430835624	0.0463908001312
111.302969998	0.0697557666653
171.950705798	0.0350213933133
142.607564302	0.0489308433597
163.77081034	0.0382785621533
139.161589679	0.0508435536014
175.58029433	0.0337288281912
128.197055841	0.0576177599019
137.050778661	0.0520154758521
112.296979055	0.0689556810296
134.93035287	0.0533219477913
107.615234001	0.0727197002099
161.019637569	0.0395245890721
134.833006714	0.0534638017515
140.300035343	0.0497356982477
128.533814267	0.0573771753133
152.059115362	0.0436876849221
122.038408599	0.0617698072084
178.996626047	0.0324293711822
121.822926296	0.0619001506426
167.367458681	0.0367832672374
122.502503041	0.0614579752239
149.492889659	0.0448141620061
136.11300879	0.052636351164
176.284832795	0.0334542068039
121.382711632	0.062217969104
156.244934489	0.0416443247125
130.198683021	0.0563231957155
152.209390652	0.043544744182
130.374860823	0.056219510659
170.568166817	0.0355121826702
128.464815587	0.0574418296042
135.935502507	0.0523166947561
154.850319742	0.0426547012676
128.635407957	0.0573462014982
141.65399613	0.0493183550899
145.589499681	0.0473032487962
150.389320707	0.0444094906958
133.764331273	0.0540869804076
149.889390863	0.0449762172042
129.406690537	0.0568623280479
140.72142402	0.0495340002342
134.967205979	0.0533479091162
140.280045731	0.0502748875101
151.467019463	0.0438777029463
161.817837476	0.0392876248001
165.980207174	0.0375930473939
133.999349091	0.0539757375045
135.327747493	0.0525558157656
171.94414103	0.0351778128789
145.421253535	0.0473051154002
175.027977876	0.0339578483318
119.771229804	0.0621833466653
155.658831208	0.0421679504071
139.185655302	0.050910890144
133.662196305	0.053652896994
160.972446876	0.0396648214653
127.795708539	0.0578746048815
144.294798143	0.0476537066622
151.099578123	0.0444349584513
138.452277113	0.0513275580132
138.495177407	0.0508140510044
166.595031114	0.0373495019175
149.305257761	0.0453401000061
147.123711087	0.0460733534913
162.720612787	0.0388613641508
147.70335526	0.0459302521303
154.254454096	0.0428722340118
144.305874765	0.0479652561166
174.641669947	0.0341087119269
149.80862726	0.0450641929137
127.107051361	0.0574485850906
168.546645944	0.036327774855
154.391621273	0.0428062019101
175.818077848	0.0336530552199
161.000441955	0.0395077607129
166.558789901	0.0372744119252
149.743071323	0.0450022815946
176.687635616	0.033287156368
149.088697337	0.0453469995228
164.856580359	0.0380474774686
175.911866057	0.0336204313571
167.241460038	0.0370525776226
158.597095951	0.0406629672738
167.734172895	0.0367525409246
128.118818702	0.0577184003147
152.6641815	0.0434392001497
163.19574241	0.0385243713784
145.006190041	0.0472733948943
151.674178634	0.0439308756945
167.26920243	0.036895605719
168.028009472	0.0366106629879
140.898104155	0.049388600657
135.961585369	0.0523605809817
144.931078865	0.0474073857725
168.799642432	0.0362661517194
138.050033428	0.0509379058523
155.044311664	0.0421884286375
145.542229088	0.0468625685652
153.757144423	0.042863588611
135.978018929	0.0523547210766
145.222002113	0.0472213997547
153.829167196	0.0427302584068
165.239897017	0.0377295904604
153.873630906	0.0427620615576
148.721883384	0.0453501327544
162.929108039	0.0386322590499
165.454233096	0.0375748892434
166.873822388	0.036978177169
172.081718116	0.0349134471763
170.325583517	0.0356243129205
160.781144662	0.0396911730017
171.276006618	0.0353434950214
155.330941036	0.0422153779753
175.679958429	0.0335812178356
173.521910015	0.0343838337993
166.861684854	0.0370052389284
168.200433925	0.036477987684
166.007165919	0.0374450167117
159.94398854	0.0401469800715
166.201141875	0.0372976774857
160.147114374	0.0399335384337
163.407840908	0.0384519506287
180.417114035	0.0318844582347
173.081526501	0.0345304067906
171.322652896	0.0353176613768
156.173087942	0.0418259249206
177.605779281	0.0329614818154
161.414569177	0.039475869412
177.066364793	0.0331129612666
161.112992248	0.0394449609552
183.071583667	0.0309728055717
179.604724244	0.0321469521539
160.829966397	0.0396379285394
174.082526911	0.034174956915
171.794415178	0.0351722993403
168.045149097	0.0366049225805
185.2513621	0.0302333718431
171.374320078	0.0351726960035
181.476585987	0.031582163427
173.4743408	0.0343540143961
170.018584216	0.0359089841721
165.402674925	0.0376466550244
168.112340407	0.0366738096945
158.07046478	0.0408657788036
185.421767919	0.0302398289047
164.833106893	0.037771956055
176.672825849	0.0333796934213
172.998036574	0.0345244100828
167.790284223	0.0368116294214
167.284182815	0.0367575817508
162.598132548	0.0390604667176
155.611223857	0.0419713847807
160.919086997	0.0397968808097
173.564912729	0.034304325449
163.297010616	0.0387589625405
178.355799661	0.0325713510692
164.333656254	0.038307750564
169.782356125	0.0357607086068
170.148526216	0.0358948869366
163.293180881	0.038439139022
175.650990497	0.033768072011
154.776244502	0.0422953288475
178.814838757	0.0325995656338
177.152975909	0.0329951632894
155.751832382	0.0421534472137
181.403777504	0.0315215250586
174.100579396	0.03436266941
156.646621624	0.0413775990805
176.81299533	0.0333282901862
162.99394239	0.038550607255
158.325720364	0.0409531223407
177.166820829	0.0329847727667
163.39281411	0.0386938842802
169.831050005	0.035801493696
177.353631389	0.033127302682
158.083432669	0.0408762600612
175.604442026	0.0337942374244
171.387566686	0.0351909980371
165.193767081	0.0379148636917
174.945616925	0.0337993778232
168.963432758	0.0363682923855
164.852892364	0.0377736590186
177.061958459	0.0332351942149
164.898670878	0.0377543623592
162.234769828	0.0391837212066
161.629375071	0.0391293593211
171.458032	0.0353830944379
166.424075217	0.037098399709
181.060220907	0.0317782207531
161.97300646	0.0389720972771
177.773331466	0.0329617804632
167.920193362	0.0364729468199
180.157651159	0.032073181207
165.361857039	0.0375793470841
179.022047701	0.0324999189643
170.722650448	0.0353874329063
185.705297569	0.0301625097216
164.977421424	0.0377229183726
185.146766636	0.0303365847046
165.974282896	0.0372861031689
187.405961575	0.0295620433068
171.573277086	0.0350476345263
183.620452495	0.0308131310543
177.344906125	0.0329430391956
183.485725819	0.0309024978535
165.771183927	0.0375646435471
179.910038331	0.0321230547578
166.888095013	0.0369555879796
186.160267059	0.0299402868572
183.62726054	0.030751194499
185.930661341	0.0300455051642
174.858419032	0.0339753646558
188.025048036	0.029348514872
174.80371455	0.0340034799665
187.801995075	0.0294263004983
185.321984485	0.0302441193513
172.663032431	0.0348682262549
188.602589494	0.0291952174518
175.607232915	0.0337369184754
179.604910815	0.0323087695536
181.354125641	0.0315955957225
166.666753302	0.0373212583911
180.342084922	0.0319678979709
162.605452063	0.0390423840482
175.792819284	0.0335625351998
159.871143981	0.0398909603858
172.625207287	0.0349004969974
169.583779313	0.0358789376797
186.471444549	0.0299205619318
183.125396251	0.0310355426219
170.028229056	0.035874264721
179.302228456	0.0323213610912
175.769593586	0.0336995724581
176.608970415	0.0333962265884
165.493911262	0.0377852150691
179.488169591	0.0321880665282
181.906406137	0.0313162498132
171.422688939	0.0354005735451
173.439999006	0.0346280218313
179.867080544	0.0321212079355
179.685271544	0.0321567696056
170.93943767	0.0355258932469
177.015196363	0.0332721785424
170.37782438	0.0358106763785
173.848217208	0.0343613273762
171.800754601	0.0352132560147
183.950377772	0.0306920537613
181.777113153	0.0314622520505
170.132418101	0.0357369068241
170.154317224	0.0356659714749
164.099977456	0.0380981856423
165.543194059	0.0375106926734
162.948533415	0.0385392311721
170.018622783	0.0359501276794
178.750261685	0.0326378176587
172.050886813	0.0350291991708
171.546428557	0.0350992388212
173.773707422	0.0343513158733
158.044997726	0.0407167150493
175.815175594	0.0337079110699
176.214387708	0.0335900157915
168.977825493	0.0363524025776
180.784955282	0.0318426193106
180.625979679	0.0318910555509
187.958014353	0.029370160339
184.43822757	0.0305654207392
175.143511867	0.0339747464062
179.143110377	0.0325018292127
178.566809783	0.0327101477142
180.717049607	0.0319400232573
181.380647028	0.0317115040323
179.782936851	0.0322682930111
175.297435936	0.033900196303
186.89110163	0.0297922044429
174.962526332	0.0340442716875
186.00678451	0.0300906265618
186.93727928	0.0297816970995
184.414458123	0.0306312346008
183.949420577	0.0307826315399
185.204159254	0.0303312816141
183.934825062	0.03077605632
187.174501404	0.029648416078
191.753781058	0.0281871810134
185.982923916	0.0300258713802
183.231853908	0.0309777493389
178.088224624	0.0328011872001
189.244149955	0.0289382208915
182.345949345	0.0312351802742
182.115683981	0.0313036922763
181.997697813	0.0313180925083
177.989049853	0.0327261400453
180.564410683	0.0317928351679
175.093826798	0.0337871881222
153.584098652	0.0428177705272
176.032281976	0.0334639837403
175.298789023	0.0337059766564
176.225414537	0.0333800941662
182.967434604	0.030980469414
174.560801407	0.0339971467848
175.542647679	0.0336700363223
173.198825154	0.0344706150354
176.976914216	0.0330358756104
173.639784799	0.0342992533147
181.339540656	0.0316732924698
180.137882275	0.032057317493
173.906307237	0.034463084193
178.215117234	0.0327677817212
161.177097211	0.0397063135314
177.628895645	0.0330527768452
177.094387736	0.033248634772
175.609338049	0.0337221266853
181.338506887	0.0316774345994
178.597948722	0.0326837226641
172.100619501	0.0348952799492
189.957241687	0.0287659358777
175.719977372	0.0337182222375
173.896985542	0.0343853520628
182.704184093	0.0311632776835
181.067932818	0.0317387630187
173.270291285	0.0345734060223
169.694395212	0.0361091386272
180.592309916	0.031932493395
190.552292493	0.0285817713431
180.190250895	0.0321187303934
178.393915023	0.0327564920532
186.879713142	0.0297983803501
175.550501394	0.0337682472858
182.702997153	0.0312370415934
184.026491574	0.0307286216332
174.441763553	0.034255287825
170.998483796	0.0355891709523
183.121050797	0.0310626773132
183.326486944	0.0308373060698
184.514466316	0.0305527094356
181.282300877	0.0316225355072
175.071599071	0.0338160797024
180.085986983	0.0321095558442
184.491486725	0.0304799944207
184.193521921	0.0306471695356
191.142850246	0.0283231374786
186.640134846	0.0297973956256
192.00492559	0.0280953138888
192.875432466	0.0278181263146
188.200235973	0.0293398891888
185.42521929	0.0302496301894
188.717118565	0.0292003793564
187.55049853	0.0295466042907
188.953331137	0.0291151458233
189.864544392	0.0287806048529
187.363519589	0.0296231567382
191.72810047	0.0281976352103
189.756767793	0.028853661186
186.563642368	0.0298786075968
184.382995021	0.0306203690231
184.943557786	0.0304489561572
182.311472553	0.0313662052163
185.781056588	0.0301912113558
188.030506492	0.0294265878024
184.297470083	0.0306983464185
184.570647615	0.0305964681469
185.343387348	0.0303349584551
187.54169612	0.0296094436396
184.722961673	0.0305635499066
182.271447757	0.0314014441962
184.479169573	0.0306207958162
186.110788833	0.0300621810337
183.919428594	0.0307275783832
186.802813302	0.0298134834095
187.022194559	0.029711409152
187.544518425	0.0295407403128
192.804601045	0.0279104632155
191.130815683	0.0283596147816
190.494697669	0.0286328618245
190.326418296	0.0286302597782
185.17890602	0.0303197069047
185.600036321	0.030184639288
183.43411115	0.0308567158406
185.674159389	0.0301520926224
184.436299286	0.0305115859938
184.492942925	0.0304624073789
182.271189404	0.0313080602265
190.293305044	0.0285900764664
190.183008358	0.0286604487794
189.652101758	0.0287595462993
189.187976433	0.029024244398
182.811488519	0.0311150285989
188.166529031	0.0292752822625
190.103848366	0.0286792055873
186.331747886	0.0298179031563
186.917832444	0.0297635880272
187.387612881	0.0295907826365
190.4244188	0.0285682755962
189.968259726	0.0287299098402
187.277825434	0.0296307255921
186.132303724	0.0299987596897
189.256434409	0.0289771460505
189.168828734	0.028991143931
192.910160466	0.0278608643357
192.177653522	0.0280492203894
194.015113598	0.0274962334534
196.803043536	0.026637513241
194.415255477	0.0274070741869
190.940465654	0.0284771624881
189.369163345	0.0289909056823
188.085106181	0.0294143969522
190.080825167	0.0287670782299
188.052218413	0.0294349774572
185.698834888	0.0302192411808
188.831168939	0.0291815208894
191.471712736	0.0283297953581
192.870385397	0.0279121249957
193.628121496	0.0276665415054
190.50181419	0.0286458368103
193.039252168	0.0278234685672
196.3720161	0.0268269689752
193.551794535	0.0276256326995
194.387353874	0.0274185062369
192.691978879	0.0279044912108
192.504324606	0.0279771650221
193.546507168	0.0276294021542
193.195622453	0.0277654080809
193.913548613	0.0275233422676
191.32862098	0.0283161851587
192.243188907	0.0280340614784
189.421485503	0.0289281956886
191.167182962	0.0283654449743
192.302275827	0.0280456798326
200.305281483	0.0256438699711
193.065449004	0.0278230887599
197.002934105	0.0266027564806
193.276265027	0.0277379983489
196.019624947	0.0268653419703
191.524534143	0.0282980292216
193.297505042	0.0277030492649
190.972832238	0.0284527616743
189.961044945	0.0287287985639
194.07799923	0.0274793022385
192.449538208	0.0280039160702
195.3761676	0.027064482072
196.601249043	0.0267255681085
194.78137575	0.0272670531208
193.063349811	0.0277889031524
196.893960163	0.0266228558275
193.378139041	0.0276816740535
196.761834828	0.0267026530796
198.217860272	0.0262249012937
199.800923945	0.025784646738
199.975531533	0.0257545601852
196.96015747	0.0266484603746
195.323874298	0.027139059956
196.188963573	0.0268991990144
200.116276568	0.0257031084683
198.083772556	0.0263260022578
196.338886391	0.0268269773369
196.779281001	0.0266879525754
199.211530494	0.0259862504707
197.107637135	0.0266228377806
197.530269891	0.0264866795062
197.235639741	0.0265714033863
196.545673825	0.0267302702227
196.582832514	0.0267438801435
197.020318495	0.0265952768278
197.749167449	0.0264102660024
199.571256635	0.0258475137162
198.781877784	0.0261058559637
199.752718197	0.0257885129952
196.408761601	0.0267697142849
197.461630105	0.0264872088347
199.382076826	0.0259099260064
200.646411577	0.0255417605171
201.665444401	0.0252336554893
200.602055435	0.0255435162574
199.617139682	0.0258369617189
201.292831092	0.0253786533516
199.674647089	0.0258143873764
200.212776872	0.0256526332329
197.205411073	0.0265279649946
197.769105572	0.0263649740354
200.637281944	0.0255614400433
203.106132068	0.0248550534635
203.363255868	0.0247745768365
201.865007013	0.0251787624495
199.413746822	0.0258886714929
202.418128723	0.025064206853
203.042018379	0.0248893836575
203.366009149	0.0247581104076
202.440235211	0.0250597350513
203.911392125	0.0246089344585
203.829610213	0.0246645855744
202.728985513	0.024982215608
199.059517512	0.0260382507011
198.016775137	0.026348268567
199.079585551	0.0260347871924
199.147397257	0.0259667313986
197.893704959	0.0263454204675
198.023602303	0.026332143763
201.71555592	0.0252309129804
200.426328855	0.025619135202
199.378102208	0.025947597816
200.20089985	0.0257002259936
200.603595723	0.0255859703398
199.579077002	0.0258218078046
203.575723644	0.0247031720007
199.189193957	0.0259475769295
199.847468431	0.0257947240996
203.475368008	0.0247296853836
201.350336136	0.0253611228643
201.069150852	0.0254375195297
202.245858566	0.0251061153038
201.507340996	0.0252705678833
206.439325405	0.0239102231633
200.376869494	0.0256007125814
203.760727679	0.0246666347167
202.818131692	0.0249122307506
203.827113238	0.0246660725881
202.592488716	0.0249981695341
206.601705247	0.0238622305903
203.651259727	0.0246722560192
206.07631514	0.024008279909
202.043324398	0.0251182905255
205.878386892	0.024100166385
204.119901979	0.0245734689181
207.249153588	0.0237294575791
205.279985438	0.0242212050385
205.936452355	0.0240483184312
202.544378306	0.0249804477513
199.460905949	0.0259057860408
206.846319444	0.0238284997646
205.198190104	0.0242789955719
204.462657842	0.0244789555575
206.129768714	0.0239855636317
205.359762449	0.0241988672923
204.202627711	0.0245180457053
207.890134932	0.0235151294449
207.797048022	0.0235613200046
206.084925446	0.0240400769058
204.572062811	0.0244532498747
206.763011722	0.0238501481576
207.545049701	0.0236456042362
206.789879241	0.0238057198083
208.729731972	0.0233031309212
208.367555333	0.0234308075804
207.808650242	0.023581582719
208.092472602	0.0235089666258
210.135253096	0.0229724422027
210.252161935	0.022914510618
210.30700294	0.022930791535
211.766653329	0.0225341292252
211.489209826	0.0225901166938
209.116410577	0.0232092519102
200.281530426	0.0256810848445
207.614432416	0.023614247101
209.681824213	0.0230553338507
209.5930582	0.0230836384866
208.288822788	0.0234235955068
196.883399433	0.0266869792572
205.338708678	0.0242310986966
206.028140747	0.0240372474292
204.285512663	0.0245049828381
193.886354252	0.0275748364707
207.16026062	0.0237537449283
196.753872803	0.0267285180943
210.331669844	0.0229052014324
199.471208953	0.0259086738311
206.742455992	0.0238281348458
210.175409763	0.0229388600591
208.133529366	0.0234643969698
203.552098195	0.024714348253
198.891967246	0.0260595785507
206.386807597	0.0239648035761
205.205772272	0.0242507935036
205.831109521	0.0240985889087
204.379622569	0.0244831751845
208.58053033	0.0233651793093
207.731647023	0.0235658074405
206.359312302	0.0239725610143
208.819504856	0.0232970802484
208.897540415	0.0232569354126
206.554032781	0.0238837042735
207.534230192	0.0236540804074
208.454347784	0.0233690501313
206.49603219	0.0239341526473
208.335914579	0.0234014280094
207.454804581	0.0236327938168
206.287331101	0.0239564837964
206.746367504	0.0238311031172
208.534933197	0.0233818943898
207.288662997	0.0237154650584
208.921164196	0.0232801751592
211.894997411	0.0224973603838
209.327207446	0.0231420376681
210.869301297	0.0227495240406
208.997376433	0.023234536523
210.257970908	0.0229067576702
209.528584811	0.0231170819508
209.480670947	0.0231379659873
207.125783311	0.0237561871352
210.962236358	0.0227415592727
210.522699397	0.0228383377558
210.87239541	0.0227702202324
209.113332721	0.0232268546198
209.906826409	0.0230247922914
211.345559574	0.022648816837
209.703582005	0.0230759060966
212.387348316	0.0223787074985
212.682220059	0.0223032198811
212.131718523	0.0224229732352
212.415727837	0.0223516691833
212.922988959	0.0222330107444
214.089978518	0.0219357940283
212.279842879	0.0223851114125
212.993783919	0.0222009403226
211.879475321	0.0224799841135
211.236059772	0.0226585450439
211.252798345	0.0226623123553
212.151778913	0.022422264331
212.102785611	0.0224253022157
212.190940632	0.0224005843007
212.588784626	0.0223033501079
211.866719462	0.0224918241199
210.531235336	0.022837011887
213.439530214	0.0220893257467
214.109934822	0.0219204093886
213.093064712	0.0221924062786
212.909442713	0.0222441954618
214.319935731	0.0218765895441
211.88396841	0.02249221622
214.501659168	0.0218222635993
214.260640813	0.0218815870522
212.525641262	0.0223316645271
214.027182211	0.0219393789938
214.799090013	0.0217533757153
214.245762145	0.0218887182403
214.210948625	0.0219047955688
213.672280109	0.0220400229242
214.928593214	0.0217228191342
215.051381688	0.0216912589084
215.937782262	0.0214677210804
213.875847016	0.0219901806121
215.791810084	0.0215019113687
214.861913382	0.021741009936
215.364609046	0.0216184061266
215.268518031	0.0216303576472
216.366000628	0.0213629025824
215.750253131	0.0215142344659
215.743724581	0.021517430515
214.044264279	0.0219599616102
215.35027086	0.0216345924422
216.287151021	0.0213876576843
214.592494434	0.0218086450185
215.7352967	0.0215197365269
216.218746351	0.0213961403321
215.013739536	0.0217063839426
215.791897556	0.0215179860591
215.013126896	0.0217069653319
214.600794289	0.0218088966387
214.875910635	0.0217436755431
216.375868206	0.0213638072673
215.396703068	0.0216036713822
216.168070734	0.0214113055958
214.872630094	0.0217352716481
216.005947776	0.0214544969069
213.991627477	0.0219734902477
216.468066807	0.0213474127381
213.843440518	0.0219945816439
214.803755603	0.0217581839893
215.322890375	0.0216243194527
215.812850124	0.021504352361
214.778565057	0.0217572812492
215.563205353	0.0215772164912
214.801206036	0.0217550693068
214.845046936	0.0217471111898
214.882781864	0.0217375563174
215.710751676	0.0215465509554
215.358468182	0.0216163333344
215.769634756	0.0215317375159
216.040843815	0.0214513935712
215.954434006	0.0214759080939
215.530651796	0.0216034502843
216.358270613	0.0213882848427
214.774481689	0.0217849883961
216.136610726	0.0214329090401
214.791437477	0.0217558366517
216.194027594	0.0214165323066
216.079550731	0.0214435165179
215.317217511	0.0216335055499
215.418912024	0.0215995159921
215.194053071	0.0216578985452
214.836504325	0.021743221124
214.99788101	0.0217292519265
214.709062669	0.0217772816099
214.057499792	0.0219383500404
215.031426079	0.0217044453469
213.65866089	0.022068130767
214.790203959	0.0217586535435
213.565066035	0.0220638374197
213.05204207	0.0221954104695
214.615206232	0.0218241033528
213.892573038	0.0219848926443
213.151177955	0.0221684893645
214.600020365	0.0218040363481
215.777801541	0.0215390751401
214.641137451	0.0218198872904
214.468001265	0.0218669130709
215.160260676	0.0216624678636
215.274774727	0.0216373359813
215.123240776	0.0216794087604
214.289252301	0.0219060384508
214.834267867	0.0217719569541
212.668241538	0.0223256274561
214.420883	0.0218744339666
213.460998037	0.0221232667153
214.995823892	0.0217195215364
214.742815181	0.0218083179297
215.015474927	0.0217041744828
215.893834541	0.0215114607509
214.217118828	0.0219290491379
214.241859732	0.0219151218162
215.091917458	0.0216843211498
213.468996344	0.0221198206223
215.067896665	0.0217252535498
214.926874537	0.0217448691375
215.270429469	0.0216489801991
215.606654913	0.0215904194363
214.428007399	0.0218770587387
215.078829724	0.0217317443856
213.003295726	0.0222236083616
215.107625063	0.0217161138665
214.072265875	0.021957587926
216.370427826	0.021411411562
214.82107932	0.0217782112775
216.045854884	0.0214852894948
214.848185144	0.0217722020171
214.906984209	0.0217649775821
214.942753169	0.0217505136922
215.575065778	0.0216034630291
215.755903355	0.0215331093622
215.638877579	0.0215598367858
215.781790785	0.0215467870151
216.62598742	0.0213488522163
216.029339472	0.0214734846153
216.822368181	0.0212818695581
216.335161056	0.0213964439885
216.970935534	0.0212642527682
216.682817878	0.0213306342051
216.60429632	0.0213528693913
216.551594206	0.0213439353532
216.578430451	0.0213311407239
216.555280853	0.0213522257917
216.742004552	0.0212964908338
216.710302537	0.0213122694828
216.730608325	0.0213033772563
216.627895758	0.0213211311839
216.815410058	0.0212812766515
216.798273695	0.0212818702498
216.965761533	0.0212471083804
216.921397947	0.0212532184812
217.018071182	0.0212315359338
217.079085076	0.0212372552758
217.186204528	0.0212104847898
216.887451782	0.0212857111072
217.042355717	0.021244763876
217.154890206	0.0212180600352
216.829014252	0.0212982606514
217.403070913	0.0211559223624
216.975379244	0.0212539609221
217.17772325	0.0211932679385
216.970108598	0.0212460295361
217.31600591	0.0211615000219
217.259529268	0.0211879026509
217.59055332	0.0211041859241
217.171897755	0.0212079985286
217.773693366	0.0210761525528
216.839857827	0.0212944309027
217.874099721	0.0210506384804
216.981744232	0.021257956504
217.926436168	0.021035402348
216.717863854	0.0213263536891
217.680135053	0.0210985755814
216.682294649	0.0213348939842
218.003133531	0.0210051842794
216.116141872	0.0214492224175
218.035324008	0.0210081356819
216.30933407	0.0214134532987
218.001976023	0.021019341418
216.486079516	0.0213846134445
218.053161868	0.0209907113091
216.628058846	0.0213477394327
218.187917514	0.0209635534876
216.167804589	0.0214415737132
217.944979454	0.0210100448537
216.370186786	0.0213965430529
218.122500238	0.0209769819288
215.837121862	0.0215142243252
218.016784884	0.0210117050482
216.249109146	0.0214306062129
217.987495814	0.021003943347
215.939422131	0.0214941904332
217.912342233	0.0210189777686
216.342848442	0.0214093146303
217.889339398	0.0210345787027
216.07023341	0.0214682481487
217.653753428	0.0211047380858
216.224901052	0.0214449021175
217.747610203	0.0210712212801
215.79513599	0.0215292384781
217.50471528	0.0211155287622
216.034075453	0.0214731074664
217.607863153	0.0211131852787
216.050973435	0.0214827126155
217.597653223	0.021102578766
216.175052152	0.0214468767206
217.425068855	0.0211589355008
216.053624783	0.0214822263059
217.593540569	0.021108154913
215.997501946	0.0214784602677
217.344612012	0.0211734254352
216.459797027	0.0213820753851
217.232600943	0.0212050778935
216.326725852	0.0214154487756
217.509143618	0.0211362033138
215.968017513	0.0215003196782
217.495064412	0.0211426936287
216.353646514	0.0213979727642
217.370857153	0.0211492754599
216.427917278	0.0213847394335
217.440611146	0.0211505489733
216.363716333	0.0214061170493
216.944314754	0.0212757807938
216.488377275	0.0213781940339
217.034883746	0.0212489243317
216.7049629	0.0213249880122
216.851809804	0.0212855464125
216.967798718	0.0212538090951
216.95383713	0.0212578902038
216.973746245	0.0212450021359
217.162603205	0.0212109121887
217.174334381	0.021209718624
217.133734279	0.0212325475684
216.927716793	0.0212695994647
216.901084176	0.0212843552311
216.903013891	0.0212754370208
216.438957111	0.0213958031256
217.22798775	0.0211968371989
216.659802245	0.0213441911015
217.273359325	0.0211908944895
216.649991736	0.0213468488361
217.142130262	0.0212236277684
216.573592166	0.0213656392039
217.283075977	0.0211810787176
216.885619606	0.0212811586944
217.15612444	0.0212180230512
216.836474591	0.0212932306669
217.206463895	0.0212056405996
216.962702752	0.0212681708854
217.150841447	0.021208175956
216.953322828	0.0212626510126
217.234316487	0.021193797332
216.939981303	0.0212640774403
217.214877133	0.0212032744041
216.925848513	0.0212702156605
217.237953682	0.0211964177079
216.936173422	0.0212771098351
217.090924961	0.0212364595928
216.949365796	0.021273028833
217.167067379	0.0212090095091
216.955978134	0.0212580589736
217.184178397	0.0212005536742
217.773621924	0.0210637870859
222.742130724	0.0199180742673
227.69138467	0.0188476646045
231.803478179	0.0180050607698
235.448281153	0.0172863140224
238.746905198	0.0166526117557
241.412869038	0.0161583519859
244.24683748	0.0156426821724
246.488499935	0.0152579362231
248.590436893	0.0148986202843
250.207873172	0.0146236061903
251.21303546	0.0144578846796
252.467029678	0.0142473447533
253.32727994	0.0141144329529
254.194321633	0.0139724004279
254.982774177	0.0138509738342
255.551641358	0.0137664521324
255.905389987	0.0137147696283
256.432709383	0.0136360196959
257.036074249	0.0135415065524
257.332931201	0.0135021800138
257.750219367	0.0134353160374
258.085022598	0.013391432076
258.456482784	0.0133341847695
258.958480523	0.0132629831278
259.521905539	0.0131861576388
259.9163954	0.0131363297321
260.690649465	0.0130212221001
261.164965535	0.0129524932214
261.523768504	0.0128986817091
261.533737343	0.0128969805684
261.325717726	0.0129299264224
261.416986841	0.0129124981843
261.29695171	0.012929392225
260.967545417	0.012976185327
260.744222767	0.0130085116414
260.151676627	0.0130968672409
260.012819762	0.0131111443529
259.793194327	0.0131415019491
259.055496412	0.0132436856966
258.956640442	0.0132513462649
258.989764154	0.0132461126334
258.930661191	0.0132549585402
258.705965546	0.0132891731329
258.535639456	0.0133139930481
258.33097372	0.0133415366361
258.110936986	0.0133793595496
257.808265661	0.0134190471838
257.376443573	0.013485970809
257.119379261	0.0135246801189
256.550451389	0.0136196030523
256.186518134	0.0136711200291
256.432952353	0.0136326277799
258.434279043	0.0133414009247