100	-0.04551	0.0	0.999468140888	0.000531859112295	0.0
104	-0.03413	2.08220554456e-75	0.606463990863	0.388792828449	0.00474318068875
105	-0.03827	0.0	0.0	1.0	0.0
107	-0.03976	0.0	0.0	1.0	0.0
11	-0.09325	1.0	0.0	0.0	0.0
113	-0.04504	1.0	0.0	0.0	0.0
114	-0.005758	0.0	0.0	1.0	0.0
115	0.005431	1.0	0.0	0.0	0.0
116	0.04943	1.43820874194e-121	0.992468529001	0.00753147099855	0.0
117	0.03139	0.0	1.0	0.0	0.0
118	0.06356	0.0	1.0	0.0	0.0
119	0.09272	0.0	2.46003294412e-13	0.0	1.0
121	0.1037	0.0	0.0	0.0	1.0
125	0.1906	0.0	0.0	0.0	1.0
126	0.5011	0.0	1.0	0.0	0.0
127	0.6302	0.0	0.0	0.0	1.0
128	2.288	0.0	0.0312253489782	0.0	0.968774651022
165	-0.1085	0.0	1.0	0.0	0.0
166	-0.1128	0.0	0.999767770918	0.0	0.000232229082205
167	-0.1563	0.0	1.0	0.0	0.0
168	-0.1338	0.0	0.0	0.0	1.0
17	-0.1327	1.0	0.0	0.0	0.0
170	-0.1023	0.0	0.0	1.0	0.0
172	-0.08152	0.0	1.0	0.0	0.0
175	-0.09282	0.0	1.0	0.0	0.0
176	-0.06227	0.0	0.0	1.0	0.0
178	-0.06315	0.0	0.0	1.0	0.0
189	-0.02554	0.0	0.0	1.0	0.0
190	-0.0232	0.610227534281	0.0	0.389772465719	0.0
191	-0.02529	0.0	0.0	1.0	0.0
192	-0.02193	0.0	0.0	1.0	0.0
193	-0.02664	0.997780027136	0.0	0.00221997286429	0.0
194	-0.009694	0.970377382347	0.0	0.0296226176534	0.0
195	-0.008184	1.0	0.0	0.0	0.0
196	0.01581	1.0	0.0	0.0	0.0
197	0.02079	0.0342440902594	0.0	0.965755909741	0.0
198	0.0537	0.999272570767	0.0	0.000727429233216	0.0
199	0.0706	1.0	0.0	0.0	0.0
200	0.1003	1.00329512534e-36	0.0	1.0	0.0
201	0.07129	1.0	0.0	0.0	0.0
202	0.02463	0.412974712465	0.0	0.587025287535	0.0
206	-0.006633	0.887572353243	0.0	0.112427646757	0.0
207	0.0001373	1.0	0.0	0.0	0.0
208	-0.01782	0.00378377841572	0.0	0.996216221584	0.0
211	-0.01897	4.508995941e-67	0.0	1.0	0.0
23	-0.09287	0.362143684983	0.0	0.637856315017	0.0
24	-0.0814	0.0	0.0	1.0	0.0
25	-0.08835	1.0	0.0	0.0	0.0
26	-0.09097	0.0	0.0	1.0	0.0
39	-0.08269	0.0	1.0	0.0	0.0
40	-0.06634	0.0	0.111223176683	0.0	0.888776823317
41	-0.03805	0.0	1.0	0.0	0.0
42	-0.007704	0.0	0.597931784934	0.0	0.402068215066
43	-0.02131	0.0	1.0	0.0	0.0
45	-0.03292	0.0	0.540711853815	0.0	0.459288146185
46	-0.03776	0.0	0.999999955607	0.0	4.43934130781e-08
47	-0.0151	0.0	0.0	0.0	1.0
48	-0.02107	0.0	0.451367124571	0.0	0.548632875429
49	-0.03982	0.0	1.0	0.0	0.0
53	-0.06308	0.0	0.0	0.0	1.0
54	-0.04338	0.0	0.518193448638	0.0	0.481806551362
6	-0.06716	0.0	0.0	1.0	0.0
61	-0.06274	0.0	1.0	0.0	0.0
62	-0.0555	0.0	0.000699069812232	0.0	0.999300930188
63	-0.05615	0.0	0.0	0.0	1.0
64	-0.06852	0.0	0.0	0.0	1.0
65	-0.06303	0.0	1.0	0.0	0.0
66	-0.05932	0.0	1.0	0.0	2.55507873766e-301
67	-0.06366	0.0	0.0	0.0	1.0
68	-0.06867	0.0	1.0	0.0	0.0
69	-0.05849	0.0	1.0	0.0	0.0
7	-0.08493	0.0	1.0	0.0	0.0
70	-0.05589	0.0	0.0	0.0	1.0
72	-0.06017	0.0	0.0	0.0	1.0
73	-0.05328	0.0	0.0	0.0	1.0
74	-0.05397	0.0	0.793708558826	0.0	0.206291441174
76	-0.05744	0.0	0.533484951322	0.0	0.466515048678
79	-0.05308	0.0	0.0	1.0	0.0
80	-0.05345	0.854980545786	0.0	0.145019454214	0.0
84	-0.1227	0.0	0.0	1.0	0.0
86	-0.1026	0.0	1.0	0.0	0.0
90	-0.05907	0.0	1.0	0.0	0.0
91	-0.05776	0.0	0.0	0.440206755689	0.559793244311
92	-0.06553	0.0	0.044336739907	0.0	0.955663260093
94	-0.04987	0.0	0.999837474095	0.000162525905385	0.0
95	-0.05097	0.0	0.98987019817	0.0	0.0101298018303
97	-0.04628	0.0	0.442109184493	0.557890815507	0.0
98	-0.04196	0.0	0.995339701838	0.00014752695747	0.00451277120462
99	-0.04457	0.0	0.00704817437576	0.992951825624	0.0