-79.9145157976	0.594168697931
-14.9669066292	0.284042248879
-78.2150811509	0.584529042189
-71.4372529481	0.542186953299
-73.789469808	0.556597988036
-79.7666804025	0.594679166705
-69.3393856477	0.528974349566
-68.9239907202	0.52729360229
-89.9917793886	0.666115880052
-92.6604690421	0.688397491731
-87.5068886071	0.650015130195
-80.0124224983	0.597189253715
-76.6661104857	0.57497925167
-69.8894422125	0.53253232734
-76.5456884542	0.574202569823
-80.4749130239	0.59708711022
-13.5872055587	0.283182757866
-55.2364457463	0.450264642594
-5.7980385216	0.257638049081
-28.3454088156	0.325258247823
-16.2734310644	0.291908740014
-19.8907581661	0.295774397757
-8.77664338391	0.268410074406
-23.8992070383	0.317713782884
-49.1129268173	0.422277260521
-36.6375200043	0.366475944665
-4.77442646873	0.256920832376
2.92230424787	0.234491439685
10.7874980568	0.214448401985
-58.4101237348	0.460912523762
-15.0207351026	0.283044636422
4.61912731015	0.231112012239
6.8475893539	0.224041231551
-53.3917121721	0.435632738223
-19.8044463113	0.303328844751
-3.68267445365	0.253612757481
5.1696302454	0.229592781554
-64.701113763	0.503351487189
-38.3298244895	0.372076608607
-19.8782002946	0.301470982318
-20.44658196	0.306124962473
-38.0384071596	0.372796386708
-31.9537522174	0.347398934591
-51.5477213749	0.433951033887
-28.088777815	0.328344687538
33.6563760403	0.166339502338
-13.017948669	0.280930309999
-28.2996981448	0.32539064032
0.296940841744	0.241073025362
-6.68855941016	0.261451693044
-14.0862094115	0.278170761044
-33.739448217	0.348356348653
-33.0557639403	0.342170355369
10.5926599312	0.215076766972
13.0723385789	0.210208203392
-19.7285034426	0.303001231039
-21.3202788127	0.308507390664
16.6090317699	0.200911767638
13.6138636208	0.208803797031
20.0166182001	0.193711612631
50.0927711089	0.13811312958
49.9850299089	0.137772837832
53.1148000856	0.132860747954
55.8523219463	0.12888966792
53.4752913644	0.132264254069
53.1178471269	0.132799673479
55.8345418779	0.128834228844
54.6496760913	0.130490352252
57.2651389571	0.126790351581
58.6414488716	0.124808908315
58.2698084337	0.125307082084
58.4489915322	0.125017634617
60.4336311639	0.122325507839
62.2299983351	0.119858064392
62.7350703158	0.119203178227
61.7224187248	0.120497739332
62.5062923886	0.119443872763
64.7954655252	0.116445951832
64.9148888364	0.116274172209
65.3468367393	0.115683864052
66.8209747264	0.113814100116
66.0334355027	0.114799379988
67.4088952334	0.113027290163
68.757774504	0.111356184915
70.5189365153	0.109214030704
68.8481275103	0.111213268466
70.9823532077	0.108606303385
72.7516388928	0.106499983614
71.6861218599	0.107739793686
70.6794113039	0.108934323614
72.6656399282	0.106539202118
73.9070408892	0.105104612677
70.0239441611	0.109734868183
64.883709679	0.116263165778
75.3928330524	0.103365106399
75.5306148928	0.103229317775
73.4868817724	0.105580397519
76.6391883203	0.101957282822
74.954847853	0.103890855571
70.9995884552	0.108534522596
73.7411498497	0.105259421251
71.0516812966	0.108480132842
77.2371766355	0.101262413229
74.5773751403	0.104306206607
79.3131103489	0.0990096976058
75.0514437798	0.103808030004
72.4464816772	0.106782573022
67.3856324044	0.113043912707
70.8923409218	0.108665219906
76.5801634022	0.102004937154
73.6964702468	0.105328612105
73.9461557189	0.104998905906
65.2276520229	0.115766827189
57.6312115688	0.12608073273
77.4863371363	0.101045370565
72.1377679302	0.107381718037
74.5055937974	0.104583896018
66.9189001504	0.114079502455
71.9510382749	0.107801241058
70.8066082751	0.109261471958
81.4301925887	0.0968178552479
78.8959658925	0.0996302014808
83.00003181	0.0948566619022
78.1536317425	0.100233611304
82.3106094649	0.0955471982017
80.3219841867	0.0978472779461
83.7195339968	0.0940924283212
84.1438003752	0.0936254871326
86.2092239414	0.0914868042505
84.6617287807	0.0930744309485
86.0424744219	0.0916402930243
87.29661616	0.0903285853574
88.5219865315	0.0891141754134
86.9569077932	0.090692315504
85.258878389	0.0924336840911
85.5435285304	0.0921300654069
88.4641225903	0.0891439584556
91.4889392631	0.086182167534
91.595824716	0.0860473494429
93.9828489809	0.0837950024982
93.2355983159	0.0844913135767
92.8261615353	0.0848644166631
95.0125051333	0.0828292591844
94.1118950283	0.083663535079
95.340805921	0.082501751002
97.4391599215	0.0805801825566
97.1723482627	0.080835914127
99.1448630184	0.07903208994
98.9290202769	0.0792617258085
99.8265184948	0.078456625145
98.6271607097	0.0795231077416
101.631078678	0.0768377896685
100.287816711	0.0780705867522
103.72824518	0.0750463159749
102.869651765	0.0757757814759
103.48544853	0.0752367412907
103.3062016	0.0754043308242
104.285448668	0.0745781402898
99.2999012769	0.0789767671843
103.704960941	0.0750835454087
103.798028188	0.0749311056749
95.9389867211	0.0819344947871
96.3849709263	0.0814882952886
78.7653057389	0.0992397103357
80.174345585	0.0977011882759
29.8839434708	0.170454333851
66.3032666601	0.114485752719
-3.32560026291	0.251671417231
2.01624911926	0.234093207455
47.1939350146	0.140421646231
-18.328998819	0.299007224101
6.64854961921	0.219040361757
40.9950936774	0.152587237227
-34.7164251538	0.356701961574
49.0597683406	0.139518299449
20.3967027004	0.193111276864
-9.45778972924	0.258796484387
-28.7482722951	0.327972661559
28.8785960729	0.175330584518
49.2778368189	0.1373183987
-10.0385020698	0.267605715497
26.013989342	0.180019266322
-1.69434820042	0.239597993112
73.4155929242	0.105202459844
9.71923259568	0.213035726231
83.5183931302	0.0945620185469
15.9187567575	0.20058231322
6.73044727114	0.224808057164
7.33460229932	0.215545121039
8.01787693817	0.219693553019
98.4586105191	0.0795604345255
-3.52562258757	0.247004134952
-17.0241016002	0.290266487912
-1.46681196451	0.240482422618
29.913278574	0.172906693992
-20.3482819022	0.297075432759
21.7758845685	0.188307727794
22.711923208	0.187417488929
16.4697015395	0.195199855813
20.8812129194	0.190758696134
46.335308868	0.143743059402
26.355257647	0.176737497443
-4.75933452668	0.256310196957
86.0829366086	0.0922322268621
1.58575316238	0.23668029414
101.077971752	0.0773592808122
-11.6816869301	0.277404759226
7.87014444723	0.213667209878
1.40796549084	0.233622735709
9.09962713349	0.218348828941
101.831651935	0.0763722731627
-0.638789028898	0.236501830891
-0.743841237361	0.236534736009
19.0884560125	0.193788351554
9.06866817699	0.214880959586
-10.7505435611	0.27316579978
-2.79481695944	0.246578931963
35.9632210538	0.161397102676
0.0886376240984	0.235693822351
3.15392558641	0.234042925404
95.7818101295	0.0817851375692
11.3775624381	0.208146228977
1.26245443245	0.231629844378
30.1192158677	0.17287739818
5.80784518782	0.222520910818
-0.152104027982	0.235051060017
32.2590989802	0.167895001173
1.61362480067	0.236747373572
61.2707151053	0.120851340776
16.3289734079	0.199191112328
11.7986277374	0.205809030513
17.919216221	0.198043856397
-4.04416557536	0.253220333575
44.3461562263	0.144984539863
7.19612805187	0.223438074479
9.10867596843	0.210979151138
79.9813723946	0.0981478692805
8.63881803615	0.211067805404
2.75020833955	0.23557594138
4.71495584662	0.220516848221
5.68729985835	0.218369281447
0.892902674967	0.233366731066
2.81463386706	0.23321825893
91.5710166303	0.0866685600433
15.4585742583	0.200279057307
38.1964032908	0.155827822401
2.87744353662	0.228191302927
17.4013426144	0.192319423307
0.262366858644	0.242312412765
26.2033897453	0.178973937232
18.6642433968	0.191361631069
12.2122502003	0.20769571121
16.5558315081	0.193700073439
3.44301677791	0.230811521492
54.8298544121	0.128370253691
13.1079444317	0.206356578744
35.1439011613	0.159952094518
-14.6736806255	0.280477682886
43.6364150397	0.147975918393
6.6934517795	0.221984218386
95.578595354	0.0830071559695
23.7091920101	0.183659981521
-14.6369339729	0.285592703115
15.8744364798	0.195432458094
53.4191566918	0.131022842056
2.30683256488	0.229093690306
58.7438005613	0.12524265031
103.791067937	0.0755149604228
55.6521302298	0.129728354693
-4.26456774135	0.249284236682
0.918247993713	0.233336690045
37.2622036399	0.159141500498
3.53175088614	0.227806367887
-4.01139737196	0.246866136933
-0.925776591583	0.237100929697
55.5014030084	0.129866274561
-13.2266464323	0.276464073487
40.430556756	0.150685623944
28.802613876	0.174604503295
47.5598339624	0.140062601072
76.1291619246	0.103299417
30.6206945109	0.170286300376
19.2113825679	0.194661836144
7.38708210785	0.21560051258
18.8334533562	0.192462467414
100.804532845	0.0776461102401
84.554998346	0.0940563062596
33.7220150293	0.165324927048
-8.2664727909	0.262512124153
18.9533943386	0.188975718145
-10.4907654921	0.266208439204
11.1261331839	0.209490318267
0.362838845538	0.235034697335
-8.37274678682	0.261061884152
-6.01829659003	0.254579545952
15.6283441336	0.196562095497
24.8567512869	0.179466176647
22.0330047625	0.185842228733
-9.33811578119	0.265517340508
103.36069404	0.0751858370946
28.905665236	0.173559414809
-0.782334233358	0.240189221165
99.3485825376	0.078284597979
11.4433635678	0.211675479858
20.6627010251	0.189447773585
98.5680353116	0.0797851013594
32.0069725806	0.168112605766
16.6435057425	0.194146547926
0.533793772565	0.23485381263
32.0026615235	0.165728240767
113.819033205	0.0671528827585
49.1926247543	0.137503998112
29.3519849128	0.174088143265
32.8296625947	0.16621639156
25.8317815049	0.180036524698
11.6304811982	0.209213286331
22.1573675169	0.188587024825
26.3193766948	0.175860042825
11.6819789593	0.207196278321
83.7199510098	0.0932501103735
29.4189454271	0.173834851969
29.3325996564	0.170509744493
7.75703395197	0.216631210086
85.0464007607	0.0936013184342
39.2576237903	0.152787054485
3.04032855271	0.228219626408
47.8274166563	0.140608961091
62.0735579542	0.120747637406
29.7886646773	0.168098483846
0.318388110661	0.235074454636
8.7611218019	0.217660354539
43.0717977399	0.148887181119
108.671380368	0.0714706827992
28.9288587318	0.173227984244
15.9705543723	0.196645873519
23.1834911433	0.184901580314
8.24717729132	0.214438354058
27.2146654054	0.173359406785
52.8428952288	0.131546909878
40.4153708283	0.152423306632
27.8310753309	0.177206927326
99.990606016	0.0775099043443
23.1517704629	0.186578493493
42.3876827565	0.146960155169
45.6466868642	0.141726781649
38.2918745975	0.157305163714
51.9505625846	0.135067928203
70.5025113754	0.109787734797
15.892946205	0.199250167127
38.6527628362	0.156205962266
43.7883378674	0.144833954173
63.5110985976	0.118712843672
25.8750637323	0.178989118463
62.2423597919	0.118530979757
117.116973961	0.064071644901
-2.45542007314	0.243654825021
35.6526331508	0.162229255872
13.0950421398	0.202125530489
53.6011921621	0.129953075414
27.4348017109	0.175919756302
60.3186140009	0.120508761054
54.3267598026	0.131328948107
120.442045405	0.0624843033034
-10.0587652363	0.266501368505
4.32902806316	0.225445519829
-3.69329413911	0.247637392025
2.91214005067	0.229148767896
46.1226887073	0.14371667816
7.47276837923	0.219255718841
60.8370181533	0.121815995303
7.34623124258	0.217841147229
14.6439311679	0.199846614301
8.80400696893	0.218227389033
100.168965947	0.0783811310321
103.26473186	0.0747513127337
65.5747645573	0.114685443865
51.5982190291	0.135461937052
52.9700145919	0.130820065636
78.4648036455	0.100170352638
49.0693967301	0.137277353224
6.64813324401	0.21985896502
67.4821794902	0.111032474314
39.3153709488	0.154881992166
127.223025361	0.0577157675043
52.6618018247	0.131690948336
-7.99824353828	0.260161410374
63.1755057023	0.116754158158
103.099466021	0.0749619977655
112.2968865	0.0675548056508
36.7945941356	0.158822521458
60.7246528179	0.122602563107
42.0129546978	0.148419965785
86.5652701851	0.0920502106138
116.177924225	0.0655943905782
53.6213266701	0.131408072401
57.7112888951	0.125692738526
41.3327152321	0.151960042304
16.6078728984	0.198119920781
36.5187026029	0.156038381931
86.1792249215	0.0916517064095
57.530607918	0.12674509013
68.237742084	0.11266268494
-2.6104627334	0.245564093334
71.4674285831	0.108736641499
45.8892090191	0.142956711483
47.1082509522	0.140210367543
32.0597451548	0.168953071309
16.6741089825	0.198897509497
66.2065309283	0.113245034008
27.3648818046	0.176444717175
50.3437206416	0.137273586291
97.9182279875	0.079579080268
71.5421476661	0.108692682297
43.6565947803	0.145759532371
98.389551255	0.08012427247
40.4387547295	0.150479138718
24.1080633747	0.179267382637
47.7483508231	0.139163209619
62.3539784611	0.117710057737
127.886902002	0.0567017432041
135.163540267	0.0521874306063
129.575688019	0.0555082120337
109.58258671	0.0705355268051
106.883071401	0.0717921952969
44.8885728395	0.145523544842
79.5254799374	0.0990125142366
27.8672079018	0.174911249618
42.7665788238	0.148388307469
54.7137635859	0.128546950077
79.6059580261	0.0994345595639
72.6349025874	0.107173093528
31.6735277366	0.169095515469
63.5318680376	0.118733773277
107.39143412	0.0712706498593
124.097119516	0.0596460396361
102.206420287	0.0756551412025
45.8223760942	0.14431710179
99.0041688855	0.0783323862543
83.3952561999	0.0953239428652
70.1200747277	0.109916890261
34.3771384508	0.161887662888
99.4375553712	0.0778791507402
72.3024052697	0.105882039547
60.5654234326	0.122614963801
100.264110245	0.0771580950137
55.8083908131	0.129336071044
52.7630913989	0.133893629625
62.9351897511	0.119503301638
64.6836059396	0.117305154947
53.2812240734	0.13309420745
75.8721917169	0.103478809785
62.3781961234	0.120333285413
58.9252114393	0.125039879423
90.0227135211	0.088325580293
88.481856313	0.0900639739928
73.6417448336	0.105996745985
83.9195722273	0.0947735030041
87.248226996	0.0913101235247
97.9407078686	0.0810224966328
94.0813763989	0.0826919629521
99.071597065	0.0800063026185
81.488171903	0.0973822944443
86.4849516643	0.0921061075827
59.2819391839	0.124573205074
71.7158150743	0.108543329127
61.5766397241	0.121403221068
43.0628344677	0.149045726382
133.254976135	0.0538570283142
61.3465003448	0.121692755198
117.545456803	0.0646426285896
52.1070300753	0.134557147043
112.949475645	0.0684377727606
79.1705977825	0.0998841012859
83.176735579	0.0936808498898
114.029798685	0.0662611211866
60.8628853618	0.119705148229
81.710004009	0.0968232902805
63.7793326193	0.118512245662
54.2755372931	0.12905809949
39.5264099056	0.152486588266
71.3373680262	0.109018874908
110.841411784	0.069982605788
31.1406345345	0.169718750708
67.4478549811	0.113779400295
33.7381121244	0.164256637228
30.4288164757	0.170052495867
58.2706731304	0.123134310362
134.374170471	0.0529655384152
87.3708785644	0.0908197767236
47.5963892827	0.138514408732
98.709722867	0.0796512110451
49.6969892541	0.136059554309
121.863901116	0.0609412892736
55.6003375573	0.129508513553
65.9927624788	0.115633101997
27.5536489061	0.176109744299
81.313384764	0.0962132227098
41.8202441739	0.148932528292
55.089703106	0.127335036861
50.0051120373	0.136483092899
84.9990054871	0.0935742428279
67.9917513208	0.113036227026
40.2145394851	0.153079406112
14.5081665683	0.201876118846
103.147319241	0.076414375
48.1117015196	0.138750353092
100.638966421	0.0784880247465
47.6013405562	0.141230043011
43.1960988227	0.14819689359
61.2204583198	0.121559899481
71.8663731254	0.108312206713
40.1791146891	0.152758513486
26.3930315761	0.17773554375
81.3673879349	0.0970329546626
47.4744563008	0.139389882824
73.0345778182	0.105327409122
58.4955584657	0.125310579054
39.4447817374	0.15419741696
124.262265197	0.0600895553716
59.6197982454	0.123868223695
44.988976927	0.145150077534
33.6177722448	0.164434774138
26.4366775718	0.178580762273
66.679960031	0.112760622781
98.7930102889	0.0802314805409
57.344378865	0.126984906049
67.1239249211	0.113951032303
47.0839351235	0.141919267414
76.7672146709	0.102505916524
104.126885847	0.0755717891785
58.278270882	0.125724441643
46.6510467405	0.140993501295
58.9272519164	0.122730959892
51.2932186093	0.135638236013
49.5490691397	0.138490439621
77.9034619872	0.101287608387
62.5740993767	0.119851275169
63.7285686392	0.115850023539
135.897843063	0.0524167083373
34.8885138974	0.162026669806
40.9574105991	0.151671724839
62.8042976515	0.119509911101
37.755419028	0.157282098776
57.8265314768	0.124136447481
47.2330082902	0.139181784294
75.7935176292	0.101539379884
32.188006966	0.167864977316
42.0097911249	0.149902428883
60.1534350677	0.123045732436
70.8377085752	0.109555025912
52.1721609678	0.134342049559
88.1545040941	0.0883597625835
47.1230474077	0.14000195409
33.4253037166	0.162043383409
89.6250962935	0.088928486447
151.722354774	0.0435973404263
116.0524767	0.066024142431
110.304514251	0.0690958295242
100.361556496	0.0776450960537
114.168110543	0.066781885114
74.9811965211	0.102726175047
141.786312536	0.0485161779802
146.775990518	0.0463003108125
65.1344761276	0.114964107852
49.1306711936	0.135722625251
60.4126464317	0.12035728379
62.2013318815	0.117831015091
41.0414904165	0.152285544009
98.8272836916	0.0781912825162
108.893636923	0.0699500576181
133.223301174	0.05347356746
96.3262304081	0.0825102867491
54.5340317986	0.130942563226
54.1732728957	0.128708436647
31.3661782701	0.169457848637
63.036420038	0.116793762147
127.549150508	0.0578672171111
157.965247999	0.0406244836957
153.94771623	0.0422913117991
130.338985755	0.0552066148872
80.3477083973	0.0970827995553
106.449248961	0.0719861916736
108.160984975	0.0721321883171
129.99517444	0.0554796324348
127.453501046	0.0570215208988
73.0705532522	0.104649845395
79.5431899705	0.0970391981454
112.497642266	0.0681145965286
89.4649339647	0.0870035871782
58.4111263059	0.125798422652
61.9096949286	0.118303360865
30.1660844565	0.168671936905
118.428501209	0.0635922846659
113.842307179	0.0675192465152
114.843577863	0.0669243541423
102.978685258	0.0765726752866
125.750942349	0.0590441735414
136.149254887	0.0521157473571
85.6999548213	0.0929196474091
132.274675487	0.0540731426547
128.518479112	0.0566253156743
111.990824013	0.0679364018818
109.001795752	0.0708031342138
152.391718267	0.0435637859616
144.501528407	0.047340430812
133.924685913	0.052995753023
124.121780088	0.0597173361867
98.8887539133	0.0802035349688
118.945822207	0.0638326923183
96.8633256198	0.0819600842935
136.963198615	0.0515739733807
109.586530899	0.0702673549763
126.055538373	0.0583761240549
140.936604445	0.0492400980097
147.11938377	0.0461149153684
155.998472449	0.0416664306452
155.497445162	0.0419194929812
161.174238661	0.0393491579333
137.349270407	0.0514692150127
146.726119591	0.0462943062584
155.965883741	0.0416905264444
102.618507703	0.0766953278091
120.359848934	0.0615348635802
124.059324075	0.0599160375033
123.010070147	0.0600916342469
144.324662344	0.047502699137
71.4967967763	0.1088181865
140.534991159	0.0494887357252
134.50880339	0.0528268265907
134.107860024	0.053311873997
97.6268651711	0.0798373612688
126.59235562	0.0585718585652
78.4942302586	0.0982161852335
91.1021847657	0.0852207297791
117.496294199	0.0649997030376
122.254178969	0.0608314488111
102.01655033	0.076360764834
105.485036101	0.074511448542
153.883768113	0.0426428528785
77.536300666	0.101784632892
141.509133657	0.048887841751
162.521624732	0.0388600607365
125.305726607	0.0581843740987
112.240348133	0.0689467272586
102.902489798	0.0754174787481
83.7415634011	0.0949989082464
100.02749012	0.0779312934689
72.599754664	0.107432496694
92.1650950578	0.0855703389453
139.903571117	0.0500654366499
85.4311029332	0.0912883315675
91.7440471684	0.0869110021214
135.37612813	0.0523664813495
170.434907708	0.0356314047562
73.3615858235	0.104696726221
68.6740618862	0.112177929022
142.695327677	0.0482735264492
69.3160935392	0.111385507872
119.908913935	0.0624693688799
108.081985637	0.0723672735884
154.232477525	0.0425290118473
178.294664655	0.0326563551718
74.2515761872	0.103380653805
53.5820620745	0.132709554136
62.8720148587	0.11766027572
121.924847435	0.0609283350501
110.719768113	0.0702357346764
123.655771677	0.0604100458663
132.767275665	0.0545999025738
100.933456984	0.0784048604987
66.5849606477	0.114727821292
157.45960858	0.0409931916079
143.310826624	0.0479620524856
111.06047954	0.0699694596348
158.666087116	0.0406129756055
105.674832151	0.0743508202914
118.826385855	0.0637820976973
104.87853188	0.0750179988013
132.05220061	0.0548560361085
102.14393112	0.0773577388081
157.524230102	0.041038166907
114.075714243	0.0674447232207
143.85432314	0.0476851752628
108.349171509	0.0721463781432
151.299781014	0.0440166612643
105.39872406	0.074556471356
178.168757044	0.0327203061807
98.0545695955	0.0809875679072
117.641290515	0.0645678670282
99.7956364781	0.0794273178865
164.077841102	0.0382364369589
98.2974157844	0.080773109728
121.661313943	0.0619600413186
97.6468606939	0.081353689093
114.16264546	0.0674421101105
105.900313511	0.0741526710802
122.981020869	0.060566251232
107.934049987	0.072482877742
181.970334598	0.0313727895428
96.5730912177	0.082320411751
181.715414934	0.0314622953064
96.4270814038	0.0824351069067
161.016225068	0.039560349557
98.8395241546	0.0802046953968
150.054284451	0.0446085062123
111.863101567	0.0691668536531
165.401997891	0.0377372635872
123.17567188	0.0610142948707
154.344480137	0.0426655264805
107.559197968	0.072759478097
161.49034857	0.0394086494643
116.726297131	0.065568156969
180.107885846	0.0321159075715
124.416744583	0.0601181139649
165.563207016	0.0377038423493
112.271288957	0.0688626328493
173.199579223	0.0345952961674
98.9693184185	0.0800708983952
145.889908087	0.0468113158372
102.656435677	0.0768515241019
139.960846346	0.0499545932744
116.273827349	0.065946447709
153.625484571	0.0429673460884
118.117357726	0.0646216413282
152.100073805	0.0437508329
110.319069894	0.0705226638769
179.297754134	0.0323928887541
107.92736267	0.0723705299842
183.057010395	0.0310327751621
106.900154534	0.0731983450813
177.125833518	0.0331891022908
101.849275804	0.0774856173709
141.831570768	0.0490341882173
107.346362862	0.0726457505035
140.153679986	0.0499492924467
135.127231007	0.0531170272978
186.557594257	0.0299072311514
132.898971009	0.054581568881
167.90598861	0.0367478904075
141.095877204	0.049666230532
163.380976179	0.0386094157116
131.627302456	0.0552296962697
145.504738279	0.0470674365541
131.611500335	0.0552461905817
150.520884695	0.0444812221956
115.283638536	0.0664759764551
149.610157905	0.0448947108126
140.68103844	0.0500015585893
147.692546271	0.0459785560071
108.704067099	0.0716723622963
150.03592719	0.0447313513532
134.368746965	0.0535202648661
181.824705104	0.0314683889063
113.253903054	0.067981601898
179.594212919	0.0322884944723
115.686093716	0.0661157723388
157.185700861	0.0413337819294
115.788012774	0.0659573663929
146.899194387	0.0464077455703
131.657547369	0.055114877826
162.526881206	0.038952472758
146.425061081	0.0468446177967
135.779225505	0.052848643923
147.348695154	0.0463432596068
136.796846183	0.0521802065127
157.435131218	0.0413260178505
163.132830473	0.0387087273054
155.865630314	0.0419733285591
169.852331319	0.035947075503
160.006255705	0.0400541485932
155.950562571	0.0419664402758
142.576625965	0.048846196434
150.206013536	0.0448231721277
127.383407941	0.0580554273608
169.816192592	0.0359542478441
157.443367962	0.0412605613912
161.918358601	0.039237017505
174.672111506	0.0340471472632
180.313839036	0.0319900402014
166.677457405	0.0372211035146
171.075690999	0.0354555749396
167.958919221	0.0367016612921
150.983699335	0.0443255353424
154.500440705	0.0426919951546
132.977336991	0.0545290992121
138.371650405	0.051164148828
161.381754053	0.0394830554078
130.091539663	0.056093059185
182.003567389	0.0314042399072
130.314135862	0.0560101731732
175.718052503	0.0337027908335
130.417976534	0.0559302254738
168.028638751	0.0367017683588
162.076223742	0.0391509263691
138.404540293	0.0509844751817
168.009432004	0.0367034525423
146.43898773	0.0466816093217
137.409466663	0.0516347020065
161.295326586	0.0395294793656
150.381219978	0.0446206446885
174.052159596	0.0342901237692
139.004896912	0.0507025923114
176.275003323	0.0335021151337
143.92434343	0.0479523168431
153.623400713	0.0430501217279
134.661329144	0.0532631470235
148.823905856	0.0454951307851
145.513226329	0.0471507208146
145.636463356	0.0470924305406
137.726689688	0.0514438546697
148.070402417	0.045803461178
164.260017204	0.0382002604886
144.8850245	0.0475665298125
172.487150902	0.0349225112663
164.695641507	0.0380678595743
123.227820139	0.0607399347104
140.264204604	0.0500202744936
128.536653394	0.0571518256026
139.570577508	0.0504426707134
143.031555135	0.0486634915482
125.449785148	0.0594722673995
109.58784241	0.0711248851699
148.410958258	0.0457868813708
132.602331034	0.0547989891557
141.741984537	0.049254281474
128.228707122	0.0576139987654
149.825518205	0.0447905491783
126.807033542	0.058524874489
183.379769714	0.0309308660608
131.339995596	0.055616501234
175.822455813	0.0334845570098
154.51767931	0.0426529947097
148.877710451	0.0452983185339
147.446182506	0.0463265827236
136.398773994	0.0523077834774
117.279609972	0.065125971473
185.959875317	0.0300027225523
136.809765476	0.0522512633219
166.159748824	0.0374429946436
117.70023414	0.0648044697071
174.916539832	0.033866878169
135.071410217	0.0531796741686
148.767826834	0.0453488736691
137.323024379	0.0519700439823
157.334426991	0.0412153924601
134.632617543	0.0533519157743
150.329020283	0.0443366288809
137.64568577	0.051567974653
146.376802825	0.0464732945222
148.371271942	0.0458117918807
163.279612511	0.0385782170873
121.346077185	0.0622926846347
167.915214477	0.036623085091
163.056001472	0.0387913439184
162.418790192	0.0389317492744
129.862910896	0.0564351910782
175.798314585	0.0335048474991
130.635781148	0.0560639362944
144.19833089	0.0478426882407
151.75932961	0.0440349217235
148.687610201	0.0451805257892
170.455412831	0.0357216036046
166.93146695	0.0370985100113
136.556882389	0.0523828375755
173.542654871	0.0344232599207
136.325923052	0.0516378293054
179.760188077	0.0322504011932
121.732146022	0.0606268628405
150.865532497	0.0442878435799
183.322096165	0.0309943591393
145.376342261	0.0471723460107
145.684159341	0.0471495570229
179.027627938	0.0324462823182
186.205845755	0.0300296937241
149.956750892	0.0448650224073
150.575457573	0.0444995849756
149.341946612	0.0450285908808
163.533515434	0.038524788631
149.212136994	0.0451295918663
152.206796994	0.0436040522862
145.456638851	0.0470060765841
162.810535327	0.0387677196047
187.907027198	0.0294796633133
178.626853607	0.0326065771529
181.337862084	0.0316318533149
180.151238009	0.032093530243
183.219325596	0.0310046051219
163.936664523	0.0384027726942
168.245362242	0.0365704831699
189.238970241	0.0290343848778
149.58203735	0.0449850042346
156.356424933	0.0414987945228
177.48787519	0.0330143451397
168.611291099	0.0364042156463
171.010316889	0.0354652700443
184.14361555	0.0306748073669
148.897050956	0.0452784603841
164.73997529	0.0381045577725
182.866580015	0.0311310158206
148.883435478	0.0450955984307
185.222223607	0.0303071917954
153.666886336	0.0430019581006
180.547086328	0.0319296522241
163.077894655	0.0387025371375
167.891237959	0.0366877651019
149.870697785	0.0448222379464
152.854402426	0.0433267695681
142.969816885	0.0484024695772
149.559559387	0.0450433570645
146.784517228	0.0463455527316
171.46643356	0.0352835001429
178.343281074	0.0326885238887
138.633738988	0.0509736832264
171.805931805	0.035158771008
166.950418029	0.0371469287043
166.550552216	0.0371342565327
132.262760142	0.0541973316151
161.398541159	0.0393682209507
135.506697237	0.0523088722408
183.250302676	0.0309622860726
146.947260056	0.0460533078037
182.015461315	0.0313466137621
142.646409165	0.0483055318562
169.274067503	0.0362120994675
165.937155475	0.0373094630867
193.571670864	0.0276159896141
170.914151992	0.0353563952154
196.499601947	0.0267091807411
182.25102921	0.0312167188294
170.167254253	0.0358401102872
186.244956623	0.0298861594512
189.620022865	0.0288162118181
161.743808276	0.0392601883998
195.085827525	0.027163995768
182.36294497	0.0311641535458
196.309221561	0.0267850946403
164.540853616	0.0381275010507
190.119878825	0.0287181811384
179.00750026	0.0324430199122
164.050259953	0.038364011503
193.090057425	0.0277289619089
167.69097559	0.0368294438426
194.276595853	0.0273787102094
191.47710221	0.0282211721782
181.954007891	0.0314346975697
191.425986058	0.0282700060016
168.192655249	0.0364579147578
173.039471921	0.0347276332367
181.207859916	0.0315918897886
196.184868114	0.0268099471933
186.253452943	0.0298653594644
173.466599053	0.0344813489523
184.001826092	0.0306320149537
168.90731955	0.0362785904443
170.636549644	0.035599144372
173.761418271	0.034401498711
187.730396556	0.0294082982585
183.702123862	0.0308149303467
184.018789381	0.0306191555808
192.813170683	0.0278511440015
184.531806806	0.0305008534129
162.663392396	0.0389551740016
175.387600559	0.0337167765316
183.704427422	0.0308620825701
181.855048659	0.03136810413
186.434343457	0.0299139520005
187.905098666	0.0293562410058
183.914300354	0.0307872347464
186.816648096	0.0297136853912
167.728200989	0.0368353480018
183.189764802	0.0309528488774
164.982097675	0.0379696813211
179.106008138	0.0324237798799
167.501864806	0.0369150316456
190.975149793	0.0283992351684
174.777255221	0.0340637026574
185.057048567	0.0303041940784
178.254610406	0.0327668026875
165.344460212	0.0377984423697
161.33925343	0.0395353131103
168.522548283	0.0365032744284
161.887464479	0.0393301477781
171.733228574	0.0350738805619
160.928821153	0.0397544461
191.597608844	0.0281938657442
186.002662691	0.0300452327945
178.24078465	0.0325990439295
181.228855393	0.0316905979373
169.833270856	0.0357660173262
164.307033712	0.038318269095
178.800148462	0.0324040876361
168.237364231	0.0366676554894
189.09795741	0.0289545657035
185.103547334	0.0303648772272
173.801400401	0.0343266304731
174.94114603	0.0339982400968
169.909722453	0.0358695715382
161.764343957	0.0393983934348
189.537678717	0.0288301749439
161.343239322	0.0395917366319
190.719362826	0.0284453057949
175.609365795	0.0337868757359
176.084187746	0.0333882909945
177.614921014	0.0330340894831
167.188972306	0.0368062832375
163.35882154	0.0386776979077
171.261786658	0.0352437378327
168.676929916	0.0364635369553
181.116783615	0.0315816797482
178.868316352	0.0325479244044
175.294981294	0.0336571834741
183.823474405	0.0308030333258
184.659177254	0.0303575699147
180.078581227	0.0321306811606
175.13367254	0.033824055712
169.918867204	0.0359755911465
187.917955463	0.029326275614
181.30152081	0.031693733956
173.883217107	0.0342016282358
196.146098793	0.0268362776017
185.614528635	0.0300549249656
174.519358764	0.0341130146915
170.858437191	0.0353569151383
188.740802667	0.0291725030879
180.276221326	0.0319718850479
197.88033663	0.0263442947163
177.833800926	0.0328818839851
193.456728775	0.0276895407762
184.761030361	0.0303786646111
184.39528794	0.030636557773
177.906281826	0.0328901331802
183.972570019	0.0307357738815
194.005686384	0.0274740075778
202.754475987	0.024921625887
179.803485578	0.0322114576329
188.634842203	0.029226188921
202.077523639	0.0251394106502
191.081921222	0.0283810642054
199.500521103	0.0258483738571
199.636643454	0.0258346778348
189.774184341	0.0288439368639
203.520768801	0.0247098368853
186.150694538	0.0300371847298
186.518377755	0.0298606173458
183.996731828	0.0306918181496
199.108591164	0.0259765794145
192.104419354	0.0281007702008
197.616946957	0.0264263138459
186.67844835	0.0298450793855
187.283467493	0.0296280311875
184.812087639	0.0304636101025
193.122845042	0.0277943649409
199.128288564	0.0259604455919
200.214114672	0.025675601819
184.796193942	0.0303622223285
183.414023638	0.0309196425429
178.23399155	0.0326108081224
184.952684104	0.0304141255546
190.439741621	0.0285450521669
199.553746644	0.0258308113095
191.08505629	0.0283190278444
197.445592095	0.0264536847909
184.646581937	0.0303844030641
186.337246727	0.0299648787451
181.157552243	0.0315641115345
192.395949587	0.0280081736624
195.034488303	0.027137276178
194.185635111	0.0274623170811
192.07245443	0.0280201489755
184.838168218	0.0304725496888
179.411676934	0.0321958672545
192.642911027	0.0279207927103
186.87108693	0.0297413069134
194.768863179	0.0272481547271
192.668029362	0.0278464436514
196.907463233	0.0266091996204
181.052193704	0.0316188364605
195.306737966	0.0270909384375
185.457829237	0.0301309464615
193.064624981	0.0278115747108
195.341628902	0.0270650226028
197.483229134	0.0264428708442
180.949214303	0.0317716320821
192.929893324	0.0278570101361
185.881709083	0.0300134521422
188.429858305	0.0292805824418
192.881582418	0.0278091569435
199.364041658	0.025886287662
180.560269742	0.0319072789703
193.441382147	0.0276979155363
182.065427244	0.0312899380386
194.049717162	0.0274986580055
191.997474477	0.0280632201949
203.155535628	0.0248097838297
183.566624877	0.0307525837023
202.55834937	0.0249823077027
186.671581721	0.0297185272109
192.968028186	0.0278355903183
182.017295656	0.0313807991795
196.277946677	0.0268292929751
195.882365849	0.0268950203124
204.649809099	0.0243942400962
183.186084539	0.0309883096402
191.888263491	0.0281778883749
193.525569379	0.0276122539258
197.284487403	0.0265209268452
201.111414671	0.0254151181958
202.956252589	0.0249035112617
195.619800837	0.0270051305736
204.851689263	0.0243388454486
193.451381707	0.0276715597551
202.116672804	0.0251357533584
201.514540643	0.025307580762
201.997433017	0.0251314833983
191.903618271	0.0281582765005
198.267729252	0.0262083265576
190.53809585	0.028587610715
205.370178646	0.0242285290905
201.881344838	0.0252044388465
204.475423312	0.0244797224834
194.607749903	0.0273160495316
195.359225103	0.0270942840902
190.227623839	0.0286890692136
198.516771959	0.0261342511424
194.196938164	0.0274580816534
171.500016501	0.0351381388596
191.818168535	0.028186269952
191.164503989	0.0283727474025
198.149659063	0.026230900539
175.2107229	0.033739817582
187.005738407	0.0297127537355
185.741708476	0.0300241005409
197.945350018	0.0262909552699
185.871601393	0.030119515078
177.829904046	0.0329817473462
183.33970717	0.0309925678281
186.267702641	0.0299850793065
184.342055183	0.0306166175219
193.959308135	0.0274918318262
178.399596442	0.032660913526
189.02396742	0.0291209477889
181.030844034	0.0317769319048
187.274618739	0.0296724695002
183.274323582	0.0310370823465
188.462660403	0.0292596957658
200.055390247	0.0257174127655
192.054483659	0.0281269387869
193.022963927	0.0278197576049
186.990227571	0.0297491793001
176.001164025	0.033568307672
160.447003825	0.0398539408021
187.915148061	0.0294497072584
181.831671148	0.0315109291834
200.133123023	0.0256984558579
194.29241016	0.0274057039235
177.248031359	0.0331640228706
192.347346816	0.028026823279
192.070291438	0.0281252560026
188.872371064	0.0290228383354
189.898919903	0.0287682283522
190.799272302	0.0284718854934
172.387931215	0.0349515528494
196.626527994	0.0267022578139
192.39078071	0.0279894426915
184.124286109	0.0307454007883
185.799398309	0.030163994162
195.083793865	0.0271487211687
188.196744749	0.0292997851751
193.440843478	0.0276508776814
193.300616787	0.0276641525428
194.531736157	0.0273521706773
186.360965871	0.0299576536772
190.213205116	0.0286235032616
194.707320291	0.0272876815447
201.609548261	0.0252702626818
200.437352269	0.0255895657082
196.125191468	0.0268650529471
197.451920261	0.026468803231
194.732185713	0.0272895182332
196.343452185	0.0267688825928
194.120731116	0.0274577680555
179.787867455	0.0321820834397
189.672229993	0.0288552491353
194.271880457	0.0274494519939
187.306505016	0.0296006682891
185.156561015	0.0303752432047
180.376719817	0.0320139048635
183.910822875	0.0307135362591
193.406961074	0.0276998669561
175.06778677	0.033896152805
194.684269662	0.0273065423636
176.34912469	0.0333588560442
175.008613402	0.0338058504666
181.957719955	0.0313630186327
164.207990268	0.0380551881518
176.633136027	0.0333815036187
197.648140561	0.0264384251645
186.308502888	0.0300041895023
183.845805028	0.0307796101754
201.499841484	0.0252720265878
192.570795286	0.0279360221783
188.538704088	0.029218317916
185.520946518	0.0302147022588
185.511992725	0.0302108489714
191.711305046	0.02817117611
189.759688056	0.0288279377115
186.817094173	0.0296851644109
185.424016235	0.0302122585112
183.532342456	0.0308924626003
186.866733493	0.0297252080714
189.565862442	0.0288998566723
193.811107315	0.0275454889706
189.063326475	0.0290891220657
188.97182807	0.0290952507498
189.148919034	0.0290471751405
190.183053355	0.028707205795
201.753887171	0.0252395287071
195.256438414	0.0271117615013
195.624597742	0.0270204806315
194.941717834	0.0271903735954
201.976682328	0.0251506115045
190.118865412	0.0287238549111
202.860300814	0.0249055570501
199.062469071	0.0259738695422
196.558618755	0.0267021314387
190.302968302	0.0286690938732
192.786182449	0.0278498584776
195.133410218	0.0271799226605
195.794881623	0.0269259533202
193.04339699	0.0278168652546
189.017673714	0.0290482675193
194.375407062	0.0273513544822
183.271434256	0.0309329902779
189.306618173	0.0290137814707
187.281527329	0.0295519377343
194.721706157	0.0273070867684
185.940423153	0.0301169938021
181.651349852	0.0316049123527
186.508368784	0.029933813533
183.189325291	0.0310731746391
188.74677411	0.029139187915
185.680190656	0.0301490134793
183.493834051	0.0309514195322
180.883604601	0.0317498398271
200.579120126	0.0255651199661
204.682954636	0.0243967957862
180.713867533	0.0318698532342
184.973031538	0.0304058512649
184.675638619	0.0304525534423
198.67916664	0.0260721975762
196.591567265	0.0267185140674
197.765558447	0.026364475577
188.894964524	0.0291263021748
201.841621482	0.0251751767932
198.915926123	0.0260071993219
204.550234642	0.0244230204099
202.130715236	0.0250947738147
197.778478719	0.0263719902598
199.419344562	0.0258775233804
191.852382729	0.0281692641685
198.868056449	0.0260355027083
195.228130056	0.0271454707492
195.451807766	0.0270638392451
199.747918999	0.0257768248949
200.490809989	0.0255998162669
195.799204234	0.0269594090026
197.508994247	0.0264760051207
201.032730996	0.0254190480442
198.963900169	0.0260038031665
193.225794256	0.0277533060837
193.260574225	0.0277349595159
196.435368917	0.0267924533994
197.386072674	0.0264974268575
201.001318682	0.0254088153802
196.286483889	0.0268175503207
201.894498935	0.0251875752589
200.443593124	0.02561190004
202.985852746	0.0248845617935
197.553335235	0.0264205487601
201.087952894	0.0253949963333
201.321642204	0.0253183340832
200.146541261	0.0256787591064
195.255271916	0.0271291401192
198.79346508	0.0260642061414
195.186565331	0.0271478787548
196.311914534	0.0267789533992
201.371453107	0.0253378524271
200.76173351	0.0254744350881
195.819796751	0.026943044469
193.782457	0.0275589573856
196.290379502	0.0268069018303
195.061003394	0.0271453814113
197.258702687	0.0265112637036
198.602476601	0.0260897572819
200.340437826	0.0256301150982
203.215987134	0.0248156243943
203.709222032	0.0246651233555
199.940701354	0.0257203876785
197.839458654	0.0263469637756
197.245385881	0.0265155442055
204.898846878	0.0243578869309
205.445577037	0.0241887793185
201.444995818	0.0253230934123
203.119098	0.0248089734465
205.005916006	0.0243011982973
203.099668239	0.024816060416
198.436716008	0.0261750673728
201.045230601	0.0254028499497
203.624605417	0.0246892332894
199.813452686	0.0257557223488
199.031057227	0.0260253382264
201.72243716	0.0252346596097
202.188101233	0.0250733675617
197.369346254	0.0264771623562
196.993690745	0.0265964703489
200.186364656	0.0256809763154
198.699253032	0.0261115798006
202.055806568	0.0251120625255
196.208876515	0.0268454202912
199.234026708	0.0259490620625
201.751130484	0.0252266109377
203.856582684	0.0246405209746
199.41067193	0.0258733475449
202.276310013	0.0250452747105
203.112455214	0.024818408531
203.673151874	0.0246975342673
197.735876954	0.0263905881251
198.22912452	0.0262088250272
201.248183373	0.0253752449375
199.683956912	0.0257841683357
198.616122715	0.0261011806956
200.277799423	0.0256103517183
201.549641104	0.0252822301204
200.341967376	0.0256353527788
202.458426739	0.0250231259713
198.290361597	0.0262218168273
198.534893742	0.0261480991157
202.947137682	0.0249004836386
204.186680035	0.0245140729893
200.049287807	0.0256866583669
202.419195007	0.025004857041
204.768237449	0.0243850225463
203.104598821	0.0248537469427
203.22574745	0.0247769125761
203.898710776	0.0246337917268
204.167919391	0.0245570020836
204.616395628	0.0243899329257
200.047498063	0.025690240321
202.062828159	0.0251066285868
203.783414139	0.0246210780784
201.739216926	0.0252379193424
203.115795426	0.0248087605192
204.177711729	0.0245398245429
202.174177585	0.0250732135645
199.634431167	0.0258081335003
203.128400924	0.0248193343788
204.306793614	0.0245122908667
202.083283473	0.0251409881855
204.754333665	0.0243516336273
202.12780843	0.0251277972598
204.861283439	0.0243654955729
204.760055808	0.0243566031588
203.025877096	0.0248348048291
203.894729306	0.0245868957796
205.465686035	0.024200430744
203.261553574	0.024807894969
203.51320914	0.0246970753143
203.683348206	0.0246923077736
204.726182456	0.0244051021327
204.074095891	0.0245389048738
202.107881659	0.025092874372
204.422115562	0.0244422159638
205.623175276	0.0241378445212
205.428124676	0.0242135982136
206.524938906	0.0238885761003
203.963383534	0.0246118221227
206.697273946	0.0238247494366
207.584439315	0.023589105208
205.005313987	0.0242825178458
203.963736213	0.024573913688
206.217951086	0.023993090241
205.39939507	0.0242113772113
203.35589261	0.0247738193618
204.454267107	0.0244715319696
206.757415887	0.0238473956905
207.835044428	0.0235203859545
204.737886214	0.0243574584959
206.536830272	0.0238607533384
207.91088733	0.0235273937428
207.775125702	0.0235349760535
206.243159366	0.0239907924531
207.894346437	0.0235323908929
207.964396414	0.0234842996276
207.168084129	0.0236906710468
205.931501586	0.0240281951279
207.973949932	0.0235185776991
206.335583919	0.0239622528364
207.208738077	0.0236812195183
205.472168096	0.0241967321843
204.047360589	0.0245354184195
197.904429519	0.0263145218984
191.937527758	0.0281212879568
201.420368098	0.0253107542937
200.576683877	0.0255159196368
197.446781645	0.0264181914399
198.112371023	0.0262823348898
197.353498297	0.0264391891662
194.680383264	0.0272427480641
204.024895498	0.0245734941198
198.906236027	0.0260473127917
201.767695812	0.025168583416
207.257645346	0.0237019344875
205.049992217	0.0242515029805
201.98363433	0.0251692571332
199.734399797	0.0257526608999
200.309255873	0.0256115671897
198.527015374	0.0261388710786
201.743029957	0.0251866669495
206.254593981	0.0239389360298
202.790460846	0.0248929078298
200.33041467	0.0256260950645
203.185831554	0.0248045458425
201.776167066	0.0251869717925
204.962749087	0.0243380650599
204.849434425	0.0243117981509
202.153119226	0.0250784627951
201.074057164	0.0253723032506
204.495959829	0.024411807534
204.340604931	0.0244993026591
202.727918567	0.0248958577842
199.866898716	0.0257443915616
203.309897372	0.0247309438019
198.312185872	0.0261670956791
202.044097193	0.0250875686442
203.490509283	0.0246875247843
203.521767573	0.0247186506455
202.97076281	0.0248300342784
203.56254951	0.0247111709879
204.605471262	0.0243798682521
202.795024597	0.0249339677269
201.407791134	0.0253126365327
206.473748671	0.0238921617839
204.470324898	0.0244222602062
202.952548722	0.0248422521445
204.457559999	0.0244574877613
204.044536343	0.024534128402
201.695079568	0.0252261294115
204.102768865	0.0245140009435
202.376121398	0.0250343281146
205.240755553	0.0242010075912
203.150816072	0.0247793602065
204.258656333	0.0245245095991
203.02130811	0.0248666526731
204.728112342	0.0243613897009
204.005270226	0.0245842294009
204.516778416	0.0244227576339
204.109708644	0.0245622038947
205.396088498	0.024150248105
202.374016627	0.0249966921554
202.511582968	0.0249517887905
204.934528681	0.0242904621519
203.660975639	0.0246808201579
203.953626312	0.0245982521104
204.125953681	0.0245359601427
204.222173125	0.0245244035469
204.216266471	0.0245315747479
203.333670979	0.0247160946306
204.804827684	0.0243177698689
205.346710554	0.0241958678894
206.082763917	0.0240045200952
202.508047863	0.0250087459026
204.447666312	0.0244719023648
206.7172609	0.0238005257921
205.551546455	0.0241662984003
202.837728629	0.024917381709
207.056872253	0.0237291259279
207.126317753	0.023703939604
206.700055672	0.0237947353029
205.017251069	0.0243013778945
207.684775222	0.0235323761772
206.364053872	0.0239133633094
206.82827783	0.0237547236809
205.017875317	0.0242539987433
205.528426418	0.0241596492639
207.111545861	0.0237360382524
206.812720176	0.0238190463008
206.002636731	0.024040852154
208.401795817	0.0233949394333
208.150758656	0.0234066949608
207.132135474	0.023680728487
207.924177452	0.0234868071495
208.855144387	0.0232344105541
208.662218317	0.0233070375808
207.478131241	0.0236421933648
206.843760125	0.0238147489369
208.862650645	0.0232677974877
209.51451001	0.0230593166373
208.928841304	0.0232082570561
209.315581891	0.0231056312794
209.374024995	0.0230878299777
208.803375282	0.0232839945688
208.043263319	0.0234867463297
208.630478701	0.0233297970977
209.643234228	0.0230109170758
209.276720755	0.023130731708
208.943681773	0.0231878265979
208.237348192	0.0233827710637
209.137133461	0.0231861928792
210.388045932	0.0228304691691
210.17675383	0.0228798059347
209.170766277	0.023133676733
210.280476185	0.0228457751289
210.273310788	0.0228484894262
210.500775828	0.0227880026743
209.459760097	0.0230596250031
209.72156229	0.0229902744615
209.862436971	0.0229979526835
210.841841391	0.0227285940458
210.628138547	0.0227621624369
210.012014211	0.022959103131
210.939198823	0.0226789911346
210.324655561	0.0228668581997
210.821984723	0.0227330103013
210.823927654	0.0227055861673
210.286949139	0.0228903299443
210.896215697	0.0226832943637
209.606068958	0.0230184673183
210.856774525	0.0226937538252
210.995085578	0.0226635418878
211.149939602	0.0226267278362
210.746715607	0.0227217425627
210.311194955	0.0228340806069
210.890346903	0.0226866089402
210.542487949	0.0228212727849
210.79529835	0.0227092897283
210.175157161	0.0229153305468
209.769900339	0.023026751615
209.708643029	0.0230450724174
210.755387561	0.0227203866027
211.073590323	0.0226390568061
210.408237924	0.0228538756435
211.296252916	0.0225960580322
211.043820277	0.0226549841347
211.163001637	0.0226393302769
210.85307458	0.0226945536268
210.576519998	0.0228037302769
210.311207425	0.0228821397156
210.783641877	0.0227526499116
210.346047952	0.0228708982954
211.080908065	0.0226380124281
210.417188864	0.0228491228886
210.094692232	0.0229349189743
209.81612744	0.023009915801
209.476578721	0.0230949386144
210.817332485	0.0227252826954
210.537513753	0.0228112254617
210.480021416	0.0228297446038
210.473802788	0.022828045316
210.389063793	0.022817129712
210.204323668	0.0228990054367
209.462020203	0.0230966881861
210.298863293	0.0228721255306
209.801754054	0.0229633203382
210.216597562	0.0228707669427
209.908918362	0.0229413105741
209.704609668	0.0229830562837
210.011101324	0.0229331910689
209.98836512	0.02291356092
209.25060491	0.0231000891056
210.076344832	0.0228930880594
209.023307351	0.0231599980037
209.822457844	0.0229942847271
210.043389954	0.0229184969273
209.917092757	0.0229397395421
209.676910366	0.023037514606
209.885330825	0.0229767784141
209.042128654	0.0232075720301
208.827626483	0.0232632730011
209.826058067	0.0229928888403
209.592724101	0.0230615756253
209.803707385	0.0229993070316
209.734788473	0.0230145668597
209.737981609	0.0229942274086
209.948780637	0.0229571841301
210.009383361	0.0229392498215
209.857954891	0.0229506551822
210.325624123	0.0228445256904
209.646805141	0.0229985391663
209.595266768	0.0230108698919
209.705261711	0.0229807978708
209.783936254	0.0229614738135
210.182763775	0.0228581214989
210.309059696	0.022869127995
210.375768827	0.0228453048399
210.023704963	0.0229475152997
210.33458186	0.0228607019927
210.164718552	0.0229057773063
210.116632852	0.0229212415129
210.043228565	0.0229305051554
210.455371039	0.0227907624132
209.728062188	0.0230138370936
210.019384799	0.0229485857334
210.161419373	0.0229103561633
210.528025592	0.0228041131519
210.434370832	0.0227954400047
209.718184467	0.0229765056661
210.60004166	0.022782715747
210.267196012	0.0228396040617
210.874132276	0.0226800149551
210.067304782	0.0229162770251
210.792867243	0.0227040890836
209.761045446	0.0230092086022
211.098534922	0.0226576272425
210.571579019	0.0227828341793
211.014881364	0.0226556982495
210.416065395	0.0228095554652
210.719721288	0.0227201713805
210.194066596	0.0228518269423
210.815677838	0.0226940454199
210.697151304	0.0227295483301
211.221942307	0.0226268324173
210.621156105	0.022790142915
210.793617611	0.0227438060458
211.029099309	0.0226728004725
211.052477955	0.0226391637982
210.757250658	0.0227228597229
211.302531114	0.0225803258377
210.914368412	0.0226838686474
211.490972807	0.0225272788454
210.920698993	0.0226792941759
211.264006903	0.0225831471997
210.655409779	0.0227661325701
211.134670535	0.0226609598844
210.204214713	0.0228973763622
211.660037917	0.0225033317105
211.011559694	0.0226866630457
211.674259241	0.0225026210378
211.123140454	0.0226439403033
211.55297364	0.0225501406227
211.308740425	0.0225851987569
211.604234916	0.0225344932171
210.945571501	0.022705905808
211.880712661	0.0224457309402
211.451118314	0.0225484578056
211.742978452	0.0224826182553
211.211313865	0.0226351829884
211.429932588	0.0225842823828
211.576431243	0.0225214472087
211.845126111	0.02245889391
211.629553838	0.0224965789817
211.46317788	0.0225301074847
211.773871747	0.0224646152382
211.812065098	0.0224659735644
211.678030468	0.0225106782473
211.871272578	0.0224604947947
211.696647216	0.0225079147869
211.633775772	0.0225290177388
211.932568235	0.0224397058142
211.865723111	0.0224418579936
211.981612237	0.0224203393242
211.76089496	0.0224930258479
211.936017352	0.0224448788171
211.869924496	0.0224463748006
212.101662545	0.0223837842837
211.856946289	0.0224624833259
212.0417371	0.0224137360969
211.955432214	0.0224161463012
211.739316015	0.0224578140924
212.026162642	0.0224018738852
211.978358531	0.0224059161853
211.964262474	0.0224268256377
212.142582157	0.0223868395099
211.915067013	0.0224268028723
212.007903032	0.0224226268853
212.100618707	0.0223867354511
212.003472015	0.0224238869825
211.916042795	0.0224533370014
212.208068906	0.0223621244864
211.898735142	0.022453924251
212.461337033	0.0222976751248
212.136324133	0.0223658460899
212.551054919	0.0222565302557
212.347715056	0.0223291529952
212.937997928	0.0221633958572
212.742656503	0.02221639263
213.300569849	0.0220723932823
213.173643499	0.0220928789978
213.828873634	0.0219274353054
214.327245545	0.0218294597632
215.03244495	0.0216424990746
215.496265335	0.0215232806397
216.421115587	0.0212974426757
217.079420802	0.0211566205396
217.869895757	0.020974447862
218.308894031	0.0208820466175
219.037504446	0.02068866755
219.312726953	0.0206381517179
219.953943915	0.0204747459375
219.967035653	0.0204870202427
220.254587302	0.0204245120696
220.2932569	0.0204183204627
220.744613861	0.0202935820484
220.406625097	0.0203620409136
220.894090424	0.0202463231973
220.549132496	0.0203347686765
221.135525149	0.0202150590086
220.84282302	0.0202785020721
221.347783265	0.020166772302
221.053866931	0.020229098677
221.668165827	0.0200937123794
221.202574971	0.020209487334
222.015675036	0.0200117634189
221.433903765	0.0201533013271
222.15701232	0.0199868419467
221.830913526	0.0200462880766
222.461100941	0.0199078763454
222.09497804	0.0199946249494
222.675151896	0.0198499031677
222.385840121	0.0199288897982
222.968804564	0.0197961197718
222.653917787	0.0198712160677
223.100095335	0.0197619360779
225.21618055	0.0192958055371
229.842276272	0.0183232778158
233.916013685	0.01750505545
237.391566525	0.0168442616595
240.845360591	0.0162004421712
243.942522712	0.0156515204541
246.81431178	0.0151664561367
249.432209251	0.0147236957509
251.760364789	0.0143574161213
253.897958356	0.0140291611593
256.092861622	0.0136965771851
257.72144288	0.0134481649374
259.172431712	0.0132358639602
260.520912156	0.0130388467633
261.695041664	0.0128790497252
263.501512032	0.012624025816
264.917880466	0.0124313321222
266.4840031	0.0122133572676
267.473542044	0.0120773011499
268.174836681	0.0119841554766
269.06841162	0.0118628356833
270.138656108	0.011716938534
270.798719319	0.0116283394111
271.285112999	0.0115665050695
271.788551727	0.0114973962929
272.174258579	0.0114527563846
272.715675208	0.0113833819366
273.39524049	0.0112919373855
273.512158797	0.0112781981481
273.865722259	0.0112326438569
273.861037913	0.0112344278299
273.941801576	0.011227492896
273.819627578	0.011238717249
273.798439839	0.0112434226245
273.138314632	0.0113346988431
273.323138778	0.0113015221661
273.093839638	0.0113358514538
272.862125592	0.0113625692884
272.186946528	0.0114509093661
271.2673959	0.0115746616957
270.928341095	0.0116248809809
271.05677544	0.0116021344707
269.92435977	0.011758736191
269.99929429	0.0117391244411
269.472889563	0.0118074379411
269.545836178	0.0117973967387
269.506522157	0.0118012584433
269.115397366	0.0118518248526
269.140156065	0.0118407634258
268.330793448	0.011944316164
267.226817248	0.0120984385863
267.881296062	0.012008155433
267.893151101	0.0120070469145
269.724873629	0.0117606853808