100	-0.04494	0.0	1.0	1.54730394713e-17	0.0
104	-0.03385	0.0	0.717225167649	0.282745514867	2.93174835751e-05
105	-0.03785	0.0	0.0	1.0	0.0
107	-0.03908	0.0	0.0	1.0	0.0
11	-0.09853	1.0	0.0	0.0	0.0
113	-0.04558	1.0	0.0	0.0	0.0
114	-0.007204	0.0	0.0	1.0	0.0
115	0.001389	1.0	0.0	0.0	0.0
116	0.04501	0.0	0.99999958472	4.15279985573e-07	0.0
117	0.04018	0.0	1.0	0.0	0.0
118	0.06879	0.0	1.0	0.0	0.0
119	0.09995	0.0	0.0	0.0	1.0
121	0.1115	0.0	0.0	0.0	1.0
125	0.1946	0.0	0.0	0.0	1.0
126	0.4882	0.0	1.0	0.0	0.0
127	0.6293	0.0	0.0	0.0	1.0
128	2.289	0.0	0.000168341091338	0.0	0.999831658909
165	-0.07557	0.0	1.0	0.0	0.0
166	-0.1041	0.0	0.997546920093	0.0	0.0024530799068
167	-0.1706	0.0	1.0	0.0	0.0
168	-0.1396	0.0	0.0	0.0	1.0
17	-0.1299	1.0	0.0	0.0	0.0
170	-0.1033	0.0	0.0	1.0	0.0
172	-0.08506	0.0	1.0	0.0	0.0
175	-0.09798	0.0	1.0	0.0	0.0
176	-0.06675	0.0	0.0	1.0	0.0
178	-0.06606	0.0	0.0	1.0	0.0
189	-0.02545	0.0	0.0	1.0	0.0
190	-0.02299	0.340735558892	0.0	0.659264441108	0.0
191	-0.02499	0.0	0.0	1.0	0.0
192	-0.02163	0.0	0.0	1.0	0.0
193	-0.02629	1.0	0.0	0.0	0.0
194	-0.009393	0.999961683437	0.0	3.83165631666e-05	0.0
195	-0.008166	1.0	0.0	0.0	0.0
196	0.01645	1.0	0.0	0.0	0.0
197	0.02049	0.00753739547358	0.0	0.992462604526	0.0
198	0.05383	1.0	0.0	6.39348366303e-73	0.0
199	0.07189	1.0	0.0	0.0	0.0
200	0.1039	0.0	0.0	1.0	0.0
201	0.07239	1.0	0.0	0.0	0.0
202	0.02682	0.494059613213	0.0	0.505940386787	0.0
206	-0.004422	0.849549791493	0.0	0.150450208507	0.0
207	0.002112	1.0	0.0	0.0	0.0
208	-0.01593	2.81790907045e-14	0.0	1.0	0.0
211	-0.01741	0.0	0.0	1.0	0.0
23	-0.08978	0.498392921326	0.0	0.501607078674	0.0
24	-0.07876	0.0	0.0	1.0	0.0
25	-0.08597	1.0	0.0	0.0	0.0
26	-0.0889	0.0	0.0	1.0	0.0
39	-0.0737	0.0	1.0	0.0	0.0
40	-0.05804	0.0	0.00808846259469	0.0	0.991911537405
41	-0.04253	0.0	1.0	0.0	0.0
42	-0.01659	0.0	0.999977567404	0.0	2.2432596055e-05
43	-0.02775	0.0	1.0	0.0	0.0
45	-0.03704	0.0	0.455091082729	0.0	0.544908917271
46	-0.0413	0.0	1.0	0.0	0.0
47	-0.0213	0.0	0.0	0.0	1.0
48	-0.02563	0.0	0.61452786607	0.0	0.38547213393
49	-0.04154	0.0	1.0	0.0	0.0
53	-0.05844	0.0	0.0	0.0	1.0
54	-0.03584	0.0	0.584726694001	0.0	0.415273305999
6	-0.06694	0.0	0.0	1.0	0.0
61	-0.06919	0.0	1.0	0.0	0.0
62	-0.0492	0.0	0.0	0.0	1.0
63	-0.04892	0.0	0.0	0.0	1.0
64	-0.06121	0.0	0.0	0.0	1.0
65	-0.05714	0.0	1.0	0.0	0.0
66	-0.05449	0.0	1.0	0.0	0.0
67	-0.05911	0.0	0.0	0.0	1.0
68	-0.06435	0.0	1.0	0.0	0.0
69	-0.05531	0.0	1.0	0.0	0.0
7	-0.08579	0.0	1.0	0.0	0.0
70	-0.05363	0.0	0.0	0.0	1.0
72	-0.05853	0.0	0.0	0.0	1.0
73	-0.05252	0.0	0.0	0.0	1.0
74	-0.05396	0.0	0.908050274482	0.0	0.091949725518
76	-0.05901	0.0	0.429539576814	0.0	0.570460423186
79	-0.05321	0.0	0.0	1.0	0.0
80	-0.05316	0.892033479588	0.0	0.107966520412	0.0
84	-0.1205	0.0	0.0	1.0	0.0
86	-0.1013	0.0	1.0	0.0	0.0
90	-0.05889	0.0	1.0	0.0	0.0
91	-0.05722	0.0	0.0	0.523972175965	0.476027824035
92	-0.06469	0.0	0.00140682112244	0.0	0.998593178878
94	-0.04931	0.0	1.0	3.25560371603e-271	0.0
95	-0.05024	0.0	0.9992204727	0.0	0.000779527299893
97	-0.0457	0.0	0.294225716653	0.705774283347	0.0
98	-0.04139	0.0	1.0	1.13011848831e-18	7.97344106696e-15
99	-0.04398	0.0	6.520451352e-12	0.999999999993	0.0