-68.3012183082	0.523832806512
2.67121965395	0.235270488366
12.5700045841	0.208504987303
56.9097641903	0.128049209978
9.3857033924	0.212430777641
-9.70076830874	0.266709266515
23.0291144361	0.182250944061
-9.03258097056	0.268632246638
5.70182910564	0.226467639708
25.1415377392	0.176993344453
9.43495349897	0.214023957647
-7.09258936088	0.261910459523
-37.9033869398	0.37215780253
-8.26565453334	0.26639157479
25.7130591356	0.179370697056
11.004777664	0.20829745444
-10.9072992626	0.274189691211
-41.9336916241	0.389424209586
28.452834883	0.172618330662
11.994019798	0.207060039803
-12.2485986434	0.274603122782
26.6094595323	0.174376397555
18.3952053205	0.191203563433
-2.08172771092	0.243784940884
-21.0892989663	0.302587714735
22.8992227346	0.183899400797
24.9133656089	0.180729463743
21.708245089	0.182951546639
17.1799485252	0.195588667452
38.5360965595	0.151513098554
-41.3698182766	0.386902305173
-18.5006846856	0.298029521947
-37.3747746232	0.368509380173
5.18523037262	0.220729103217
21.187955116	0.187224494656
39.0487721865	0.15303761921
22.6450154866	0.186714712562
17.4913794093	0.195498784195
-31.5348015139	0.342446307272
-15.2158878003	0.288142818144
109.759199038	0.0710275248282
-41.8920612599	0.38492520862
-18.1094544877	0.296396056236
16.4984233715	0.195581200491
22.7778967836	0.182576806245
-66.8110759577	0.515040840177
-41.7600112657	0.388637074381
14.3593800108	0.200195986645
26.620529477	0.173525293126
-54.9705069107	0.451183151888
-1.62478731496	0.244315622053
43.4953522801	0.144485315359
6.40952628754	0.221050036179
10.6722730975	0.214317716657
28.7251942598	0.169554309095
7.91181685564	0.218735689373
62.9439728728	0.119757432397
13.2430271492	0.209081685356
31.8782112045	0.164131447017
-6.09759145997	0.259000261819
31.9347161776	0.164142869167
-2.3381175645	0.246384399887
2.38108753567	0.230077915251
26.9797860574	0.17651135656
-14.7522814684	0.286289233185
4.33759181197	0.230098712242
58.297761474	0.123028077319
33.3241319428	0.16075078545
4.32593935998	0.225976284926
-9.23844915027	0.267456003118
13.0510621316	0.20123750545
41.6868986583	0.14606005809
10.6741654359	0.213567209308
-18.1343252353	0.298029476007
-34.2788173733	0.35460735028
39.2474405497	0.15021585573
4.36491494392	0.223134201202
26.6073531928	0.175591879713
19.2473712429	0.192927018875
45.2084558156	0.141386187706
24.7070921284	0.182977498987
3.07904231928	0.230287273135
9.58702551282	0.209110261811
80.4092563327	0.0962900534413
34.9173043203	0.157692645496
2.20311415784	0.234445162777
-33.6659779466	0.35412138128
-29.7180990047	0.33479957259
36.9522638222	0.159288412089
3.92483637819	0.2269627942
37.6475184858	0.158818281633
26.6932050729	0.176557140524
20.8603816333	0.185986994509
-32.4123742979	0.345718788178
-21.808201052	0.305117579577
16.0919967724	0.201316569336
2.19711861775	0.227551447253
2.78062756813	0.232307876019
-29.5988323233	0.334988725139
-16.6333055	0.291991403167
93.7065823903	0.0850281642716
45.9311682644	0.141490908386
58.4385497294	0.125666236578
-15.5070760127	0.281108164117
36.0616640557	0.161482861164
-10.0623762123	0.267485385227
-25.2296365145	0.322678802629
36.2801255451	0.159576267993
21.4604420409	0.189266629429
18.6366705285	0.188598590038
28.8075670305	0.171645532957
29.2529373547	0.174577042761
-35.2515534506	0.357117058798
21.3118842206	0.185298195002
-5.71441348402	0.255390376007
-4.08280606672	0.248067080433
20.763777581	0.191136650149
25.0556268428	0.182192228672
17.3398532617	0.198376595767
141.935302439	0.0483469143104
25.2906315721	0.179825111845
46.6755603684	0.138999081263
16.2996043686	0.202011245373
24.1822714305	0.181946671388
24.4574829871	0.180002433513
17.9159255209	0.195547368267
16.65561455	0.19504669491
102.940572978	0.0764824134134
17.8423106024	0.192891963714
133.145324762	0.054281984205
13.4014370728	0.203486463669
158.522926295	0.0402503829403
22.9474971978	0.184140394693
132.923247133	0.0543084341086
19.5401486004	0.189002186264
70.9298383551	0.109541555092
-5.47830163158	0.25486987588
-3.66298309568	0.250565948748
1.51978436874	0.235017773672
25.4941679435	0.179314130592
19.8857869374	0.192860688967
70.4261374295	0.110051227622
21.9087996609	0.184524358259
-5.7364713894	0.256706340832
-0.266970814665	0.239571472378
40.9453580148	0.153090515088
26.7414655551	0.174267122024
19.274173414	0.189929487339
-18.7365990266	0.297190665797
31.4170717956	0.165334644377
22.0095474807	0.186917227829
8.42304363226	0.220178665013
8.20063295862	0.219447263131
83.556198598	0.0935687943142
44.8301431052	0.146217348288
17.2097052245	0.195127371511
57.9929502191	0.123185765074
28.7545346544	0.170544345295
30.9006027144	0.167845426891
145.040598258	0.0469911660278
26.3837723656	0.177132627867
84.0342814961	0.0945566930872
-9.59388744329	0.266194284882
28.845279586	0.169713324424
-9.01620045696	0.268751529197
-1.55778639901	0.246102396721
68.9591733154	0.109085454349
32.4308664029	0.162690252762
10.1869304989	0.21313172602
34.6817626951	0.158288993339
7.9603734754	0.21600632082
92.1044955472	0.0847841614501
64.2783282495	0.117078448806
9.83532688412	0.217023738256
37.9116927302	0.158375657105
7.53520567434	0.223001116414
18.652367355	0.196724152643
-3.94128001552	0.253893107542
53.5572924399	0.132930362816
-12.9784478732	0.281132244441
100.917655029	0.0761842514454
57.3179197894	0.123829792395
130.207170626	0.0564090715884
12.4251400887	0.210665646147
4.1076118859	0.231314588796
45.5263808439	0.142377877322
108.192546555	0.0723372063957
93.0246905412	0.08571443412
29.4592069822	0.171105288475
31.0960983926	0.167610693033
16.8740615698	0.19950739216
31.7722606619	0.169677610455
24.7726489446	0.183603089474
23.4497963618	0.180551970279
5.2844520184	0.227031029969
27.7068728589	0.17528807159
24.7161887512	0.182331150078
10.7463953882	0.214034691417
102.167998676	0.0773406397278
18.1078679132	0.194704823619
63.0550008306	0.119460170466
24.0109713019	0.181662991855
55.175027043	0.127040077202
91.8771865559	0.0844862315199
22.0476622742	0.186039523218
-11.3882535543	0.273056466091
-1.60237373296	0.243114098592
7.02326313061	0.223484070279
122.617398324	0.0612541557054
55.478187924	0.129778221423
24.3081145615	0.182219982209
43.7927487361	0.144160830533
17.0276525158	0.196537038369
5.28439309744	0.225912954572
88.924579376	0.0897332745335
80.9431707607	0.0973275956948
5.0111144863	0.227095556893
23.7515639943	0.18344336205
27.8804437	0.173566785407
-11.6391846902	0.276856767668
33.0906044199	0.16427090965
23.6206203337	0.180620703867
-7.76700301465	0.260596224494
30.1151359869	0.1723958057
69.324855067	0.111433638033
11.8905671467	0.207392953643
70.0730307751	0.110674476544
21.6361180398	0.188129967651
107.616222844	0.0727635228936
29.1283217423	0.171302054211
73.3205253668	0.103916214882
18.908984109	0.194401266423
27.1681276148	0.176485424088
26.4730265252	0.177797912449
19.2409530203	0.192910416045
21.0814232828	0.186949158308
26.384433335	0.175217069368
-8.5133578762	0.259207468115
139.22159091	0.0508914944442
74.2341782999	0.105484994092
23.2178882738	0.184830684401
57.6466713774	0.125820009607
103.485307224	0.0742948433013
51.8361305422	0.135181808807
33.8761724873	0.165717858901
9.47371410948	0.217373000451
42.5386523645	0.150201599723
123.924404725	0.0602533757149
34.8932125601	0.163160259792
145.554045394	0.0471137403588
99.1728861552	0.0800423941172
116.749055084	0.0649268694775
99.2051382637	0.079957488191
60.2948794459	0.123343320175
14.969592555	0.202876670964
27.8748560491	0.174416740059
20.5826492642	0.191371221566
170.725463251	0.0355818492868
42.9828443853	0.149533299466
23.8228302616	0.18446586363
14.5667253719	0.204109157852
21.8648295382	0.188152123381
28.0331345391	0.174342824323
32.101499146	0.163763273744
60.9115156936	0.119346057324
77.37231742	0.0999422444412
110.736128895	0.0703035964193
105.161907922	0.0744531976972
41.0091556596	0.146822015707
24.573858302	0.178445499629
49.4681149492	0.138947003408
86.993196072	0.0895416297515
31.8721143857	0.164780241807
56.6403371613	0.128209040648
37.8381198713	0.158088033216
114.665060689	0.067107349708
50.9922056447	0.133921049788
18.2037318745	0.194445033139
23.5552188382	0.180609898421
30.097058751	0.170017027256
5.37297321478	0.223632880361
15.9834450104	0.202651596641
81.2326000936	0.0976677257555
23.6188177548	0.18316285553
74.8327359531	0.102396243027
16.0608267633	0.202101141126
75.4250603917	0.101439397785
33.5460869089	0.161138484433
24.2852608965	0.179126959072
49.2617684249	0.13509677239
29.1570311941	0.168949245175
29.6115799265	0.166958490788
33.8280772281	0.160572611359
36.9529404475	0.154158590817
31.1038475773	0.166371378863
33.4357003562	0.159952038796
32.8288949347	0.16169392701
12.8932762935	0.204258366821
34.2476914001	0.161087090826
55.6990835143	0.125641963109
32.13014021	0.16564371133
16.4785004625	0.197977589858
85.1457514579	0.0936186288645
77.8591810192	0.101429758876
71.3770332206	0.106138092076
29.4867423724	0.168375155097
30.8568612336	0.165794454656
42.9376557629	0.146083671318
20.3144953009	0.188668805547
36.8948717294	0.154910083262
62.1712832809	0.117701482633
18.4466734891	0.194950479144
157.948615376	0.0410508029343
34.8904470752	0.160668867007
102.773001814	0.0768389038197
69.829316083	0.110724146453
52.9734615388	0.130089908314
40.0276736495	0.148800131165
23.1670027295	0.183151588555
48.2606097267	0.140783230871
33.8562599787	0.162498324262
41.9782268137	0.145942588287
58.0412645489	0.122478274633
104.284861294	0.0756001954736
53.1688894463	0.132411045269
94.352274188	0.0829128488626
126.725695195	0.0580232140042
131.961195136	0.0541242552204
135.348288694	0.0521453504073
135.431860133	0.0531253181808
39.5779887516	0.149638049498
25.0261610079	0.17748740356
22.4024217403	0.186603141534
123.647772245	0.0607297759182
29.4686607925	0.172931626014
32.0238051526	0.167314126813
29.9837388716	0.170896609551
26.9873697294	0.176646864711
25.8698757287	0.175919877528
49.0695468417	0.138055445156
121.687834595	0.0609048986512
94.5693693318	0.0836832350053
9.1036543057	0.218797185817
72.7950510326	0.104563077282
139.685336717	0.0505420842126
102.63623478	0.0769621842041
93.6474220548	0.0831591475531
149.118949959	0.0449928311641
27.3546133543	0.172426043272
150.279395948	0.044808661994
29.7105199202	0.171775383166
81.8805537837	0.0951084884498
59.4947792363	0.122673926871
71.8401869478	0.10556214899
63.1076831465	0.116945531769
52.1693249806	0.130211377442
21.6074697089	0.18552644234
27.1525064862	0.178654279641
21.9592761261	0.188671533612
41.0408150925	0.14720690318
123.242178639	0.061013147576
30.4495479202	0.17101531159
28.0355892167	0.175205249235
20.4009552366	0.190691508827
72.7691444677	0.104413626727
32.8704678535	0.162651645531
32.2451116932	0.164653305551
56.66550355	0.126213424575
16.8226633296	0.200765271864
53.816065312	0.132205953608
48.1388641227	0.137473017396
40.8443043565	0.147923341903
78.4648419277	0.100690793134
121.820481467	0.0619492882141
34.4833703298	0.159060235408
38.4233428229	0.151699665469
63.910297096	0.118242158261
92.3095126274	0.0863942897187
130.991178689	0.0558786766944
127.758713294	0.0579574890808
87.0112540974	0.0915985226396
31.5753047247	0.169154492144
109.244505511	0.0695125816556
91.3808999103	0.0852149054837
58.4730911958	0.12556726288
31.9117846939	0.164591762449
137.934060795	0.0513912971678
157.526255442	0.0408931290214
63.4958441348	0.118980277769
24.3048328189	0.177727566017
119.709350415	0.0631947045467
92.0824710336	0.0866115397932
89.5916781007	0.088983277678
88.6275009624	0.0884053431691
57.221654962	0.127496432793
34.7738481863	0.163638970055
47.4695418738	0.141942804418
88.2955518357	0.0902979061387
81.3897261344	0.0975403275626
84.0057783917	0.0925348648151
82.2108691341	0.0945775832957
82.7717050012	0.0950140156245
38.8883940359	0.155803295286
35.0150356193	0.158108987326
115.339364651	0.0649049114941
85.8956988216	0.0927253455293
91.3198227646	0.086986153403
30.9557154334	0.170916353611
57.186062749	0.125125189435
40.534203778	0.151020419231
83.0665704938	0.0933850880456
46.0862047944	0.144091138401
33.6857503442	0.162328673053
36.8942217136	0.159207293049
77.2352574789	0.0999061349686
59.5736451887	0.121257127942
61.7372360446	0.118112718121
50.8613086719	0.134279405902
32.1292019798	0.164822695915
51.661485628	0.1329484185
104.206048498	0.0755729171943
65.1526061873	0.11393404138
82.4914032157	0.0938593604855
59.1825633625	0.124524879715
156.002351597	0.0417997571149
34.8002914382	0.158644667101
40.5187080183	0.14807186536
80.2243963831	0.0987040369418
98.8343962007	0.0802990753955
32.8936836233	0.165780084767
33.7735590485	0.164447073997
57.03038554	0.123761253042
51.2401386011	0.131923367827
118.20218645	0.0638832278872
68.1194661522	0.112835826218
111.774053215	0.0673471716887
122.834612861	0.0613181135715
112.41398865	0.0669863887194
107.057226276	0.0723586701016
106.918499192	0.0733957585803
57.5330343311	0.126790539965
58.5169394179	0.125364357594
95.8537278366	0.0814312013075
76.3960196442	0.103022243794
62.8566390385	0.119561094055
65.9796308933	0.112943746038
32.8198645132	0.165265667672
152.276767679	0.0437903724089
89.293212661	0.0892642700019
109.358037349	0.0692446741094
60.9664553037	0.119064183333
61.9823003652	0.117476655857
91.6806800395	0.086946157798
72.5542183852	0.107426293889
160.999028396	0.0396172660263
67.0853751166	0.111467350807
66.7788104796	0.111421606719
70.4602587702	0.10700570481
136.726848715	0.0516136247613
123.519421953	0.0608186984678
100.014944281	0.0792388654788
70.1766866323	0.110282362131
119.555326563	0.0633951717306
110.621960592	0.0702914345935
69.5405408205	0.109439167362
83.0187926262	0.0957214069768
38.6860365048	0.156678979907
134.163825106	0.0539014873238
83.0389788338	0.0929669469031
66.4495928976	0.114941901153
33.6526363849	0.165192772163
83.6628965964	0.0949862971838
86.8970352115	0.0918131538313
136.766864417	0.0513129144366
68.422328108	0.109520258602
142.992576547	0.0487058581022
89.1153539321	0.0894878185283
107.808973755	0.0726412731538
111.22142307	0.069893100515
113.784362419	0.0663730861718
74.0711570125	0.102754159335
60.9512067143	0.118546539368
51.7845285642	0.131536151661
59.3411202836	0.121905235923
51.2133429952	0.131705396964
60.2413869264	0.119439251311
115.745649665	0.0650499186528
57.3336721616	0.12698000004
76.7951338199	0.100819997417
136.718904414	0.0523533245074
138.487847471	0.0512922104657
117.649308612	0.0631546168813
128.849067368	0.0564987030384
95.5375735132	0.0810040826842
178.984669824	0.0325297659942
57.7478701129	0.126456992793
110.647290947	0.0682699868209
132.53944326	0.0548379390466
113.59935406	0.0660078189655
100.158873284	0.0779966513495
116.843231397	0.0656181169057
60.2712840051	0.122982446302
105.422926904	0.0743818817553
89.099428121	0.0871311179295
79.2266118189	0.0998080794699
49.3789182414	0.138691771294
188.678787964	0.0291887673301
169.747504386	0.0361117291227
149.493482021	0.0452122512763
62.2424196843	0.12040171491
149.026270211	0.0454827855148
104.05319492	0.0739352169865
100.226197665	0.079112519139
109.976209828	0.0694127939157
118.730023069	0.0642048071769
152.791099284	0.0430664326116
189.5077401	0.0289260116255
62.7391216852	0.11973419276
119.309311522	0.0620048720327
166.474889224	0.0373623927194
156.176159339	0.0420442788803
92.1559321249	0.086497932797
120.43933628	0.0618162891356
83.3912944221	0.0924985031255
95.9213263696	0.0829939799629
171.991934169	0.035247030904
137.110690037	0.0516234590358
138.219473329	0.051392610418
160.168221383	0.0397993563063
76.806854003	0.0997997592245
103.074023404	0.0749173723799
105.652833505	0.0744389801162
144.579178907	0.0478079812986
138.591889966	0.0512668831693
77.1111824991	0.102332495736
100.727021662	0.0786621747639
85.4570101423	0.0932703019056
187.329209179	0.0296774915073
97.5272521725	0.0792969192984
99.1981297631	0.0799472717618
84.5829355358	0.0922387067148
80.9354820428	0.098004118202
168.861858564	0.0364549258314
86.7206938392	0.09064449135
95.6597494594	0.0832067415524
92.7904770509	0.085979390285
142.921607599	0.048830617529
154.106367165	0.0430533574423
94.0824351795	0.084682787396
149.463655226	0.0450052727686
133.629731613	0.0542110132392
160.164066696	0.0402036527198
73.3374259956	0.106492898219
131.117537445	0.055165386139
206.590568493	0.0238320392579
141.36619889	0.0497183463001
218.397076991	0.0208533203132
111.343303291	0.0679213239119
108.574582578	0.070078418947
97.3408065303	0.0796293816095
121.329168365	0.0623735826206
152.561216149	0.0436849562385
106.745390302	0.0734796141673
112.090051639	0.0691777535791
168.684987078	0.0361517028615
131.023616589	0.0554959947138
112.443487631	0.0689659364564
211.047093601	0.0226806162292
164.124487807	0.0381921152374
214.972620426	0.0216842937662
144.451568222	0.0479234347731
129.124654748	0.0569874761408
120.567348948	0.0629155545694
85.2212936953	0.0915474983384
76.9268213532	0.0997104296313
140.62633912	0.0501354294328
115.975042663	0.0662809971865
76.2452629083	0.103172250143
124.532077768	0.0599625006497
137.320001462	0.0511498230912
76.7670185317	0.10256158456
84.6505201731	0.0940422383386
127.310299419	0.0582712835373
226.022980099	0.0191024381819
131.68018171	0.0554485701975
202.452898239	0.0250028845932
159.629230127	0.0404005477618
138.527825073	0.0513333263065
120.036981768	0.0623188074291
157.031315894	0.041685917444
173.597730625	0.0345132818676
80.2623422487	0.0987125993516
105.986436991	0.0726162883042
109.556313147	0.0712561679337
160.493990285	0.0397284568847
136.931914606	0.0522684467721
199.753080784	0.0257765834906
145.946850213	0.0472179402827
131.792980185	0.0553830198154
110.698794658	0.0703264230498
78.9900170295	0.100086176041
93.2490820489	0.0854936216494
174.088540286	0.0344515726979
205.864075214	0.0240029037925
108.6905787	0.0699850998695
138.79408175	0.0508803192096
104.843225871	0.0751040222673
80.4389988967	0.0985272594951
125.503637442	0.0594815282798
82.9421333707	0.095909758064
144.051271851	0.0478726196594
133.582841851	0.0532480312379
158.59682364	0.040898305059
149.82016297	0.0448863720533
128.407730481	0.0563033943676
115.338739756	0.0667323570015
102.040809316	0.0775160930289
91.4106567623	0.0872322390996
123.567815567	0.0597763801133
168.769152185	0.0365012069005
156.817356744	0.0415061167651
184.894354628	0.030324931183
133.579790959	0.0535583924456
98.4555492112	0.0782978036512
125.839503723	0.0591153257907
139.27594476	0.0509120257125
195.116180467	0.0271393608207
126.140572621	0.0580821688535
158.380222541	0.0405007229507
86.1499237143	0.0924958909564
86.2857449583	0.092323985561
141.502463495	0.0496354854565
145.125402092	0.0476303090578
118.336939323	0.0629669414615
136.709402635	0.0514492543979
155.174700028	0.0422181700724
106.218542658	0.0739780474039
125.163755409	0.0583987068841
230.86865065	0.0181308149346
138.3829281	0.0506553773936
189.133125936	0.0290949321735
109.968406524	0.0708890012427
138.181984311	0.0506776862945
170.888168282	0.0356772206596
142.330288124	0.0491672356029
164.081533209	0.0380367678619
153.126205727	0.0430997369371
177.537950819	0.0331125352552
121.771018705	0.0620656542555
154.676655216	0.0421835481201
182.336165454	0.0313987134781
149.914201735	0.0450859906615
134.810724437	0.0525393336008
102.208531591	0.0752196151825
150.175945013	0.0448741410418
100.89592974	0.0785312135859
193.225574641	0.0277548808779
154.185809488	0.0429277171754
153.226613031	0.0434878160603
129.574315234	0.055780309034
156.673665214	0.0418292622866
159.30712272	0.040081401567
141.493284163	0.0496114836564
200.837048866	0.0254914644519
186.453237841	0.0299239739771
126.085517983	0.0580211716044
177.021318878	0.0331539829868
155.71540044	0.0419676538789
231.256469379	0.0180077877641
149.113595407	0.0455710478096
170.185000758	0.0358852051713
197.079501459	0.0265509332751
219.934771573	0.020512631614
94.2374783769	0.0819667507329
114.923558625	0.0656002906179
122.022468066	0.0606005143227
120.539985064	0.0629385124538
208.910070653	0.0231898447159
192.575432604	0.0279054769558
129.520530395	0.0559051080834
202.064691543	0.0250773383043
205.235485575	0.0242461326635
159.765872828	0.0399314965428
168.669401394	0.0362693653793
149.255698176	0.0449300093253
206.186234632	0.0239462195904
139.214730007	0.0501017561657
167.665099938	0.0367931768129
173.224331269	0.0344912635431
160.714484032	0.0397674385656
154.450987538	0.0424306830107
159.013299084	0.040680535194
220.503653481	0.0203631617493
186.293724843	0.029962561246
232.187334272	0.0178245321671
237.482658861	0.0168122630955
187.623476422	0.0294950944303
228.741458672	0.0185472866874
236.430715978	0.0170346347616
221.450225098	0.020121066348
155.147710347	0.0423164183119
185.10071955	0.0303555090877
199.825267548	0.025714284352
205.2793128	0.0241575615237
152.165284746	0.0437423218668
166.526999324	0.0372349518203
187.059528671	0.0296986249341
179.96987391	0.0321487913448
227.020744158	0.0188890330146
194.813469164	0.0272329154421
194.827134808	0.0271936413328
228.817931926	0.0185154366321
198.676543441	0.0260924179855
175.573727682	0.033657544394
211.52573382	0.0225425636434
188.687130287	0.0291614589774
169.817183916	0.0361052717267
196.294957297	0.0267820109199
186.289576255	0.0300346999534
197.397988653	0.0264324177444
174.212997769	0.0343680153179
181.366084031	0.0316523814058
193.594139907	0.0276209789509
163.041719448	0.0387136699844
178.988218325	0.0325552848098
227.032898237	0.0188811389139
178.166701578	0.0328962990117
136.292342583	0.0518933725393
162.28809431	0.03924811449
160.213722288	0.0398951225699
195.943831157	0.0269092944486
233.491177241	0.0175890141846
195.516558181	0.0269901829047
192.377067834	0.0280042714208
170.516834078	0.0356698910716
162.418637028	0.0392487147177
173.411923495	0.0346345307589
208.703403789	0.0232908820879
213.065851247	0.0221234589727
153.998266975	0.0426229965826
167.936733476	0.0368037332814
138.516424431	0.0505603663778
213.694409604	0.0219842012299
193.374382531	0.0276160733714
198.757086252	0.0260187887127
123.223868689	0.0600159269671
188.430015312	0.0292551527506
151.18603373	0.0439637527176
211.11193794	0.0226432555014
164.650368582	0.0379711753272
172.283307495	0.0351527387006
215.574086403	0.0215140833046
140.142262838	0.0499828573187
215.844332074	0.0214474131291
177.79211753	0.0328719693814
177.022822327	0.0333237746186
212.650334281	0.0222460076961
215.57043085	0.0215059151821
232.017135078	0.0178559702849
152.738506093	0.0431988659096
203.30024229	0.0247305182247
225.164319338	0.0192926465994
194.685432267	0.0273228096178
202.576479192	0.0249276210926
183.468606123	0.0309742625686
211.938930447	0.0223982343109
146.247694511	0.0470012552464
141.511999529	0.0496482559199
169.222196723	0.036377237975
154.070675156	0.0431008201772
164.952161132	0.0381345576661
156.402481273	0.0419281363223
215.983999257	0.0214670622014
230.84823315	0.0181082638458
171.74947075	0.0350264512962
142.102992934	0.0485919697125
231.464148669	0.0179657423028
237.523666021	0.0168090994134
167.133856914	0.0371943180606
201.17094625	0.0253321926461
149.755395124	0.0452376606387
217.774988258	0.021026867345
168.103902224	0.0368075603872
201.905263634	0.0251323971994
198.472749135	0.0261732206362
177.319572931	0.0331641108263
176.403915684	0.0335348629003
165.683719634	0.0377810985077
186.032798576	0.0301217010901
178.144410172	0.0328377586255
198.786882118	0.0260576368108
229.026147628	0.0185051677532
173.962463813	0.0344704442138
241.552095554	0.0160972088636
175.233209487	0.0339769756719
220.876435279	0.0202601489953
226.582225722	0.0190390699253
240.287076333	0.0163114811718
235.27096745	0.0172261839478
178.741475511	0.032612744791
215.498545617	0.0215352880648
172.013722664	0.0351789994576
235.557683467	0.0171985979415
182.141862186	0.031396143385
237.601948786	0.0168136862914
187.638369234	0.0295114003872
238.932770397	0.0165580532639
220.993144051	0.0202293155007
175.888075811	0.033654857623
228.938404552	0.0184771334337
233.307771	0.0175695705733
198.855658972	0.0260423288588
164.946183622	0.0380025415409
182.732143418	0.0312266012137
237.116559191	0.0169132853891
159.369761521	0.0405784670315
184.322812499	0.0305676049847
194.075232629	0.0274706608183
173.040995206	0.0346060800104
184.076433893	0.0307546061039
200.08893911	0.0256176404968
180.355125171	0.0320521317131
178.318939765	0.0327179769892
192.259255509	0.0280707175776
183.640552671	0.0308253898387
216.655428293	0.0212463728131
232.427383987	0.0178089909417
206.014192307	0.0239639086628
172.842926144	0.0348889343838
153.852830213	0.0426943369598
177.898902203	0.0329266921067
147.138477663	0.0459297788008
233.09024468	0.0176764700925
150.338301866	0.0443990562638
212.222935882	0.0223463981322
236.969829991	0.0169295823108
183.863872109	0.0307520036494
169.419615637	0.0360691495934
178.838807332	0.0325006713849
206.334020005	0.0239551435965
204.295153812	0.0244740086761
226.416347446	0.0190399782591
194.089027115	0.0274759408487
169.551000486	0.0361568232791
206.068669414	0.0239907850804
233.389453662	0.017611285173
195.120759176	0.0271363202927
184.730995467	0.0304299341601
185.010917688	0.0304420184934
207.164192328	0.0236595731553
196.013564945	0.0268919489472
150.287797775	0.0444422028226
224.38919798	0.0194883297883
217.462961787	0.0210653222117
204.916296733	0.0242667334093
211.92383134	0.0224583776728
156.980233096	0.0412861289004
197.532084144	0.0263894289815
165.403696433	0.0376496599475
217.984037337	0.0209377379825
146.199062828	0.0464919229737
200.428200671	0.0255392768127
227.451569821	0.0188033145477
209.761794943	0.0229730019682
209.474774714	0.0230841741155
227.120692278	0.0188869525785
177.289965182	0.0330291379822
177.01799273	0.0331670639034
170.449986637	0.0356110216205
167.135157676	0.0372373411964
186.091755372	0.0300368760588
235.027668257	0.0172886207499
167.493095687	0.0370896725328
198.887394534	0.0260669886386
210.373026366	0.0228445085841
212.520667556	0.0222600428491
166.393922069	0.037203586422
182.370522159	0.0313877369127
165.601759505	0.0375458473773
215.81260338	0.0214621229128
162.084631844	0.0391767041375
170.575180169	0.035842791961
194.959334733	0.0271317459279
221.822612413	0.0200642997364
160.108034052	0.0399748385624
230.344411496	0.0182139151472
162.243272757	0.0393293633863
219.840301192	0.0205355083817
233.317198043	0.0176320264757
162.26309314	0.0389023630239
212.754499031	0.0222207889178
189.440698876	0.0288386847083
198.161498165	0.0262277667162
213.957680846	0.0219409049589
144.176555357	0.0474810430123
169.827433408	0.0360978124814
192.003627385	0.0280711790712
225.363183424	0.0192789510472
234.68747662	0.0173686903232
202.155960689	0.0251051684424
206.74205151	0.0238019278998
207.276238827	0.0236822926493
199.262040876	0.0258715424044
222.332557611	0.0199440095779
214.029169385	0.0218965550896
206.95486808	0.0237277640506
202.497139806	0.0249379161917
239.561689643	0.0164099928025
207.69320447	0.0235481839098
229.049408089	0.0184868019756
238.143545632	0.0167168621288
242.462491712	0.0159342987252
229.19199289	0.0184455538768
240.570296984	0.0162401003817
214.492004454	0.0217858757681
224.182157413	0.019541249683
209.138292323	0.0231541714569
243.203598539	0.0157734449094
242.08681225	0.0159898339784
211.658969171	0.0225075415211
210.50310223	0.0228075285065
223.784432246	0.019630537486
214.067374198	0.0219018185732
235.94368747	0.0171095339846
202.894832929	0.0248497798095
240.811187732	0.016240618368
216.06304703	0.0214111171792
211.28753578	0.022601393914
235.186404832	0.0172569674026
200.562693284	0.0255165517342
226.893814864	0.018961895199
203.852828146	0.0245719015065
233.578438319	0.0175604682995
226.101908742	0.0191145092886
217.964889444	0.020949789456
213.833731961	0.0219329209874
216.1350113	0.0214243165277
202.027975861	0.0250941760902
206.063637087	0.0239685845103
221.910438115	0.0200121338102
204.726489874	0.0243323673171
222.255644452	0.0199399350801
215.012731207	0.02165643088
205.686250092	0.0240708568446
217.523998285	0.0210565986641
214.920192661	0.0216729764821
221.870453859	0.0200767179765
220.314843394	0.0203749825603
207.803478021	0.023538206382
214.604060271	0.0217570875069
237.897365161	0.0167289830751
235.330897822	0.0172391136552
209.746356925	0.0229975293866
241.796905781	0.0160422689489
205.775609473	0.0240333941918
215.260062374	0.0216457068792
207.857309862	0.0234715274338
227.686237371	0.0187780124303
223.366753094	0.0196998964639
210.815458788	0.0227213656349
219.3665698	0.0206199706102
220.054619552	0.0204847590651
227.137937783	0.0189172000787
205.302267318	0.024243180283
220.593502909	0.0203645870862
196.135524719	0.0268924338567
217.611341625	0.0210696216122
227.579524506	0.0188146216849
199.345474192	0.0258788686476
232.097458938	0.0178908932227
225.294093389	0.0193070703523
234.669893831	0.0173816489235
227.617759379	0.0188001322379
228.243760446	0.0186583069074
209.137440996	0.0232111484243
239.601730846	0.016419554163
216.559618454	0.0213291559992
225.571885228	0.0192286938437
232.947384377	0.017690367295
245.858467106	0.0153106647711
231.230007832	0.0180527192253
229.394545619	0.0183966659077
225.25443737	0.0192999065195
225.863261534	0.0191405804832
225.280116366	0.0192965988999
215.327364629	0.0215864352806
230.280534632	0.0182524025912
229.837596794	0.0183210894568
154.526425908	0.0424438882859
232.571278325	0.0177822874533
234.695850022	0.0173941104631
217.974535925	0.0210043778081
217.195904414	0.0211737360385
227.853703799	0.0187509894617
212.723077447	0.022305505142
230.368113832	0.0181997903245
200.019775412	0.025614763843
213.581348201	0.0220241218724
197.723767855	0.0263320890112
218.604439636	0.0207974246993
235.380503085	0.0172806667387
214.774299797	0.0217370385764
228.933391707	0.0185469852889
203.004184276	0.024889859702
216.951512636	0.0212121029259
209.825690176	0.0229875141799
242.208444797	0.0159351158047
235.507558061	0.0171949098686
217.107879701	0.0212332382958
212.56433117	0.02224536362
217.761592082	0.0210491781209
226.782342723	0.0189531466747
222.619118649	0.0199224387009
228.401524128	0.0186061982597
211.924878878	0.0224985776079
224.803547133	0.0193861568936
213.948647478	0.0219959621121
224.404869836	0.0194680521443
229.315420171	0.018470191421
221.189015277	0.0201945090046
224.457341528	0.0195199791008
232.01982736	0.0178678893492
231.421643781	0.0180399131635
235.98097001	0.0170848131082
219.440859747	0.0206293824942
238.608611109	0.0165991690465
220.658157151	0.0203747592726
226.152564447	0.0190809012827
243.934700363	0.015656056645
234.047532431	0.0174752254288
247.308312263	0.0150970063507
230.290307162	0.0182442565686
246.313400612	0.0152597083618
248.575053382	0.0148806672973
246.805093536	0.0151607945869
225.504570625	0.0192596028565
237.182817889	0.0168942204897
240.623110861	0.0162463349343
234.660926491	0.0173546631087
242.14221285	0.0159844109754
245.2242764	0.0154321950852
228.634573613	0.0185881008646
242.611799048	0.0158562576066
228.202255359	0.0186815526224
225.507450391	0.0192497553311
238.885603045	0.0165726636799
226.653390539	0.0189956424914
243.555165795	0.0157077600233
229.159423677	0.0184790279519
227.2989442	0.018868077947
227.955930459	0.0187291278229
229.952148194	0.0183050794567
244.779132344	0.015500169914
223.699975791	0.0196485803332
234.273254065	0.0174205821624
239.575572094	0.016437422891
239.464302602	0.0164454369645
223.12266203	0.0198258349584
243.888842156	0.0156597464425
222.277893599	0.0200191623436
227.425135429	0.0188118776298
235.573677289	0.017230324349
245.990901137	0.0153019087888
216.427369778	0.0213775453086
248.092792978	0.014938659855
221.266737705	0.0202181193311
231.268622898	0.0180220289328
220.786380711	0.0203694483504
231.747126374	0.0179534908065
238.185808945	0.0166850226914
213.646278464	0.0219860383005
245.003791013	0.0154512519605
234.664990915	0.017352384713
235.338126796	0.0172270633138
219.264524461	0.0206849243484
228.573545228	0.018574859107
212.391104941	0.0223147635318
238.803503837	0.0166055173391
208.133170311	0.0234621475939
241.787552539	0.0160493575553
244.893408775	0.0155063115879
244.505289054	0.0155600602322
237.19059946	0.0168839613355
248.757775089	0.0148198153245
233.621384512	0.0175832292482
248.983005422	0.0148238360386
232.296954009	0.017830910339
231.825411041	0.0179013508309
241.908256813	0.0160185404842
233.054758369	0.0176609722368
248.107372824	0.0149536257017
244.859189328	0.0154824298674
233.176204276	0.0176643557283
230.768987927	0.0181413318219
243.78624112	0.0156738585199
224.216018071	0.0195054809616
239.777751603	0.0163983558761
231.012023956	0.0180743586016
241.565096806	0.0160653993889
235.149428522	0.0172556970929
248.122769433	0.0149541747412
224.727165277	0.0193919865194
239.068781125	0.016510621295
232.259688017	0.0178410835888
233.152891915	0.0176363345816
223.792599141	0.0196029021666
231.577576647	0.0179951548671
228.237131918	0.0186454055859
240.053834813	0.0163183003149
216.873886595	0.0211942409926
251.396096776	0.0144053496606
236.100669657	0.0170594914868
237.540665056	0.0168482590101
241.769734989	0.0160195842313
238.249776797	0.016688590686
232.461319408	0.0177940699242
232.237357612	0.0178721193287
235.228316364	0.0172527106776
253.24914622	0.014145671377
247.888081401	0.0149775161684
231.652220551	0.0179777073958
248.055220756	0.0149320023248
231.72683044	0.017960996538
244.710837161	0.0155139878267
241.284497964	0.0161283456459
250.491766038	0.0145529612084
248.329887415	0.0148832760248
253.203874651	0.0141314854874
250.172741662	0.0146071717284
238.233521253	0.0167035883811
243.638469996	0.0157145251257
245.538441599	0.0153889673133
243.056458981	0.0158231450394
244.970145286	0.0154914629221
250.994022605	0.0144909264906
252.121916938	0.014291873408
249.069699081	0.0147972575197
237.021268101	0.0169306341318
240.780000084	0.0162313263084
245.784071232	0.0153408160279
250.615735159	0.0145353776665
248.66268649	0.014858199917
246.116742297	0.0152721729768
248.658133296	0.0148466859478
251.687062919	0.0143675429946
248.709978401	0.0148384471137
245.762716919	0.0153440482069
235.653479047	0.0171844722831
247.782506707	0.0149882442316
242.355593724	0.0159482458435
249.501606835	0.0147337933356
239.465304979	0.0164672744734
244.421599562	0.0155652634029
247.813468436	0.0150177420478
249.51613967	0.0146960495342
244.687406325	0.0155142745742
246.856683388	0.0151419854282
251.423053606	0.0144196611055
248.763437386	0.0148573670062
251.797384273	0.0143515165734
243.043892366	0.0158143341397
252.83517637	0.0142036902197
239.349881994	0.0164874988743
247.41753348	0.0150702791849
244.477379019	0.0155675859741
255.31660254	0.0138248362722
254.022985356	0.0139987765964
255.396557437	0.0138005608384
248.252780404	0.0149317094107
255.149700732	0.0138432531263
254.001910047	0.0140220041672
250.888947686	0.0144965144986
240.155800567	0.0163155005694
247.885497971	0.0150061261801
243.044907811	0.0157991577165
240.485400439	0.0162609457606
249.500577325	0.0147067855846
247.895293847	0.0149830672595
251.507988099	0.0143689425617
247.103006667	0.0151206236965
247.106319811	0.0151051456203
245.71183137	0.0153720087419
239.485147134	0.0164417638781
238.50404344	0.0166251760045
244.951462714	0.0154910388872
243.140913723	0.0157784724986
243.600201809	0.0157202982383
237.449370644	0.0168330120802
239.514529842	0.0164601719879
241.897075987	0.0160167934229
238.666451005	0.0165877433849
234.475919107	0.0173954130678
251.996858065	0.0143208152764
250.645693249	0.0145337089007
242.796871597	0.0158649243116
252.056466061	0.0142810072434
246.934778012	0.0151570610542
255.826750985	0.0137256179473
241.336168321	0.0161052502244
243.895881321	0.0156538368756
252.763076766	0.014200848158
247.303852901	0.0150940382237
247.796092897	0.0149995693745
257.01738118	0.013553288959
248.104810234	0.0149475713793
255.236049086	0.0137995149833
252.845056146	0.0141941166969
251.508962278	0.0144079369364
245.983106291	0.0153022277647
242.702439767	0.0158809985805
251.759912125	0.0143432676802
253.799180624	0.0140387527396
251.215102226	0.0144365114966
252.678362949	0.014200314124
253.723676618	0.0140478517144
249.926053999	0.0146695856753
255.303190786	0.0138180971518
248.420839808	0.0148938689664
246.193034648	0.0152758115701
249.099594107	0.0147695300077
250.524098409	0.0145453912355
247.985556395	0.014973594698
255.098595973	0.013852197263
247.323556619	0.0150624236781
255.089724024	0.0138372741357
257.642414966	0.0134478995295
249.153250181	0.0147782710883
256.123512688	0.0136676888656
250.128468367	0.0146101236789
255.574422985	0.0137810248822
246.150441063	0.0152820780628
256.23728195	0.013644961087
251.415514915	0.014414376264
257.213187624	0.0135124875801
256.031686786	0.0137066176033
252.119063956	0.0142955634858
252.837363871	0.0141780663748
257.088911855	0.0135471934968
255.240987122	0.0138234242572
254.513478368	0.0139420599113
247.336481703	0.0150690018748
250.361573872	0.0145725060936
254.633057543	0.0139139296751
249.602676792	0.0147080730491
254.368427843	0.0139346366159
253.644016024	0.0140495886143
254.634657679	0.0138918581673
257.037678711	0.0135530336104
251.77931874	0.0143527376119
256.640640883	0.0136180919219
248.724880335	0.0148492549864
253.890081212	0.0140140966979
253.661456046	0.0140744337105
256.280687643	0.0136386195975
252.477043423	0.0142536806714
257.933890613	0.0134058749161
251.5988493	0.014378737704
256.554847721	0.0135996284925
253.655856297	0.0140599325428
258.084856402	0.0133944277344
255.36370018	0.013784589554
255.670361606	0.0137473369882
253.629874401	0.0140492093541
257.828538854	0.0134071409403
250.161705109	0.0146177088191
255.988789059	0.0136906739939
259.332720436	0.0132046935115
254.014428368	0.014000206006
255.139071686	0.0138195031363
255.833344014	0.0137223928713
257.179362394	0.0135034092872
259.606803573	0.0131407830145
252.48416508	0.0142450482348
252.048043737	0.0143130484829
258.130736413	0.013356518359
259.651491043	0.013162055572
258.51248949	0.013322412015
255.456094401	0.013774324023
256.77320909	0.0135712554765
258.863748014	0.0132679237168
256.699849482	0.0135805681573
260.557660329	0.0130073716265
253.917026357	0.0140185132677
260.436204569	0.0130445305437
260.178298783	0.0130758177341
259.346958482	0.0132090174719
254.990132598	0.0138460624283
258.749754401	0.0132885946255
260.090362874	0.0130886013785
257.19572093	0.0135132495547
256.237264818	0.0136569743236
260.445807102	0.013020209579
260.21131457	0.0130795924648
260.88235393	0.012975401682
254.450845644	0.0139277243601
258.727258223	0.0132865484835
260.468883217	0.0130143713716
255.519105704	0.0137691730959
258.554626685	0.0133051621464
261.448921545	0.012873821852
259.775571962	0.0131334850215
260.588669483	0.0130200892406
260.340290513	0.0130607646014
261.130463937	0.0129480576321
260.078684938	0.0130756555319
257.118917422	0.0135239109092
260.822303621	0.0129703448951
261.536903117	0.0128881994905
256.097575193	0.0136771492604
260.835341079	0.0129646648105
260.480332121	0.0130326773133
259.543467142	0.0131513300782
260.745859966	0.0129867606126
257.396564334	0.0134810018193
261.467940843	0.0128709263261
259.864474391	0.0131104947716
261.224702567	0.0129316918162
259.837657026	0.0131183591141
261.779837438	0.0128562861048
260.681864101	0.0129812692157
257.717154649	0.0134337920092
256.69214013	0.0135880553946
259.125051703	0.0132221927749
262.23154864	0.0127815092166
261.08347068	0.0129381574536
262.121368612	0.0127981280714
261.731371784	0.0128496944818
261.589262988	0.0128539560256
257.283081606	0.0134994724391
262.537417047	0.012736479108
262.405759879	0.0127551819242
261.61913939	0.0128722868012
259.570231707	0.0131561421317
261.144098893	0.0129319315068
262.852630795	0.0126998716767
260.894285263	0.0129602847776
258.895619183	0.0132592819651
258.481241058	0.0133183456949
262.381669233	0.012735275386
260.29072611	0.0130490775473
261.616051716	0.0128660255718
259.418996164	0.0131759930579
262.210991043	0.0127843401775
260.95969437	0.0129664533467
261.993271696	0.0128051299391
259.337013081	0.013189961929
262.097245982	0.0127889057643
263.275037603	0.0126352295012
259.117717424	0.0132156961679
258.731918075	0.0132706823848
262.003733932	0.0127921116081
261.945990279	0.0128160510095
261.329371986	0.012901361228
258.061311077	0.0133718876978
259.765591548	0.0131318415181
259.045246036	0.0132167350746
259.093035097	0.0132216176495
253.060637422	0.0141438095462
254.84277758	0.0138777896948
244.34366364	0.0155817468454
252.414057564	0.0142406262874
253.336114861	0.0141221338554
255.823632415	0.0137221497361
248.016073886	0.0149492808617
251.41413343	0.0144188603713
256.289177103	0.0136484817338
254.260678817	0.0139433868558
250.402809723	0.014568883363
255.737556619	0.0137307706189
251.893881561	0.0143315520836
256.300533807	0.0136412329578
252.479519901	0.0142279247676
254.28015386	0.013973156585
251.734356272	0.0143788347765
256.009082408	0.0136948086269
250.326542009	0.0146015606552
254.727200449	0.0138885235125
249.301368758	0.0147682713093
257.734943292	0.0134507900777
248.906936765	0.01483315166
257.054864494	0.0135512705501
250.444699716	0.0145706650224
256.864466022	0.0135828181892
255.26443629	0.0137922411125
257.53709205	0.0134530232457
253.769445525	0.0140186562901
257.406972639	0.013474408348
252.294445638	0.0142755342656
255.33970489	0.0137938915547
253.947636501	0.0139878447204
258.503591067	0.0133203218372
258.308125898	0.0133513647831
260.396690207	0.0130508869953
260.585834756	0.013009408485
262.673806811	0.0126979483217
256.373411243	0.0136369967782
261.347730926	0.0128831219985
258.178155646	0.013362596391
260.756015756	0.0129964745431
260.581727037	0.013009866109
262.257698206	0.012751136652
259.206180728	0.0131971541917
262.027828666	0.0127976590753
259.334599092	0.0131937551744
262.330916746	0.0127473723422
257.663196808	0.0134429723877
262.052411393	0.0128078773415
257.823104728	0.013422361091
262.378266829	0.012736814403
260.56704989	0.0130048770364
261.836527675	0.0128228928342
260.192079697	0.0130528128411
262.806777243	0.0126765347069
258.546595467	0.0133088239486
261.277758111	0.0129065521778
259.941877653	0.013100137598
262.516658421	0.0127179831826
258.225216277	0.0133369266623
262.787425103	0.0127056526581
260.696195396	0.0129798807317
263.3860442	0.0125965391292
262.116585135	0.0127800210935
263.843474485	0.0125295025565
261.033651789	0.0129248854707
262.67296886	0.012703316788
259.819189322	0.013121738009
261.152391254	0.0129255746413
260.286930089	0.0130363081146
263.638722029	0.0125720436568
262.619019226	0.0127030306991
264.155979781	0.0124812970725
262.618862149	0.0127011630679
263.918508325	0.0125397335579
261.106451878	0.0129350597911
263.900625334	0.01254565701
262.47256273	0.0127217831906
264.183403609	0.0124766635714
262.073743953	0.0127811394379
263.811925428	0.0125491883223
260.973314524	0.0129452737523
263.320507241	0.0126057056781
261.851920527	0.0128243553886
263.630735138	0.0125861818089
261.395954663	0.0128833011766
262.698301767	0.0126939942325
263.317873824	0.0125908724771
261.730451206	0.0128401616291
261.712850661	0.0128401716152
263.930190758	0.0125152877711
262.629088663	0.0127076273419
262.373114673	0.0127485840698
263.632236713	0.0125545409283
264.195891101	0.0125050210655
262.707930062	0.01268529574
262.548077379	0.0127245110934
262.791635412	0.0126650700213
263.925208073	0.0125271809522
262.9477254	0.012655856045
264.02582699	0.0125291026468
262.47388788	0.0127422965851
263.048256082	0.0126450607363
262.709338883	0.0126826639107
263.657054535	0.0125713441636
263.221604139	0.0126324057577
262.923849137	0.0126683538296
263.182188168	0.0126153960545
263.414261591	0.012605412674
263.090711492	0.0126419119583
263.625860476	0.01256087921
262.868375281	0.0126665025432
264.05530015	0.0125258822405
263.143143415	0.0126437380521
264.105090329	0.0125154035739
262.753170008	0.0126816024618
263.514727254	0.0125831800767
263.196070801	0.0126067274409
263.446009999	0.0125899613414
263.112723427	0.012626255005
264.048866991	0.0125056391937
263.772216958	0.0125285823751
263.499926295	0.01258694913
264.076184008	0.0124807617978
264.225000864	0.0125032232687
262.755412921	0.0126811445201
263.944910575	0.0125434711914
262.251720537	0.0127511248912
263.168447796	0.0126334211305
262.845244431	0.0126719485754
263.423305457	0.0126182385374
263.69359662	0.0125343454457
264.156973441	0.0125132080887
262.786698528	0.0126809003625
263.681327869	0.0125707902171
262.968581088	0.0126636331609
262.846488649	0.0126858105407
263.360672993	0.012603825651
263.568914014	0.012586440862
263.532012535	0.0125752480693
263.716508843	0.0125660978378
262.958379324	0.0126468245111
263.243650887	0.0126337921194
263.526190014	0.0125715298743
262.940952324	0.012671125319
263.428420169	0.0125744580609
264.155416572	0.0125125754842
263.287418959	0.0125963760045
263.740927547	0.0125469067713
263.892374424	0.0125076713463
263.975691874	0.0125331141114
263.185196684	0.0126151826353
263.647150051	0.0125830626292
263.442725733	0.012581276985
264.142906396	0.0125174602012
263.705812572	0.0125456028675
263.354261849	0.012612372072
264.217325425	0.0124545341525
263.945623434	0.0125279385507
263.836558859	0.0125077645618
263.466074797	0.0125898234046
263.922239878	0.0124923693227
263.965667377	0.0125357909119
263.436336272	0.0125897377717
263.385761473	0.012616310912
263.843680473	0.0125108462877
263.588569688	0.012572903458
263.60567001	0.0125533618847
263.989983446	0.0125381652963
263.698836002	0.0125522451101
263.939181451	0.0125472932175
263.370262831	0.0125879471053
263.524915637	0.0126008266551
264.08953726	0.012472837382
263.715830536	0.0125544324297
264.052502248	0.0124807923063
263.790928803	0.0125366577412
264.37405673	0.0124260707211
263.991272037	0.0125154371135
264.397947943	0.0124341234909
264.083697512	0.0125230551794
264.28576244	0.0124606878435
264.230180771	0.0124965332535
264.102113382	0.0124862042197
263.925254571	0.0125376827359
264.521471406	0.0124338685655
264.623403313	0.0124433663652
264.626740011	0.012409727725
264.662564799	0.0124373579186
264.669782234	0.0124016195791
264.273132396	0.0124686598303
264.24992559	0.0124618860011
264.838347802	0.0124182705804
265.106887536	0.0123343319946
264.932522581	0.0124068871047
264.780967312	0.0124050042922
264.992110154	0.0124013716699
264.527600577	0.0124300759551
265.080740126	0.0123824040203
264.83879011	0.0123806309943
264.552400176	0.0124315693348
265.288124806	0.0123046663748
264.666226077	0.0124223357498
264.942878919	0.0123566224019
264.908544693	0.0124094432688
265.574034727	0.0122945862462
264.11515191	0.0125048301045
265.330704262	0.0123245866803
264.946180557	0.0124054422043
264.962464685	0.0123589492148
265.062061637	0.0123683841278
265.507169255	0.0122784362202
265.246628773	0.0123356464177
264.997141999	0.0123602756458
264.941864873	0.0123919655944
265.354462264	0.0123004362857
265.064221978	0.0123854657849
265.708610211	0.0122601469238
264.932839393	0.0123887962192
265.177333166	0.0123450792263
265.072607073	0.0123802714798
265.285089316	0.0123144598632
265.288652384	0.0123325461131
265.829109017	0.0122420639719
264.877998499	0.0124011450278
265.474413823	0.0122934852276
264.830806024	0.0124186435272
265.71146507	0.0122789748039
264.492004051	0.012458369174
265.395067146	0.0123177899579
264.831221337	0.0124200608177
265.401230046	0.0123186215087
264.660092762	0.0124296437396
265.699955399	0.0122542295285
264.962994185	0.0123822154906
265.473848535	0.0122904224689
265.102216845	0.0123541762229
265.305989507	0.0123204307351
265.003792397	0.012380117296
265.098685558	0.0123575330917
265.184336069	0.0123444793453
265.002860572	0.0123549061984
265.166767706	0.0123484739091
265.503318581	0.0122778606044
265.312327133	0.0123217781104
265.952657146	0.0122260650815
265.772987421	0.012263868754
265.436934005	0.0122847783006
265.576607147	0.0122851148208
265.243240637	0.012327178448
265.827350834	0.0122560704257
265.759768934	0.0122502635264
265.547304363	0.012284073311
265.781457164	0.0122432414237
264.99705901	0.0123610298369
265.664369035	0.0122643380471
265.59666429	0.0122903586667
265.733340627	0.0122510925371
265.630277913	0.0122717630008
265.737659215	0.0122465443441
265.711586497	0.0122537853946
265.822083316	0.0122432028778
265.705461728	0.0122550237051
265.737418288	0.0122493434518
265.395870142	0.0123047326752
265.835158318	0.0122599569911
265.323761283	0.0123149881645
265.790927603	0.0122474067149
265.104073043	0.0123273189991
265.590696953	0.0122767157851
265.61556976	0.0122804048678
265.952887455	0.0122320243952
265.300268238	0.0123097393122
266.100124224	0.0122149475456
265.360703994	0.012301064519
265.688183601	0.0122708818415
266.11174134	0.0122152584524
265.486060264	0.0122920069296
265.954100284	0.0122351207635
265.704700791	0.0122495481081
264.663638774	0.0123953679284
266.127665154	0.0122069089822
265.373492248	0.0123012426601
265.403127449	0.0122949123959
265.358953154	0.0122946055566
264.914197393	0.0123517671484
265.749255647	0.0122454459688
265.308548129	0.0123081704905
265.404726436	0.012292262358
265.682199612	0.0122508748592
265.408771982	0.0122893970738
265.156321962	0.0123144748291
265.979790887	0.0122066057007
265.564213097	0.0122605786714
266.11407387	0.0121926596533
266.117239717	0.0121934476805
266.188304604	0.0121877716388
266.822612897	0.0121114995098
267.236943748	0.0120558644223
267.904504402	0.011965334335
267.875711944	0.0119705162762
268.176458772	0.0119327536117
268.288195148	0.0119336899174
268.113652847	0.0119522553962
269.108064485	0.0118249041181
268.899965712	0.0118474555703
269.170034672	0.0118200622754
269.257445164	0.0118014941764
269.042320755	0.0118370578256
268.974939478	0.0118450175585
269.60408733	0.011756458459
269.194650962	0.0118146011215
269.318321743	0.0117991224123
269.72098739	0.0117427167204
269.908598549	0.0117160970401
269.892056869	0.0117141847117
269.744192864	0.0117428597651
270.148916262	0.0116853050315
270.067753113	0.0116981944738
270.208826047	0.0116723707773
270.258455801	0.0116669563275
270.16024668	0.0116878037803
270.393942452	0.0116491701845
270.593454662	0.0116238861886
270.58410183	0.0116263404004
270.660624422	0.0116139489494
270.702780092	0.0116098809408
270.844406982	0.0115924052794
270.850131313	0.0115916549881
270.615072477	0.0116290707449
270.95401115	0.0115772589389
271.02239948	0.0115714426679
270.931635989	0.0115867529826
271.098547136	0.0115589735288
270.920694291	0.0115886548493
271.210926343	0.0115453509824
271.030874419	0.0115739649102
271.020392661	0.0115765247783
271.136307175	0.0115595971768
271.185090701	0.0115546681001
271.358146279	0.0115286254282
271.40054939	0.0115208123803
271.34654255	0.0115322017851
271.452931802	0.0115136384675
271.367572916	0.0115306746871
271.398361771	0.011526887714
271.522789724	0.0115099945455
271.441843229	0.0115217566501
271.441603877	0.0115214231935
271.496527178	0.0115142778399
271.515079766	0.0115118105435
271.694813834	0.0114845669163
271.665463897	0.0114911843101
271.602536107	0.0115006629624
271.688982743	0.0114881017772
271.698722675	0.0114867548393
271.662324595	0.0114932725474
271.818663134	0.0114684977342
271.713498866	0.0114860162088
271.810047946	0.011472260812
271.75750649	0.0114811579091
271.749714643	0.0114828002869
271.789360008	0.0114776986791
271.872123564	0.0114656225514
273.2351199	0.0112899516357
274.430610029	0.0111392927076
275.411234533	0.0110154570197
276.177695969	0.010922368068
276.940518597	0.0108286988278
277.677253464	0.0107409733591
278.394113426	0.0106535822053
279.027628791	0.0105815084213
279.67770278	0.0105052305596
280.247965357	0.0104395702635
280.991737132	0.0103515809275
281.50440995	0.0102940917784
282.247999913	0.0102072650992
283.095722966	0.0101065046378
283.439830352	0.0100729537394
284.281418087	0.00997340606239
284.881007326	0.00990575945387
285.191662419	0.00987550146769
285.769686999	0.00981282623885
286.322483225	0.00975100244767
286.792711086	0.00970393053341
287.571631126	0.00961258719478
287.904582076	0.00957796434224
288.363363952	0.00952770917515
288.394834507	0.00952998459953
288.730645354	0.00949551637028
289.045197321	0.00945811071461
289.546591085	0.00940460063609
289.560063086	0.00940347201618
289.694509785	0.00938918446577
289.450769775	0.00941803965346
289.541767603	0.00940406591304
289.452396768	0.00941392142718
289.276481194	0.0094324137223
289.115049533	0.00944712198066
288.938738977	0.00946701772363
288.786529563	0.00948319193048
288.515070179	0.00951548311007
288.268019829	0.00954351690568
288.108195978	0.0095611145824
288.012463701	0.00957082358091
287.911615065	0.0095823292372
288.026240566	0.00956527350122
288.039951141	0.00956375845936
288.065656588	0.00956120563714
288.035631066	0.00956495638574
287.945246624	0.00957525460425
287.846544029	0.00958558381832
287.671615009	0.00960697020872
287.458062905	0.00962911845772
287.143759502	0.00966608094598
287.009311166	0.00967642637572
287.028223316	0.00967360902235
301.051952863	0.00826345391363