100	-0.04646	0.0	1.0	1.65061913915e-17	0.0
104	-0.035	0.0	0.723751526272	0.276248473728	1.03406243228e-45
105	-0.03882	0.0	0.0	1.0	0.0
107	-0.03957	0.0	0.0	1.0	0.0
11	-0.1015	1.0	0.0	0.0	0.0
113	-0.04568	1.0	0.0	0.0	0.0
114	-0.006625	0.0	0.0	1.0	0.0
115	0.002885	1.0	0.0	0.0	0.0
116	0.04606	0.0	0.99999608703	3.91296957654e-06	0.0
117	0.04034	0.0	1.0	0.0	0.0
118	0.06926	0.0	1.0	0.0	0.0
119	0.1002	0.0	0.0	0.0	1.0
121	0.1116	0.0	0.0	0.0	1.0
125	0.1959	0.0	0.0	0.0	1.0
126	0.4886	0.0	1.0	0.0	0.0
127	0.6291	0.0	0.0	0.0	1.0
128	2.288	0.0	0.00027586149699	0.0	0.999724138503
165	-0.07829	0.0	1.0	0.0	0.0
166	-0.1019	0.0	0.996683925116	0.0	0.00331607488411
167	-0.1659	0.0	1.0	0.0	0.0
168	-0.1392	0.0	0.0	0.0	1.0
17	-0.1295	1.0	0.0	0.0	0.0
170	-0.1015	0.0	0.0	1.0	0.0
172	-0.08491	0.0	1.0	0.0	0.0
175	-0.09735	0.0	1.0	0.0	0.0
176	-0.06609	0.0	0.0	1.0	0.0
178	-0.06554	0.0	0.0	1.0	0.0
189	-0.02529	0.0	0.0	1.0	0.0
190	-0.02275	0.389789836835	0.0	0.610210163165	0.0
191	-0.02479	0.0	0.0	1.0	0.0
192	-0.02123	0.0	0.0	1.0	0.0
193	-0.02586	1.0	0.0	0.0	0.0
194	-0.008613	0.995018094973	0.0	0.00498190502739	0.0
195	-0.007569	1.0	0.0	0.0	0.0
196	0.01745	1.0	0.0	0.0	0.0
197	0.02068	0.0147579564327	0.0	0.985242043567	0.0
198	0.0543	0.999999999999	0.0	8.51782012772e-13	0.0
199	0.07251	1.0	0.0	0.0	0.0
200	0.1045	0.0	0.0	1.0	0.0
201	0.07238	1.0	0.0	0.0	0.0
202	0.02765	0.512565350066	0.0	0.487434649934	0.0
206	-0.003441	0.781166258614	0.0	0.218833741386	0.0
207	0.003121	1.0	0.0	0.0	0.0
208	-0.01509	1.95731208597e-12	0.0	0.999999999998	0.0
211	-0.01656	0.0	0.0	1.0	0.0
23	-0.08766	0.40802500642	0.0	0.59197499358	0.0
24	-0.07698	0.0	0.0	1.0	0.0
25	-0.08403	1.0	0.0	0.0	0.0
26	-0.0875	0.0	0.0	1.0	0.0
39	-0.06825	0.0	1.0	0.0	0.0
40	-0.06327	0.0	0.00894923625485	0.0	0.991050763745
41	-0.04032	0.0	1.0	0.0	0.0
42	-0.01723	0.0	0.99595635557	0.0	0.00404364442996
43	-0.02581	0.0	1.0	0.0	0.0
45	-0.03309	0.0	0.395603332181	0.0	0.604396667819
46	-0.03761	0.0	1.0	0.0	1.55259584291e-171
47	-0.02284	0.0	0.0	0.0	1.0
48	-0.0262	0.0	0.461776565704	0.0	0.538223434296
49	-0.03897	0.0	1.0	0.0	0.0
53	-0.05192	0.0	0.0	0.0	1.0
54	-0.04328	0.0	0.448140423972	0.0	0.551859576028
6	-0.0671	0.0	0.0	1.0	0.0
61	-0.0549	0.0	1.0	0.0	0.0
62	-0.05228	0.0	6.70156581043e-126	0.0	1.0
63	-0.05306	0.0	0.0	0.0	1.0
64	-0.06458	0.0	0.0	0.0	1.0
65	-0.06009	0.0	1.0	0.0	0.0
66	-0.0577	0.0	1.0	0.0	0.0
67	-0.06239	0.0	0.0	0.0	1.0
68	-0.06668	0.0	1.0	0.0	0.0
69	-0.05753	0.0	1.0	0.0	0.0
7	-0.08597	0.0	1.0	0.0	0.0
70	-0.0558	0.0	0.0	0.0	1.0
72	-0.05969	0.0	0.0	0.0	1.0
73	-0.0535	0.0	0.0	0.0	1.0
74	-0.05445	0.0	0.898146289071	0.0	0.101853710929
76	-0.05801	0.0	0.491768598591	0.0	0.508231401409
79	-0.05298	0.0	0.0	1.0	0.0
80	-0.05302	0.923030379723	0.0	0.0769696202766	0.0
84	-0.1214	0.0	0.0	1.0	0.0
86	-0.1023	0.0	1.0	0.0	0.0
90	-0.0592	0.0	1.0	0.0	0.0
91	-0.05815	0.0	0.0	0.641707914492	0.358292085508
92	-0.06617	0.0	0.0228478236958	0.0	0.977152176304
94	-0.05043	0.0	1.0	3.61543278868e-81	0.0
95	-0.0519	0.0	0.999999768375	0.0	2.31624886777e-07
97	-0.04701	0.0	0.292831793087	0.707168206913	0.0
98	-0.04289	0.0	0.99941782055	6.36744052076e-07	0.000581542705641
99	-0.04577	0.0	0.0102835282182	0.989716471782	0.0