100	-0.04472	0.0	0.999469031781	0.000530968219105	0.0
104	-0.03367	4.48809084128e-26	0.537663874368	0.462331147136	4.97849582789e-06
105	-0.03771	0.0	0.0	1.0	0.0
107	-0.03909	0.0	0.0	1.0	0.0
11	-0.0966	1.0	0.0	0.0	0.0
113	-0.04492	1.0	0.0	0.0	0.0
114	-0.005498	0.0	0.0	1.0	0.0
115	0.01103	1.0	0.0	2.11123112487e-50	0.0
116	0.04787	2.80353018176e-34	0.939898968385	0.0601010316154	0.0
117	0.02735	0.0	1.0	0.0	0.0
118	0.05854	0.0	1.0	0.0	0.0
119	0.08683	0.0	0.0298241072308	0.0	0.970175892769
121	0.09456	0.0	0.0	0.0	1.0
125	0.1778	0.0	0.0	0.0	1.0
126	0.4928	0.0	1.0	0.0	0.0
127	0.6272	0.0	0.0	0.0	1.0
128	2.268	0.0	0.910394406918	0.0	0.0896055930821
165	-0.09144	0.0	1.0	0.0	0.0
166	-0.08831	0.0	0.615549614127	0.0	0.384450385873
167	-0.1179	0.0	4.57255185521e-136	0.0	1.0
168	-0.1105	0.0	0.0	0.0	1.0
17	-0.1329	1.0	0.0	0.0	0.0
170	-0.084	0.0	0.0	1.0	0.0
172	-0.07453	0.0	1.0	0.0	0.0
175	-0.08482	0.0	1.0	0.0	0.0
176	-0.05938	0.0	0.0	1.0	0.0
178	-0.06114	0.0	0.0	1.0	0.0
189	-0.02494	0.0	0.0	1.0	0.0
190	-0.02261	0.359261225732	0.0	0.640738774268	0.0
191	-0.02468	0.0	0.0	1.0	0.0
192	-0.02132	0.0	0.0	1.0	0.0
193	-0.02602	0.9999999559	0.0	4.40995946624e-08	0.0
194	-0.009008	0.962674466422	0.0	0.0373255335778	0.0
195	-0.007665	1.0	0.0	0.0	0.0
196	0.01676	1.0	0.0	0.0	0.0
197	0.02119	0.0127435499807	0.0	0.987256450019	0.0
198	0.05479	0.998470174115	0.0	0.00152982588521	0.0
199	0.07168	1.0	0.0	0.0	0.0
200	0.1034	0.0	0.0	1.0	0.0
201	0.07079	1.0	0.0	9.91877409057e-42	0.0
202	0.02384	0.522601126088	0.0	0.477398873912	0.0
206	-0.006511	0.780500643426	0.0	0.219499356574	0.0
207	0.0006819	1.0	0.0	0.0	0.0
208	-0.0175	0.0265593692885	0.0	0.973440630712	0.0
211	-0.01843	2.19190376149e-28	0.0	1.0	0.0
23	-0.09259	0.541016322069	0.0	0.458983677931	0.0
24	-0.081	0.0	0.0	1.0	0.0
25	-0.08782	1.0	0.0	0.0	0.0
26	-0.09016	0.0	0.0	1.0	0.0
39	-0.08235	0.0	1.0	0.0	0.0
40	-0.06627	0.0	0.140632683057	0.0	0.859367316943
41	-0.03838	0.0	1.0	0.0	0.0
42	-0.0117	0.0	0.832705753522	0.0	0.167294246478
43	-0.02304	0.0	1.0	0.0	0.0
45	-0.03312	0.0	0.471433631981	0.0	0.528566368019
46	-0.03828	0.0	0.999207415197	0.0	0.000792584803236
47	-0.01724	0.0	0.0	0.0	1.0
48	-0.02288	0.0	0.438192764769	0.0	0.561807235231
49	-0.04132	0.0	1.0	0.0	0.0
53	-0.06596	0.0	0.0	0.0	1.0
54	-0.04782	0.0	0.534937348002	0.0	0.465062651998
6	-0.0666	0.0	0.0	1.0	0.0
61	-0.06447	0.0	1.0	0.0	0.0
62	-0.05519	0.0	0.0118234383852	0.0	0.988176561615
63	-0.05589	0.0	0.0	0.0	1.0
64	-0.06809	0.0	0.0	0.0	1.0
65	-0.06265	0.0	1.0	0.0	0.0
66	-0.05905	0.0	1.0	0.0	1.05894071318e-215
67	-0.06342	0.0	0.0	0.0	1.0
68	-0.06825	0.0	1.0	0.0	0.0
69	-0.05819	0.0	1.0	0.0	2.74744744816e-51
7	-0.08451	0.0	1.0	0.0	0.0
70	-0.05573	0.0	0.0	0.0	1.0
72	-0.05978	0.0	0.0	0.0	1.0
73	-0.05303	0.0	0.0	0.0	1.0
74	-0.05373	0.0	0.770034892269	0.0	0.229965107731
76	-0.05705	0.0	0.625776692415	0.0	0.374223307585
79	-0.05241	0.0	0.0	1.0	0.0
80	-0.05274	0.772886367253	0.0	0.227113632747	0.0
84	-0.1206	0.0	0.0	1.0	0.0
86	-0.1007	0.0	1.0	0.0	0.0
90	-0.0579	0.0	1.0	0.0	0.0
91	-0.0565	0.0	0.0	0.384256778047	0.615743221953
92	-0.06405	0.0	0.0218354675175	0.0	0.978164532482
94	-0.04883	0.0	0.996186436643	0.00381356335654	0.0
95	-0.04989	0.0	0.984828689627	0.0	0.0151713103735
97	-0.04538	0.0	0.377832581321	0.622167418679	0.0
98	-0.04116	0.0	0.977262862086	1.30982232405e-05	0.0227240396912
99	-0.04375	0.0	0.0170674011618	0.982932598838	0.0