-79.1968218859	0.588788443221
-13.840167994	0.280264308427
-51.0631199886	0.426440252403
-8.57362673298	0.264605653072
-43.4142148633	0.395518533544
-47.4830912724	0.41412956083
-14.5135850539	0.284215099393
-25.3125308714	0.323405516501
-46.0525098771	0.407877102502
-16.8687823573	0.294253853619
-56.0203875136	0.456608036401
-7.76243342612	0.261537700571
-24.2721848414	0.314803515046
-1.18293101294	0.2469451314
-21.3957683492	0.308610753587
-53.592074594	0.435811258302
-59.579711547	0.475201148666
-3.09990608526	0.25044982959
5.67349871133	0.228282200125
-4.08715377785	0.253649632893
-10.6250032072	0.274165188063
-42.9754556411	0.394016684535
5.43899393857	0.227947814909
-55.9963641354	0.452730427943
23.2746971979	0.18657568558
-51.8144149242	0.43056217071
-10.1093606599	0.268769319813
-69.2899479999	0.525265363684
6.79788862315	0.225660844744
-12.917706959	0.280571600566
-32.1311251806	0.342604419038
-38.8023484095	0.376062455592
-15.5918182692	0.289908670026
-15.6446468541	0.290202964955
-11.6342005038	0.277290138839
-25.8163876876	0.318894526214
10.6925933586	0.214764729708
-40.8184255893	0.381248963582
-8.59453678224	0.264057894444
-28.9969369978	0.336369892987
-28.0337260488	0.333243485079
8.86202516693	0.217283487719
-28.6155406529	0.332116459395
-54.0186546498	0.445092607317
7.91601994323	0.222728001189
-7.64499996094	0.253064143964
1.00996344032	0.236607532628
-20.0662969205	0.298373717659
-46.6272778552	0.410672799851
-8.79806164601	0.256055569605
10.9999363235	0.213499681364
-23.746528225	0.317408364236
-53.8350911873	0.440971782543
45.1543747634	0.145219850484
-2.31751145369	0.249736916181
-25.3380306893	0.323452758998
-28.081865809	0.330484007861
0.112616616157	0.241729944014
-18.9028842766	0.298984695319
-5.44742844116	0.245313817517
38.2815488166	0.158048217727
37.8289481526	0.15743406725
-5.15971224887	0.257131625447
7.13764619722	0.220607750528
-15.1800690923	0.28328902907
-1.35642945821	0.243232834646
10.2187437657	0.213535061208
-8.91256422128	0.266550136751
-46.1146041992	0.40724360111
-22.1037896795	0.307767457244
-68.2892877884	0.523249074408
54.756833214	0.130156836337
-9.78600526512	0.271692692336
-9.23731451364	0.267433654169
-11.997496937	0.277732261009
36.299169858	0.161681515512
-30.9270133473	0.342209994213
-38.148700095	0.36571462694
-41.6769278318	0.38579502916
-15.3282471002	0.276382763314
17.9104609723	0.198021860438
37.8057780508	0.157461472149
-3.04522502424	0.249705687134
73.6159749768	0.105230307945
22.1919630981	0.189257385655
-14.8574232224	0.275137642255
-9.52188966207	0.259514674066
14.4555927405	0.205889773975
-22.0224760602	0.306260911702
-16.718697344	0.289778467618
-26.3204573227	0.326642685593
-6.20194827219	0.260355337119
-10.8022878517	0.265993819902
-19.4112519207	0.301046626049
-54.5130639561	0.447836699951
82.0583639221	0.0957784257445
7.79130725955	0.222678590273
88.3643978411	0.089100912984
63.2053597445	0.11891457238
40.8418086084	0.152438506174
-48.63143986	0.420016933787
1.23974709102	0.239801380234
-8.24132746553	0.263819928081
39.8648785699	0.154877195076
22.7542834664	0.187981995794
-41.5900716224	0.388314551381
-4.32880758665	0.254798401945
9.28994561748	0.21529357759
10.1305344622	0.216328142811
-24.4733774979	0.320404669223
51.5127012746	0.135048799578
-13.683285858	0.283128815321
92.4409141593	0.0848568297543
-27.6788886303	0.325423206339
2.5176186368	0.236546529105
11.5459350891	0.213358127138
56.7502114151	0.128008928082
-5.06109562338	0.257570964004
6.96410701426	0.22257012415
24.3786789123	0.184900547659
6.84290642751	0.224507150506
-0.0610847578272	0.241650691275
25.3859485901	0.179705081642
-19.7418796532	0.303873040238
-27.8205096762	0.332721184834
-33.9830589583	0.356264856625
-8.0347530673	0.264049562696
-6.79829192792	0.261755865974
50.8322316105	0.136351836928
-29.4008120783	0.337967004854
-36.7244999016	0.364982968567
-9.88092851849	0.267704370327
2.98015737626	0.227591349355
56.3556792595	0.128356364115
14.1110225775	0.206624640764
-12.1330800949	0.271753231705
40.8193293357	0.152382945102
-13.7629159139	0.27559354727
6.28057814436	0.223264123475
-38.6745008663	0.368026438844
19.2853705319	0.195827717387
12.2712695758	0.207852251997
64.9502282098	0.116176541762
-9.50623157229	0.261200528663
3.6887728267	0.229724458692
-3.61367667299	0.243380764314
-24.2776945995	0.308914684064
85.9583650377	0.0919214171082
-6.36427520253	0.252123915394
1.69707698621	0.229272012265
-41.1803238117	0.381774705311
-40.6923493165	0.378288404574
-28.7444606679	0.332119221438
2.48518996796	0.228264328304
22.3649325932	0.188645363303
4.2620685388	0.231220708105
16.1548777827	0.198005625055
51.4417199583	0.135661099025
-1.46812260246	0.238611376609
-1.09272761048	0.235458403081
71.3296887483	0.108745260808
9.88928407595	0.20800708901
-19.9575334172	0.296673934967
-22.3006985246	0.310199062772
9.81709137327	0.21422268107
24.8852931987	0.182854452265
-19.3821760002	0.295306758038
10.4443920028	0.215483565013
-44.2444223927	0.394785287747
-7.03443483135	0.255055765148
31.4681162566	0.168263402141
26.8164592918	0.179518377968
-3.07581116298	0.250067693041
22.8294556076	0.186896660503
27.3083921845	0.177901983392
0.179674269222	0.242107333423
61.4604815721	0.120949271131
9.75202642525	0.214462624479
-15.3009940961	0.287292819239
7.3420830017	0.223254234485
-0.682083408445	0.237446345809
5.11303740349	0.220928217433
28.642542316	0.175095527798
-2.03371063698	0.248807427899
14.4936087481	0.200033038472
22.8053881631	0.183263287862
5.68754225752	0.22752407853
-2.24156449281	0.247683554118
67.9878407774	0.112845780353
-2.07048696891	0.239070194407
109.019949588	0.0705409197704
72.5136968269	0.106776224205
57.4528167114	0.125563948378
62.4498685682	0.11948509098
10.8913758105	0.212890446074
-22.2790033491	0.311495686371
7.10515277106	0.223910130523
-0.0904870206132	0.235437472814
34.4261449345	0.164623665411
-19.7634612101	0.300771188764
13.8643740411	0.204527004418
106.846223971	0.072231962703
26.1155429594	0.179544243441
-12.9260040648	0.28063163018
69.5770297885	0.110996796996
0.620713023755	0.233329842219
31.7264232196	0.166976277912
13.2650691323	0.204421478057
75.960536488	0.101992515694
-31.8797095708	0.34027304227
24.5877240454	0.18110873064
17.0287301603	0.194285719851
22.5438705719	0.186893468648
-5.04198168266	0.25576076723
-14.5415786024	0.285875295606
38.5526604819	0.156948147521
21.5145850801	0.190103950258
1.52187193956	0.235273724345
5.8961639853	0.219504980161
49.67852748	0.136001876167
5.45139785053	0.225258691312
16.6633091288	0.194492527603
26.1197850261	0.177214694377
16.5702720328	0.195225555613
-18.9617250909	0.295198066316
17.679278026	0.196672910179
-4.85754812783	0.250259859749
0.60485206163	0.236532732415
14.498513327	0.205990695199
2.61602483856	0.228220307959
20.831667659	0.187507427582
25.9311627841	0.177610738044
-25.0379075369	0.318055628282
1.15452430969	0.232477438154
87.781174067	0.0896127683807
12.0769653251	0.210299332145
18.3053106299	0.190267860527
0.611136718577	0.236772433991
74.4853710097	0.104893701632
96.8814966348	0.0808320203756
100.752222089	0.0775283808836
87.6928018709	0.0906527348237
-1.7345265844	0.240361336097
50.237862394	0.137629076685
36.4731967068	0.157478531658
-0.0647392803062	0.24201975944
3.57765493796	0.22782870672
7.49645769119	0.217028230984
6.96557859933	0.217992629733
-3.55784884683	0.246214827779
27.2219464826	0.174036332295
-17.6493920957	0.287920179887
23.9486654061	0.180181264647
3.11732174896	0.230195688768
11.139893962	0.210678836523
15.1840931121	0.200351369615
72.9982143861	0.106889065237
30.2581812408	0.168677355432
5.26226173951	0.220153803051
25.6715381735	0.176329815679
7.47554117755	0.216491763246
77.714993585	0.100765095981
17.0980153388	0.198770163842
18.2261944273	0.192774435219
8.27929362147	0.21885910529
78.1785269629	0.0988219252351
45.7960624971	0.144485379321
6.66699263314	0.224038758822
40.7805364742	0.152572375282
61.2732243034	0.121738043159
71.7193478781	0.108190212697
11.8262446976	0.207149017562
30.8619073253	0.167026724295
9.29367545856	0.211450292906
8.75531912334	0.216023518471
13.7583520323	0.200714910705
10.4501540163	0.211517477869
-1.32448612149	0.239955415327
24.2207671161	0.183943328309
-3.59428113444	0.246541883977
13.4982593573	0.203240233102
11.2816416539	0.207995857184
103.32240805	0.075933458044
47.311591055	0.142380433263
69.3664054928	0.111379808272
9.12540812053	0.216675857229
-10.1262184008	0.264014098002
26.7719463767	0.176859645259
42.8758928271	0.148921081193
-18.0623514821	0.291953634426
46.0851184304	0.144126815714
-10.3407085115	0.270976862586
6.48122984881	0.220940780942
71.2982134197	0.106959274974
-4.49975090753	0.246472495808
62.8807705213	0.119274817454
10.9856793545	0.208268636367
33.2038931196	0.166301254977
29.4252658566	0.169611038953
110.989889594	0.0694582785972
78.0490177266	0.101119959756
18.5416428921	0.194543056684
59.3743720023	0.124382839702
-3.18232951964	0.245170572053
104.978602773	0.0734815166899
62.5873922499	0.120060987006
110.315939604	0.0704511599672
88.8881121286	0.0896574677433
20.4694153423	0.190391932871
96.5458521198	0.0821826961934
21.8616823389	0.18949645547
-0.426500523618	0.237328476683
18.9819111097	0.189792642179
60.1453273855	0.122874483903
15.4525798338	0.196835235526
16.1486156888	0.198423221624
30.0832284897	0.169787204894
5.96150177204	0.218445341726
13.3337568417	0.202284230183
30.4155700102	0.17103963963
25.108487274	0.181322187616
86.8841850722	0.091475082995
2.94726019953	0.228652053929
41.3732953231	0.148956134551
8.43678818877	0.214602048372
17.1761265913	0.194837065081
34.6469257468	0.160284877373
120.766511013	0.0622263247327
71.5644845739	0.108480994336
43.148245359	0.146103094586
64.3506273969	0.116941436493
10.8825559583	0.207003456321
16.3949715204	0.200770553406
94.9258922668	0.0826989843149
81.0574754188	0.0978646242905
75.9289186428	0.103551917674
33.1946828443	0.162296321091
26.5405719801	0.178238475557
56.6987412508	0.127957645278
29.3111039462	0.174241806933
81.0547415108	0.0972855281348
20.185447472	0.189859246936
29.0742171623	0.171605502861
-1.23540488472	0.237988541115
30.7955500324	0.166546885942
79.8213569496	0.0971265211195
47.7957275148	0.138765731875
42.4667668968	0.150131057164
93.1656004255	0.0854719707112
14.917092526	0.199342595262
92.6563186172	0.0838825988328
25.7455509065	0.175728743586
23.5133023405	0.182779851152
7.71825429094	0.216673009145
53.3270635064	0.130539330229
12.7733456482	0.207099119805
76.9033666849	0.100419275302
47.0901147366	0.142580524803
51.6820060484	0.132861124738
44.5215655276	0.146361170307
66.2185308458	0.115082434917
18.1845899868	0.194356176894
97.7469594408	0.0802553165098
108.242734455	0.0718805862893
23.3852620171	0.180710038365
93.3657641379	0.0852912155826
85.7976680441	0.0928370855477
27.2059719365	0.176025550906
69.5256093905	0.111035440259
17.4464611851	0.195153946544
79.019039019	0.0991540355882
51.5044618724	0.133146682864
3.6901795213	0.229975003729
32.486312506	0.167143204299
24.6897714937	0.178752996912
31.7550170177	0.168785866827
28.5693161438	0.174859764349
98.0771178829	0.0807005386581
82.1036429154	0.0953477910331
96.0224013013	0.0808816875685
25.9975901867	0.178789083495
114.632554352	0.0655842789856
13.9818041685	0.201639347245
8.13856253888	0.216064760567
15.409460648	0.198072270322
34.8965731128	0.159284957368
93.2046317312	0.0837799341801
22.799932673	0.186089294631
17.3615950723	0.193015855545
26.3461180831	0.174536005673
135.863577522	0.0524212441855
25.0219602309	0.180351135852
25.3173327159	0.179721820213
64.6645393952	0.117147523734
34.9144901429	0.162493403202
53.2788695527	0.13288770897
74.9261691987	0.104500660841
74.2801195928	0.105503729286
81.7465048328	0.0971253391723
37.3226120479	0.155185945078
136.931898296	0.051409317981
29.7698975068	0.168382007101
15.1034605158	0.19799080754
34.1084219686	0.162906402446
30.5637670054	0.167967014255
44.9637272516	0.145421859389
29.4416553662	0.173486037545
19.3931014496	0.189955318325
93.7965993928	0.0826503246925
78.7525581037	0.0995475175571
56.3758868859	0.126190118303
51.3592848659	0.135982166754
81.7324863905	0.0949450463366
41.0178543608	0.152597931609
116.283227794	0.0645600929545
39.5420927796	0.150943051616
42.2255629058	0.14689142531
79.4720839448	0.0972714897843
95.5855144335	0.0811524517035
62.0842648124	0.119786378348
67.0576057955	0.111643027956
82.3945375168	0.0947596514986
53.026080371	0.130704888796
142.627355478	0.0481081907338
55.3657257263	0.127295447916
92.4283679413	0.0860619842698
56.1921262083	0.126230437647
87.0775213632	0.0894452799729
143.609799371	0.047569108238
54.0835943482	0.131165450866
72.900576902	0.106169143914
122.92966647	0.0599434279641
40.9577361601	0.149888059735
101.845983289	0.0759806158987
46.1403618124	0.142723099359
67.1387793177	0.114135798957
103.628656132	0.0741556931015
53.0788792259	0.133424605249
73.0919131747	0.106543639866
156.123433459	0.0415202847452
107.971440856	0.0722637786027
77.2850888204	0.101946853331
140.81565655	0.0490775385961
60.6719429539	0.120608971242
51.0699380565	0.135490457596
105.903808822	0.0723049508433
100.18377945	0.0772095191748
32.4901263433	0.165972873823
62.1669272974	0.117993715328
55.3688708644	0.126713741466
81.203181542	0.0976798330467
31.7619401046	0.167885294213
97.5641067041	0.0808462176197
64.9480067524	0.116580575828
52.2573868228	0.134150009117
104.829253924	0.074290051987
105.841753275	0.0724995215704
72.6063652938	0.104868167973
94.1019274386	0.0845173467815
131.254643791	0.0546140471654
99.7447642107	0.0783427646411
73.1309085233	0.104784618317
40.3970255113	0.152441767175
158.449561892	0.0404052840866
96.3989373543	0.0809887785829
115.279865359	0.0664832265774
126.900212119	0.0582258290382
70.0051231644	0.11003491152
38.9913271936	0.154186718171
75.5373780213	0.103666111385
112.608004181	0.0678871525324
123.883219686	0.059266493743
102.550385146	0.0763626832015
45.4740563555	0.143169333838
128.080541269	0.0574814001068
61.58483008	0.119495024147
71.7714518671	0.107934370329
100.954748927	0.0769567231393
65.0190454724	0.114243217397
76.0440431511	0.101078390312
71.6945566426	0.10572826242
15.0559826121	0.199672805783
88.6300972883	0.0888337978699
90.2340404891	0.0861051261982
119.114758184	0.0625626723872
86.0393786041	0.0912721804928
110.980369263	0.0683624918851
86.6161487742	0.089937478643
61.0214886282	0.11952143157
106.231830489	0.0735168149085
61.7842135931	0.120893788977
89.1491229762	0.0872347736902
52.4480781883	0.133345988434
58.4640018218	0.123332737372
77.1597839387	0.101935735933
74.8754719443	0.102733846518
65.4854908069	0.113653758898
40.5780654822	0.152375276744
106.650095396	0.0731864814651
52.726648191	0.132842249871
45.248167414	0.142729428774
148.817709776	0.045188105414
141.908556953	0.0490171795473
136.970327549	0.0517217347815
66.7212869813	0.114414009184
79.3443243886	0.0997476650178
78.6876925147	0.0990420023459
80.1650342312	0.0966450041982
161.019192826	0.0393171061113
71.5928962121	0.108683362354
92.895075436	0.0853682804831
123.259680986	0.0605954534591
79.6599232534	0.096926181551
22.1401596258	0.185544977341
95.8967284596	0.0827037991416
48.27873939	0.137350151013
104.727180943	0.0747632362587
57.450061819	0.124371510589
107.503042406	0.0714410217179
99.1614918373	0.0782828556192
73.4115899547	0.106048220229
131.080106471	0.0554180292399
49.7769381057	0.134549768537
69.9722506817	0.107694683023
74.6866997969	0.102774473569
46.2017471332	0.143869834648
156.726816327	0.0413661924265
75.5266874574	0.103437752019
71.4758436562	0.108096741727
48.9555728812	0.135794187572
58.9077773178	0.121889709463
52.9970022258	0.130155099745
55.3744987198	0.126666553561
44.9247123555	0.141957196838
56.943975276	0.126949605212
81.0800297451	0.0953908002119
64.1832349035	0.117484187379
80.9406741529	0.0955546578662
83.6757030839	0.0927766972229
82.6009310349	0.0944005921202
142.362889739	0.0486351204687
64.2001406329	0.115850054394
32.6254048448	0.165682579435
62.4052521465	0.117002686573
74.052791673	0.102843645511
56.2014144487	0.12522252307
112.457171157	0.068566546055
128.220434578	0.0572858383464
125.614278904	0.0589341905365
62.6096794495	0.119175590484
112.49330454	0.0674536768643
73.0987150327	0.10633688413
70.2758279445	0.110297326196
120.14400176	0.0629758317641
63.3203565589	0.118188883939
92.7274290051	0.0858889787877
52.320508979	0.133179597169
37.9656294921	0.155837581579
128.222660995	0.0565361863294
58.419936854	0.122896929403
59.9993504627	0.120461359716
103.070069167	0.0745027059084
119.054565371	0.0636815464974
103.822640574	0.0757598499162
56.5795167193	0.127464778004
83.7994970231	0.0943634143257
107.31317583	0.0728360362239
89.5651702392	0.0884694884823
66.9687640056	0.114046008293
130.828623918	0.0557155833054
66.3103706464	0.114471769789
83.8714311199	0.0947231942571
93.9315373922	0.0844399176305
46.4983373509	0.142694913821
82.6702382087	0.0956740347509
161.059831725	0.0395938665958
121.688603363	0.0606035536585
113.506747757	0.0678739406673
81.9826337181	0.0968464542187
87.271840426	0.0910063411446
118.96133768	0.062659347496
58.9028716119	0.121736706668
45.4555258134	0.141605464284
144.630454945	0.0477545215677
49.9319713947	0.136001118628
127.211291438	0.0581919867785
56.142798456	0.12868617345
60.9231409542	0.121939340714
45.9661472157	0.142997557722
150.801185176	0.0443673050986
159.802220109	0.0400728997956
60.9815988613	0.121546409779
70.4730289371	0.109516164527
72.4457730535	0.107031497512
56.5839134741	0.127519383197
52.3874729161	0.133779276643
71.087064018	0.108948963774
89.365542906	0.0888033941124
82.948232051	0.0953076148476
87.9646316229	0.0906476982806
105.190487458	0.074394273022
59.3810840142	0.124046919164
93.9345152841	0.0846081373261
53.7262543359	0.132312147077
70.3595468958	0.109556618573
85.2196887088	0.0929974045431
74.1748647953	0.105667855044
126.200766741	0.0587370529918
92.4682050636	0.0858391126246
117.386040445	0.0646562114607
88.7350393651	0.089719991145
104.651072023	0.0739312009037
122.787255614	0.0612399264911
174.716646412	0.0340361732729
95.5940176834	0.0812478284961
100.015094117	0.0791778938671
145.061552284	0.047381115174
80.569227131	0.0983205740423
103.848667464	0.0746367661012
87.393299189	0.0911990995486
127.936813917	0.0569374356781
121.577439185	0.0610587562386
102.071191663	0.0772316587469
183.211114838	0.030881396103
166.442092634	0.0373956499901
103.970510309	0.0740347616133
121.403598503	0.0622278109951
68.2275260073	0.112401379093
104.852221828	0.0748273119362
136.752380327	0.0515481650962
162.620454452	0.0390383425192
133.99216701	0.0535336175096
192.541822955	0.0278931817582
155.104340474	0.0422276307735
156.588587798	0.0417192231202
143.76347057	0.0481015755922
124.470064626	0.0599114239753
148.815236638	0.0455314593406
138.172907019	0.0513266125789
178.604927868	0.032571049441
147.584048356	0.0461908909275
177.736316528	0.0329536219578
174.93612341	0.0340677394644
196.016041338	0.0268134656202
198.665314277	0.0260779431229
189.444349597	0.0288339249247
197.707355889	0.0263650194659
153.001234689	0.0432809859116
170.403577471	0.0356927194622
148.062661309	0.045728397619
176.142146231	0.0334577558543
193.556274292	0.0276094681684
147.922826382	0.0460055624153
142.681113244	0.0488854073711
131.919659116	0.055096046721
127.823296037	0.057759310907
132.693390818	0.0545578906939
179.710262492	0.03231129739
163.141970443	0.0388765484371
200.266815442	0.0256354423726
162.968018093	0.0388709983953
165.807881757	0.0377552174459
198.121572225	0.0262727354343
172.791814349	0.0349269896498
193.478237337	0.0276305501693
166.995160427	0.0372264801756
182.064453338	0.0313425729334
148.773354104	0.045595575411
144.295457416	0.0476418077841
143.807743684	0.048206088077
157.59830791	0.0411493230174
140.846573472	0.0497889928124
158.738149706	0.0407128091049
168.151606206	0.0367772480127
130.15228883	0.0561886074975
162.763136368	0.0390071789556
186.039709127	0.0300977283504
198.411816318	0.0261831812436
170.18987193	0.0357475388377
192.891131459	0.0278425875907
174.086668349	0.0342409231461
168.16300321	0.03666494721
138.710649958	0.0507861324568
139.040928805	0.0508556162397
157.544052633	0.0411437739609
142.268991607	0.0489952993563
168.821360292	0.0363843359487
110.34154578	0.0705040097319
161.911909672	0.0391957452318
151.845340018	0.0440815787977
181.166966036	0.0317052532151
126.467342003	0.0585783933041
140.835415819	0.0498064009775
165.330239262	0.0379081872734
166.166837864	0.037536572192
147.852047783	0.0461450332235
197.89527645	0.0263365261566
144.01844491	0.0481649428499
168.260745281	0.0366367272028
141.246763667	0.0497106208593
176.619622351	0.0334269849365
142.742656476	0.0488739085672
161.147006783	0.0396981980839
138.373917458	0.0513498980493
199.424908672	0.025880414126
138.602619645	0.0512041390686
187.312881985	0.0295752242281
141.362911199	0.04966118145
199.353558179	0.0258989909465
141.519814761	0.0495236113878
173.540531811	0.034570777784
111.841291751	0.069322573743
153.903296698	0.0430525938329
138.770922258	0.0511203782563
158.05153007	0.0411168264622
154.473816122	0.0428102357272
174.124742418	0.034406941862
148.726932199	0.0456920981103
197.806587806	0.0263569408619
112.498249125	0.0687841584592
165.707802063	0.0376988127839
113.112008827	0.0683688819712
188.920167302	0.0291199367117
123.491238449	0.0607930115882
173.011252594	0.034832078724
121.435146189	0.0621969046027
190.115674599	0.0287112733627
134.300104908	0.053785527723
141.215107574	0.04960644498
120.828127427	0.062639401124
157.671973431	0.0412372361563
114.173525942	0.0675356292232
195.166428543	0.0271450039565
119.272175134	0.0637329032953
161.233821729	0.0397078724571
106.648135321	0.07352469868
154.895609195	0.0425818982046
146.106605474	0.0470729592616
185.90049264	0.0301632933429
143.681935403	0.0483795375942
168.708838464	0.0365444794741
137.560353659	0.0518511876811
189.106359758	0.0290891044865
144.82302442	0.0477572011795
191.730832375	0.0282388282378
129.172421302	0.0569720001601
195.493170486	0.027031666963
134.117196548	0.053868583457
164.31487207	0.0382727822046
121.721023115	0.062001141355
141.272859668	0.0494730988215
116.470446045	0.0658199125822
189.11071969	0.0290375383264
129.635928227	0.0566976141881
189.245045544	0.0290547253325
128.100168416	0.0576621483765
188.029020851	0.0294434499128
118.997691296	0.0639237179185
156.900632108	0.0416422253941
119.196933247	0.0637925680327
192.804766459	0.027917341565
136.602911064	0.0523270079296
163.28414795	0.0388081473931
132.13566244	0.0551019374264
181.827920511	0.0315608373541
146.425375491	0.0468506105526
178.966244183	0.0325725215118
137.116698045	0.0520726956837
138.901667848	0.0510221889397
144.858274394	0.0477393200404
130.631963637	0.0560010298396
131.973097383	0.0551789319156
178.248367484	0.0328347305537
157.44816845	0.0413737859216
190.909986432	0.0284933318311
159.405471999	0.0404801171608
162.937171379	0.0389007942423
145.785791931	0.0472115942126
145.976002249	0.0471409001176
136.349880435	0.0525081405396
130.816810166	0.05595513879
153.099274675	0.0434440781746
169.899179613	0.0359955474625
134.09779161	0.0538740213147
115.908133901	0.0661569372879
148.020253367	0.0460171433085
140.77625779	0.0499921475798
133.284394406	0.05432740428
155.258595447	0.042447720616
157.040983002	0.0415758086822
165.218254917	0.0379343421153
168.514824132	0.0365438657396
147.011521197	0.0465512103336
159.964832596	0.0402158446122
139.144043318	0.0508671047607
153.411147287	0.043310226399
149.75340623	0.0451288611718
151.883450574	0.0440514124609
160.131385616	0.040168035957
141.474744134	0.0495296631361
151.84131994	0.0440952003915
157.163526991	0.0415052443102
155.813990397	0.0421714277247
152.708318122	0.0436405543809
148.857029489	0.0455967924387
161.428965672	0.0395842142851
136.875035728	0.0522125533155
146.953297481	0.0465793664887
152.536602642	0.0437442885903
152.201789559	0.0438953952495
149.523544217	0.045253934585
144.792466182	0.0477000431457
155.710632329	0.0422072326406
144.801079661	0.0477033588386
142.570661974	0.048953575585
137.097436785	0.0520491573153
140.76724714	0.04995985748
141.919260898	0.0492937505502
148.424874298	0.0458168986342
150.726482665	0.0446661385595
123.946393485	0.0604817193475
143.979017652	0.0482059189364
141.828333566	0.0493537842344
120.226941118	0.0630573507629
141.7879478	0.0493929243526
142.960828623	0.0487349918991
150.96304479	0.0444706338445
114.899294576	0.066985632596
159.191742375	0.0405869997081
127.532509324	0.0580141341074
158.342990261	0.0409731267791
134.619003595	0.053583562506
161.693001889	0.0394579124264
138.507943315	0.0512786675869
192.175362054	0.0279581387464
150.145016067	0.0449413298825
156.311650638	0.0419190506664
133.610616129	0.0542008516083
149.415937498	0.0451167196729
132.604116148	0.0547923456968
151.132963462	0.0441963457182
136.502261401	0.0524607260582
182.819934547	0.0310449400678
135.507481985	0.0530577160479
165.97225186	0.0375066163062
126.92526845	0.0584468619258
175.28779399	0.0337931373224
129.441306438	0.0567822354216
185.117259228	0.0303472265357
133.621109159	0.0541991839745
190.353848741	0.0286099188674
125.556776509	0.0593642896171
145.927248461	0.0468744881714
154.313513292	0.042893592265
122.177611568	0.0616956643196
144.757650864	0.0477485312598
174.637008976	0.0340860734118
134.61572124	0.0535656253387
182.462076928	0.0312584880938
138.359061965	0.0513530526362
180.46043043	0.0318605980758
132.271105518	0.0550236983075
195.685893468	0.0268995411221
128.192174161	0.0576036053365
177.976975576	0.0328685114636
134.957588831	0.0533879672242
162.696649925	0.0389619469485
123.256997026	0.0609192578073
154.383174533	0.0424752822644
145.579523919	0.047336742669
178.605928184	0.032639153758
140.345735913	0.0501979433158
175.817121926	0.0336154726676
152.96682175	0.0435438729933
168.399212226	0.0365944764921
137.913317647	0.0516060911341
181.622897873	0.0315303330142
173.382137947	0.0345997653951
193.137706811	0.0276793782632
136.661930269	0.0523570633527
172.617412907	0.0349035919903
173.10040773	0.0347210090502
151.208497274	0.044392241542
138.8390279	0.0510901463081
170.406566806	0.0357895813893
140.225518769	0.050293808432
174.179019951	0.0341930872395
146.580229558	0.0467684837998
155.591997827	0.0421349832747
134.2782298	0.0537504586399
191.607694303	0.0282217012068
144.160707526	0.0481064658955
157.386459758	0.0411475121144
134.703499532	0.0534852934262
173.595776665	0.0343832967774
145.429223248	0.0474187953642
178.166233146	0.0326504026097
147.015059224	0.0465327078885
190.36621859	0.0286344890259
156.607663222	0.0417743472509
160.582586185	0.0396500959079
154.488673091	0.0428069135036
195.894814621	0.0268611336001
139.406047997	0.050681648402
117.288079862	0.0639600100049
163.960971053	0.0384742489061
168.954980636	0.0363941158148
149.030741193	0.045535372631
163.112818394	0.0387745461362
144.958812735	0.0476422874557
157.918168454	0.0411708440331
149.885816846	0.0450074201946
143.03467915	0.048693762182
171.834579089	0.0352339691015
143.995942812	0.048108531344
178.35610274	0.0327545952336
159.586620001	0.0402424989567
187.531257393	0.0295858083664
157.153337224	0.0414876567955
147.534760113	0.0461983090772
183.846668953	0.0307679343402
161.627070532	0.039513603103
173.737072925	0.0344808933205
152.643107421	0.0436811967604
162.980992134	0.0388892157978
144.726054062	0.0477307441254
193.763938849	0.0275505854397
161.676727426	0.0394596309188
154.669909266	0.0426883776163
173.28273504	0.0346277646782
165.695668727	0.0377492120553
195.375054042	0.027032010099
187.540943597	0.0295368852433
172.671050108	0.0348862350236
176.336758294	0.033340032294
167.123498037	0.0369716752305
155.512306574	0.0420988082707
149.36619729	0.0452026907121
163.423457402	0.0384407114114
179.688097101	0.0322119274461
183.037663477	0.031021414452
170.488329191	0.0357849548864
165.085653768	0.0377245860853
168.564913133	0.0363762907824
186.757638345	0.0298165693924
179.572701836	0.0322624814107
187.680226448	0.0295111776519
177.680696935	0.0330066068744
156.049072526	0.0419761638771
158.374369569	0.0409190318046
162.647242882	0.0390202046372
153.833828609	0.0428405717781
149.487925908	0.0452712797908
146.716696191	0.0466969124888
170.551425672	0.0357248414348
176.94309661	0.0332881626914
148.433363385	0.0454394461687
184.206964832	0.0305966149832
177.307334564	0.0329511861061
172.707330726	0.0348982718486
169.789924036	0.0359717228329
173.329716736	0.0345611566256
178.316579118	0.0327891030907
189.682360853	0.0288271606198
194.0190036	0.0274690832317
186.340998735	0.0299329207006
158.389693499	0.040924759398
156.621639649	0.0414925766538
136.370622093	0.051934029841
167.598768773	0.0367911323614
155.66347262	0.0419897049542
178.858867824	0.0325612470543
152.669622587	0.0433465384315
177.679342882	0.0328207255369
145.360714513	0.046949612424
170.526411326	0.0354779749347
166.251401117	0.0372896867638
179.514149508	0.0321599114059
165.939105275	0.0375068806411
161.699059787	0.0392889014038
170.373696385	0.0357015733983
184.592373309	0.0303787969792
167.295205959	0.0368102052199
179.10384197	0.032311288374
177.095192677	0.033014646517
170.63201843	0.0354640337506
188.718439482	0.0290273126849
174.771669472	0.0338834190213
179.189630644	0.0323368768342
181.215968487	0.031530420739
178.621613953	0.032550065287
174.703100636	0.0339730330555
194.442244373	0.0272549082843
177.178858425	0.0330162271397
176.443868019	0.0332968366299
163.744861036	0.0383773989489
181.539048444	0.0314690785249
169.215004101	0.0361031968753
175.511708949	0.03377206906
164.885084402	0.0379264291032
195.179799092	0.0270496008102
176.896787666	0.0330477232211
174.797494858	0.033962143383
162.598222303	0.038829464646
175.223498752	0.033893757565
163.824927538	0.0383406197465
178.264316732	0.0327521560816
167.771155192	0.0367072971324
193.389095981	0.0276206105805
185.491717257	0.0300793303463
189.837009627	0.0287479345569
175.931704689	0.0334344707977
174.704681267	0.0340206423848
185.544312757	0.0300439262885
176.152086452	0.0334336259481
173.371288204	0.0344334259755
195.620525323	0.0269394326062
170.824925949	0.0353550532856
177.548675007	0.0330372359506
176.469773512	0.0332236023326
179.144839416	0.0324533109452
184.909231934	0.0303251569008
186.87179681	0.0297543726882
187.168246852	0.029580730803
188.585848589	0.0291920505836
193.480389139	0.0275814533292
175.60025521	0.0337136070283
178.077238121	0.0327721860676
178.554157087	0.0326324606747
188.950407836	0.0289979544842
184.176380925	0.0306376737235
184.676946864	0.0303764177234
193.481019554	0.0276275736851
171.841602376	0.0350257891492
177.582084381	0.0330280862715
180.527741489	0.031824638564
181.057890324	0.0317308466513
192.126998858	0.0280004143275
194.343373702	0.0273644582335
176.772824655	0.0332778096595
192.489428415	0.0279504226165
177.646274027	0.032859600638
189.607616991	0.0288756178784
189.888238359	0.0288008348249
179.157593263	0.0324688952307
179.104473025	0.0324551712424
177.506031945	0.0329066318259
184.414074361	0.0306114046215
180.716665469	0.0317490246751
182.827943938	0.0311576356337
192.041228021	0.0280559586959
176.377345048	0.0334809561533
179.317012301	0.0323293785215
195.033920324	0.0271632167372
178.050299798	0.0327888919987
189.235811314	0.0289419721282
181.504006139	0.0314505911283
181.681579209	0.0315418060492
181.677321911	0.0314162188713
197.859370462	0.0263014806692
191.87146546	0.0280239624744
199.209279289	0.025900432533
183.132756047	0.0308572154391
194.253857098	0.0273816488149
178.164018407	0.0325967660965
199.402593005	0.0258415784802
181.224483705	0.0314962037447
186.248539881	0.0298922981046
188.873570281	0.0289577314026
199.746074851	0.02573367517
180.548159789	0.0318459514774
194.646914807	0.0272663169386
187.64856608	0.0293826892509
193.699792772	0.0275079449332
192.341874185	0.0278964939339
198.318409103	0.0261304709425
180.449798603	0.031849121041
198.919546176	0.0259429741569
183.078467204	0.0309258453248
184.084988912	0.0305990181161
195.04555884	0.0270797404538
195.816553451	0.0268801443342
185.046550706	0.0302611227599
198.247708944	0.0261382408218
181.820860302	0.0313767813019
184.138819299	0.030557948424
180.668591595	0.0317790163975
186.308473172	0.0298336327426
196.111520693	0.0267806256089
189.298252201	0.0289053108559
194.223637995	0.0273687082666
184.794393862	0.0304000068598
193.842031902	0.0274953068075
196.418656707	0.0266990461638
190.226276984	0.0286297280696
189.071461592	0.0289456182059
196.272645474	0.0267338133635
186.73709362	0.0297191606424
188.611764811	0.0291610049638
188.778280287	0.0291173211613
196.087039288	0.0268031255401
190.876713684	0.0284080930259
195.540851397	0.0269564262331
191.945427438	0.0280782863975
191.005300007	0.0283538067634
188.449123959	0.0291943977778
185.539955434	0.0300701229315
197.011991505	0.0265657447008
185.7877066	0.0300892280087
183.871746243	0.0307893260662
181.57257513	0.0315524912369
188.443013042	0.029256861164
189.366711671	0.0288981208528
196.59379582	0.0267096831525
189.305546739	0.0289154236085
195.603561592	0.0270081035446
187.306791668	0.0295706877396
190.726104812	0.0285017959761
184.465172619	0.0305240483626
194.817854032	0.0272435586425
192.691655504	0.027846431426
177.70108065	0.0329655206199
180.503836491	0.0319078899052
176.942658293	0.0332821606836
187.255567842	0.0296476779435
175.342446366	0.0339001801905
158.958444359	0.040713792784
175.709134315	0.0335527666013
178.247006661	0.032761617242
184.034393923	0.0306758023669
188.20290985	0.0293841473879
190.875428656	0.0284961227104
178.395606131	0.0326287937166
181.551181967	0.0313958937666
179.322565376	0.0324316295777
186.760990347	0.0298060730131
192.397227949	0.0279357052375
179.547668321	0.0323447439833
182.128880614	0.031300630741
170.465038762	0.0357829565057
178.967984574	0.0324652872242
196.653858799	0.0266875100754
189.119397682	0.0290174285549
176.021379324	0.0333907873647
178.560171923	0.0327047295281
181.25919831	0.0315472822954
171.366228577	0.0354211095255
175.056892797	0.0337670329181
178.784269316	0.0326164245472
188.345015478	0.0292017459629
182.330094765	0.031355410038
180.429994257	0.0319558072148
191.197275051	0.0283779022556
190.31892645	0.0286053889325
186.567468692	0.0298933295784
188.303298234	0.0292730783958
188.679441248	0.0291823617054
179.773638485	0.0322005128952
178.14005128	0.0328477376254
180.534211515	0.0318277453716
179.330168053	0.0322456605569
187.895627027	0.0294595385169
186.380850992	0.029919374576
187.793317243	0.0294671276302
183.244738963	0.030780754788
193.912136683	0.027531182339
185.136568672	0.0302987428652
184.838525104	0.0304122442877
187.891043229	0.0293608926584
185.538674676	0.0302224448933
187.223302802	0.0296603502975
185.467022382	0.0302519856009
178.852719556	0.0325493647652
186.480285824	0.0299507412621
184.009911159	0.0307438722309
181.790512133	0.0314963168518
192.231003709	0.0279224978795
194.570888662	0.0272979879254
183.634256407	0.0306962121099
188.544373149	0.0290864426512
194.496137367	0.0272228755163
188.781902276	0.029099446319
184.194451105	0.0306278611699
191.765483905	0.0281663506378
184.126399969	0.0307242096051
185.043974373	0.0303775125161
184.217947436	0.0306714066739
189.327740041	0.0289523994096
192.57529895	0.0279233921324
190.570337565	0.0285465360891
192.409989254	0.0279725219857
189.799617114	0.0288121431646
179.456062341	0.0322022984576
191.949935152	0.028153567215
190.661963422	0.0285531641588
197.777359486	0.0262925430762
191.913551524	0.0281410144529
195.094583565	0.0271544757661
177.349011069	0.0331474723045
191.637789396	0.0282260841584
184.959309916	0.0303729626218
193.892881202	0.0274700699304
190.30549117	0.0286087989742
189.071536174	0.0290706556087
185.929664472	0.0300461680501
185.958093803	0.0300857526686
197.49285749	0.0264021044401
198.213660333	0.0261731187568
191.814226536	0.0280904825387
188.89157241	0.0290119394467
187.775995318	0.0293457053257
192.326996781	0.0279209756408
192.371373415	0.0279123757121
189.260229369	0.0289262501032
183.435094151	0.0308682928387
191.893109958	0.0280744562465
186.805725414	0.0296279936008
190.228816418	0.0285908399778
191.645000394	0.0280920729189
192.555582299	0.0278559867646
193.930144216	0.0274297729805
193.661528207	0.0275141067191
196.850205693	0.0265757553518
199.866219751	0.0256958724394
198.350347604	0.0261479285387
192.730881776	0.0278649974078
191.142507504	0.0283705927046
197.163514276	0.0265103880801
199.107875714	0.0259467525552
193.7251934	0.0275678670582
192.974074472	0.0277873660221
192.819859336	0.0278332958012
193.110152587	0.0277488367711
196.718298269	0.0266552645375
192.218060104	0.0280498311726
187.800851148	0.0294895325203
189.674679776	0.0288745389583
191.101510368	0.0284088728037
194.338014251	0.0274085010203
188.837210577	0.0291478301144
189.457512828	0.0289415069164
189.218144309	0.0290222253795
192.96644853	0.0278280469019
190.343455908	0.0286511135753
190.600610381	0.0285785861341
187.40991928	0.0295970622163
191.507491416	0.0282740831149
190.857772897	0.0284824020399
190.872979305	0.0284722452594
189.625921128	0.0288377510325
187.513879358	0.0295751251825
186.416988157	0.0299578514026
186.257804082	0.0300121336135
191.476320372	0.0282656315247
189.456010613	0.0289203634929
191.077508942	0.0283740857706
185.021704019	0.0304069431165
194.243457051	0.0273890230612
193.793776274	0.027552169484
194.183382561	0.0274042082147
190.106645647	0.0286198151958
194.39174019	0.0273609731988
190.415679052	0.0285992240179
194.957227742	0.0271980654504
195.236072423	0.0270889714598
192.87083723	0.0278433199695
187.816117101	0.0294508339339
187.550721701	0.0295658322653
191.101528651	0.0283951561979
199.855792689	0.0257313351447
193.427485587	0.0275401184183
191.771218598	0.0281777591252
187.884640978	0.0294481011817
190.437758752	0.0286202323943
186.444639196	0.0299108315367
192.118674123	0.0280750409071
192.420564725	0.027957812439
195.002680009	0.027178581542
190.547106996	0.0285366673288
188.449096715	0.0292643537045
187.060499659	0.0296919772009
190.15619707	0.0287049746432
192.65922999	0.0278743624447
187.364341551	0.0296252735046
187.065532123	0.0297158131055
188.700475957	0.029183281915
189.856178823	0.0287982961699
187.998161522	0.0294171852384
191.371678505	0.0283024633985
193.913830065	0.0275179158676
190.792391154	0.0284638377605
189.611771814	0.0288399869334
194.080410766	0.0274338338934
197.37471377	0.026424586382
195.173169404	0.0270724990961
197.720163903	0.0263174127145
194.977579897	0.0271155219273
195.399992516	0.0269884806917
196.607741819	0.0266154932168
191.87185452	0.0280536978126
189.321675096	0.0288637489683
192.846249532	0.0277448546156
195.039502881	0.0270834240158
192.361891847	0.0279333859119
195.574825988	0.0269524033693
196.314167577	0.0267440184135
193.809553204	0.0275037514691
191.481170638	0.0282165106799
191.914066611	0.0280830300971
193.566067732	0.0275607343182
189.887956017	0.028759744185
190.175543644	0.0286580002049
190.375644155	0.0286036056984
194.985101376	0.0271455163469
195.008893847	0.0271556630896
194.57505789	0.0272776303044
190.472312133	0.0285469678311
195.559085936	0.0269800038209
194.77220991	0.0272305907385
195.248743442	0.0270658549387
191.992793169	0.0280890012301
192.291603147	0.0279876899549
192.563530501	0.0279186672161
194.243658011	0.0273914415531
191.857112594	0.028120839422
190.106222759	0.028673616927
191.426029067	0.0282737430677
194.429531001	0.0273409519332
192.819716506	0.0278236327269
194.424908599	0.0273378080016
193.908684681	0.0274841160563
195.00696353	0.0271607891278
195.45594319	0.0270210813539
192.10390517	0.0280395775459
190.652496789	0.0285029597221
195.364634576	0.0270445632104
195.525439579	0.0270007904562
195.831808187	0.0268883889009
193.239131533	0.0276971495568
194.57115479	0.0272781803775
194.513129526	0.0272987585154
197.438712983	0.0264178888937
194.682501107	0.0272221331542
194.12186901	0.0273879264306
196.892326862	0.0265482800374
198.51197224	0.0260676906115
196.132939337	0.0267559625383
198.325712106	0.0261189603714
198.08045093	0.02617940918
195.434771334	0.0269676701664
192.707268289	0.0277969494507
195.19990437	0.0270381660101
196.225350628	0.0267308668612
194.577656533	0.0272289201962
196.075074573	0.0267928528926
196.707278873	0.0266080604289
193.8055073	0.0274874135839
192.087244384	0.028012959508
194.89939987	0.0271494329127
196.4335763	0.0266862924924
194.170107638	0.0273890117902
196.527993282	0.0266720514199
196.486079268	0.0266914801087
194.672662901	0.0272338257957
192.025058589	0.0280517398667
193.884160357	0.0274716234353
195.582910218	0.026968410573
195.323640755	0.0270343285791
195.827326948	0.0268976868199
194.685506222	0.0272291949751
196.781336668	0.026610276022
195.46663566	0.0269984532982
192.96678068	0.027765693517
193.668263869	0.0275469511196
196.348346227	0.0267291131337
193.401756821	0.0276288685627
193.29284576	0.0276839557427
196.536680925	0.026679654619
196.866224533	0.026583646068
194.855594832	0.0271877796374
194.088692212	0.0274374559482
196.473711753	0.0267074536313
196.591255422	0.0266726794999
195.189723398	0.0270828867682
193.791251029	0.0275247922943
196.709123494	0.0266285627835
196.397916906	0.0267323223128
195.970631341	0.0268692434301
194.157190351	0.0273964152822
192.499132695	0.0279166587028
195.762808251	0.026921489092
196.108423856	0.0268183536443
194.4670142	0.0273008785085
196.080261247	0.0268147434639
196.884058947	0.0265717600775
196.810055536	0.0266012623151
194.641981026	0.0272483593112
195.47495245	0.0269994795871
197.672317508	0.0263404130144
196.118416997	0.0267955001658
196.99526755	0.0265510921312
196.824012637	0.0265864718927
197.884291207	0.0262843368518
198.517897636	0.0260979559871
196.775567608	0.0265991831362
197.920660189	0.0262499577463
196.642585117	0.0266305060308
199.132248926	0.0259072380896
198.546544461	0.0260650415533
198.610176204	0.0260608564135
198.908262597	0.0259790121071
197.276059826	0.0264517140453
199.286908372	0.0258599032281
197.543184357	0.0263741902569
199.084602137	0.0259433192568
199.56776225	0.0258020770232
198.625300067	0.0260761119763
194.051510035	0.0274857691885
190.69492916	0.0285449141154
192.166363771	0.0280687973334
190.777935501	0.0285134307206
192.501214599	0.027946450655
192.430846621	0.027986974189
190.911732503	0.028447546999
196.23909367	0.0268145571576
195.182697423	0.0271144496559
193.584829795	0.0275407912346
191.139404898	0.0283723521954
198.22350639	0.0262194301093
190.667048392	0.0285573256085
198.609471944	0.0260809454512
198.456425631	0.0261334369482
192.785500607	0.0278524612135
194.389769303	0.0273306721249
199.617126978	0.0257815093387
195.466667143	0.0270217052045
194.607944411	0.02731903142
195.213875923	0.0271121514772
191.790378103	0.0281747330818
199.843922829	0.0257511542806
190.618561501	0.028525520104
196.877274936	0.0266314160654
199.852804918	0.0257323200866
190.209249975	0.0287042694305
197.15477943	0.0265094283378
199.234320823	0.0259358215794
200.607556878	0.0255457139509
198.706908083	0.0260800602288
196.57909045	0.0267393428762
196.563170531	0.0267118108833
199.993419588	0.0257009454858
197.351237176	0.0264704858583
197.086383285	0.0265376177175
196.559213278	0.0267256081605
197.452259912	0.0264499763768
197.021504193	0.0266051541183
197.395694542	0.0264784331583
196.409012684	0.0267426690525
196.379160789	0.0267743760241
195.697671494	0.0269752849063
200.224158444	0.0256366968117
198.611946772	0.0261277364734
196.970380009	0.0266074534042
198.912275152	0.0260487410806
198.413151352	0.02620500148
197.064257847	0.0265657278143
198.169787539	0.0262738110875
196.924814738	0.0266190779069
198.97681052	0.0260113572368
197.59681607	0.0264116280366
197.072014026	0.0265582200488
197.947843168	0.0263064925543
199.61183765	0.0258256981915
197.340729245	0.0264793075932
199.902240193	0.025755657056
197.807826949	0.0263489247065
199.393579571	0.0258994544865
198.171540281	0.0262366839277
198.056264338	0.0262780138557
199.558766843	0.0258524817845
200.752704488	0.0255086284487
198.839364528	0.0260500752105
198.667848314	0.0261015088728
200.4203775	0.0256206166849
200.306593351	0.0256329621633
200.181376375	0.0256898973002
199.219430825	0.0259480362622
198.70541195	0.0260975139437
199.099423176	0.0259857024114
198.331326819	0.0262082571136
200.022903972	0.0257409685519
199.883054754	0.0257796249417
200.159412754	0.0256755774633
200.250047454	0.0256662154236
200.8634137	0.0254975091773
200.213060923	0.0256677354706
198.750739892	0.0260824049453
200.281767164	0.0256653760637
199.522822464	0.0258630241189
198.965311833	0.0260179747556
199.965706374	0.0257457556599
199.60034969	0.0258370572302
200.889888108	0.0254881897426
200.504021435	0.0256019748149
200.788505831	0.0255162924192
200.688255694	0.0255460929888
200.282328841	0.0256622597533
200.429908892	0.0256007877239
199.273868636	0.0259271769395
200.086588364	0.0256921638494
201.280582645	0.0253773847385
201.454681167	0.0253113195916
200.667161166	0.0255274450422
202.591112086	0.0250087340431
201.405421975	0.0253414592454
201.940534972	0.0251902488797
202.640293137	0.0249861873028
201.896328261	0.0251834582948
202.688966702	0.024981206823
201.74775288	0.0252469700716
202.360265348	0.0250765827793
201.568755765	0.025301274768
201.755108036	0.025246404175
201.321652675	0.025367559796
201.546447394	0.0253093571668
201.167941298	0.0254175116695
201.254908986	0.0253804631667
200.728900415	0.0255268969109
200.594149608	0.0255646936606
200.92052743	0.0254876970286
200.461807604	0.0256146429673
200.479475349	0.0256078514981
201.323415621	0.0253563974715
201.667250682	0.0252676071147
201.992093037	0.025180824438
201.655479147	0.0252622722656
202.405757406	0.0250641357029
201.909165841	0.0252012248894
202.654876032	0.0249910845732
202.327111998	0.0250831847799
202.582504209	0.0250029969241
202.815235492	0.0249448294061
202.899669445	0.0249102128117
202.420534915	0.0250412432391
203.518840445	0.0247488491389
203.142816082	0.0248532513329
202.889392329	0.0249216710457
202.801745041	0.0249357631167
203.905534602	0.024639187416
203.313514475	0.0248041744441
203.280208006	0.0247974740069
202.704607716	0.0249600775901
203.798885791	0.0246683210858
203.268251527	0.0248120019709
203.711416247	0.0246763971666
203.790352925	0.0246692968076
203.437037517	0.0247511949874
203.930718643	0.0246319298778
203.620301019	0.0247157359648
203.099256601	0.0248604102696
204.19252723	0.0245525138668
203.966814025	0.0246193380265
203.880698607	0.0246354324577
204.179202539	0.0245617853986
203.858115938	0.024634871566
203.803731433	0.0246451475982
204.287536519	0.0245147231373
204.209250099	0.0245423765112
204.042610908	0.0245989606808
203.729002248	0.0246850142257
204.433824294	0.024484296215
204.289648054	0.0245303033074
204.2891592	0.02453128477
204.26067895	0.0245237798696
204.063184402	0.0245681379041
204.237704217	0.024518807719
204.484777859	0.0244770264919
204.86931957	0.024363951869
204.707457044	0.0244006765132
204.261431345	0.0245088322539
203.950389887	0.0245881736619
205.143108906	0.0242805383687
204.815144704	0.0243636123517
205.343378658	0.0242412860709
205.161922924	0.024264189799
205.443487011	0.024185347757
206.182773805	0.0240019650585
206.030234887	0.0240496529019
204.744746804	0.0243748383105
204.627266899	0.0244040072823
204.144751115	0.0245404987115
203.695717557	0.0246939176697
203.649836603	0.0246855476971
203.43079064	0.0247667327972
203.408880391	0.0247740270528
205.994056377	0.0240499200827
205.251919598	0.024266853741
205.605369962	0.0241551565795
205.657987132	0.0241243528041
205.324255474	0.0242305245933
206.644932005	0.0238904273377
206.478803369	0.0239245253309
207.301425349	0.0237012259037
206.874098765	0.0238190318369
207.321020779	0.023698213355
206.990946998	0.0237812255809
207.013373618	0.0237894957599
207.302113807	0.0236986879426
206.991741098	0.0237927826978
206.819927787	0.0238364663241
207.111840634	0.023762248802
207.568273805	0.0236165085261
208.190199204	0.0234629333883
207.951471121	0.0235218960228
208.679867645	0.0233184841184
208.389601102	0.0234114653724
208.432771873	0.023406544462
208.253224326	0.0234530113056
208.737090003	0.0233239610653
208.424708782	0.0234060150851
209.373797576	0.0231297117518
209.27554206	0.0231761796168
209.251662461	0.023185929444
209.161031034	0.0232098677364
209.84118461	0.0230044970552
209.732633342	0.0230539383273
209.751268464	0.0230538309997
209.448449947	0.0231322699582
210.470185678	0.0228477274637
209.872528071	0.0230179485573
210.085558615	0.0229659558986
210.168340902	0.0229343027032
210.275108149	0.0229157949403
210.092878509	0.0229459301694
210.919335785	0.0227211300246
209.868796447	0.0229898860243
211.055927354	0.0226916129961
210.122926761	0.0229355191561
211.125631885	0.0226751735109
210.030172167	0.0229764948936
211.169043742	0.0226588645084
210.022146462	0.0229711628176
210.992731156	0.0227280309084
209.988729476	0.022970808893
211.344034092	0.0226227713359
210.150329462	0.022929315377
211.383078376	0.0226185103689
210.347581152	0.0228878853475
211.551802012	0.0225640956652
210.417411624	0.0228645521001
211.167450342	0.0226811997978
210.074981865	0.0229644654539
211.173543799	0.022681990143
210.166815626	0.0229397830755
211.105767926	0.0227013593814
210.366673536	0.022879095149
211.292077463	0.0226489762673
210.200439836	0.0229305376878
211.343430205	0.0226304547935
210.317123925	0.0228818065067
211.355737419	0.0226208480174
210.407561396	0.0228746923218
211.310633587	0.0226342510769
210.265822288	0.0228893524756
210.991270715	0.0226996769287
210.356046269	0.0228823285794
211.014843316	0.0227045011309
210.404926558	0.0228534267441
211.02509342	0.0227091571136
210.482399067	0.0228370051711
210.807672568	0.0227732878013
210.304299061	0.0229019871889
211.020959772	0.0227121586976
210.33989549	0.0228895078698
210.811393618	0.0227611044619
210.56718227	0.0228170155695
210.735881964	0.0227900660375
210.737695151	0.0227818521882
210.742723103	0.0227755976915
210.671378636	0.0227800290515
210.89771614	0.022743743039
210.741981636	0.0227679334685
210.897480736	0.0227430771919
210.571555344	0.0228322475976
210.82628488	0.0227540159007
210.573926288	0.0228088453805
210.757991667	0.022763694351
210.605829711	0.0228103795211
210.736068496	0.0227878221657
210.376796728	0.022882370677
210.760154234	0.0227737488973
210.414039521	0.0228675845791
210.535145474	0.0228440595935
210.391320645	0.0228754749963
210.614817033	0.0228201959389
210.553568938	0.0228183030485
210.343004263	0.0228718448914
210.677607911	0.0227989849529
210.40490969	0.0228705146217
210.665463618	0.0227981164786
210.3887327	0.0228767148044
210.277764827	0.0229079434715
210.393376148	0.0228818545193
210.563013208	0.0228239375086
210.601594827	0.022816222217
210.464955194	0.0228597022743
210.529798161	0.0228309187244
210.519596191	0.0228261495281
210.422907256	0.0228491072467
210.476616245	0.0228329909577
210.590419278	0.0228145137958
210.449634903	0.0228614185282
210.571608725	0.0228263938675
210.484415981	0.0228556281137
210.579473035	0.0228190454007
210.638241236	0.0228085038915
210.649297944	0.0228109003236
210.5443759	0.0228284466316
210.717954758	0.0227799233136
210.589121561	0.0228169060147
210.680990851	0.022790422158
210.35262172	0.0228697414255
211.917738659	0.0224668927971
215.885761471	0.0214849651117
220.163749461	0.0204701820569
224.021455543	0.0196116235433
227.46251355	0.0188671314568
230.447843495	0.0182485656352
233.106400638	0.0177043758901
235.666730642	0.017187249631
238.008061455	0.0167434563271
240.384700328	0.0162937946278
242.662564257	0.0158799231376
244.652075908	0.0155257901999
246.359706755	0.0152307005494
247.796081489	0.0149901250311
248.995652974	0.0147886172689
250.290555755	0.0145693770256
251.390627138	0.0144022070024
252.544521327	0.0142324596534
253.225840645	0.0141250516927
254.383894863	0.0139427188965
255.043069667	0.0138383958415
255.803209381	0.0137248318823
256.338339144	0.0136472137414
257.237576755	0.0135178897991
258.157317543	0.0133889251131
259.165417786	0.0132376542406
259.955699069	0.0131241725044
260.658248968	0.0130172903126
260.81533208	0.0129989672659
261.52974972	0.0128924789145
261.620827225	0.0128832620999
261.733251443	0.0128679443154
261.88199914	0.0128455958103
261.864675553	0.0128510975676
261.810141315	0.0128578140395
261.556681861	0.0128974784624
261.578140914	0.0128941124661
261.303910663	0.0129333239612
261.277020781	0.0129348035152
261.570500604	0.0128986407228
261.8000114	0.01286142887
261.794224264	0.0128608471953
261.916523872	0.0128439168954
261.896568011	0.0128466726349
261.562605066	0.0128936736448
261.589578611	0.0128898717775
261.714657492	0.01287352431
261.39301191	0.0129208225991
261.357071571	0.0129277070667
260.897182727	0.0129940650768
260.521887996	0.0130499154996
259.741402335	0.0131666094533
259.915301433	0.0131423061537
261.861616165	0.0128537215485