100	-0.04494	0.0	1.0	1.69305546884e-36	0.0
104	-0.03387	0.0	0.788246133873	0.211753866127	6.74708851753e-15
105	-0.03783	0.0	0.0	1.0	0.0
107	-0.03903	0.0	0.0	1.0	0.0
11	-0.1011	1.0	0.0	0.0	0.0
113	-0.04603	1.0	0.0	0.0	0.0
114	-0.006718	0.0	0.0	1.0	0.0
115	0.00478	1.0	0.0	0.0	0.0
116	0.0466	0.0	0.997407029964	0.00259297003584	0.0
117	0.04065	0.0	1.0	0.0	0.0
118	0.06895	0.0	1.0	0.0	0.0
119	0.1004	0.0	0.0	0.0	1.0
121	0.111	0.0	0.0	0.0	1.0
125	0.1936	0.0	0.0	0.0	1.0
126	0.487	0.0	1.0	0.0	0.0
127	0.6291	0.0	0.0	0.0	1.0
128	2.29	0.0	2.103231931e-07	0.0	0.999999789677
165	-0.07866	0.0	1.0	0.0	0.0
166	-0.1059	0.0	0.99998939614	0.0	1.06038596779e-05
167	-0.1675	0.0	1.0	0.0	0.0
168	-0.1365	0.0	0.0	0.0	1.0
17	-0.1293	1.0	0.0	0.0	0.0
170	-0.1027	0.0	0.0	1.0	0.0
172	-0.08417	0.0	1.0	0.0	0.0
175	-0.09745	0.0	1.0	0.0	0.0
176	-0.06645	0.0	0.0	1.0	0.0
178	-0.06604	0.0	0.0	1.0	0.0
189	-0.02548	0.0	0.0	1.0	0.0
190	-0.02299	0.397470348532	0.0	0.602529651468	0.0
191	-0.02497	0.0	0.0	1.0	0.0
192	-0.02163	0.0	0.0	1.0	0.0
193	-0.0263	1.0	0.0	0.0	0.0
194	-0.009402	0.999671198903	0.0	0.00032880109668	0.0
195	-0.008356	1.0	0.0	0.0	0.0
196	0.01644	1.0	0.0	0.0	0.0
197	0.01992	0.000550798764773	0.0	0.999449201235	0.0
198	0.05334	1.0	0.0	4.83129561587e-34	0.0
199	0.07137	1.0	0.0	0.0	0.0
200	0.1041	0.0	0.0	1.0	0.0
201	0.0711	1.0	0.0	0.0	0.0
202	0.02601	0.499983071439	0.0	0.500016928561	0.0
206	-0.004186	0.766743983897	0.0	0.233256016103	0.0
207	0.002447	1.0	0.0	0.0	0.0
208	-0.01559	1.42633020009e-10	0.0	0.999999999857	0.0
211	-0.01693	0.0	0.0	1.0	0.0
23	-0.08856	0.385000363771	0.0	0.614999636229	0.0
24	-0.0778	0.0	0.0	1.0	0.0
25	-0.08496	1.0	0.0	0.0	0.0
26	-0.08813	0.0	0.0	1.0	0.0
39	-0.07496	0.0	1.0	0.0	0.0
40	-0.06012	0.0	8.29490514096e-05	0.0	0.999917050949
41	-0.04075	0.0	1.0	0.0	0.0
42	-0.01387	0.0	0.988297171993	0.0	0.0117028280071
43	-0.02629	0.0	1.0	0.0	0.0
45	-0.03748	0.0	0.632570840499	0.0	0.367429159501
46	-0.04128	0.0	1.0	0.0	0.0
47	-0.02051	0.0	0.0	0.0	1.0
48	-0.02549	0.0	0.440699688092	0.0	0.559300311908
49	-0.0415	0.0	1.0	0.0	0.0
53	-0.05787	0.0	0.0	0.0	1.0
54	-0.0349	0.0	0.413125438683	0.0	0.586874561317
6	-0.06722	0.0	0.0	1.0	0.0
61	-0.06934	0.0	1.0	0.0	0.0
62	-0.05008	0.0	0.0	0.0	1.0
63	-0.04934	0.0	0.0	0.0	1.0
64	-0.06232	0.0	0.0	0.0	1.0
65	-0.05822	0.0	1.0	0.0	0.0
66	-0.0555	0.0	1.0	0.0	0.0
67	-0.06013	0.0	0.0	0.0	1.0
68	-0.06553	0.0	1.0	0.0	0.0
69	-0.05627	0.0	1.0	0.0	0.0
7	-0.08656	0.0	1.0	0.0	0.0
70	-0.05454	0.0	0.0	0.0	1.0
72	-0.05934	0.0	0.0	0.0	1.0
73	-0.0532	0.0	0.0	0.0	1.0
74	-0.05456	0.0	0.923471987972	0.0	0.0765280120276
76	-0.05914	0.0	0.524838937042	0.0	0.475161062958
79	-0.05285	0.0	0.0	1.0	0.0
80	-0.05296	0.91981314523	0.0	0.0801868547701	0.0
84	-0.1201	0.0	0.0	1.0	0.0
86	-0.1014	0.0	1.0	0.0	0.0
90	-0.05915	0.0	1.0	0.0	0.0
91	-0.05735	0.0	0.0	0.500765472121	0.499234527879
92	-0.06477	0.0	0.000987758611355	0.0	0.999012241389
94	-0.04938	0.0	0.999999998877	1.12262873536e-09	0.0
95	-0.05026	0.0	0.999999955302	0.0	4.46981598885e-08
97	-0.04571	0.0	0.266003608635	0.733996391365	0.0
98	-0.0414	0.0	0.999995269735	4.71813814418e-11	4.73021822501e-06
99	-0.04398	0.0	9.54488786165e-19	1.0	0.0