100	-0.04522	0.0	0.999999999773	2.26898484493e-10	0.0
104	-0.03368	7.33825964694e-159	0.593270934525	0.390194525652	0.0165345398239
105	-0.03765	0.0	0.0	1.0	0.0
107	-0.03907	0.0	0.0	1.0	0.0
11	-0.09857	1.0	0.0	0.0	0.0
113	-0.04563	1.0	0.0	0.0	0.0
114	-0.007053	0.0	0.0	1.0	0.0
115	0.007144	1.0	0.0	0.0	0.0
116	0.04793	0.0	0.998416644481	0.00158335551902	0.0
117	0.0394	0.0	1.0	0.0	0.0
118	0.06695	0.0	1.0	0.0	0.0
119	0.09856	0.0	0.0	0.0	1.0
121	0.1052	0.0	0.0	0.0	1.0
125	0.1839	0.0	0.0	0.0	1.0
126	0.4873	0.0	1.0	0.0	0.0
127	0.6302	0.0	0.0	0.0	1.0
128	2.264	0.0	0.983034046309	0.0	0.0169659536907
165	-0.08819	0.0	1.0	0.0	0.0
166	-0.1109	0.0	0.997670014894	0.0	0.00232998510593
167	-0.1597	0.0	1.0	0.0	0.0
168	-0.1225	0.0	0.0	0.0	1.0
17	-0.1288	1.0	0.0	0.0	0.0
170	-0.1081	0.0	0.0	1.0	0.0
172	-0.0785	0.0	1.0	0.0	0.0
175	-0.09587	0.0	1.0	0.0	0.0
176	-0.06306	0.0	0.0	1.0	0.0
178	-0.06498	0.0	0.0	1.0	0.0
189	-0.02578	0.0	0.0	1.0	0.0
190	-0.02316	0.38566368052	0.0	0.61433631948	0.0
191	-0.02512	0.0	0.0	1.0	0.0
192	-0.02166	0.0	0.0	1.0	0.0
193	-0.02626	1.0	0.0	1.51707540399e-164	0.0
194	-0.009152	0.99677042133	0.0	0.00322957867022	0.0
195	-0.00768	1.0	0.0	0.0	0.0
196	0.01696	1.0	0.0	0.0	0.0
197	0.02162	0.00213619372706	0.0	0.997863806273	0.0
198	0.05518	0.999939070645	0.0	6.09293546644e-05	0.0
199	0.07231	1.0	0.0	0.0	0.0
200	0.1026	0.0	0.0	1.0	0.0
201	0.07192	1.0	0.0	0.0	0.0
202	0.02565	0.630635006277	0.0	0.369364993723	0.0
206	-0.004695	0.861936647791	0.0	0.138063352209	0.0
207	0.001886	1.0	0.0	0.0	0.0
208	-0.01611	0.000101383613861	0.0	0.999898616386	0.0
211	-0.0175	0.0	0.0	1.0	0.0
23	-0.08772	0.459859132484	0.0	0.540140867516	0.0
24	-0.07687	0.0	0.0	1.0	0.0
25	-0.08369	1.0	0.0	0.0	0.0
26	-0.08663	0.0	0.0	1.0	0.0
39	-0.07814	0.0	1.0	0.0	0.0
40	-0.06114	0.0	0.00608005986986	0.0	0.99391994013
41	-0.03686	0.0	1.0	0.0	0.0
42	-0.01129	0.0	0.916497600336	0.0	0.0835023996638
43	-0.02483	0.0	1.0	0.0	0.0
45	-0.03704	0.0	0.526153494561	0.0	0.473846505439
46	-0.04061	0.0	1.0	0.0	5.99302424619e-40
47	-0.01987	0.0	0.0	0.0	1.0
48	-0.02596	0.0	0.476699857525	0.0	0.523300142475
49	-0.04263	0.0	1.0	0.0	0.0
53	-0.06102	0.0	0.0	0.0	1.0
54	-0.03975	0.0	0.544079126645	0.0	0.455920873355
6	-0.06731	0.0	0.0	1.0	0.0
61	-0.05833	0.0	1.0	0.0	0.0
62	-0.05226	0.0	6.70506479008e-13	0.0	0.999999999999
63	-0.05183	0.0	0.0	0.0	1.0
64	-0.06426	0.0	0.0	0.0	1.0
65	-0.05949	0.0	1.0	0.0	0.0
66	-0.05612	0.0	1.0	0.0	0.0
67	-0.06009	0.0	0.0	0.0	1.0
68	-0.06526	0.0	1.0	0.0	0.0
69	-0.05582	0.0	1.0	0.0	0.0
7	-0.08706	0.0	1.0	0.0	0.0
70	-0.05339	0.0	0.0	0.0	1.0
72	-0.05789	0.0	0.0	0.0	1.0
73	-0.05142	0.0	0.0	0.0	1.0
74	-0.05224	0.0	0.568102585453	0.0	0.431897414547
76	-0.05601	0.0	0.526131172352	0.0	0.473868827648
79	-0.05153	0.0	0.0	1.0	0.0
80	-0.05168	0.73286609899	0.0	0.26713390101	0.0
84	-0.1206	0.0	0.0	1.0	0.0
86	-0.1031	0.0	1.0	0.0	0.0
90	-0.06094	0.0	1.0	0.0	0.0
91	-0.05932	0.0	0.0	0.664895571603	0.335104428397
92	-0.06689	0.0	0.018020242153	0.0	0.981979757847
94	-0.05062	0.0	0.999991707276	8.29272428043e-06	0.0
95	-0.05155	0.0	0.996607402268	0.0	0.00339259773157
97	-0.04645	0.0	0.304448532421	0.695551467579	0.0
98	-0.04204	0.0	0.999810943492	3.834140857e-10	0.000189056124768
99	-0.04452	0.0	4.71559642957e-05	0.999952844036	0.0