100	-0.04458	0.0	0.999999836868	1.6313151183e-07	0.0
104	-0.03341	0.0	0.767718778391	0.23228122129	3.19087309503e-10
105	-0.0374	0.0	0.0	1.0	0.0
107	-0.03884	0.0	0.0	1.0	0.0
11	-0.1021	1.0	0.0	0.0	0.0
113	-0.04676	1.0	0.0	0.0	0.0
114	-0.008346	0.0	0.0	1.0	0.0
115	0.00128	1.0	0.0	0.0	0.0
116	0.033	0.706590063218	0.293409936782	0.0	0.0
117	0.03304	0.0	1.0	0.0	0.0
118	0.06131	0.0	1.0	0.0	0.0
119	0.09065	0.0	3.06666086085e-200	0.0	1.0
121	0.1047	0.0	0.0	0.0	1.0
125	0.1955	0.0	0.0	0.0	1.0
126	0.4868	0.0	1.0	0.0	0.0
127	0.6293	0.0	0.0	0.0	1.0
128	2.29	0.0	6.70994980264e-05	0.0	0.999932900502
165	-0.0795	0.0	1.0	0.0	0.0
166	-0.104	0.0	0.999745362834	0.0	0.000254637166088
167	-0.164	0.0	1.0	0.0	0.0
168	-0.1357	0.0	0.0	0.0	1.0
17	-0.1297	1.0	0.0	0.0	0.0
170	-0.103	0.0	0.0	1.0	0.0
172	-0.08504	0.0	1.0	0.0	0.0
175	-0.0983	0.0	1.0	0.0	0.0
176	-0.0672	0.0	0.0	1.0	0.0
178	-0.06642	0.0	0.0	1.0	0.0
189	-0.02581	0.0	0.0	1.0	0.0
190	-0.02328	0.455076909906	0.0	0.544923090094	0.0
191	-0.02521	0.0	0.0	1.0	0.0
192	-0.02193	0.0	0.0	1.0	0.0
193	-0.02664	1.0	0.0	0.0	0.0
194	-0.009895	0.997136722687	0.0	0.00286327731289	0.0
195	-0.008974	1.0	0.0	0.0	0.0
196	0.0159	1.0	0.0	0.0	0.0
197	0.01911	0.011250784054	0.0	0.988749215946	0.0
198	0.05254	1.0	0.0	1.34432589051e-62	0.0
199	0.07148	1.0	0.0	0.0	0.0
200	0.1045	0.0	0.0	1.0	0.0
201	0.07301	1.0	0.0	0.0	0.0
202	0.02735	0.564589621161	0.0	0.435410378839	0.0
206	-0.004464	0.839066176364	0.0	0.160933823636	0.0
207	0.002117	1.0	0.0	0.0	0.0
208	-0.01581	1.15157727059e-08	0.0	0.999999988484	0.0
211	-0.01719	0.0	0.0	1.0	0.0
23	-0.08921	0.477759249897	0.0	0.522240750103	0.0
24	-0.07806	0.0	0.0	1.0	0.0
25	-0.08515	1.0	0.0	0.0	0.0
26	-0.08784	0.0	0.0	1.0	0.0
39	-0.07758	0.0	1.0	0.0	0.0
40	-0.06157	0.0	0.0127855638905	0.0	0.98721443611
41	-0.03838	0.0	1.0	0.0	0.0
42	-0.01208	0.0	0.849714334245	0.0	0.150285665755
43	-0.02534	0.0	1.0	0.0	0.0
45	-0.03768	0.0	0.471817021817	0.0	0.528182978183
46	-0.04112	0.0	1.0	0.0	5.34508668274e-88
47	-0.02037	0.0	0.0	0.0	1.0
48	-0.02637	0.0	0.489878576139	0.0	0.510121423861
49	-0.04282	0.0	1.0	0.0	0.0
53	-0.06048	0.0	0.0	0.0	1.0
54	-0.03845	0.0	0.548931494554	0.0	0.451068505446
6	-0.06751	0.0	0.0	1.0	0.0
61	-0.05858	0.0	1.0	0.0	0.0
62	-0.05107	0.0	5.28657881195e-30	0.0	1.0
63	-0.05067	0.0	0.0	0.0	1.0
64	-0.06296	0.0	0.0	0.0	1.0
65	-0.05845	0.0	1.0	0.0	0.0
66	-0.05529	0.0	1.0	0.0	0.0
67	-0.05937	0.0	0.0	0.0	1.0
68	-0.0646	0.0	1.0	0.0	0.0
69	-0.05535	0.0	1.0	0.0	0.0
7	-0.08704	0.0	1.0	0.0	0.0
70	-0.05313	0.0	0.0	0.0	1.0
72	-0.05779	0.0	0.0	0.0	1.0
73	-0.05149	0.0	0.0	0.0	1.0
74	-0.05249	0.0	0.735673687384	0.0	0.264326312616
76	-0.05668	0.0	0.547796745176	0.0	0.452203254824
79	-0.05191	0.0	0.0	1.0	0.0
80	-0.05207	0.771810376315	0.0	0.228189623685	0.0
84	-0.1196	0.0	0.0	1.0	0.0
86	-0.1013	0.0	1.0	0.0	0.0
90	-0.05947	0.0	1.0	0.0	0.0
91	-0.05762	0.0	0.0	0.598013220691	0.401986779309
92	-0.06492	0.0	0.01073823181	0.0	0.98926176819
94	-0.04948	0.0	1.0	6.95878521512e-66	0.0
95	-0.05026	0.0	0.993647529955	0.0	0.00635247004489
97	-0.04561	0.0	0.422766893914	0.577233106086	0.0
98	-0.04124	0.0	0.985680965679	6.98475077614e-12	0.0143190343135
99	-0.04369	0.0	3.01312234263e-10	0.999999999699	0.0