-68.3929999301	0.524321831506
4.00113532213	0.231591391998
136.115121564	0.0524837710859
-18.4322792702	0.296279869653
84.8581286775	0.0918533763601
2.57097464838	0.227144242569
32.501010601	0.168297715731
1.22966927646	0.232619524319
30.1377779678	0.165613477602
-12.5314084353	0.271100610378
-7.96550888684	0.258170628016
-22.0292727724	0.311174825268
2.92156728827	0.233933410163
76.626087147	0.100951530081
-43.2252885875	0.394503524765
24.0818655611	0.18499028413
-23.0266652911	0.313253569087
59.8409459297	0.12296801818
109.125990075	0.0693877819445
99.8372759215	0.0793816785341
-22.8378877728	0.314265076587
-5.5381579389	0.256729337324
71.2859968806	0.107254883145
23.1326854871	0.184044864013
-13.4669671654	0.282617021124
16.2125306257	0.201106267268
31.3677143706	0.162949598295
11.8015437553	0.211282207142
-51.7950620856	0.435460341784
15.6022736475	0.198093346953
27.4690162294	0.169762551285
6.84460742125	0.2216444131
26.609439855	0.174520193024
33.0778889902	0.167262352227
18.4488915465	0.19524051975
23.6471426647	0.178708481339
18.3321463757	0.195356899455
-33.0014871419	0.35246540927
19.6203547027	0.191928305249
-12.0261606605	0.27603798123
107.834193069	0.0708947656085
-56.8109093524	0.460267412211
-34.1152738758	0.349810660962
-15.395068614	0.279334825571
22.3205230249	0.185966266412
4.8399445159	0.224554591979
23.516747259	0.18266382263
21.6210226858	0.187323683429
48.0547247968	0.137945458655
-28.3248902754	0.334318307438
95.625692071	0.0831609005449
20.4260142642	0.192120949638
-38.3255719733	0.372798682181
-29.058297832	0.336837677539
27.5101914507	0.177969959751
25.7298758088	0.181181484931
20.9328285606	0.185560775019
15.8221988056	0.197051314511
-7.66353116127	0.264889883232
46.4849858519	0.143819434315
-39.6047991659	0.373983265905
22.7212340052	0.183473514734
45.9792926909	0.140232134145
13.2425444961	0.209185815172
-53.7664314627	0.443843520719
43.9717965086	0.146695513711
9.15740275256	0.212723770691
87.6225506439	0.0909941667534
-7.48174693382	0.262355235755
21.2872653768	0.18815251525
124.95657649	0.0598568158192
-9.3719211853	0.267367535478
-13.0192380712	0.279612054867
11.7187732737	0.212839017697
42.618781158	0.14414131733
14.0884655355	0.201350167078
-48.3088556271	0.415181492081
-1.94222881282	0.246789968826
17.5202115849	0.190082063227
25.4046686652	0.177802855241
-49.1081907508	0.41900416598
-3.01095492919	0.250412102966
115.136524604	0.0668908165144
87.155617031	0.0893542307409
9.45212071457	0.216231457613
39.9077564476	0.148373091824
22.9991649243	0.179675778977
-22.3109081406	0.312081558336
29.2044389586	0.174217361714
32.7821218278	0.160578102394
-29.3002726488	0.338070473218
25.9611616104	0.17634759328
41.9377476062	0.144476584892
23.9830595439	0.182059797801
22.8167524682	0.183121378521
25.2628629138	0.178745223972
21.8932346968	0.185687989875
6.79975579163	0.222762864641
20.8100576884	0.188593565783
12.6597087183	0.20800772095
11.8960028226	0.209567627708
4.83321916141	0.228165632813
14.4491033053	0.204920516593
151.261284923	0.0436344994874
-21.7691529092	0.310266854881
115.439000479	0.0645333562328
0.264712669137	0.242243966548
38.7085887974	0.156563481531
50.4573366673	0.134877081301
63.2321167147	0.117701355007
13.3618491033	0.202017116562
21.8659015737	0.187164646627
34.1585843176	0.157985893429
-23.9801819317	0.313556129343
-32.4644767646	0.349645982989
44.8466331935	0.142200903081
45.8060728641	0.140568858537
50.55017692	0.13735698848
30.6182866615	0.171376627763
10.9159085335	0.209730484817
78.4211936297	0.100724435608
27.0960001591	0.174161759626
19.5699644621	0.190738876371
13.4524870828	0.207962409913
11.6408357496	0.208144799897
10.1643688854	0.209477476029
64.234492	0.117891368673
2.82126146752	0.228960071742
0.386982776204	0.23776361045
24.9394950767	0.17994758153
23.6334913917	0.179661849302
16.2539027041	0.193454880685
6.79947430896	0.218359681097
20.0349682588	0.193659235091
74.2689730023	0.105605673698
17.1184844759	0.200063094319
57.5292012311	0.126943885921
14.7134498667	0.205395039883
168.811731843	0.0362650823182
12.5771336454	0.210708782764
36.5262065274	0.160588726018
69.8444641015	0.110774451994
7.14677207147	0.22405008744
-19.856588517	0.303904878148
21.4435663567	0.188667063331
-10.5120447285	0.267014926311
5.82398194903	0.22363387891
-4.2843993811	0.249467955323
47.2245741859	0.140609752506
-1.48394751068	0.246973097028
-0.926331602124	0.237907053889
-1.18856861058	0.240397534255
4.63137966216	0.230227554439
3.68077958171	0.23297297361
29.4880081389	0.168057946049
30.0279516645	0.1731089293
26.9918863001	0.173366411808
15.601468846	0.201016919852
24.1271642841	0.184596017965
17.8412244604	0.196966616314
7.78035831682	0.21865816463
29.8769455351	0.167201692391
-16.3000960234	0.291788648384
72.5198520104	0.106052411279
62.6759102539	0.118940668726
40.9508295304	0.1494701808
18.4098047898	0.196751411771
30.6318235414	0.168904423681
2.05091542836	0.237161400023
25.7045945277	0.175405467812
16.2656496105	0.201530244548
36.665891312	0.153528832419
-17.981607043	0.293476401599
18.1434113357	0.197849760865
11.8274549876	0.212489217224
-3.71086471175	0.253314144738
4.6366835382	0.230475058861
7.33340772442	0.223543672957
8.44346191203	0.220746902282
-11.4947270731	0.276502854498
26.9934223969	0.179114105351
13.0277903837	0.209318581933
118.256370419	0.063884062416
7.03063311539	0.224337325223
39.8143590804	0.150829593843
42.8450303809	0.143295067877
8.59036914093	0.219691009937
66.8489016884	0.114575641723
29.2802513099	0.170512471812
58.8404826224	0.125295336101
12.2443945716	0.202433160878
28.2679906913	0.172700004987
49.8952656817	0.136788154295
22.5910737715	0.186388175098
38.9240960618	0.156606721532
36.934969681	0.158552305942
-5.16995970276	0.248475231066
29.1228491295	0.171587244831
54.9812850337	0.12996211078
10.9050830408	0.213037435177
132.298324511	0.0542781566844
10.78867562	0.209802015743
20.663205044	0.188236144595
17.2412179011	0.194457670608
57.7720061738	0.124046534321
26.2492464298	0.175157574589
61.979427895	0.121005796058
15.7414650508	0.202631005648
47.6166900992	0.137311519928
2.09043624233	0.230165788966
6.75163153109	0.220952185214
28.9270793072	0.1711557159
27.6974395964	0.17690184592
136.520713478	0.051774649732
32.2165735008	0.168594925754
18.3742131263	0.191077692821
20.5118179485	0.185448735231
42.0246145739	0.150997540444
1.64671980935	0.236559939541
17.9393331586	0.191650494168
-10.6413128566	0.267124939433
22.3880799019	0.188603487793
21.9020040616	0.189594748472
-10.6213945916	0.273873067904
-2.01952406798	0.246962089886
27.4074057273	0.178249893765
83.3525530464	0.0954094370856
63.818346643	0.116843226412
28.4757766035	0.170858034399
177.276845263	0.0329620128574
93.9851355934	0.0847827402896
42.9812929903	0.149493543266
118.928734854	0.0636579277704
30.6818075932	0.167898236791
19.0397952215	0.191192372171
18.1248684682	0.19228895936
29.630527243	0.168692865628
12.9290978603	0.205368194644
31.3512465441	0.165815097485
15.7388418063	0.197377572814
27.6722266867	0.176867371778
11.2239343536	0.209486018149
-0.760694287648	0.243958668311
24.1026696809	0.183320257452
27.6796930516	0.171522714425
21.6989562388	0.187400777178
22.7272827138	0.187841178218
30.8685531421	0.170851924172
30.5816310514	0.169170601816
22.9857660192	0.185973697065
20.6733577314	0.1901912034
26.1418748343	0.176091112448
-4.77979663206	0.256056738982
12.5457788913	0.209366008272
132.32517174	0.0540591213993
137.566315832	0.0517046547738
41.426570044	0.151973240364
52.5639935621	0.134452537911
10.6369029929	0.215178259118
31.4879295394	0.163778881361
22.493584693	0.182541935597
99.6781969663	0.0784721011914
31.1265003534	0.165683052143
100.106225452	0.079144610208
104.898772577	0.0729215026826
10.9813336802	0.208689609426
39.0232917804	0.149949370063
40.5079658683	0.150518870206
34.8023967072	0.160543739111
59.4526202946	0.121517294183
54.7859632968	0.130867832258
21.9098463473	0.185073741798
30.2290415938	0.170069762864
26.0706872091	0.179539740833
-4.49204524366	0.255050514906
100.750462928	0.078456097156
21.7130951276	0.188139949703
134.821130571	0.0529356993415
17.1876668861	0.195179068381
7.98850489216	0.215735598959
160.661807947	0.0398578077017
31.9169904892	0.163488589609
43.8999690158	0.148021246734
67.0306794633	0.11225853773
56.1931521419	0.128896824129
3.49442778174	0.23070017747
100.029601762	0.0771467338167
33.4614562511	0.15948397096
31.281751915	0.166099584759
119.162791311	0.0639067840412
27.1047250912	0.172581545258
31.5381261169	0.164207430256
47.575314324	0.141953833628
40.9451344731	0.14676974501
42.2606798227	0.145959010322
38.5692884073	0.152095702127
62.4954598387	0.119584263042
60.6637841744	0.121909406594
66.6486234093	0.11325389482
67.7620308762	0.11275255116
28.0222627178	0.175023502058
24.4989543837	0.181994658731
34.1957276506	0.161734567842
61.5540488609	0.118772864942
47.1038486102	0.142620039228
66.9019726758	0.114624482268
15.9411131015	0.198557627306
29.3820987696	0.169410899189
33.3958233438	0.163870974677
26.3221288536	0.174384000919
21.6382459154	0.184304680342
49.7676934993	0.135746493918
40.1092732018	0.154213918069
65.9136543436	0.114714652821
66.1707748753	0.115374763825
29.4717086052	0.173311089938
-12.5925321007	0.277461613872
44.2021372533	0.142532197638
80.5403363731	0.0984707762174
32.3567549235	0.168206564942
60.5320088758	0.119917809618
86.6259808154	0.0902908951311
22.6763650729	0.186792255318
39.2388281573	0.155764857604
105.279834336	0.0747340213595
32.8739973298	0.161434972731
100.312323661	0.0780450919488
27.547970012	0.170597442946
22.2939171341	0.187705287881
95.571595786	0.0833248716135
25.3385236018	0.181106436715
46.1992728988	0.144261707276
27.1936451533	0.177315064668
34.3639339035	0.158648528101
-4.75796722145	0.253037218843
30.3539170864	0.168541618853
34.1241436633	0.159639461802
41.3181284256	0.152369824287
49.2302233709	0.139196210232
58.1498391163	0.126055398679
20.8096740515	0.188337544258
57.7137377959	0.12331348188
45.3479670635	0.139884644347
137.963990643	0.0507670238957
120.321334616	0.061995552
35.1305613359	0.162865355431
106.416765446	0.071865245647
38.5703778179	0.157149641644
22.4288043712	0.185300459281
29.7342050764	0.171387472942
115.528521599	0.0659689024049
56.7454450383	0.128325945542
110.849935799	0.07016147145
33.7956163575	0.159825531145
23.6122577316	0.183340027751
32.6165748759	0.162257261736
24.9952858732	0.178071928672
33.2971830552	0.16449193977
71.8665299283	0.106503915012
89.1459208691	0.0894920158031
42.4086913673	0.150100820226
93.6098605556	0.0851813257763
57.739312611	0.123158891394
79.823959165	0.0985045722836
59.6611265488	0.120976078859
41.8856871051	0.146899431645
33.6447130453	0.159515826186
30.9577394905	0.167008267921
51.1741886148	0.133266164365
25.8084310481	0.17914094356
68.1042729128	0.112976861775
31.805824659	0.169497584043
114.104322768	0.0676904255871
113.32542786	0.0664401471785
126.622973963	0.0587179870958
26.8500080555	0.173530946932
21.5171977215	0.187939843184
59.3845766687	0.122866813629
119.757264453	0.063485666276
112.78768393	0.068301215149
64.1773527636	0.117900273117
32.6724714744	0.162438092851
68.0719293284	0.112010120508
98.1717381965	0.0809499888733
26.4686603817	0.17813418612
156.408171333	0.0417977273124
144.286338017	0.0474048297173
125.591732518	0.0584731137856
74.5434660694	0.102535458977
74.5187782504	0.102708332453
62.1480944424	0.120812429394
143.460623006	0.0483251257035
59.8251505045	0.120853755473
28.8601658018	0.174124574486
89.5053492898	0.0891426477832
73.0543452874	0.106936980917
140.188590726	0.0495636263044
29.4120372799	0.173502555978
138.698802881	0.0511243306691
21.4648687912	0.187861444971
100.066247377	0.0774601945141
91.8365216596	0.0849985637466
148.365194059	0.0452158226236
26.441418464	0.176436881331
119.774697499	0.0634569710428
19.0098347397	0.189352271629
42.6834499349	0.145360696291
41.7356153752	0.147630584916
57.4217660841	0.123455392803
165.451817579	0.0377219129095
28.4948972015	0.169251891235
38.6839186066	0.150844369358
97.8192131876	0.0811643362806
129.773683391	0.0566398950293
90.1736926101	0.0884516949753
78.1674168322	0.0993600248553
67.5439592152	0.110811732751
59.3605220544	0.121712690659
46.7393915665	0.139391288981
60.145865626	0.120737489337
38.6884226106	0.153952658418
51.0106750813	0.133106775304
42.7437899484	0.144277248073
63.9339968634	0.115286625641
105.758028491	0.0743583820797
40.223209078	0.152411011625
95.896270067	0.083003420181
63.2421928235	0.119100491419
137.157376521	0.0514460403997
115.39722411	0.0652179528629
56.6440244289	0.128126928097
67.9902455622	0.110508899965
81.8616112892	0.0960646874981
66.2127430922	0.112800381626
46.7771523975	0.139696943072
65.7582504048	0.113318619446
77.0760423838	0.0995460381179
64.330667231	0.114755681455
102.325043141	0.0752018706054
60.9353101617	0.118883782657
70.06499786	0.10765824713
53.7291902632	0.128680151044
39.2239861101	0.15060515529
166.887411222	0.0370248719952
154.754839912	0.0422098680196
112.850022522	0.0685730478011
65.2356341576	0.114722217856
67.6841112176	0.111025631429
72.2975434029	0.105974387284
117.372123434	0.0650918103534
49.1707946063	0.138194179549
48.0609607181	0.140020854746
98.7579499062	0.0802407680462
111.943785866	0.067198829135
124.129770911	0.0604100815725
79.092381663	0.0982241364336
90.6019203915	0.0880546166219
88.7746702056	0.0881082912575
100.329706228	0.077270760078
77.0531586209	0.100612083724
145.374062593	0.0474161255176
112.498240735	0.0678765905772
65.4151281557	0.116381160421
90.2516147899	0.086159352042
158.956846784	0.0401916088629
87.4700633404	0.0894464361008
118.163104869	0.0645905251824
115.942933662	0.0648279433463
89.813141559	0.0888480201381
105.423441756	0.0725399397062
128.255679856	0.0575362658937
107.305134393	0.0716014288144
119.699015621	0.0635430975329
113.24604851	0.0672951402282
106.811771047	0.0734809709258
118.25301092	0.0627584223051
107.176244493	0.0731455892632
106.370143972	0.0717152591225
126.390386734	0.0573996332909
157.94207594	0.0411928919826
147.176553463	0.045829247473
104.621365752	0.0753198747901
93.5374816474	0.0834305500326
146.941717988	0.0465906831653
88.4315435094	0.0892242596826
147.556384849	0.0456835451378
160.609027513	0.0396428790412
138.575135185	0.0502236953072
167.891074502	0.0366502725401
153.896964237	0.0425152878052
167.966327467	0.0368410505304
130.596541002	0.0558467905967
136.577592068	0.0513841396675
69.6919508958	0.11113141219
88.8929066446	0.0891947869071
106.581454965	0.0727056786292
130.094803966	0.0554479939747
163.860588451	0.0385065121381
80.4071560251	0.0964858057479
110.6190704	0.0704103271291
111.188897783	0.0678473008871
99.9191979916	0.0793806069136
181.146410134	0.0315437418639
71.4039471522	0.108963596795
134.146505188	0.0539007907879
206.807081419	0.0237898772586
99.4447421005	0.0797850343147
100.671439271	0.0778438262014
125.25731396	0.0596820628153
79.9142333898	0.0975155398165
89.3937014828	0.089230626662
119.785045031	0.0621056386557
90.2195543987	0.0884240801597
82.8127906282	0.0943233604572
105.648269962	0.073896628577
124.910969258	0.0586354621321
76.0802059541	0.101076447625
109.482534459	0.0713103517202
182.358364318	0.0312735485079
92.0523324799	0.0866436138301
188.532716441	0.0292796777067
90.8304470137	0.0878330247534
173.327610068	0.0344025354297
132.088292557	0.0550717338249
130.393096887	0.0561795421936
121.509994645	0.0622545825202
116.284824418	0.0658521221509
126.799967928	0.057191260998
171.919025276	0.0352466161592
103.478889082	0.0755565429192
127.004778061	0.0580882915995
152.503604142	0.0432367581069
163.535175583	0.0386579491288
150.68769935	0.0440377943249
191.749152521	0.0282358802559
102.19962415	0.0753557417064
175.716816552	0.0337056431348
105.179180504	0.0725902639335
80.7845072376	0.0959933090968
128.294332382	0.0576145734446
122.416644342	0.0613002462977
79.0011102999	0.100113532271
130.104567784	0.0554266158293
86.0595418574	0.0926295433278
96.6303758434	0.0804804914566
105.126929919	0.0748840927341
76.4828375016	0.100208721183
155.570059007	0.0423413883368
133.976464174	0.0537575852528
69.9329433077	0.110659380291
103.807749312	0.0738167345613
100.843462678	0.0785561904834
113.508999819	0.066412013701
126.026712445	0.0590641616619
82.3463186398	0.0940267089745
113.078880023	0.068493010022
173.846184439	0.0341676593223
87.5823822106	0.0910704250369
138.354710009	0.0513891430417
120.783171015	0.0624214035954
176.387199238	0.0335665131147
138.324209005	0.0514186693674
173.660958652	0.034549217204
82.386703309	0.0943534501605
90.227296271	0.087130114337
188.29190824	0.0293224947085
134.058790318	0.0539202424723
74.1091804151	0.105762299264
85.0600733956	0.0918679658946
183.077372644	0.0310890046759
77.0992155654	0.10062422249
107.74778471	0.0727302301823
80.1593688968	0.096969551594
135.444580866	0.0531604609532
114.680483915	0.0655376928398
119.52288695	0.0636879963555
192.729668137	0.0278807563998
131.165735401	0.0553613669568
126.064097248	0.0591400301434
100.250487242	0.079090611856
82.1847727747	0.0944794097394
84.4280259619	0.0943291865817
105.272864373	0.0747684811612
116.050576524	0.0662216467877
98.2945804502	0.0808332862422
95.0395271338	0.0838378519924
165.059438257	0.0380873290235
131.386411744	0.0554784151742
163.036272532	0.0388404570537
96.6313031462	0.0823601299537
129.569554491	0.0567893879439
121.168856141	0.0612202435676
152.350184522	0.0433251682673
108.233076086	0.072292206028
100.576081193	0.0772803001094
97.0977643819	0.0805553214235
90.8168507911	0.0855646902387
194.028823462	0.0274680923601
105.204403522	0.0726214101183
157.594388252	0.041347635639
82.5372231622	0.096276576426
120.195459589	0.0632001549881
130.517887211	0.0562189011955
80.4384677447	0.0985993034868
83.5767157849	0.0951815090016
116.028692628	0.065273013751
101.912397866	0.0755053178399
124.412856872	0.0597709712689
148.329821759	0.0455351461654
120.919877203	0.0624874739366
152.295732499	0.0439438245878
112.018814268	0.0692795867422
129.953365154	0.0556710670958
101.998209517	0.0752589230312
176.323289691	0.0335381934544
95.8998990275	0.0830314445293
195.524913787	0.0270309241203
109.867769109	0.069108232485
132.290542124	0.0550575166145
101.794773449	0.0777190401392
162.579475661	0.0390896962698
111.488924122	0.0677866170152
151.44378605	0.044345928612
72.1401642702	0.107985244456
139.679689907	0.0498147340351
164.107442348	0.0384752170914
159.766777006	0.0404012366505
71.0496571409	0.109308699088
113.310474724	0.0670328825695
98.153672084	0.0784991598809
106.612239631	0.0714874741277
140.819385127	0.0492712070466
103.855188996	0.0759784247225
165.874285248	0.0374907228756
112.301192077	0.0690990848907
113.640069566	0.0668787039554
105.045269614	0.0727662728306
121.643761165	0.0610045849747
106.440116678	0.0737938842904
193.031453253	0.0278364117914
119.0405713	0.0639251357304
116.159148737	0.0643737318176
113.786711507	0.0668702192585
94.2326352347	0.0845779691835
110.308299489	0.0705869384979
143.180563175	0.0479530797414
139.095036885	0.0501331462063
138.235924021	0.0510445234613
118.008327393	0.063174444004
134.828975845	0.053421807095
166.37644893	0.0374048259775
120.993413783	0.0626302372468
168.096178033	0.036435801378
197.412267963	0.026401112462
128.455522235	0.0574947096425
136.081726747	0.0527905502651
170.620656622	0.0357652439418
122.797777315	0.0613771016785
144.705918033	0.0472408502399
142.935070569	0.047977958722
127.034626921	0.058350696857
128.878314897	0.0572911033982
136.088026166	0.0520963137074
228.120665646	0.0186968222521
116.397372098	0.0658780643556
118.103108713	0.0647098984601
163.592542234	0.0384309421857
225.13787133	0.019363687719
138.856887935	0.0511521479332
130.413424566	0.0562989565815
145.482733024	0.0468647716435
187.192586149	0.0297190002304
218.194612854	0.0209301883557
186.859971854	0.0297705055845
199.720851841	0.025813287942
159.88606647	0.0402702750612
151.39488272	0.0442724969383
145.787624716	0.0473040341152
223.309056683	0.0197431144584
173.673677405	0.0345647219039
157.956035681	0.0410882367947
172.768965908	0.0349324263812
202.109701246	0.0251061415447
137.719092918	0.0517359487193
152.463400215	0.0438769823728
139.736468324	0.0506658745883
160.814378681	0.0399422282594
145.750886948	0.0473114232287
220.47839634	0.0203378068359
133.387785313	0.0542751688934
188.064971729	0.0294009216144
214.768839913	0.0217091314857
167.98146335	0.0368402503095
158.845930424	0.0408676427696
227.190939056	0.0188708492703
198.859349296	0.026038850061
146.745709839	0.0464077060162
221.966377537	0.0200772092943
187.650881598	0.0295092604866
159.467798071	0.0404960942957
173.553463629	0.0346053164098
196.547823021	0.0267240533984
153.201807557	0.0434711418596
151.238564799	0.044492318267
154.665774943	0.0428261169236
187.133041823	0.0297266781896
150.169499065	0.0450047991395
195.162623984	0.0271055411069
169.02478706	0.0363663496985
149.036630305	0.0455740883459
150.49563417	0.044829227468
140.738565574	0.0500635126414
216.346642769	0.0213120950206
148.745013354	0.0457493799857
214.635443641	0.0217440863693
144.475502566	0.0480043347507
178.250307358	0.0328156743747
177.020642821	0.0332213390352
158.096371125	0.0410843747367
167.364883227	0.0370574221835
189.037862625	0.0290774846838
147.604814581	0.0463545426159
194.43321877	0.0273329243045
151.117058129	0.044570248113
207.303348041	0.0236861978377
206.431622069	0.023900111571
180.468910049	0.0320039395983
190.45667886	0.0285776557872
185.554302358	0.0302424065524
185.088271882	0.0304008274576
205.017050928	0.0242963789335
180.154801005	0.0321053940916
230.141020801	0.0182136575884
186.35928158	0.0299789788045
169.647301519	0.0360777448425
180.764804056	0.031922634079
222.568080662	0.0199120215409
138.181519531	0.0515545559496
161.283129113	0.0396421734066
178.135579032	0.0328199100803
165.015523977	0.037899653795
199.119418769	0.0258941460937
151.234824757	0.0440286339128
172.124401806	0.0350911917053
195.098921423	0.0271158098846
152.211762917	0.0439495330056
157.233205754	0.0412663969623
150.174933855	0.0444217863862
149.208515371	0.0455284016837
166.784197488	0.0373232596206
215.292885572	0.0215549587333
185.680293119	0.0302168936
141.352275027	0.0497518197093
183.874178205	0.0307649196551
203.139087141	0.0247455436539
134.393596907	0.0529288036373
202.450933735	0.0249408925503
154.317220568	0.0429825078282
162.034181859	0.0394172446352
190.169258317	0.0287183312879
202.306325689	0.0250053964017
158.598234493	0.0404503975247
184.031433095	0.0307790581734
161.348733704	0.0393087188266
153.497469191	0.0433754924324
215.806890527	0.0214717335728
164.363694774	0.0382953010882
200.355521235	0.0256123071973
142.889235992	0.0488515595787
185.531826104	0.0302475547871
155.819332013	0.0422516609562
140.491755377	0.0502100550947
138.402281246	0.0514194680722
162.356753157	0.0392856302595
150.275502044	0.0446872440251
198.869635414	0.0260147792657
179.665266028	0.0321639653328
177.275626266	0.0330234113534
183.810871306	0.0307856161237
177.007570214	0.0331000596801
189.817360943	0.0288105689515
199.180013447	0.0259030231899
165.907706041	0.0374255094845
177.916038715	0.0328922573555
164.057680077	0.0382025691888
196.559579397	0.0266303823399
178.106456978	0.0327002553229
179.69028219	0.0322598271689
187.517554876	0.0295536932473
170.160474084	0.0359113745865
187.880000072	0.0293990126784
192.609572079	0.0279038109554
188.63741926	0.0291362769855
206.220464335	0.0239078421944
186.629393183	0.029812074999
224.587287931	0.0194154175812
208.350116001	0.0234024253849
227.089451024	0.0189144736396
171.873355341	0.0351163330991
215.458920199	0.0215648482339
201.152642945	0.0253613688592
187.047124347	0.0297518260056
204.272395895	0.0244806010677
194.17027573	0.0274569527814
233.925787254	0.0175125185097
206.869827767	0.0237324400966
239.869702958	0.016383056952
211.319182055	0.0225714045261
225.634191796	0.0192231979248
222.863277933	0.0198020748298
233.529382026	0.0175560199879
204.120999537	0.0245391552603
197.858279383	0.0262806613273
220.004318452	0.020460384706
179.723073739	0.0322438859061
174.050549177	0.034388726341
226.156366746	0.0190884195359
185.412491557	0.0302820213335
166.338897091	0.0375098706487
197.252173137	0.0265044865826
222.118282039	0.0200066055535
178.087825822	0.032936251792
172.483534417	0.0349139162964
192.735213946	0.0279395054686
180.371255893	0.0320314433552
183.782204294	0.0308878346161
216.948056372	0.0212111321041
164.983936137	0.0381177412768
232.735708882	0.017698209963
154.355343568	0.042938354284
203.057697708	0.0247892581874
162.907685704	0.0390283864677
203.525844417	0.0246861051059
151.096863325	0.0444802821585
216.868546532	0.0211706682871
174.004628197	0.0344837540727
189.610041501	0.02887163062
181.51095841	0.031657026225
199.936586838	0.0256697457054
178.756476374	0.0326363995482
167.608659179	0.0370241119249
209.984012385	0.0229491815217
187.129435898	0.0296820253738
123.260998199	0.0609649024288
163.697487167	0.0386116450293
161.687680219	0.0394851454096
174.3374786	0.0343354197797
205.841269612	0.024043720145
197.586886086	0.0264078677792
156.00226599	0.0416203044088
187.35295369	0.0296142474437
172.911472178	0.0346316506052
203.242123987	0.0247618743995
157.764000318	0.0410219014014
179.573449059	0.0321749993015
162.325878002	0.038823877556
179.246000939	0.0324815514343
193.346486804	0.0277173439182
154.000814133	0.0431109971559
195.495742588	0.0270765886678
148.001420608	0.0461024852112
207.646867413	0.0235639855919
202.396044199	0.0249970669373
212.387140418	0.0222844753386
209.897502598	0.022947927853
215.743039146	0.0214612868804
211.281830159	0.0225789813018
186.895312098	0.0298454845671
197.646933443	0.0263635126609
178.955445007	0.0326198430115
188.015057709	0.0293674019276
170.45002637	0.0358625603976
192.553738728	0.0279119944982
215.544551236	0.0215344801809
160.163948641	0.0397745036432
214.117167296	0.0218857444386
145.044543571	0.0469770110655
224.939695145	0.0193469459207
182.526789265	0.0311752350325
208.26634385	0.023357064933
162.86812741	0.0386034251094
202.645998667	0.0249128305185
187.596385912	0.0295171890783
179.606517484	0.0323512628313
211.65821899	0.022479559411
165.027128161	0.0381209929078
226.910021789	0.0189089861495
185.841790584	0.0301581826018
225.762222546	0.0191589383957
207.747037714	0.0235247491421
224.464898069	0.0194521260507
205.348775676	0.0241923516427
202.241647319	0.025013309759
193.848150807	0.0275694550209
216.418465995	0.0213226131998
165.375967525	0.0379731661398
224.365028442	0.0194823076846
234.176443107	0.0174106130641
199.309488297	0.0258907387352
221.691141631	0.0200767477813
218.672940693	0.0207837959245
200.122144684	0.0256842171109
209.595013607	0.0230364657318
193.352079111	0.0276643993794
220.450089546	0.020370078494
233.429200008	0.0175642053872
237.504762815	0.0168254602363
238.659946954	0.0166139398073
218.7609431	0.0207682673382
200.481237726	0.0255421514287
230.529001423	0.0181810895548
230.327387311	0.0182180951858
225.439296712	0.019257967552
186.657548526	0.0298424947415
206.861822993	0.0237591678883
206.276924841	0.023903312511
230.090680036	0.0182589327631
205.203177716	0.0241846314357
221.208386933	0.020201287023
196.9452237	0.0265811818225
219.603337391	0.0205555397086
214.714821109	0.021760789395
208.964429676	0.0231820819639
189.642771827	0.0289276307967
211.739704746	0.0224713407679
225.812230429	0.0191699561802
218.923125609	0.0207374589869
207.089988443	0.0237060238393
217.846324102	0.0209982112169
159.716288312	0.0399917207644
196.908489145	0.0265278423046
218.248607524	0.0209089640825
199.210071556	0.0259145554905
211.715370455	0.0224890208642
221.402709715	0.0201468236718
200.237963679	0.0255676260266
207.235624241	0.0236615241658
216.667145823	0.0213097226041
215.793057866	0.0214558069284
178.19842646	0.0328738557584
234.960594438	0.0172806460386
233.907028085	0.0174762810084
208.614565495	0.0232676529441
197.193585531	0.0264726571657
219.851002193	0.0205124410968
210.015081633	0.0229034980361
220.422207681	0.0203758268743
194.803424385	0.0272809458085
216.98268591	0.0211853715898
164.551104642	0.0383165128027
227.354612655	0.018831442024
187.733347222	0.0295508618168
211.58098966	0.0225304915471
173.444691595	0.0346952288848
204.594722289	0.0243779120031
233.657408443	0.0175459835356
222.46324199	0.0199449390828
213.59909507	0.02201858398
207.410025278	0.0236271509143
207.849746299	0.023471294585
200.852997591	0.0254415116678
198.402510181	0.0260863299642
210.160703423	0.0229070694515
209.140118805	0.0231330969019
217.802049372	0.0210153000747
206.740677359	0.0237732646653
220.396183376	0.0204231209267
221.6539629	0.0201031308146
224.654769038	0.0194545485987
229.446624572	0.018384722216
199.284365965	0.025881910664
218.676151915	0.0207765766629
231.924462868	0.0179453091123
215.765002904	0.0214650681156
218.033400529	0.0209301690461
243.252297853	0.0157840279429
239.258343302	0.0164932509223
233.471689475	0.0175783831995
224.412382782	0.019477412941
223.966942161	0.0195672489236
225.658733589	0.0192059332634
222.988535763	0.0197994403122
235.038418655	0.0172864859498
233.791983001	0.0175252878594
240.352288126	0.0162614851222
232.020666671	0.0178561907104
225.509016701	0.0192416320377
212.855730001	0.0222477609858
212.310851015	0.0223460187893
221.705228377	0.0200914757
220.963616195	0.0202377147023
207.953413495	0.0234809101314
238.053257012	0.0167107426224
200.564095781	0.0255326857743
220.255276409	0.0204209692365
204.332114302	0.024472408174
227.784770725	0.0187473234612
216.71372766	0.0213146761881
217.815011473	0.0210042717636
220.601461653	0.0203468752926
202.96259655	0.0247681445351
222.416977442	0.019922451262
211.457485762	0.0225512400975
226.230331318	0.0190521307043
216.683287646	0.0212591172952
233.027479245	0.0176784319209
236.011397476	0.0170924629522
232.388989028	0.0178078671721
222.36385732	0.0199278678349
210.558736633	0.0227734054949
238.139723894	0.0166937807029
215.568088624	0.0215166159404
245.999027063	0.0153193112877
241.377068248	0.0161154693289
228.110663152	0.0186808713958
231.241366763	0.018047501668
248.430128846	0.0148625033261
240.030154182	0.0163650706485
243.666703279	0.0156959385455
246.526409946	0.0151921597962
247.303489376	0.015077234737
237.67560843	0.0167898441388
240.867021408	0.0161918453176
243.490744597	0.0157267576867
237.788421132	0.0167558714237
247.970324703	0.0149395335257
234.702446712	0.0173509589268
228.64441858	0.0185566174604
241.334661275	0.0161066802343
239.960731124	0.0163528134185
230.685620237	0.0181520839455
248.030942567	0.0149345026164
226.408196167	0.0190582037705
243.240026287	0.0157904935187
225.166931773	0.0193214534406
245.858263024	0.0153442747049
233.217596359	0.0176545416014
243.03829865	0.0158382593227
224.596184685	0.0194672666371
231.263531685	0.0180367463447
222.688743313	0.0198499296977
233.536391774	0.0175851540685
225.165188972	0.0193409245765
233.688336449	0.0175442904388
224.051981596	0.0195722912994
231.269089141	0.0180288860362
229.563931821	0.0183989804299
216.913383449	0.0211979535328
230.927333985	0.0180684194202
237.985973584	0.0167577050967
239.451770244	0.0164139359844
226.7680352	0.0189727754366
231.825844523	0.0179263806769
224.185051897	0.0195388903914
229.172039183	0.0184709665102
230.586025639	0.0181797450646
237.63814305	0.0167487936651
236.380390269	0.0170422977037
236.028518215	0.017065514643
227.39290149	0.0188423293303
234.083789997	0.0174540322068
239.374153769	0.016489154581
239.093537903	0.0165080796462
240.806194556	0.0161992748536
236.540272159	0.0170268138303
242.878068896	0.0158238486804
234.115619253	0.0174976967589
233.14795789	0.0176554933129
227.853526987	0.0187532014972
232.064531761	0.0178697042297
226.704012412	0.0189927377366
232.392004678	0.0177993190806
229.319208942	0.0184409429129
243.131638789	0.0157759133092
229.283667545	0.0184401564486
241.199778792	0.016121524561
234.112042049	0.017468492826
249.527700508	0.0147003390504
240.237863374	0.016302117061
250.168559494	0.0145897085978
236.049037225	0.0170907727639
238.301252125	0.0166426001297
232.169255902	0.0178528056968
246.745926121	0.0151491673346
240.586676344	0.0162520926956
243.511337681	0.0156991308984
236.584872453	0.0169678937721
243.17269332	0.0157576760338
231.345808091	0.0180222045864
236.087522895	0.0171058335576
240.357702115	0.0162975765923
226.960048102	0.0189311967859
234.040338771	0.0174585782746
230.522407803	0.0181879218048
231.283263322	0.0180342045305
221.609580306	0.0201156731884
234.743732317	0.0173555641399
223.602826887	0.0196562314503
227.514552268	0.0188247398505
228.693170031	0.0185721953602
226.918184725	0.0189274980697
227.651593675	0.0187812685286
237.504261499	0.0168175541646
228.046304096	0.0186784290211
230.134439213	0.0182686364809
228.486267324	0.0185871100157
242.743962981	0.0158690375629
236.741324421	0.0169420568775
238.656009494	0.0166012518794
247.580848985	0.0149925897388
246.467578534	0.015203513364
242.596913494	0.0158815740038
241.304066923	0.0161078945275
236.184313047	0.0170666618969
240.625945961	0.0162244987888
248.154826247	0.0148938894513
234.409120973	0.0174022357191
246.136666982	0.015254399627
249.004294803	0.0147678282889
236.392281501	0.01702166372
243.886627721	0.0156676875739
246.210943398	0.0152472900264
246.087263589	0.0152532700446
244.220532694	0.0155930960507
239.19975739	0.0164794395836
246.07858287	0.015281609233
238.14953244	0.0166763648214
238.005170557	0.0167219256761
236.299033818	0.0170274429802
229.959697003	0.0183063965462
237.009239097	0.0169172112925
241.973157969	0.0159903488485
243.33268864	0.0157190516823
243.998485922	0.0156510292708
244.693901646	0.0154823267952
239.985631936	0.0163589677277
239.595027013	0.0164159101707
242.633397843	0.0158747657932
245.800242181	0.0153055362889
244.116449926	0.0156106468371
239.298062906	0.0164883628318
245.976057225	0.0152884192883
238.406698212	0.0166544082555
244.83278886	0.0154843835463
242.952350338	0.015837390623
253.195713573	0.0140982587737
241.833322747	0.0160232504361
243.624953027	0.0156939195541
235.082509773	0.0172767037758
240.156142045	0.0163132720468
246.886305777	0.015122862603
254.435589161	0.0138966759033
248.494308576	0.014880351615
243.124045468	0.0157828861935
242.432245211	0.0159123108488
245.160411665	0.0154343728499
247.068085327	0.0151223122617
248.791009271	0.0148189145015
242.388893543	0.0159052484577
246.429275988	0.0152131877284
240.164095291	0.0163060031899
238.713465212	0.0166022853847
236.276290753	0.0170466395275
245.924533292	0.0152837188248
245.162540224	0.0154349310891
243.014614999	0.0157979773229
243.422999141	0.0157423019296
243.380231506	0.015734188317
244.864246389	0.0154910481068
250.269632834	0.0145512447792
244.88450657	0.0154836803022
238.483305226	0.0166261374162
245.210712874	0.0154219208139
241.646033718	0.01605175157
252.482443028	0.0142380683139
252.282894497	0.0142425261634
250.856596518	0.0144810034663
255.788721494	0.0136824331
255.243951299	0.0137747525962
252.682312059	0.0141849064309
253.407221444	0.0140449795727
254.579642154	0.013884096323
246.385724804	0.0152125457895
241.329754191	0.0161008631317
251.867114502	0.0143220443466
246.780596488	0.0151497279443
246.5421645	0.0152014037029
250.4561678	0.0145319834119
246.789655042	0.0151664575469
243.333208475	0.0157528757634
243.577914757	0.0157142699471
249.497555477	0.0147239832084
249.29463353	0.0147139689342
241.599232532	0.0160594737721
242.178883517	0.0159609258727
244.104528846	0.0156158182906
243.496280866	0.0157337476932
249.902958417	0.014632891901
242.211824699	0.0159542269679
240.349186568	0.0162876097582
246.334390414	0.0152200478015
247.695266607	0.0149990714498
249.349530642	0.0147355496772
252.129747279	0.014263134999
249.645843287	0.0147005984016
251.768858213	0.0143190471066
246.994242089	0.0151288320046
253.557035812	0.0140343560242
246.919551365	0.0151409171344
255.516405123	0.0137545380437
241.944270333	0.0159963350835
244.297263745	0.0155757613586
251.341862739	0.0143708027404
249.684513125	0.0146611142053
247.972353059	0.0149518615389
251.006984865	0.0144447435139
249.088939416	0.0147685053592
250.484781963	0.0145319830141
249.54931195	0.0146994410895
252.945796242	0.0141504727125
246.736198418	0.0151630547783
252.016830701	0.0142921396066
252.207776907	0.0142558704259
244.086721042	0.0156155861793
253.731759873	0.0140057879979
249.997305536	0.0146151639596
249.406587511	0.0147096291715
249.81032435	0.0146553885612
259.090365235	0.013215385347
256.770092118	0.0135461737291
260.288789674	0.0130157966206
259.067226986	0.0132027474645
258.622900741	0.0132767255068
251.897266836	0.0142999484719
259.231444893	0.0131639430075
260.676737564	0.012969235541
251.314161316	0.0144038170064
257.900023752	0.0133877178285
258.908247014	0.0132365805708
256.521600359	0.0135861659253
257.483607134	0.0134513604641
250.695911999	0.014499120656
249.589921456	0.0146796919469
252.486202127	0.0142149574736
255.856544621	0.0136783562447
255.855481454	0.0136926193509
258.745568009	0.0132519427426
257.124631062	0.0134960543474
254.736765639	0.0138562795711
259.441707921	0.013135043307
259.237283897	0.0131993082536
252.011220805	0.0142851354769
257.498309757	0.0134536318932
260.977571475	0.0129229801552
259.732357059	0.0131038571293
262.324221623	0.0127352071776
261.023219663	0.0129030604369
260.447771	0.0130157547273
258.674700728	0.013262923582
254.24694083	0.0139355517073
261.448486811	0.0128624904598
258.928794867	0.0132320038219
257.392665425	0.0134530940356
261.210826054	0.0129003681375
262.032130085	0.0127641633535
260.277509495	0.0130425688723
260.899972344	0.01293535317
257.375266221	0.0134628327062
261.713366464	0.0128212396986
261.891630519	0.0128143384658
263.137554285	0.0126221849679
263.674957977	0.0125344064383
256.883506056	0.0135464835846
259.280021662	0.0131842741134
261.472242447	0.0128625321629
255.587646184	0.0137448925116
256.367406737	0.0136303263407
262.694718471	0.0126858001647
264.539738842	0.0124386167154
265.309889219	0.0123235380845
262.441075666	0.0127448610001
258.414019058	0.0133225534872
266.004418405	0.0122503619464
265.517166679	0.0123023520957
262.699336319	0.0126955235633
262.005702597	0.0127874187172
265.834034984	0.0122508554617
266.283552145	0.0121878267086
260.6447409	0.0130022972087
261.935475651	0.0128104095829
265.162597401	0.0123696053163
265.424430768	0.0123370771314
259.948734189	0.013085068491
265.710029325	0.0122952811856
265.736017241	0.012287409328
265.616102585	0.0122894020957
260.293845124	0.0130453438395
264.450769457	0.0124520265844
264.758878984	0.012404937595
265.317361757	0.0123268481286
259.253696715	0.0132061856403
258.110566306	0.0133599068866
263.765907036	0.0125445703597
263.948528759	0.0125205858288
264.381266891	0.0124409544706
263.11461673	0.0126357017957
263.20164901	0.0126215565922
258.898778434	0.013246375473
263.65513409	0.012556118148
265.633122427	0.0122754528434
264.992321339	0.0123620573147
265.896802058	0.0122574332718
263.625342739	0.0125738071593
264.471822697	0.0124605455189
264.822828872	0.0123991740759
264.286947817	0.0124792254339
265.701150409	0.012285634063
265.645242798	0.0122991664976
265.809572718	0.0122708125265
265.037530516	0.0123735286762
264.738528401	0.0124110186701
264.475507407	0.0124456737414
263.578597389	0.0125799053026
266.374152867	0.0121853786363
266.060997948	0.0122394793157
264.330728578	0.0124662793682
266.005001589	0.0122449524978
265.330842877	0.0123342566546
265.61024321	0.0122911855096
266.064419565	0.0122348784642
260.855812448	0.0129789470718
265.021556495	0.0123868262174
261.124394448	0.0129315946401
264.177798967	0.0124926651982
259.557358857	0.0131597327423
262.495205385	0.0127271336445
265.297382794	0.0123577209596
265.92133978	0.0122703959563
262.417401705	0.0127457323809
264.918089282	0.0123962852782
262.169273042	0.0127813972263
262.413287332	0.0127581953524
260.134944118	0.0130863506737
264.149023828	0.0125070038758
261.912817494	0.0128241848801
260.362017768	0.0130497082935
257.724104975	0.0134450944682
262.199556342	0.0127803084843
263.310869797	0.01262896177
257.809253863	0.0134248057036
263.363560129	0.0126227759231
265.385362461	0.012319314149
261.791828203	0.01284312073
265.301870643	0.0123402275241
262.303174895	0.0127659419604
263.112927736	0.012655925422
258.583074005	0.0133114915284
261.651081069	0.0128404200461
258.242886983	0.0133642532836
265.015027178	0.0123602863992
263.854172654	0.0125653880876
263.065594412	0.0126544456246
262.61397359	0.0127292815879
262.87004766	0.0126748250215
261.338580204	0.012899523737
262.32130648	0.012765101212
260.103606318	0.0130869924676
256.564350576	0.0135910517774
261.900469101	0.012836228218
248.379541446	0.0148971149714
261.885149069	0.0128322471106
266.019415435	0.0122561558883
250.386102415	0.0145526080763
250.228208004	0.0145773226798
257.803628954	0.013402501674
248.738013183	0.0148352978236
252.388898233	0.0142180663448
263.136289941	0.0126437850297
263.983963631	0.0125203665536
245.723625002	0.0153411357777
259.833301037	0.0130988652144
256.492187903	0.0135914185673
261.393408564	0.0128892343483
256.457617663	0.0135930629428
260.112366718	0.0130694683486
252.34805114	0.0142365065242
257.308999443	0.0134958714471
253.973602128	0.0139841277195
261.402145948	0.0128963770317
258.365032679	0.01331552352
263.751626289	0.0125735559997
255.410420528	0.0137730705171
261.41980407	0.0129128985016
261.243284504	0.0129045830683
264.090554876	0.0125272226941
256.917643934	0.0135529555576
260.552858718	0.0130413576661
259.151066826	0.0132020254024
263.389321649	0.0126168662004
256.73234242	0.0135846815663
263.183941535	0.0126513645441
262.655022905	0.0127064426804
261.377131462	0.01290660862
260.579433296	0.0130094592329
263.912137112	0.0125362768017
261.071444688	0.0129299405237
264.466489719	0.0124729878803
261.533813181	0.0128737739633
264.869469303	0.0124050037192
260.439618523	0.0130211777515
264.879035673	0.0124092369309
260.119925424	0.0130870641254
264.283334959	0.0124950652042
262.5470371	0.0127238522315
265.632589664	0.0123162246068
261.306451144	0.0129153975854
264.056770307	0.0125177921416
261.175053754	0.0129235115072
265.711880063	0.0123084481376
259.277211202	0.013197616637
265.120227307	0.0123949730678
262.329481944	0.0127478936104
265.659655524	0.0123045078469
262.645783112	0.0127042688907
265.758373498	0.0123023874097
261.580213117	0.0128602439329
265.559700711	0.012311595305
262.461103158	0.0127309672972
265.458504556	0.0123413125315
260.958369378	0.0129613871675
263.66813428	0.0125935675371
262.332029327	0.012772193764
264.678879038	0.0124429046452
262.780708722	0.0127033866116
264.491109028	0.0124678035337
263.356083398	0.0126074392329
265.545393479	0.0123320092963
261.547372948	0.0128744661272
263.706707888	0.0125750736905
263.053203671	0.0126652885469
264.47842351	0.0124766639283
263.403655978	0.0125951890364
265.274648973	0.0123668455781
260.866892725	0.0129619240309
262.955766637	0.0126784582087
262.880714144	0.0126855857241
265.089665337	0.0123889074116
261.795877113	0.0128317526356
263.170048895	0.012649714996
262.845639119	0.0126780591773
265.285695404	0.0123612847895
262.872870882	0.0126845024935
263.817476848	0.0125553166741
263.069022824	0.0126595464453
264.2670267	0.0125012871544
262.100895648	0.0127924614873
264.795598856	0.0124302271063
262.117394383	0.0127963593263
263.806085272	0.0125630090067
263.048929853	0.0126575466704
265.04168394	0.0124020660463
263.236707351	0.0126232075884
265.268513769	0.0123725258166
262.954624186	0.0126886714077
263.895667611	0.0125558685567
263.216273266	0.0126450772202
264.493743102	0.0124813168452
262.501273141	0.0127265241083
264.878201443	0.0124212172705
263.264538463	0.012621884073
264.347855181	0.0124909954492
262.891326167	0.0126710458646
264.71044784	0.0124398366317
263.115778737	0.0126295406973
264.816177154	0.0124278932782
263.395376037	0.0126038294541
264.556346934	0.0124536303635
263.618071382	0.0125557206311
264.256776775	0.0124933279284
264.580795224	0.0124265186353
264.68516094	0.0124512455607
262.898354553	0.012675657533
264.020030038	0.0125336306925
263.644152284	0.0125837493242
263.642842067	0.0125982508273
263.785671689	0.0125423663306
264.489626698	0.0124569735514
264.143937753	0.0124953072037
264.528981178	0.0124724201594
263.958201672	0.0125395147258
263.546927509	0.0125978611257
264.177152605	0.0125073337739
264.023551837	0.0125335849559
264.182955222	0.0124839157337
264.654791862	0.012452218108
264.264206462	0.0124899386381
263.35532146	0.012622572171
264.285556391	0.0124684917765
264.660212735	0.012453515609
263.771616648	0.0125404161885
264.695743253	0.0124499004317
263.905719989	0.012531205974
264.743685965	0.0124417888408
264.063198071	0.0125028660381
263.995575955	0.0125481173623
264.79742366	0.0124155970771
264.218932848	0.012518217841
264.861380112	0.0123887235684
264.012028031	0.012522195673
264.321816573	0.0124655369606
264.494325938	0.012477357671
264.716186939	0.0124221605152
264.283814074	0.0124988222313
263.837471894	0.012544769229
262.912450879	0.0126831675406
265.105596866	0.0123604501408
263.966360907	0.0125281908807
265.216363772	0.01234444315
264.260863307	0.0124892293224
265.06871397	0.0123784279685
263.986130364	0.0125373973419
264.944828933	0.01238215103
263.347734372	0.0126210735513
265.553434417	0.0122946913065
263.937442475	0.0125389222797
265.500851876	0.0123197454981
263.716263848	0.0125742020549
265.934096809	0.0122382246205
263.634290452	0.0125778289485
266.082936551	0.0122099371157
263.991548821	0.0125417509697
265.715656815	0.012282615558
263.678536395	0.0125787981232
266.006795075	0.0122240089244
264.114090426	0.0125102686124
265.406172884	0.012309016538
264.643603175	0.0124539956873
265.995429206	0.0122520519919
264.433050722	0.0124695411802
265.475525635	0.0123060962976
264.525654773	0.0124446750222
265.337402055	0.0123264500364
264.593917598	0.0124574065442
265.675235803	0.0122856776011
263.786913763	0.0125585068264
265.892867048	0.0122597035608
265.160548895	0.0123836191918
265.62585441	0.0123021303026
264.808047978	0.01241496442
265.403888907	0.0123230634569
264.820078725	0.012414606638
265.89212828	0.0122478218082
265.051180643	0.0123866205205
265.949136944	0.0122365305046
265.440242582	0.0123238979427
265.409147289	0.0123154188887
265.127676489	0.0123736132748
265.761339681	0.0122596231169
264.858952973	0.0124113249991
265.741182303	0.0122802476962
265.351656684	0.0123342344367
265.080207549	0.0123683203133
265.397001335	0.012319028027
265.926233799	0.0122341375041
266.151669995	0.0122225919643
265.872867827	0.012249594109
265.176416947	0.0123576884972
265.512969085	0.012292178125
265.851447981	0.012266605801
265.947402997	0.0122178305195
265.178784402	0.0123579429824
265.29111539	0.0123413960876
265.144983504	0.0123815868436
265.429383265	0.0123128459992
265.309432797	0.0123391104527
265.407631025	0.0123283284557
265.500380419	0.0123175858981
266.2925568	0.0121741513985
266.201827455	0.0122095541808
266.262671395	0.0121856547891
266.161801089	0.0122211064761
266.235069516	0.0122002270178
265.650066895	0.0122870950567
266.825232355	0.0121096664713
266.562802124	0.0121363782071
266.326531149	0.0121905639933
266.356646206	0.0121607708205
265.376296655	0.0123153032878
266.536231593	0.0121488744944
265.959846313	0.0122429242804
266.463883138	0.0121624352952
265.561886358	0.0122905148443
266.085159741	0.0122182270433
266.434898036	0.0121810292849
266.103668096	0.01221821771
266.034992585	0.0122207398336
266.731771983	0.0121234098873
266.036255813	0.0122230740519
266.305350615	0.0121875333766
266.511808594	0.012165016949
266.430434732	0.0121835927301
266.35771626	0.0121929428836
266.870653969	0.0121061837319
266.014164037	0.0122239464391
266.500278538	0.012144643177
266.857309752	0.012118987299
266.409244525	0.0121748329154
265.877844981	0.0122517161023
266.878543894	0.0121117509894
266.029424422	0.0122287765206
266.525136287	0.0121431189191
266.647122806	0.0121414488593
266.227352433	0.0121848698829
266.684709098	0.01213253054
266.522493809	0.0121632709804
266.529057108	0.0121727157873
266.162446154	0.0122056960516
266.606222541	0.0121589585821
266.265578156	0.0122006882771
265.878976357	0.0122324657285
266.475934895	0.0121506557536
266.187452578	0.0121966659139
266.66056335	0.0121442182593
266.612526284	0.0121370831702
267.016282045	0.0120894759235
266.508745276	0.0121489838817
265.553839268	0.0122931405647
266.395325033	0.012164658879
266.628076825	0.0121530440386
266.774478588	0.0121150627037
266.597306545	0.0121428556923
266.745055707	0.0121210534376
266.463637376	0.0121640662724
267.027027531	0.012096876971
266.767294735	0.0121235930142
266.790679178	0.0121213852482
266.469438705	0.0121765021213
266.624620539	0.0121530453521
266.698556239	0.0121278490914
266.247476735	0.0121832865373
266.20690069	0.0121874551306
266.792017178	0.0121250762171
266.789784698	0.0121306476205
266.844313007	0.0121278339309
266.673711715	0.0121436949308
266.675693371	0.0121358949419
266.7654511	0.0121351740388
266.866975123	0.0121094423275
266.080490173	0.0122146496658
266.277214304	0.0121745728643
266.504469896	0.012151165257
266.381630199	0.0121617827351
266.263041358	0.0121895709409
266.341699519	0.0121687033864
266.330396772	0.0121766984442
266.602961917	0.0121470513453
266.171281529	0.0122016047548
266.309685403	0.0121814847827
266.245907174	0.0121945387697
266.310332364	0.0122013731224
266.177387435	0.0122122342984
266.271435305	0.0121964386707
266.29883989	0.0121914721067
266.161096776	0.0122142274728
266.257194526	0.0122073324698
266.117905214	0.0122396720405
266.6795019	0.0121694992186
266.536941146	0.0121886087273
266.448504621	0.0122030135268
266.302581592	0.0122223878695
266.687821877	0.0121609799698
266.183441704	0.0122374173037
266.579985378	0.0121772870934
266.282864681	0.0122259509112
266.535407232	0.0121809881421
266.469735018	0.0121889635917
266.54434621	0.0121777683978
266.491160021	0.0121952220797
266.542060678	0.0121759075751
266.470177145	0.0121881956883
266.707734624	0.0121570595832
266.642677286	0.0121699854314
266.767053509	0.0121545585418
266.561773378	0.012187220457
266.783751305	0.0121493331101
266.687645972	0.0121590138032
266.69925748	0.0121564675344
266.75910987	0.0121566001553
266.782294624	0.0121492256305
266.786129947	0.0121545613622
266.752403922	0.0121603377762
266.694585673	0.0121697462283
266.729277259	0.0121649955965
266.953782549	0.012127452212
266.979744895	0.0121265403643
266.796955966	0.0121547956532
267.046583853	0.0121113150578
266.80972185	0.0121525734596
267.061591244	0.0121172547189
266.979366448	0.0121264438255
266.95219369	0.0121337134178
266.790126065	0.0121553270528
267.036559961	0.0121221197412
267.036422385	0.0121174549545
267.100231849	0.0121037196452
267.014513237	0.0121193414252
267.1166998	0.0121015115772
267.058313921	0.0121173085167
267.166526775	0.0121025819613
267.058905918	0.0121109383692
267.206940694	0.0120945355441
267.066988734	0.0121162797644
267.186120718	0.0120946135085
267.145676932	0.0121017238578
267.126706022	0.0121057587151
267.03704444	0.0121212135339
267.030919827	0.0121215068963
267.188191409	0.012094737882
267.181833294	0.0120991862175
267.090710364	0.0121149535905
267.256936579	0.0120882292502
267.088727996	0.0121125122597
267.642767322	0.0120326184446
269.304234305	0.0118134564244
270.673926904	0.011637245334
271.972804533	0.0114666434726
273.17270208	0.0113112344127
274.256467351	0.0111717068002
275.095158128	0.0110697196663
276.060673869	0.010945957339
276.881701276	0.0108452740646
277.837963682	0.0107277456741
278.346168695	0.0106686716207
279.176451121	0.0105648670009
279.84194619	0.0104848895073
280.453438291	0.0104179184251
281.050985534	0.0103468292335
281.489795859	0.0102988749681
282.229915095	0.01021386119
282.657544838	0.0101648185593
282.918364854	0.0101371929668
283.510379848	0.0100666345322
283.797992679	0.0100374254125
284.418181186	0.00996421843797
284.836232768	0.00991885246547
285.118423911	0.00988812532715
285.437561879	0.00984932355123
285.475026351	0.00985208743313
285.877266463	0.00980281622012
286.189090056	0.00976902850574
286.24976244	0.00976207369706
286.137736935	0.00977765875178
286.242473489	0.00976216499326
286.344680912	0.00975021164414
286.253053247	0.00975929210075
286.076435085	0.00977613646091
286.019095784	0.0097816091305
285.890278923	0.00979611862896
285.652354306	0.00982475313566
285.528880871	0.00983377686449
285.276599894	0.00986522022558
285.078364787	0.00988129122487
284.788981539	0.00991493100557
284.408255381	0.00995212438881
284.058927751	0.00999043627006
283.591110844	0.0100482448325
283.074034661	0.0101067226054
282.910388647	0.0101332442536
282.505322319	0.0101911532262
282.935815492	0.0101516633727
282.523543272	0.0102028438184
282.364290998	0.010214671008
282.041940343	0.0102483718807
282.028167121	0.0102415806173
282.02581416	0.0102425612451
293.706218717	0.00897552300509