100	-0.04449	0.0	0.999824471369	0.00017552863063	0.0
104	-0.03362	1.38218643945e-40	0.607524083984	0.38382438216	0.00865153385594
105	-0.0377	0.0	0.0	1.0	0.0
107	-0.03908	0.0	0.0	1.0	0.0
11	-0.0901	1.0	0.0	0.0	0.0
113	-0.04439	1.0	0.0	0.0	0.0
114	-0.007194	0.0	0.0	1.0	0.0
115	-0.001247	1.0	0.0	0.0	0.0
116	0.04169	0.0224332943006	0.961295283327	0.0162714223721	0.0
117	0.02147	0.0	1.0	0.0	0.0
118	0.05159	0.0	1.0	0.0	0.0
119	0.07846	0.0	0.862974703916	0.0	0.137025296084
121	0.08616	0.0	0.0	0.0	1.0
125	0.1765	0.0	0.0	0.0	1.0
126	0.4928	0.0	1.0	0.0	0.0
127	0.6326	0.0	0.0	0.0	1.0
128	2.288	0.0	0.0339491625769	0.0	0.966050837423
165	-0.09722	0.0	1.0	0.0	0.0
166	-0.09114	0.0	0.799772213929	0.0	0.200227786071
167	-0.1202	0.0	0.000330618983162	0.0	0.999669381017
168	-0.1142	0.0	0.0	0.0	1.0
17	-0.1318	1.0	0.0	0.0	0.0
170	-0.08342	0.0	0.0	1.0	0.0
172	-0.07488	0.0	1.0	0.0	0.0
175	-0.08198	0.0	1.0	0.0	0.0
176	-0.05802	0.0	0.0	1.0	0.0
178	-0.05818	0.0	0.0	1.0	0.0
189	-0.02488	0.0	0.0	1.0	0.0
190	-0.02278	0.400344711968	0.0	0.599655288032	0.0
191	-0.02488	0.0	0.0	1.0	0.0
192	-0.02172	0.0	0.0	1.0	0.0
193	-0.02644	0.999999999999	0.0	5.86397621698e-13	0.0
194	-0.01016	0.965212105921	0.0	0.0347878940787	0.0
195	-0.009004	1.0	0.0	0.0	0.0
196	0.01418	1.0	0.0	0.0	0.0
197	0.01823	0.0820430073319	0.0	0.917956992668	0.0
198	0.04983	0.999753825345	0.0	0.000246174654837	0.0
199	0.06708	1.0	0.0	0.0	0.0
200	0.09914	2.36751366308e-20	0.0	1.0	0.0
201	0.07094	1.0	0.0	6.32540499011e-285	0.0
202	0.02484	0.394032445627	0.0	0.605967554373	0.0
206	-0.007779	0.887531314463	0.0	0.112468685537	0.0
207	-0.0009678	1.0	0.0	0.0	0.0
208	-0.01879	0.018438046011	0.0	0.981561953989	0.0
211	-0.0197	4.40664847909e-05	0.0	0.999955933515	0.0
23	-0.09499	0.572441513457	0.0	0.427558486543	0.0
24	-0.08298	0.0	0.0	1.0	0.0
25	-0.08998	1.0	0.0	0.0	0.0
26	-0.09187	0.0	0.0	1.0	0.0
39	-0.08707	0.0	1.0	0.0	0.0
40	-0.07219	0.0	0.377524075218	0.0	0.622475924782
41	-0.04156	0.0	1.0	0.0	0.0
42	-0.01148	0.0	0.628369275003	0.0	0.371630724997
43	-0.02445	0.0	1.0	0.0	0.0
45	-0.03406	0.0	0.54433214263	0.0	0.45566785737
46	-0.03932	0.0	0.999999998665	0.0	1.3351114772e-09
47	-0.01693	0.0	0.0	0.0	1.0
48	-0.02224	0.0	0.416883804035	0.0	0.583116195965
49	-0.04061	0.0	1.0	0.0	0.0
53	-0.06249	0.0	0.0	0.0	1.0
54	-0.04463	0.0	0.503946162168	0.0	0.496053837832
6	-0.06537	0.0	0.0	1.0	0.0
61	-0.06433	0.0	1.0	0.0	0.0
62	-0.05514	0.0	0.0106033864714	0.0	0.989396613529
63	-0.05651	0.0	0.0	0.0	1.0
64	-0.06835	0.0	0.0	0.0	1.0
65	-0.06267	0.0	1.0	0.0	0.0
66	-0.0593	0.0	1.0	0.0	1.48915443707e-58
67	-0.06387	0.0	0.0	0.0	1.0
68	-0.06838	0.0	1.0	0.0	0.0
69	-0.05822	0.0	1.0	0.0	0.0
7	-0.0813	0.0	1.0	0.0	0.0
70	-0.0558	0.0	0.0	0.0	1.0
72	-0.05979	0.0	0.0	0.0	1.0
73	-0.05299	0.0	0.0	0.0	1.0
74	-0.0537	0.0	0.666346524082	0.0	0.333653475918
76	-0.05721	0.0	0.486873180203	0.0	0.513126819797
79	-0.05297	0.0	0.0	1.0	0.0
80	-0.05325	0.863462770846	0.0	0.136537229154	0.0
84	-0.1198	0.0	0.0	1.0	0.0
86	-0.09838	0.0	1.0	1.59821820664e-84	0.0
90	-0.05593	0.0	1.0	0.0	0.0
91	-0.05488	0.0	0.0	0.304449722531	0.695550277469
92	-0.06248	0.0	0.0347669687851	0.0	0.965233031215
94	-0.04791	0.0	0.999892145795	0.000107854205449	0.0
95	-0.04912	0.0	0.952231941737	0.0	0.0477680582629
97	-0.04489	0.0	0.29805275328	0.70194724672	0.0
98	-0.0408	0.0	0.963410956402	0.0192822120033	0.0173068315948
99	-0.04344	0.0	0.0136109347508	0.986389065249	0.0