-81.7191816227	0.608053935258
-21.8489536062	0.308559659959
-19.0605816912	0.298319146746
-18.2621824838	0.298895378478
-31.880458196	0.347971123419
-51.9556285593	0.433797751801
-23.07287218	0.313876528257
-14.3779175675	0.286189213105
-47.4918615517	0.4136947061
-21.18612858	0.296562261672
-18.8840148385	0.294424988556
-32.4615761125	0.341414838351
-13.5835137563	0.283210421971
-12.8167100641	0.278941426169
-32.9449719962	0.349976826236
-21.1598932909	0.299229917349
-43.3217571414	0.394322224233
-8.278956165	0.266525388455
-23.9238137318	0.307096423375
23.4319962968	0.186261080204
-33.1038496615	0.352137604835
-36.2051521759	0.363758944854
-16.5525757357	0.279206703804
13.0350192175	0.20907901859
-20.3697960772	0.294754438456
3.50692632942	0.234227523025
-15.7581389354	0.278448929866
-48.6505749885	0.419202253797
-32.377136231	0.350067419385
-22.7419675179	0.311621306739
-57.2446567334	0.455700559807
-24.1570332375	0.319072868223
-12.7420652657	0.280384634337
-59.7433469558	0.474848380352
3.64668691939	0.233312086303
-3.39985170728	0.252707328906
-6.43038366854	0.261627666085
-9.43133253885	0.270104661326
13.4191544854	0.209619621643
-11.2271784007	0.273841255509
-42.0237229799	0.388113743741
2.79276424319	0.234857042245
42.2328350913	0.150835530303
-25.8270593962	0.319616434585
29.6225633827	0.173963321467
-59.0006557955	0.468830698241
17.1800174656	0.201010680537
-32.3637274617	0.349698055737
-10.4804594744	0.271369983842
-14.4765650889	0.283907826155
-67.0449155291	0.516145628044
-69.2925366431	0.528891956326
-71.1030853519	0.540836244612
-39.3075039829	0.376623743376
-1.80170286018	0.24826495541
32.0332176953	0.169063373581
-18.0343721371	0.292633661847
30.0647239455	0.172387165383
-12.6106533755	0.277179908783
42.7182001958	0.149062029372
-10.6936652459	0.270762147012
7.70633903358	0.222897926566
15.2251758595	0.205166551774
-44.1124124392	0.398116230428
-9.37899126385	0.266515172261
-7.68720004179	0.265328843754
1.96207548043	0.236163776038
48.8177090521	0.139050763361
56.9484533575	0.127581116759
62.0471382719	0.120288625942
59.9731941325	0.122983976517
62.06678723	0.119971640004
61.1579346652	0.121218236116
63.0960189074	0.118577300116
63.4375901769	0.118111706717
64.408266814	0.116819750547
64.3838091245	0.116859563423
64.8616497529	0.116274646953
65.1742411795	0.115840180624
63.2285581266	0.118561224934
67.2588596114	0.113219376686
68.1169564491	0.112083106746
68.7466493573	0.111256742425
64.2155950291	0.117254988424
60.348516198	0.122584347435
53.8344020963	0.132075694938
51.2108412798	0.136118682731
64.787480643	0.116367157334
38.1315130815	0.15799053545
60.7310683849	0.121992377981
49.5715007869	0.138669755121
53.8525924237	0.131903439737
47.6278053786	0.141703736217
51.7362193585	0.135137619921
41.8942121889	0.151373757311
60.8470058372	0.121783541369
58.2841107152	0.125399250236
48.8121127552	0.139706399974
54.3639214193	0.131212267562
58.970497819	0.124343636593
46.0344984019	0.144340658011
64.8166039514	0.116450825017
63.5132863828	0.118172709562
65.949528984	0.114754789531
59.0011087493	0.124176690871
64.3865860322	0.116975970674
66.2403235499	0.114276344253
58.7023547091	0.124557252506
67.4158263403	0.112776504802
58.5393387328	0.12472635862
53.9714557223	0.131371200925
55.6484739807	0.128838223677
61.1493391242	0.121088618866
72.4249531748	0.10651784549
53.4906393423	0.132061352937
65.0593008556	0.115788932905
72.2405591505	0.106736637455
70.4908083203	0.108863199761
66.2913563902	0.11416056369
73.5970749604	0.105088631267
72.5045280314	0.106396751001
72.5006165397	0.106365566887
68.0863835808	0.111871027454
74.0588255459	0.104557991964
82.5632834664	0.0950886941265
81.6315685249	0.096045735231
74.3819245322	0.10422695201
76.1460799059	0.102156858563
75.4355895996	0.102992451974
74.4533770038	0.104126746612
75.5603207709	0.102868688893
75.8370434305	0.102536637108
70.454093717	0.108986848682
72.1826356059	0.10685789395
75.070176588	0.103442667278
74.3524428028	0.10427848391
82.3034355555	0.0953453599278
78.08871335	0.0999866896626
89.3437938099	0.088097166821
84.3155654048	0.0931905000983
89.4008168994	0.0881025149116
80.4946440693	0.0972907694215
95.6479131756	0.082148605877
89.4520113885	0.0880198694729
97.4393286573	0.0805136918119
95.2051335529	0.0825331189387
97.8238542774	0.0801383025302
97.8335171464	0.080130449854
97.4446041099	0.0805018236567
96.8197250991	0.0810121781105
97.1289799426	0.080755736941
97.7076928173	0.0802049221907
97.0536774444	0.0808066970213
100.733641477	0.0775798964566
99.7972337595	0.078477291878
99.6865846623	0.0785614296202
101.610155261	0.076875525409
101.823810115	0.0766682764492
99.9688553828	0.0782136257462
92.830789191	0.0845143497636
82.8009163809	0.0945312822562
40.7811432411	0.151450513611
-27.2835394556	0.329718213693
-10.6931298982	0.273661779119
-21.7844533166	0.310751973117
-1.6780753073	0.248044239899
-6.89349315204	0.26018179486
72.313297081	0.106279533031
73.3244672291	0.104694498718
11.8834891404	0.211384955303
3.1284380787	0.22672272281
37.0154809362	0.159389755031
-3.65033862939	0.253119370738
13.2354943356	0.205651507009
60.7857883886	0.121839527432
58.971799261	0.124768531382
78.4433082809	0.099346230735
10.0575358138	0.212012653162
5.13256242888	0.228766368711
-3.56602857743	0.250377130713
-8.52781232919	0.264540863094
3.00814396208	0.232161298225
-26.6560194329	0.326071194684
65.9846831439	0.114771004274
5.07115401102	0.222377188295
-21.8180305454	0.308060115667
10.9873644096	0.211261713435
-0.388005151373	0.234691100635
20.3760505376	0.193234795941
-2.69203066173	0.240153035383
12.8118447266	0.209160752486
22.3284780398	0.188209640928
25.4483328809	0.178578357518
-3.48717902896	0.25089700216
-33.3847324349	0.347379052254
14.1394769742	0.200518444543
-7.56178952538	0.264418956547
104.054101272	0.0744623713532
30.0981267267	0.172951600593
14.050896246	0.202196723823
62.1965125853	0.118950338134
10.586346438	0.211339018002
31.8513935565	0.169191051244
-5.13043482728	0.252576009341
9.11985827294	0.21518568791
52.330551601	0.134352013118
29.8151076431	0.172894135809
81.6821164092	0.0962796227951
15.2313327677	0.20445614724
-3.79494710592	0.253566238705
15.1851996794	0.199457385992
-13.7583452074	0.275448374754
37.3446836376	0.159429499272
14.3408213376	0.198062252411
71.5173654641	0.107577059881
61.4667233999	0.119352161704
39.92514722	0.154393314472
-28.4942763703	0.331668882517
-8.21398120013	0.266275838534
18.2815877518	0.195900454989
-29.4514427582	0.329188806776
50.6592188555	0.137104747006
16.4296632991	0.193677825875
25.0232691116	0.182286734451
110.699833065	0.0690885550288
31.0027588767	0.170160123791
-3.58432709864	0.248208814145
1.28812739904	0.23279827267
19.3862705525	0.188735218751
14.7024784669	0.199198766414
9.78125168506	0.214827575913
5.77360555251	0.225510191317
1.87990766644	0.23073400003
3.44712797976	0.232964908522
37.8697396222	0.157784335789
4.76846845979	0.221763897428
36.4570037548	0.16012579019
20.3052392342	0.18809620533
6.7493890315	0.223573997649
10.5195087965	0.213400811835
18.0849763396	0.193455119372
8.12408382267	0.215753756595
21.5152975339	0.188959017053
9.86282917009	0.209020708959
26.8709747827	0.178801164091
25.4333065754	0.182263407536
35.671741565	0.161941322645
32.0240854089	0.165337925488
-0.451173441108	0.234627954302
5.71611023806	0.221099636113
-12.1088058309	0.273639748336
60.9530338949	0.120137671155
21.1799552442	0.188434216567
39.7478401456	0.154343919376
83.1994557988	0.0953734305805
28.6956815022	0.174981507102
26.5788573052	0.175932943049
9.43899128208	0.210948427156
30.7332453633	0.17124911716
12.028828618	0.21102282048
8.75348515013	0.217364899331
130.175374619	0.055497257007
8.28014986638	0.220884316077
55.9114686099	0.126624695143
45.5260432641	0.142846111982
3.26085086511	0.226808456332
107.329167655	0.0717075571436
82.5648424261	0.094492656086
-2.81299278529	0.250600936928
41.4419324856	0.149032536515
44.3167204791	0.144314545929
6.47106897759	0.223218008662
48.2473753137	0.139175493451
12.9242778563	0.206451132142
9.01474625419	0.213888362991
5.21650832507	0.222542661522
10.6044494682	0.20763712485
40.9324959293	0.15227818836
105.029674473	0.0746187019736
26.8880262767	0.177878497932
99.950722514	0.0780287354091
67.8358336959	0.112965154894
26.8342481599	0.175134500216
18.8860332413	0.192897644284
29.3191691077	0.171403275287
-0.602171098948	0.238894254799
32.9607303402	0.166294549767
51.9522932547	0.132348080932
-8.35152667294	0.263737867435
-3.63882519309	0.251517905177
28.9831155849	0.169644176982
19.7628845386	0.193088206609
80.4050419836	0.0976853398638
109.977322332	0.0704600707851
35.6804556435	0.158636500055
35.92848851	0.161186136111
70.018339355	0.109881814514
21.9375796907	0.18593593395
14.5901040397	0.205497842296
93.4125169746	0.0838038990149
68.6151134809	0.109620211071
22.7300576834	0.181355514424
40.3757405919	0.150652207676
48.8094323087	0.139819349273
65.4264239902	0.1161742802
15.1338788122	0.197195297479
14.1396132443	0.200600925426
60.9101156919	0.120719832011
38.1234134241	0.154605006144
22.8157789299	0.183917052206
49.5781969817	0.135970964204
4.42551686771	0.226193639409
49.095839193	0.136701959674
6.80192014893	0.221598265881
84.1986413557	0.0936626437612
4.47544877474	0.230765190807
16.5836902874	0.201083401162
39.5862954261	0.155269048774
75.6887307245	0.101483628983
87.4221969971	0.0891591684773
58.2826322563	0.124111069128
21.5582637161	0.18696279468
9.34543117816	0.21590750757
36.1665962483	0.157606622895
70.1490518939	0.109905837705
35.1022535234	0.162237776343
49.9791297022	0.135331630009
16.5143164446	0.199360042574
5.6025853594	0.220885310037
44.3190230585	0.146485353347
22.3664177135	0.186240791373
45.8336725243	0.144404990624
4.10670695609	0.22710124744
118.005480511	0.0635056649818
60.8547513515	0.119440928462
25.2437722031	0.178008734695
23.2864815647	0.184551751579
40.9751398535	0.149434099244
35.1415016032	0.161612991087
25.9885499265	0.176874548466
33.1627093133	0.162085657886
87.6908293825	0.0888243897907
49.9691762811	0.137995681983
79.4988611933	0.0988490708574
82.4017608056	0.0956832662352
56.1744015741	0.128284274384
77.3514262355	0.101967457842
17.8769105777	0.196989225544
76.3902580965	0.102969420827
59.8982115776	0.123632551275
44.392076068	0.146168140532
35.643357276	0.158521306328
68.8678402911	0.109376618968
43.6323091623	0.14572365772
25.2299321441	0.179575407902
34.8433141379	0.163632844313
73.4794543141	0.104112981271
43.731280859	0.144960869704
69.4648652546	0.111249445434
-2.70805551976	0.248835085674
57.9978926501	0.123779511448
-10.4219686153	0.267876849713
45.6349890751	0.144853773544
28.1727119258	0.174926102412
20.359686582	0.186666859939
41.8309163067	0.150956480785
77.6212970515	0.101700131341
99.1384097498	0.0782357434767
56.769253715	0.125521915767
89.9370388259	0.0879748262952
10.4160187819	0.210067798408
108.675315648	0.0703293386701
8.70176102568	0.218219960472
14.4589860474	0.201126412542
109.603715607	0.070822307484
16.0277580115	0.201979307605
129.211115321	0.0559052865228
43.7789971647	0.145303866248
50.4810419125	0.13457305079
75.3506463426	0.104222357973
40.81514078	0.152371746108
62.8592839899	0.118848955865
7.85793451362	0.2161118138
39.7546088635	0.153857282604
21.2512826812	0.187400491872
50.5994409144	0.134698928592
49.1706815695	0.136772332968
50.7691978444	0.134501396762
92.9408833655	0.0856542628419
55.0197284953	0.127994704206
16.1400175003	0.199295703935
21.8563702645	0.187848888258
53.5456553377	0.132815297734
36.0318416366	0.157417482464
115.032052661	0.0665332366574
33.2554023334	0.163469709422
1.26497140018	0.233938581181
118.75791101	0.0635548939344
61.9733082636	0.120897331483
80.002000803	0.0989260208077
93.4317072182	0.0852087805138
41.9017269235	0.148001028359
88.5152850876	0.0899030275369
77.5107293599	0.101654038413
113.757164957	0.0666603346218
69.0591057397	0.111585496521
17.6815929675	0.194761798344
45.7924562136	0.142610365741
73.1494478427	0.105525940144
93.4727155309	0.0851666272497
92.2322112502	0.0862292943024
3.96326492784	0.224498086237
57.3335497726	0.124440491187
9.6886682261	0.210515123272
103.305231266	0.0753608418781
62.9560852053	0.117201865788
41.0246908281	0.152538020532
121.995793884	0.0608201315881
123.324967951	0.0597737124099
107.862718852	0.0723980558911
69.9730960026	0.109037333741
72.646134791	0.104814708889
47.9452301894	0.141116694152
80.715826445	0.0980613849941
141.570110085	0.0486280617946
92.8791150186	0.0857562472873
74.3987992008	0.104929780688
66.0314046681	0.112880773075
94.6919129262	0.0840253721708
26.4523653632	0.177499898096
14.0750630654	0.202115742521
122.608974505	0.0608993388537
112.555455358	0.0672199287868
49.9838018926	0.137862049433
85.0918931635	0.0914213464837
136.849789889	0.0515053695737
116.159241298	0.0649456921124
80.5761346056	0.0964094713399
56.0071474684	0.128652329259
28.8988049822	0.17410673692
52.4407596693	0.131906924809
126.71477323	0.0574068240309
106.522667244	0.0734529628848
54.8627560258	0.128340542856
102.448068648	0.0769849945442
64.8724520273	0.116979324646
134.126341304	0.0533650340102
23.3912496563	0.183846396791
55.5411830139	0.127992094552
56.9940450531	0.125296746657
139.712074258	0.0498056042329
88.681998564	0.0879421438663
114.795079224	0.0665163982285
94.1497344215	0.0828402198516
132.674273002	0.0540557856395
83.1618915471	0.0932758600149
47.7268590344	0.139542873835
89.5852457197	0.0868747451494
47.7532270871	0.14125708098
6.43551543742	0.22055636146
69.0745516844	0.109094183996
111.126728023	0.0683786278638
90.7656177611	0.0868232439932
36.8914343885	0.158049801702
113.036991018	0.0669984805949
57.3668307243	0.127200494337
135.155664298	0.0522597656346
91.65286043	0.0858508462967
67.9881305554	0.110450407598
90.5798154484	0.0877204016976
121.69726494	0.0612109217551
73.1345531941	0.106444930098
95.4962948784	0.0815964233701
43.8129415351	0.147785849242
76.5999572894	0.102395510277
130.192058786	0.0554690745745
50.1798904663	0.135376761296
94.4066497158	0.0842034741213
42.5454106983	0.147336241157
112.209279954	0.06890986502
67.1946581728	0.111447959606
73.0420323735	0.104183928536
77.1156748253	0.102092052639
66.9870173981	0.112139679522
31.9064847729	0.167787591706
126.990835312	0.0573121392824
60.8741150289	0.119765459495
64.9213600613	0.114252822637
85.5819281044	0.092159974193
74.7476281069	0.102331578692
109.746787503	0.0705597987914
54.6342867636	0.128975281572
52.8373973583	0.131760769541
135.430838937	0.0521694305246
65.7516521881	0.113557422091
65.4760667098	0.115835185207
71.8137116964	0.105871529011
63.0869729256	0.116852280138
68.4111209169	0.11001388121
63.9999751957	0.115756528415
73.0711678612	0.104292850574
80.0811948909	0.0966206935034
38.816243791	0.154056157361
57.2186020306	0.125438184417
61.3637374603	0.121462738736
59.521950969	0.121887107544
68.3627527376	0.110038444073
44.1738383115	0.145917375822
64.1406537853	0.115448806637
104.897445293	0.0730593672036
104.615998682	0.0750115758216
119.065848839	0.0636190944816
45.2163345094	0.144988467954
83.2334691453	0.0953708285915
125.072097772	0.0590834030597
53.1937564188	0.13226843446
69.7251434958	0.110500290504
92.97250295	0.085594245532
64.2263013525	0.117210067535
134.33632039	0.0527596297878
69.6406934796	0.110558812302
128.689652781	0.0562865019724
46.2081134295	0.143169159149
121.823182973	0.0613729105889
75.9789736395	0.101248142412
69.162293251	0.111611362962
124.657527221	0.059727540468
77.0306609984	0.101985140134
77.6908799795	0.10117900991
131.430823604	0.0548591619338
74.486710697	0.10486693353
74.2565828398	0.105179378855
128.275985086	0.0569329633323
59.0149148734	0.124213612004
117.454771276	0.0648107223687
60.2145344335	0.12267449655
102.614024597	0.0767863419944
54.2255198051	0.130836328258
65.3192357479	0.115822304854
102.827416426	0.0748862976205
29.6332682198	0.170692755038
148.102294388	0.045389086654
68.4663442428	0.109771145104
76.9829418002	0.0998803701359
127.531890389	0.0576452633296
72.5900362269	0.1046834981
111.354890008	0.0695409957598
47.1681975162	0.140376526962
68.1750502189	0.110005556566
124.101116567	0.0600289244321
83.4210754272	0.0951503676955
32.5176060283	0.165482425784
113.761731375	0.0666704919793
49.9036112223	0.136976297837
103.550393164	0.0751885858064
116.430453066	0.06562556008
87.6662278277	0.0906525891231
65.1667633586	0.114206366067
66.2698154127	0.112359149765
69.5674172081	0.1084331759
58.4272504962	0.123389018754
61.4098802845	0.11937339293
78.333125123	0.0984669782925
66.4848863676	0.11218073987
94.6012594885	0.0839713683599
88.2206978258	0.0888388200606
74.2194834141	0.102839038499
85.0704867374	0.0934254045271
69.7260356707	0.108040930015
66.7745082028	0.112128993427
70.9399681838	0.106846778903
68.2433850583	0.112272232554
62.4862468422	0.119429288297
51.3933942213	0.134700462496
54.6660030378	0.12998497829
52.1914672092	0.133715709674
62.3492686894	0.119549995064
55.0545163921	0.129414133256
61.6552265126	0.120864723075
69.1263592998	0.111494064869
55.1210805608	0.130061526922
47.9223296831	0.140010217231
83.0204879798	0.0939853528222
64.0049613561	0.115555164876
111.987693461	0.0679121639792
50.2610461307	0.135078827137
79.1096080142	0.0975621082055
99.6632449005	0.0777790216779
96.5798723605	0.0800272542093
59.2058060381	0.123010728017
56.2923089683	0.126386443022
67.6960619862	0.110698231684
137.61823048	0.0515869672915
159.195750598	0.040239945683
83.6065852345	0.0948953289382
64.7669635016	0.114699472542
139.733240137	0.0503798388752
129.120683311	0.0568809559997
77.0694729467	0.102284091304
148.994605565	0.0449294102777
95.8778519686	0.080732679635
129.107046686	0.0567700204007
134.553249528	0.0528893898565
106.73488003	0.0723269866333
85.7017492714	0.0912554375402
72.5664691607	0.105824078139
152.174919472	0.043734046833
89.0896298037	0.0878926938009
111.480594593	0.0682301365304
72.1954237598	0.106165777461
128.331969005	0.0571461314624
102.014695042	0.0764694258594
80.5557533809	0.0960495364606
90.5603640229	0.0860579294298
108.136587488	0.0705581471076
108.824980916	0.0705413514963
101.10785254	0.0762543642507
106.022233722	0.0731182606736
141.801280456	0.0490728108765
123.014704136	0.0597139883633
77.3012145243	0.0996602616958
84.9201394784	0.092356209626
76.2012737461	0.100949517611
157.841760945	0.0409985085792
72.1401392926	0.105230597956
67.1576562494	0.111482485023
76.7998515187	0.1007823906
94.6310707536	0.0822141200749
111.483085438	0.0682564957485
114.785508888	0.06650618376
150.582057672	0.0444602612309
103.692578369	0.0758867903072
86.6689261109	0.089532493882
76.2518331798	0.101124666174
146.938359286	0.046132079224
152.273885952	0.0436762387487
84.1501228056	0.0943731584481
69.900129437	0.107969187466
80.2562258919	0.0962437387003
135.823957724	0.0519058359391
94.3911740033	0.082256791323
115.625662902	0.0658725524978
91.3796317216	0.0850827690286
146.474462725	0.0466001123663
119.228385196	0.06315307414
102.670180442	0.0767760865327
128.988675609	0.0560484368398
85.46498004	0.0915913044056
136.229396252	0.0525351599246
113.634178819	0.0678877415692
111.01729983	0.0699186589554
81.6176567755	0.0971990230912
76.8386751709	0.102296079238
91.7512656305	0.086071512548
137.518458256	0.0515548996738
178.590529499	0.0325307797526
161.626444012	0.0391869240876
170.026837722	0.0357236125531
153.814527224	0.0427194580626
177.919016756	0.0327886137465
160.144408898	0.0399050265495
177.849485973	0.0329085102449
168.316720601	0.0365466748728
148.548823373	0.0454328523937
155.896492143	0.0418455430279
177.919637049	0.0329153667917
134.503910298	0.0532267309089
168.516578945	0.0365071702936
129.919726344	0.0557694392437
153.215294575	0.0431616129705
147.114665007	0.0461569474165
171.83818906	0.0351845696259
127.866886018	0.0569277186935
66.628046462	0.112035421285
120.606140858	0.0626986626357
114.73183324	0.065723808414
88.4526665394	0.0881642400849
129.190992132	0.0569104252054
75.8420271154	0.101207925041
121.755586396	0.0606421529409
124.592249221	0.0593096647578
119.397920165	0.0628643634948
149.83251788	0.0448276726583
129.175895736	0.0562477581889
125.909530072	0.0580076789694
153.180814302	0.0432179948533
173.050947372	0.0347571886988
153.675943269	0.0429349808207
169.243042988	0.0362099617711
134.601423858	0.0530730467697
158.281400597	0.0408654930857
170.586649407	0.0356924039113
170.385734171	0.0357278120971
188.993437163	0.0291241778528
148.540205325	0.045486666165
124.260741659	0.0600082116
142.995875205	0.0483416734075
142.716043948	0.0488411475807
169.157382589	0.0362465807356
145.65151016	0.0472537745087
142.08622522	0.0489181231591
130.830017694	0.0558984453305
159.038848515	0.0405236088438
134.860937872	0.0534020575543
179.642153092	0.0322993574936
131.116025703	0.0557081322916
155.958502539	0.0419161843349
121.82100477	0.0619257416112
181.629364819	0.0315796783652
131.120770586	0.0557227561511
193.479036957	0.0277140042122
113.169324495	0.0682536376325
136.342861916	0.0521044904716
125.986333962	0.0590730979635
180.01558261	0.0321729498122
98.7598934691	0.0803379944188
172.194417942	0.0349816986812
128.849230141	0.0570551129025
155.839037287	0.0420791085396
97.0181525331	0.0817931204849
140.61695636	0.0494669363214
103.529382517	0.0759776727784
148.887099404	0.0453055916797
115.794210488	0.0661536501796
158.159709271	0.0409660937131
127.334765173	0.0581976818375
161.233542355	0.0395823592417
146.437515298	0.0468285478185
158.181503173	0.0409210583161
160.579681792	0.0399450173619
159.995109027	0.0401119476648
161.000684669	0.039776879722
175.214803915	0.0338938068457
155.29899408	0.042365385736
153.106843992	0.0432269224757
126.457269523	0.0587294006083
188.98923977	0.0291138158436
128.700602555	0.0572840901576
147.114065718	0.0464504900861
125.185715474	0.0596254360709
170.168040161	0.0359356734779
140.031711467	0.0503691790065
180.050819657	0.0321873527766
143.854387683	0.0482285978719
171.423524176	0.0353997238633
121.516406303	0.0620035968329
165.851238001	0.0376001425576
140.198649275	0.0502918260122
128.664452574	0.0572061603251
120.362129456	0.0629584699205
137.902732401	0.0513375005776
134.697988149	0.0535329309785
189.506939989	0.0289471769169
113.854730922	0.0677804711758
149.734294492	0.045090398551
120.693400244	0.0625629344927
149.892242446	0.0449822299464
131.784161099	0.0551330637841
145.362738893	0.0473407060223
114.349204401	0.0672101314735
142.312281516	0.048978887602
141.872240946	0.049352615047
141.392311163	0.0493940750065
153.493632703	0.0432783769186
164.29267889	0.0383298737096
146.465218678	0.0468366130533
150.824547036	0.0445874556665
137.272017056	0.0519900289108
173.304165391	0.034676184371
140.648405398	0.0500273793431
147.639425987	0.0462075240864
123.303597137	0.0609014226657
154.586967857	0.0427429852015
125.202427758	0.0595096813897
182.387380774	0.0313197326957
132.692554723	0.0545643584595
180.572608531	0.0319757499249
124.986325574	0.0595765250773
180.900472088	0.0318723818491
159.291225561	0.0405538711796
137.59387477	0.0517198563654
151.166621513	0.0444300894591
133.390755806	0.0542967768348
133.974754652	0.0539383376296
143.027907748	0.0486280580142
135.341350556	0.0530597766838
178.591273822	0.0326934385784
133.567600037	0.0540502311487
151.69471678	0.0441111827104
130.586626581	0.0559227503819
183.825548731	0.0308484066564
146.882439138	0.0465733607574
163.707726878	0.0385947792758
154.981227015	0.0425636626855
141.086221812	0.0497949181573
153.130224931	0.043459755581
126.024695834	0.0590215380194
153.116196199	0.0434715066309
151.892153536	0.0440606466603
145.116762171	0.0475660123365
163.061427044	0.0388318776342
155.101303499	0.0424912848445
151.689766191	0.0441392999329
123.953764509	0.0604688553108
159.521710728	0.0404364865586
141.262347793	0.0496771325227
162.129745258	0.0392918469609
130.412347415	0.0561955919092
144.724289008	0.0477547539791
138.959495383	0.0510090612108
176.358481961	0.0335012554789
143.128899797	0.0486352831098
158.4347966	0.0408990007773
141.614237669	0.0494278362334
163.070156941	0.0387970629869
147.260372887	0.04644163448
134.07957758	0.0538453992827
143.278030502	0.0485702364359
154.801201104	0.042661680937
138.294736631	0.0513839068728
169.720255848	0.0360728712927
148.894918318	0.0455697937202
154.869318537	0.0426197670939
143.226726723	0.0485415766116
155.714968544	0.0421760190764
137.284201649	0.051924969273
144.369239047	0.0479350623518
136.725800728	0.0522343121147
146.575501987	0.0467643442303
146.524617589	0.046822292297
127.844715305	0.0578638830904
141.299154885	0.0496740550677
164.275277308	0.0383116309855
130.693993088	0.0560016615756
160.414137094	0.0398895955958
145.399141854	0.0474079368468
186.157121208	0.0299634225231
183.863593233	0.030831938787
146.945870131	0.0463990706639
161.99481971	0.0392959492398
178.103694983	0.0327830911547
159.746532915	0.0402189258095
146.901863383	0.0464024730187
182.974737496	0.0311319098373
176.827985495	0.033345605815
127.884134214	0.0576773353343
142.53306213	0.0489298873028
178.384219504	0.0327977606064
146.133743043	0.0469263234546
171.984574887	0.035233505539
158.104789026	0.0408513522159
163.95902977	0.0384299593996
149.888472638	0.04503923136
144.097258108	0.048029927161
145.796260769	0.0471834216362
139.524190199	0.0506976708089
169.488441896	0.0362034054907
122.878269868	0.0611127867929
189.820060041	0.0288411701451
144.163212324	0.0480280463732
173.935507168	0.0344412291374
143.784986441	0.0482369690572
175.645486512	0.0338115944902
148.494157056	0.0457389776925
144.600197379	0.0478170642317
145.081986575	0.0475837614392
143.851356879	0.048274926435
133.292484964	0.054404140721
160.54499234	0.039958723855
147.656664721	0.0461753436429
160.273945108	0.0400845093134
141.312631863	0.0495928051424
184.371275187	0.0305873985789
132.30068378	0.0550166394171
152.961261332	0.0433287117796
124.785355657	0.059764021343
157.444997212	0.0412265669087
123.325493318	0.0607938521239
147.032027765	0.0464953570295
135.742574748	0.0529128805894
188.228867275	0.0293699616106
130.752214757	0.0559748114265
190.197734388	0.0286398177332
136.99270697	0.0520954785382
165.307651537	0.0376747691327
130.805170444	0.0559395295749
183.829017916	0.0307087737173
142.254673515	0.0490535803197
151.607118108	0.044029473531
139.791828918	0.0504087882765
131.826313329	0.0552198845248
167.07261488	0.0371839576222
177.090756722	0.0330778564277
136.861894782	0.0521030349962
139.413581505	0.0507284005692
124.792004857	0.0598847672514
175.620974484	0.0337824226315
136.111280989	0.052597214797
156.789952652	0.0416551373996
135.194804258	0.0530717376791
184.22747521	0.0306488389174
132.016567052	0.0550235990819
154.987644927	0.0423800502468
137.437884358	0.0517628497979
176.951035403	0.0333191337763
155.108257654	0.0424531366863
150.61719604	0.0443513000287
124.96389413	0.058889054309
153.915553953	0.0430265537205
139.72871145	0.0504600909521
113.705685345	0.0678342314386
143.764522411	0.0482672795319
159.427976277	0.0404220545552
119.331530621	0.0629769263476
157.916943401	0.0410335221457
150.189728843	0.0447534853361
183.203277691	0.0310722139129
187.262761694	0.0297101707465
162.43395499	0.0391623182053
157.238033189	0.0415093932161
177.106456519	0.0332449460191
151.782194414	0.0440733803568
163.889657207	0.0382145260701
182.147747257	0.0314172161272
136.406021646	0.0522827958388
134.284816974	0.0537732667349
177.084529568	0.0330610045573
158.438622553	0.0409158511194
169.167844539	0.0362914198198
178.724302934	0.0326461165304
166.336770728	0.0373051133405
171.501633245	0.0353789305039
156.565523302	0.0418004394142
152.76603571	0.0435962305284
145.540929564	0.0469693739812
183.223692337	0.0310403958615
177.009565594	0.033220592323
152.139631606	0.0438424179613
149.470394053	0.0451055810262
173.858563709	0.0344797417601
173.482006857	0.0346193130699
172.116103825	0.0350060453552
175.821900003	0.0335889617279
139.162070501	0.0508202863455
159.275593675	0.0404689286011
155.79428135	0.0421230856149
130.628460572	0.0558739910341
162.955839581	0.0389465478763
154.515735731	0.0427429688492
181.283966505	0.0317510105027
178.917686527	0.0325217321696
165.713409666	0.0377359417803
154.211756307	0.0428827680536
175.546333221	0.0338591364041
164.602518906	0.0382151607448
170.561803987	0.0356618228222
172.138539015	0.0349788328781
162.394460376	0.0389014173335
188.821990336	0.0291572359483
157.709512325	0.0410973778571
172.0056813	0.0350792411783
155.470767118	0.0420895160427
170.134602286	0.0357520247983
162.045859575	0.0392293269811
163.942923642	0.038195494157
180.230717795	0.0319432005874
176.240311754	0.0333332028542
187.841996181	0.0293752105724
185.230534405	0.0301926087506
175.681758546	0.0336018263182
182.203501164	0.0312459093908
171.588051846	0.0351941049284
169.586192459	0.0360169887925
180.65358339	0.0318539216243
176.63664585	0.0332853449314
166.769707414	0.0372731775097
188.181807222	0.0292541102733
169.515809352	0.0360987638224
170.859333815	0.0354228361459
185.637847257	0.0301771829156
172.789115261	0.0348097115169
180.393231922	0.0319398120255
166.998563861	0.0369634241706
186.258854688	0.0299858114941
184.209696112	0.0305412965246
182.629355891	0.0311767726561
179.539678314	0.0321417979399
172.619457867	0.0348483239564
181.222591329	0.0315743840048
172.792620175	0.0347829348987
164.408418963	0.0380234145295
182.101057471	0.031413169798
174.12828174	0.0341732509369
189.404326406	0.0289599290444
187.624431328	0.0294267233355
179.821772038	0.0322552495059
183.739323835	0.0307063952981
185.547902833	0.0302568734291
167.966686515	0.0365286580846
180.167324561	0.0320989099696
163.695107334	0.0384361232088
184.911074162	0.0304709599724
182.597794704	0.0311078178128
187.892149266	0.0294620847791
169.710964929	0.0358124786094
179.452321437	0.032387944568
171.238620145	0.0352169517136
175.746998862	0.0337546694071
175.976199106	0.0334918863729
191.753646289	0.0281959982533
181.076114761	0.0316102235415
188.348061272	0.0293142289614
170.671680414	0.0354643360559
175.654530778	0.0337611513287
167.106586827	0.0369089094955
174.715801654	0.034132325866
183.702533846	0.0307468383733
187.214484259	0.029683378024
172.879292463	0.034603454114
187.243801804	0.0296747106686
167.632640752	0.0366773973392
168.019262881	0.0367410002811
169.818507135	0.0358277113392
169.883886215	0.0359863169386
188.816265638	0.0290558724973
189.167583495	0.0290289592736
174.966216867	0.0338375701544
179.469931071	0.0323325964926
171.126605283	0.0353035740861
181.226558457	0.0316978613426
185.577393625	0.0301205402308
185.713973769	0.0301689872346
177.513754407	0.0329294172915
174.109230704	0.0343510191751
174.992017442	0.0338468826211
176.3384788	0.0335106549819
183.064728226	0.0309735459181
176.102462463	0.0335968539099
172.147045267	0.0350330333668
185.62763912	0.0302056872867
171.045721554	0.035488359134
188.185328815	0.0293462928824
182.520128143	0.0312401614161
182.472929813	0.0312863804423
170.764866425	0.0356555236545
181.914714057	0.0313912821833
167.293816458	0.0370410420941
183.158003233	0.0308760558413
173.143178403	0.0346532974143
184.315541096	0.0304637689274
177.362028451	0.0331169934991
178.233600433	0.0326033106446
184.535512538	0.0305791826366
184.694849294	0.0303434117913
195.546563478	0.0270143481284
178.22115158	0.0326808256948
194.183771859	0.0274326476445
170.41835973	0.0356551774968
184.650436124	0.0304825587568
175.588122717	0.0335798154485
187.403162432	0.0296090825346
174.740954635	0.0340150921896
186.799339571	0.0297885074132
172.18244665	0.0348720566757
184.43712929	0.0305476066671
174.312634236	0.0340596933158
183.549690843	0.03090195338
181.2747417	0.0315768505182
194.889164048	0.0271902141958
179.805575174	0.0321871862088
188.334861208	0.0292600682346
176.8776358	0.0331680249102
185.082489339	0.0303631338998
181.207339877	0.0317190731198
197.205175683	0.0265053963615
186.157848942	0.0299537819776
195.645945229	0.0269518641722
182.327055298	0.0312664195201
195.300139841	0.0270652651987
188.999643781	0.0290404545535
193.721885131	0.0275585317938
194.740771542	0.0272455305562
192.693745311	0.0279076027225
189.951472574	0.0287700477557
183.618930464	0.0309126281515
186.257004558	0.0299234487435
180.656485195	0.0318988263177
188.013964966	0.0293555264984
186.302722711	0.0300004849704
191.339196718	0.0282816273552
185.012463645	0.0304344454706
186.862780616	0.0297132438817
184.082826418	0.0307530355625
187.414408169	0.0295770088293
189.858393128	0.0288466541746
193.958550418	0.027475934328
184.183053757	0.0307058963957
190.471833831	0.0285340905147
178.765186247	0.0325929882641
182.76344559	0.0311057693859
192.115453408	0.0280995127055
190.450532191	0.0285473725387
189.674885436	0.0288867027034
179.610688454	0.0321467776613
179.779889107	0.0322622103997
192.117273756	0.0280734127922
183.985069479	0.0307838015098
195.382301924	0.0270820000003
189.230456706	0.0290468819274
188.091945339	0.0293444606343
184.02083231	0.0307635120046
183.083711356	0.0309916069655
181.059614605	0.0317718455062
193.154406083	0.0277092129329
193.192847839	0.027749714367
185.083839608	0.0302889682513
187.638511855	0.0295407342851
189.291385712	0.0289107086701
185.567120665	0.0301957557973
189.893256112	0.0287181409751
196.123350582	0.0268525780916
182.510211396	0.0312101671771
189.430462215	0.0289163821922
188.102900799	0.0293035028817
192.257492691	0.0280102400762
190.687478161	0.0284910276773
187.132256223	0.0296385499637
182.512383208	0.0311534480543
192.968981191	0.0277680525179
182.935828501	0.0310105715579
185.033764397	0.0303177234636
192.636851921	0.0278739502567
191.538271857	0.0282410571171
188.991803568	0.0290702647776
194.045844629	0.027475833009
189.53856196	0.0288964459691
191.636241479	0.0281728103737
193.92763363	0.0275366571523
175.435425308	0.0336745750641
188.471085271	0.0292312170429
181.772259174	0.0314391051252
194.30094579	0.027422213967
184.758369613	0.0303778069201
194.57750196	0.0273075055179
179.224516856	0.0322808873819
192.621829349	0.0279120432721
182.648393297	0.0310898544846
189.865307622	0.0288077098128
167.427250646	0.03681860146
190.484451544	0.0285988339305
172.648547911	0.034754873489
187.193283652	0.0296751299412
180.792406767	0.0317864959268
187.3742669	0.029596335861
179.075988725	0.0323858879653
184.424133624	0.030602962563
179.439677636	0.0322848065566
176.403173657	0.0335189087102
176.586789886	0.033303738331
170.571593202	0.0354149390639
182.03837277	0.0313250876193
190.136218273	0.0287017850849
187.390803822	0.029584326327
186.489496888	0.0299011120407
185.345539748	0.0302664549776
189.53291889	0.028883000386
179.802088718	0.0321966058257
176.096325437	0.0336210717394
186.853964129	0.02966842908
180.373356116	0.0319900749539
186.352769231	0.0299624016258
177.393753193	0.0331522832778
190.312081906	0.0286136483555
186.28300938	0.0300040299423
186.228053558	0.0299986969633
186.165619305	0.0300324793466
168.656811383	0.036267619026
181.876385731	0.0313166237331
176.276905868	0.0335033262445
179.120120296	0.0323845944739
165.610143504	0.0377840976526
194.305229625	0.0274042007244
180.092392002	0.0320844384104
188.189208293	0.02922425713
179.291315604	0.0324059733282
187.957497579	0.0293657877933
190.581858059	0.0285862700178
179.07093998	0.0324115394449
177.068313048	0.0331045289465
181.537250086	0.0316210591415
174.371694307	0.0341081050422
184.480734073	0.0305943622698
189.624964745	0.028929536879
187.442038666	0.0295066653113
180.841424346	0.0317096970972
178.795844641	0.0324827447998
181.554544456	0.0314530857205
187.91609062	0.0293815994874
172.8284612	0.0346574558167
185.884033043	0.0301115727916
178.284372535	0.0326922570478
187.475026864	0.0294782341761
183.194080284	0.030974530628
182.426071092	0.0312387314818
179.017837389	0.0324594340022
191.527974098	0.0282109504936
191.181847665	0.0283350712834
189.741292912	0.028816042149
186.710959768	0.0298250574165
188.907102598	0.0290682318614
191.811168539	0.0281848165799
194.646537968	0.0272904098362
192.738876917	0.0279121867319
186.376301833	0.0299706514151
183.210617821	0.0310636764925
187.461734628	0.0296008525327
194.257247891	0.0274399637497
189.759692118	0.0288552465192
185.185238228	0.0303758564323
190.334389512	0.0286742381
191.207156024	0.0284187910526
187.73983365	0.0295153587815
180.950186369	0.0318525871794
186.196715101	0.030033934927
185.276961886	0.0303637925996
186.215765435	0.0300316068031
188.683095102	0.0292079558926
187.393120737	0.0296068770482
190.210860528	0.0287067518006
189.219378562	0.0289732864705
187.094807082	0.0297147610071
183.272663869	0.0309905242191
188.260741876	0.0293577845481
189.114743627	0.0290430664926
188.930933377	0.0291199079605
186.776433765	0.0297931938921
194.897543531	0.027213133593
187.48561283	0.0295599824241
191.125773127	0.0283717443367
193.776076523	0.0275828910478
187.251174969	0.0295560481969
190.75041915	0.0285162621379
195.297317126	0.0270500717483
192.662205684	0.0279231068696
184.118779403	0.0306587907734
188.400753293	0.0292644409605
190.460327211	0.028512464349
185.686015847	0.0301545285312
184.042571142	0.0306101883156
190.581266587	0.028535932471
181.778351605	0.0313579611883
188.588470663	0.0292056491614
186.189140072	0.0299209721622
190.816241761	0.0284693703752
184.760149702	0.0303215455685
187.164516398	0.029659293815
180.125474779	0.0320323770946
185.447464932	0.0302908762998
191.577595187	0.0282456163916
185.485669385	0.0302291947463
185.799132584	0.030155979748
182.847453117	0.0311583534259
182.369369833	0.0311125712304
186.433250548	0.0299437657758
192.703787572	0.0278772302243
192.174906192	0.0280075003131
190.188632644	0.0286472412589
187.4194593	0.0295291040107
178.73847967	0.0324792767716
191.820061281	0.0280664503657
178.367965189	0.0327585878524
196.315684821	0.0267985528323
184.19662989	0.0306198854663
178.484565318	0.0325564126043
179.719929836	0.0321158055484
196.661044745	0.0266226055964
179.964712343	0.0320469987065
178.790289164	0.0324064824902
186.733694721	0.0297812289765
185.017176496	0.0304222368664
186.204435233	0.0300480859435
186.309122925	0.0300122950591
179.417165667	0.0324146194648
190.805738695	0.02842514059
187.64751811	0.0295149911076
185.099774422	0.0303808042295
185.215167696	0.0302265209739
188.138651735	0.0293108631878
187.471449612	0.0295949668719
196.611640588	0.0266904571522
197.104678939	0.0265601329025
195.709896655	0.0269567926712
197.009465763	0.0265717232884
195.732744937	0.0269328070158
195.501699743	0.0270448292006
194.659054799	0.0272340137475
193.593546318	0.0276354924151
190.846479168	0.0283957371008
190.96854753	0.0284700712532
191.009119401	0.0284106299103
192.966725679	0.0277623417657
192.360590542	0.0279952490878
192.436163729	0.0279088304415
190.351787082	0.0286546963009
192.978005468	0.0277908431426
187.393226031	0.0296173816985
190.560063742	0.0284598896863
190.353652941	0.02865343083
189.103373217	0.0289801207765
193.026065099	0.0277866179776
195.216430816	0.0270743710033
194.638590653	0.0272759659396
192.722606153	0.0278823949053
194.869869836	0.0271520110447
191.141820732	0.0283993352507
195.207147738	0.0271382565155
194.52580859	0.0273468772991
199.175715275	0.0259382034913
197.1988263	0.0265542114531
198.142342171	0.0262451234522
195.057011952	0.0271760160353
197.851009957	0.026338949301
195.490865121	0.0270749783822
195.313551454	0.0271316751864
193.486491791	0.0276862414645
195.445849598	0.0270955826905
192.383580197	0.0280400956868
187.506496719	0.0296073380314
194.002539547	0.0275097782645
192.030230655	0.0281276865831
193.313495937	0.0277156128681
194.540424561	0.0273445777979
194.791855694	0.0272836047342
198.088668263	0.026306442745
192.459801068	0.027996617404
197.88174406	0.0263436063527
196.792055723	0.026652878439
192.550097339	0.0279429456326
199.398293929	0.0259194924268
197.874172064	0.0263667567357
196.709845012	0.0266849391966
193.830371503	0.0275757328788
196.080103345	0.0268541762177
195.298219272	0.0271321239708
196.666304123	0.0266722270966
195.548088199	0.0270577061408
191.093610012	0.0283992167887
187.99903638	0.0294053131163
199.773156984	0.0257800817495
200.443026871	0.0255898771091
198.762047151	0.0260952555941
199.232898212	0.0259588938499
195.976439891	0.0268955171553
198.311058335	0.0261848113358
197.493044267	0.0264303845752
198.317294277	0.026190443979
200.503049097	0.0255725025146
200.59425564	0.0255395235845
201.035238456	0.0254183846457
198.004280683	0.0262965815275
199.152395209	0.0259620907916
202.246298309	0.0250816489016
201.252201711	0.0253571315457
200.60760289	0.0255674782782
201.407361187	0.0253275628854
201.990377179	0.0251533217111
199.304941205	0.0259236211839
197.544584376	0.0264437410531
198.479706529	0.026194124002
197.868984418	0.0263713065657
200.8583918	0.0254902432674
199.444858442	0.0259098211138
200.193901473	0.025691520529
202.405154855	0.0250382427934
200.243503816	0.0256465991635
200.057576124	0.0257024438989
201.697751749	0.0252400796606
201.347741592	0.0253583818143
201.667405388	0.025266162566
200.922119408	0.0254756972869
202.791169418	0.0249325447348
201.463243686	0.025299025371
199.835233867	0.0257692418406
201.598153399	0.0252864194724
200.068840607	0.0257228444083
201.282619008	0.0253452157669
201.424535032	0.0253366053105
202.239512474	0.0250909529708
201.500403885	0.0252837625828
200.085199668	0.0256937097795
200.832847667	0.0254760503523
202.642482804	0.0249682392963
201.262544352	0.025376412297
202.892260055	0.0249151915544
202.831515532	0.024932996399
203.223570987	0.0248070076038
201.094753256	0.0254039374763
200.435255851	0.0255928409408
202.995480587	0.0248736225751
202.308489819	0.0250893533342
203.414897046	0.0247629694277
202.973510164	0.0249052975089
203.755003294	0.0246648625715
202.785880334	0.0249222697007
201.628329626	0.0252508470216
202.689097453	0.0249469011619
202.705297811	0.0249781883557
202.654051472	0.0249566424681
201.967894637	0.0251885366694
203.430402493	0.0247445595214
202.520829354	0.0249940660741
201.939005545	0.0251583623908
203.16726598	0.0248200967454
203.564450188	0.0247360205845
203.168408535	0.024817550894
204.043242219	0.0246014396301
203.65856926	0.0246811353977
202.303061061	0.025059116932
201.892699576	0.0251750469346
204.293868802	0.0245188826317
203.366585385	0.0247960077919
202.438070443	0.0250208946509
202.978598041	0.0249041258335
202.87821749	0.0248967839809
203.536048907	0.0247147334559
202.748875906	0.0249311587559
204.263136101	0.0245299107437
204.14823727	0.0245784689464
203.918892205	0.0246121390301
204.462573799	0.0244912294743
204.511282606	0.0244564078451
204.221189191	0.0245247342133
203.450632839	0.0247404870715
203.893165043	0.0246492674595
199.698380908	0.0258310654021
193.907838843	0.0275638145193
203.950053864	0.0246187240462
195.481006654	0.0270571140457
199.043384245	0.0259895483695
194.960174386	0.0272084312431
190.773701717	0.0285018105773
199.781879637	0.0257799756708
204.153605346	0.0245695263567
189.574727399	0.028947667812
205.137068923	0.0242965608319
201.449032763	0.0253165988634
199.769636062	0.0258126567234
200.618858459	0.0255586648387
200.154442889	0.0256867324074
203.244490059	0.0248350047906
198.515678327	0.0261935931537
200.689824623	0.0255536790764
199.721461207	0.0258158612556
200.907947812	0.02547384396
201.079633253	0.0254321092813
200.604464643	0.0255855023699
199.981465925	0.0257412288165
201.250806589	0.0254045280644
200.069709684	0.0257168289864
200.067172587	0.0257152892045
198.675434396	0.026118357521
200.643284633	0.0255482067607
201.813632006	0.0252431691317
202.47475324	0.0250566670012
200.885744303	0.0254809831553
201.464358227	0.0253100544299
201.836354014	0.0252146094352
203.230300676	0.0248416056839
202.457708252	0.0250406858287
203.548760372	0.0247517635923
202.177345564	0.0251223145477
202.825473406	0.02492445374
201.104497721	0.0254133795257
203.470624876	0.0247710859839
202.531511348	0.0250362887445
201.742197153	0.0252300623946
202.917023735	0.0249289071136
203.961435638	0.0246324676235
203.208959364	0.024830227488
203.314300672	0.024820014913
203.398103724	0.0247717467509
203.698663137	0.0247104848695
203.112677435	0.0248443692636
202.722021079	0.0249580325569
203.136555269	0.0248359322128
204.237989863	0.0245559260511
204.293855148	0.0245417290913
203.917236251	0.0246415005525
204.195152933	0.0245690721195
202.644610597	0.0249994665231
203.357788952	0.0247992482087
204.180925748	0.0245726805864
204.236811736	0.0245586955379
204.412952011	0.0245093093315
203.430434929	0.0247795246237
203.271272059	0.0248220124941
203.739455644	0.0246932984318
203.690373029	0.0247047597738
204.757734389	0.0244134935703
204.015966959	0.0246140868847
203.488144632	0.0247599710495
205.281772647	0.0242673727585
204.701861177	0.0244275264488
205.049329025	0.0243174101193
204.530489032	0.0244734331316
204.387739787	0.0245080113266
204.604443148	0.0244549591332
205.194849205	0.0242859678921
204.357923112	0.0245237096039
204.363911193	0.024504239253
203.911465653	0.0246444610483
204.702844342	0.0244234134011
203.578541122	0.0247323518621
205.128623794	0.0243079044484
204.277527692	0.02454655528
204.389701273	0.0244969522196
204.641936432	0.0244448248423
204.266960479	0.0245420067735
204.349600687	0.0245169316025
205.261189256	0.0242635330833
204.403402715	0.0244971032146
204.715421756	0.0243995246338
205.043043287	0.0243300082419
204.564821042	0.0244607682944
203.677867099	0.0247070870039
203.82015363	0.0246656568481
205.03765878	0.024333513254
205.349103507	0.0242467595939
205.158452692	0.0243018666163
205.106523717	0.0243149963671
204.346190217	0.0245231215744
205.445110102	0.0242113990745
204.934525372	0.0243443105216
205.468731186	0.024194043719
206.187957745	0.0240237847731
206.070137646	0.0240547706752
205.606287242	0.024167650854
206.352298811	0.0239723074027
206.026835374	0.0240667011115
205.829996843	0.0241196842701
206.403332248	0.0239649261571
206.107475028	0.0240460022642
205.91790212	0.0240850372143
206.234248338	0.024011077873
205.415261194	0.0242327945589
205.739107754	0.0241451782466
205.770543407	0.0241378845955
206.158942561	0.0240325928541
206.297508216	0.023995451916
206.065229593	0.024042361121
206.288815781	0.023984202951
205.247727784	0.0242531398734
206.229642384	0.0240116243503
205.360928141	0.0242312284044
205.046179099	0.0243063713588
206.081523131	0.0240436605651
204.524969384	0.0244824092477
206.385385033	0.0239684521859
205.456095755	0.0242187200267
206.122374819	0.0240318724462
205.421177097	0.0242123976349
205.333923264	0.0242250788612
204.04754727	0.0245805908274
204.616349637	0.0244211174935
206.793478475	0.0238524704657
206.958723225	0.0238178498849
204.367938759	0.0245190346741
205.62754021	0.0241497303571
205.347258482	0.0242474812443
206.367017371	0.0239720224349
206.62846169	0.0239051713496
204.943835306	0.0243647350911
205.967541672	0.0240769219243
206.88718718	0.0238117192969
206.570492058	0.0238854540238
207.403108449	0.0236940775757
206.18165248	0.0239856983043
206.93613549	0.0237871949918
206.332441447	0.0239684698611
207.75281117	0.0236011107681
206.577280928	0.0239125877381
207.673756119	0.0235959131862
207.037037214	0.0237846511021
207.732398996	0.0235933229331
206.642305244	0.0238625364413
205.658785274	0.0241391705789
206.874474957	0.0237954878764
206.911061621	0.0238134499722
207.584932239	0.0236198198708
207.772117292	0.0235949053569
208.156916783	0.0234698958836
207.946524281	0.0235161238381
207.682616814	0.0235770614039
208.705887092	0.0233367894126
208.226552421	0.0234361776563
209.03693228	0.0232360718954
208.483289132	0.0233705102327
209.40037886	0.0231449206099
208.56052635	0.0233448217019
208.610923462	0.023335737857
208.591267941	0.0233351437813
209.71583809	0.0230497451831
209.344580212	0.0231693573008
209.134499805	0.0232310278938
209.967170672	0.0229906894515
210.169481064	0.0229324505985
209.921157196	0.0229901465833
209.62002638	0.0230663687257
210.176702055	0.0229476130577
210.553053827	0.0228352405497
210.403350666	0.0228700639204
210.296184409	0.022923691583
210.542183543	0.0228364026496
210.474388777	0.0228475174757
210.106312156	0.0229406908634
210.734015793	0.0227848660166
210.557011464	0.0228292496086
210.981156591	0.0227292611413
210.818769785	0.0227660517196
211.11956696	0.0227023074583
210.940065954	0.0227348065204
210.841804079	0.0227530430715
211.040944137	0.0227200020484
211.071470416	0.0226969475744
211.278913158	0.0226629028239
211.611126284	0.0225809097224
211.697452441	0.0225528785105
211.754967504	0.02254484079
211.985387681	0.0224773869532
211.789354177	0.0225179003531
212.24156578	0.0224094046308
212.188025779	0.0224266341141
212.417595497	0.0223734796354
212.326232989	0.0223950123012
212.992433747	0.0222172242831
212.543080732	0.0223400237697
213.142971181	0.0221859694496
212.575439137	0.0223158815544
212.933822157	0.0222164697634
212.838909774	0.0222650685561
213.380883447	0.022111318245
213.043357748	0.0222104776519
213.409294724	0.0221269871032
212.865622525	0.0222467309466
213.538106445	0.0220916228729
212.935558111	0.0222441886095
213.910398816	0.0219957703603
213.245444403	0.0221610259076
214.104040516	0.0219394372182
213.333148296	0.0221369257179
214.250409692	0.0219122500572
213.408451943	0.0221162519917
214.278107899	0.0218891944052
213.17161337	0.022158615947
214.524097414	0.0218422118244
213.274681155	0.0221374807874
214.38375614	0.0218651310278
213.455298213	0.0221006687689
214.554495052	0.021833419961
213.299263164	0.0221341455804
214.383827823	0.0218621349522
213.372496969	0.0221149192005
214.434079177	0.0218494501303
213.528827127	0.0220774218701
214.390451155	0.0218620724064
213.321566103	0.0221209839364
214.479591213	0.0218475629309
213.713931753	0.022037332205
214.408927351	0.0218754825397
213.671999988	0.0220611285483
214.145372047	0.0219486119905
213.609462781	0.0220634700406
214.532722432	0.0218359920776
213.714516708	0.0220389253839
214.540194001	0.0218292537964
213.698867309	0.0220429998596
214.452854221	0.0218714958194
213.525003052	0.0220964160526
214.624898109	0.021826790888
213.728143673	0.0220435188417
214.589254116	0.0218371072404
213.661026384	0.0220615278345
214.414284834	0.0218790243072
213.690509439	0.0220548377147
214.245495747	0.0219250193002
213.768225116	0.022038227337
214.118365856	0.0219544556498
213.905787932	0.022002893922
214.462049558	0.0218575064331
214.067797626	0.0219591653724
214.340876898	0.0219017645357
214.145488517	0.0219295309156
214.602647127	0.0218317926364
214.454473607	0.0218524877432
214.554311899	0.0218371180153
214.527290409	0.0218496942593
214.535707823	0.02183552975
214.912968355	0.0217451376669
214.541970724	0.0218285995873
214.804605116	0.0217582980367
214.863178814	0.0217472937764
215.082098599	0.0216886177239
215.012163741	0.021703985003
215.507183122	0.0215871281507
215.42153893	0.0216223453362
215.891036591	0.0215111353616
215.913394694	0.0214995516292
216.285036538	0.0214039134817
216.852019335	0.0212751567095
217.375183425	0.021149066846
218.036304796	0.0209909670336
218.603575675	0.0208616416999
219.349742537	0.0206805648849
219.926579936	0.020542837368
221.001214807	0.0203046902427
221.64067865	0.0201530104349
222.57373262	0.0199377161252
223.061660017	0.0198434220552
223.702202938	0.0196992217773
223.812913865	0.0196785223606
224.492681608	0.0195264246174
224.55620196	0.0195145504271
226.266711103	0.0191406429227
230.755455925	0.0182075889535
234.620435915	0.0174455142618
237.843706016	0.0168229194822
240.714998329	0.0162909755416
243.856677031	0.0157184623719
246.243671132	0.0153074137545
248.29601994	0.014958753511
249.890146888	0.0146920078438
251.546171057	0.0144170410619
252.608836076	0.0142464156737
254.043345391	0.0140103578524
254.976114401	0.0138680515147
255.665582425	0.0137624404644
256.665206707	0.0136025331199
257.343856554	0.0135012951018
257.879585261	0.013421027321
258.305824328	0.0133596700708
258.680958291	0.0133042955878
259.150638278	0.0132317862491
259.14473586	0.0132380179118
259.635560576	0.0131619828738
259.655562338	0.0131627819903
259.936358483	0.0131182390601
260.146547843	0.013090203402
260.135817736	0.0130886729665
260.522550563	0.0130335781152
260.592464939	0.013022692933
260.672095048	0.0130135245386
260.671734288	0.0130107793295
260.475251256	0.0130372198766
260.031210696	0.0131065944097
260.046683483	0.0130978022813
259.73447679	0.0131484522876
259.475124309	0.0131865005772
259.484267699	0.0131841029061
259.43271949	0.0131900707117
259.350117631	0.0132011464923
259.232787559	0.0132182212437
259.127978747	0.013230449434
259.142225089	0.0132298589259
259.030617135	0.013244155644
258.82353815	0.0132814950657
258.796245862	0.0132848294992
258.974702929	0.0132554200531
258.824577596	0.0132773922624
258.586899125	0.0133086136518
258.200212772	0.0133595127689
257.79750973	0.0134140572003
257.386577626	0.0134712604065
256.740699164	0.0135674033337
256.172048067	0.0136520696352
256.348648109	0.0136299576573
258.176341814	0.0133700781984