100	-0.04532	0.0	0.99997970574	2.02942601271e-05	0.0
104	-0.03418	0.0	0.685806344316	0.314193655684	4.21546377483e-53
105	-0.03821	0.0	0.0	1.0	0.0
107	-0.03942	0.0	0.0	1.0	0.0
11	-0.09724	1.0	0.0	0.0	0.0
113	-0.04585	1.0	0.0	0.0	0.0
114	-0.007925	0.0	0.0	1.0	0.0
115	0.002792	1.0	0.0	0.0	0.0
116	0.04552	0.0	0.999982020388	1.79796117437e-05	0.0
117	0.04052	0.0	1.0	0.0	4.59052933214e-56
118	0.06872	0.0	1.0	0.0	0.0
119	0.09964	0.0	0.0	0.0	1.0
121	0.1113	0.0	0.0	0.0	1.0
125	0.1955	0.0	0.0	0.0	1.0
126	0.488	0.0	1.0	0.0	0.0
127	0.6288	0.0	0.0	0.0	1.0
128	2.264	0.0	0.993441079025	0.0	0.00655892097497
165	-0.08179	0.0	1.0	0.0	0.0
166	-0.1039	0.0	0.999263975826	0.0	0.00073602417391
167	-0.1674	0.0	1.0	0.0	0.0
168	-0.1408	0.0	0.0	0.0	1.0
17	-0.1293	1.0	0.0	0.0	0.0
170	-0.1002	0.0	0.0	1.0	0.0
172	-0.08425	0.0	1.0	0.0	0.0
175	-0.09544	0.0	1.0	0.0	0.0
176	-0.06532	0.0	0.0	1.0	0.0
178	-0.06433	0.0	0.0	1.0	0.0
189	-0.02576	0.0	0.0	1.0	0.0
190	-0.02333	0.406808362744	0.0	0.593191637256	0.0
191	-0.02533	0.0	0.0	1.0	0.0
192	-0.02203	0.0	0.0	1.0	0.0
193	-0.02671	1.0	0.0	0.0	0.0
194	-0.01	0.999592775347	0.0	0.000407224653036	0.0
195	-0.008877	1.0	0.0	0.0	0.0
196	0.01538	1.0	0.0	0.0	0.0
197	0.01925	0.00628476178078	0.0	0.993715238219	0.0
198	0.05186	1.0	0.0	3.90955956193e-26	0.0
199	0.0698	1.0	0.0	0.0	0.0
200	0.1028	0.0	0.0	1.0	0.0
201	0.07204	1.0	0.0	0.0	0.0
202	0.02713	0.501591598358	0.0	0.498408401642	0.0
206	-0.004415	0.914258115528	0.0	0.085741884472	0.0
207	0.001901	1.0	0.0	0.0	0.0
208	-0.01597	1.45118972905e-17	0.0	1.0	0.0
211	-0.01756	0.0	0.0	1.0	0.0
23	-0.0897	0.620200810294	0.0	0.379799189706	0.0
24	-0.07885	0.0	0.0	1.0	0.0
25	-0.08625	1.0	0.0	0.0	0.0
26	-0.08941	0.0	0.0	1.0	0.0
39	-0.07395	0.0	1.0	0.0	0.0
40	-0.05756	0.0	0.00374095137533	0.0	0.996259048625
41	-0.04243	0.0	1.0	0.0	0.0
42	-0.01564	0.0	0.9937913384	0.0	0.00620866159995
43	-0.02679	0.0	1.0	0.0	0.0
45	-0.03676	0.0	0.460177504729	0.0	0.539822495271
46	-0.04096	0.0	1.0	0.0	0.0
47	-0.02094	0.0	0.0	0.0	1.0
48	-0.0255	0.0	0.472420706512	0.0	0.527579293488
49	-0.04146	0.0	1.0	0.0	0.0
53	-0.05854	0.0	0.0	0.0	1.0
54	-0.03695	0.0	0.499435711622	0.0	0.500564288378
6	-0.06715	0.0	0.0	1.0	0.0
61	-0.06676	0.0	1.0	0.0	0.0
62	-0.04962	0.0	3.80638136988e-06	0.0	0.999996193619
63	-0.04915	0.0	0.0	0.0	1.0
64	-0.06176	0.0	0.0	0.0	1.0
65	-0.05775	0.0	1.0	0.0	0.0
66	-0.05502	0.0	1.0	0.0	0.0
67	-0.05968	0.0	0.0	0.0	1.0
68	-0.06513	0.0	1.0	0.0	0.0
69	-0.05596	0.0	1.0	0.0	0.0
7	-0.08577	0.0	1.0	0.0	0.0
70	-0.05425	0.0	0.0	0.0	1.0
72	-0.05927	0.0	0.0	0.0	1.0
73	-0.05316	0.0	0.0	0.0	1.0
74	-0.05461	0.0	0.896710275113	0.0	0.103289724887
76	-0.05961	0.0	0.438497984634	0.0	0.561502015366
79	-0.0537	0.0	0.0	1.0	0.0
80	-0.05365	0.930376571462	0.0	0.0696234285384	0.0
84	-0.1212	0.0	0.0	1.0	0.0
86	-0.1017	0.0	1.0	0.0	0.0
90	-0.05902	0.0	1.0	0.0	0.0
91	-0.05738	0.0	0.0	0.503939483581	0.496060516419
92	-0.06492	0.0	0.00835020970188	0.0	0.991649790298
94	-0.04956	0.0	1.0	6.74390259653e-30	0.0
95	-0.05051	0.0	0.997661695653	0.0	0.0023383043468
97	-0.04601	0.0	0.273527363141	0.726472636859	0.0
98	-0.04168	0.0	0.999646251205	0.00014851047407	0.000205238320459
99	-0.04431	0.0	1.10439052948e-12	0.999999999999	0.0