-68.4202195212	0.524464403482
1.64200410335	0.23777703122
-43.6371427534	0.395726900769
43.427051373	0.148746878698
16.1717371162	0.199595286602
-10.7808071665	0.273353138444
-9.58080629955	0.270472286846
11.6977107966	0.210946956143
-15.4833672917	0.282361870421
-14.8269122565	0.286105457292
10.6156056215	0.207334818305
-9.13370128374	0.265434229935
24.2527086517	0.179717271806
-18.9151936698	0.299298300165
13.6715096959	0.206530844083
-16.9495791716	0.288723037911
11.9255531338	0.20757770566
1.31077244308	0.237961495637
-38.7572375175	0.370875322145
-5.62125403991	0.256034024909
6.78622897109	0.224906683307
42.1995817125	0.150732436581
23.0326085348	0.178121278386
33.2045462662	0.165778376781
-7.41920793687	0.2549896952
14.49366742	0.203968608269
-41.9747239947	0.389626077701
14.9782003883	0.200152965246
36.81836493	0.152515104662
43.8859960306	0.147947729944
25.2316111957	0.178491494762
57.3918011752	0.127404842349
-26.3749410922	0.318571095367
21.0545073347	0.188522802552
-70.9190712402	0.538525390995
7.33683248569	0.213438867427
136.056744557	0.0523283652487
-24.8931869591	0.318032899478
62.4020064767	0.120365994637
-6.8545273827	0.256516514124
11.9547981045	0.209010026234
-15.4366781485	0.287788007577
13.7884844955	0.200099162123
28.1965418902	0.169677577165
-27.5434310539	0.326787582805
29.5399061051	0.166696705046
25.7335672622	0.17388589651
30.6980454756	0.171361728641
24.026580153	0.176931993367
-55.2372828837	0.452493102521
-47.7598959785	0.414602698613
64.0320507635	0.118029608542
13.3186759449	0.208217414379
25.2803899296	0.177363445586
38.0540726968	0.150583682156
18.7159614401	0.194242256709
-16.3794421319	0.292021550484
-53.2031505577	0.440025653477
20.5922415349	0.191955848949
33.8940793189	0.165287876172
-20.8498307644	0.30623645817
132.261099068	0.0551399078418
29.9371971075	0.168310532006
24.2160406516	0.177872123928
39.4281646138	0.148895318365
-24.8114132959	0.320947366609
-11.1133122724	0.27412669414
-33.4352409736	0.349637704142
36.8304649804	0.158253268609
41.488418527	0.149526374955
14.5975035129	0.198515781124
15.7432624242	0.197753025158
50.7019124698	0.137192911848
90.7722386768	0.0875218462293
21.9873695329	0.184935909372
18.5202418616	0.195038712205
15.9747708607	0.198073263331
-24.9788721999	0.321850111391
16.761452155	0.199144580369
16.9294153547	0.197382300083
1.50051801988	0.238643805744
108.285886697	0.0716084435349
-21.917821161	0.310779525105
-8.35077888474	0.26675014647
27.2491782329	0.177947792147
-3.12239629064	0.243300967499
18.6817259996	0.191276126764
43.0547027676	0.143692102037
3.42466826715	0.23195544355
38.5648628798	0.151469135023
2.40313500038	0.229542748586
34.7642563037	0.163784466641
26.7583699532	0.179317678937
-22.4758408538	0.310750112893
60.6035052929	0.122779801679
26.8497280646	0.173417659348
-20.6977585885	0.300968796468
6.22827098062	0.225907225301
13.4032435442	0.204599665999
70.3578619935	0.110312624115
-20.6659422865	0.301336922238
-20.3709331749	0.29898498966
-22.2145243548	0.311464875972
10.1338695013	0.209769537079
-5.1368239282	0.255553267199
45.7662567815	0.145049856715
68.9102102836	0.111818325469
-13.8265547219	0.278489511301
-34.6573614548	0.354303954362
-20.821347941	0.306370605698
34.6282492355	0.161309099833
15.7413339502	0.200034198215
22.621547195	0.18197090144
21.1966757886	0.187033229433
7.12447857425	0.222879567294
-38.3605001598	0.371698535267
44.3355940637	0.147400981266
-1.33083691939	0.238936000589
-13.3838395509	0.275542624304
7.03633405083	0.222787143465
15.7923087024	0.196992766387
17.1033443397	0.196421748941
45.6528897926	0.145147860653
76.2146836523	0.103236810333
22.908838672	0.18041363494
-3.35492413371	0.249496489114
7.95118610395	0.216159202141
29.2068432541	0.174683067933
20.7649300395	0.18837401455
-3.00007961195	0.244554534972
33.3095239207	0.166709739488
20.7665670519	0.18892375448
25.0038737128	0.178683013045
-10.2214121489	0.272403916029
45.7656762744	0.144900599013
8.98113499725	0.217134408157
17.6118324475	0.19162733127
0.947440435666	0.234137323531
1.42648476716	0.236874379309
25.866016193	0.180936331351
66.1022354411	0.11492809981
52.797438067	0.134030683975
15.2337324666	0.204395075476
195.881401487	0.0269421248414
32.3976852142	0.168522576141
71.6741724296	0.108257928508
158.65574179	0.0409259403427
86.3090603593	0.092290353441
74.2810455312	0.105077800361
173.021116274	0.0346790075168
42.6672989451	0.149757701544
136.891098084	0.051582808374
84.5156404955	0.094128370378
120.209023813	0.0628971399337
215.972079664	0.0214922465507
109.196070823	0.0711524506296
63.0544830265	0.11868147914
156.816064662	0.0411492317984
110.712064748	0.0695788727009
96.7361475393	0.0815011931273
130.454507864	0.0555522744542
115.633051179	0.0661667706773
110.415534965	0.0703769850319
162.973262947	0.038970995214
107.526049838	0.0728556992754
35.1068696738	0.16327871795
86.3073113349	0.0923338908505
121.560222243	0.0621622312977
105.015705463	0.0749240888583
105.051448282	0.0748373357035
17.3018780443	0.197596921955
-10.7660481538	0.273208791131
17.6547006939	0.197592032802
139.416352195	0.0507926633394
47.2967180734	0.137464555546
62.6749854996	0.117286736632
-10.5864817685	0.267839931761
34.3076349881	0.157712404933
14.9036036661	0.200094163617
20.4314836959	0.192039113706
11.3948581562	0.213520510805
87.3118264556	0.0901026420422
20.9769128012	0.190868318642
26.0653642455	0.180902743928
12.5967592431	0.210527857413
85.4449735042	0.0910790398957
71.5795317964	0.108787633815
9.25654153087	0.218273391268
-6.62633478357	0.258830939901
14.0037202551	0.205315696716
15.2592601705	0.197443869678
35.1847673107	0.159133275444
4.90228806027	0.221136328032
-34.2183919008	0.354609071989
33.681378119	0.161524313993
52.7480240423	0.131632553765
38.4408066247	0.15648165327
76.8346040225	0.102591867649
88.5014811149	0.0880340811233
53.9201128795	0.129585613406
90.3786073187	0.0874917535177
146.188529353	0.047013721627
76.0890863738	0.103230666077
24.1265137557	0.181582482979
14.9729166925	0.199545483165
-10.4788058394	0.267623115446
48.0677952377	0.136357593006
22.8376840171	0.184161644991
48.1495120365	0.139519030058
103.865927201	0.0737192725894
38.7103694317	0.156526497636
44.4385869933	0.147239905054
16.5584660629	0.199733630801
107.091578925	0.072747328477
71.1006520615	0.109289326376
73.7933777501	0.105694151427
-3.54803396746	0.246637496256
45.668292841	0.139307318678
10.1652299067	0.214219473251
9.99864914009	0.211743217933
15.5595291974	0.198364830663
83.9582377784	0.0947462445074
-0.0862365309759	0.233453431316
23.9620468529	0.178345479663
3.55055035948	0.229132575917
139.09780113	0.051038238117
132.321093378	0.0548723235786
50.2021865669	0.137759028811
36.264389968	0.161321679591
15.657698516	0.200550353381
39.9146655029	0.148716108751
30.4420614986	0.165446491674
5.94066580991	0.218303667766
30.1022229228	0.172863876721
0.930679264239	0.233315927763
69.9139559986	0.110615208372
14.2947263806	0.200291216748
16.5243621895	0.199730298776
131.229858183	0.0547201623475
30.3263596851	0.17170581258
26.0840317041	0.175212682423
47.1048896992	0.142532356999
29.7264482034	0.173093793761
28.3113007228	0.175794795166
13.9374453894	0.204578588744
41.4354006158	0.150840815234
50.461233367	0.134705723184
54.6736600987	0.128061056069
16.6852560989	0.199508378355
20.6055129463	0.184173046009
13.5762303413	0.200966834306
33.6751386081	0.159079203555
49.1011370191	0.135860658584
73.4138915409	0.10460009663
77.7926106953	0.099454640837
104.243401547	0.0747264769424
21.2593063525	0.190068559065
57.1198527592	0.124833945892
19.1273247095	0.193724778345
52.5366616566	0.130221247312
24.3107664388	0.180498064098
19.7187014298	0.186008675596
8.44407137899	0.211769233565
35.4566949479	0.162578415415
21.6952832914	0.190075125323
84.6209367873	0.0941135379106
129.473018145	0.0568564937341
47.8456587891	0.141392714684
29.7196958967	0.167099044445
36.8613686277	0.159074364599
38.6961863577	0.153378634413
22.312450497	0.182343886368
129.866935116	0.056307716136
-0.0310926289249	0.236428050241
0.351432761654	0.236413728121
51.1349449171	0.133659985151
46.3651792114	0.1386047831
42.9452801199	0.146244271878
9.72185609619	0.20872880804
14.8827224389	0.201900111361
81.4601837756	0.0967835091904
56.0779751673	0.126354003678
46.801589782	0.138933682966
-9.52550726533	0.263975151827
54.9949537219	0.127363113923
35.4652256757	0.158034061522
19.683788627	0.191813202847
52.2832149195	0.131066236268
44.597617188	0.141028037579
9.73954153408	0.210794456857
29.5105113831	0.170723863214
-9.22460406488	0.266743841685
28.9158968068	0.168986428342
38.0538816784	0.151898372818
90.1165588654	0.088496577099
31.3275967067	0.16715490557
185.662571263	0.0301488453715
145.485197742	0.0474342981275
47.2936384259	0.139416636022
3.26078372948	0.22521740477
26.5470068977	0.178275304702
27.4988988284	0.177008919553
169.996890134	0.035819640507
33.9592049724	0.159359612885
45.5930710723	0.144805445516
35.6402221438	0.162295827107
4.0178956819	0.227234008658
42.2451448819	0.145132131909
111.172059375	0.0692159845902
37.2640889233	0.156081046589
21.2285732341	0.185256101409
64.8859287285	0.117068547655
93.1013851064	0.0856474708416
28.5299971784	0.172661466041
24.5474165736	0.182128503918
46.7202003361	0.14299913724
98.2655514623	0.0799719666312
31.5706208194	0.165289347484
42.1499519732	0.150495482076
59.6361479301	0.123882018142
83.0981983002	0.0949508424286
67.3591188354	0.113684813344
127.925868582	0.0574736541147
56.2554038712	0.125756459079
23.7999131714	0.18275448012
56.2145059121	0.129011018028
135.543205947	0.0530998270142
37.2078400098	0.155079161171
110.491027261	0.0699394129819
31.0666996614	0.170076485402
129.407167664	0.0556624507271
67.3380270123	0.111090154888
24.8565126282	0.182101107116
104.520234812	0.0753393215389
72.9221494487	0.104609470151
57.9509301872	0.123694631799
55.7749507501	0.12583774397
30.934259796	0.170281921751
84.7794998103	0.0939147791034
79.8343613259	0.0991504085549
25.925096809	0.180969520096
95.7758804002	0.0830667879833
49.0698538769	0.13685360515
13.844898743	0.19950242743
74.0684684426	0.104957130488
72.3547724807	0.107685850144
59.8674830955	0.123623298102
127.161265532	0.0583858626023
77.6149077658	0.101607031357
26.6976201331	0.177939873572
76.2464189431	0.102873272249
102.993713773	0.0764125090904
128.094692675	0.0568255615497
111.98174458	0.0673929628637
51.5024191497	0.135558440637
134.822988472	0.0533608267652
6.63187848908	0.222592228163
103.854097029	0.0740468020552
145.813958335	0.0464923244267
87.7707445671	0.0908945814082
46.2968667763	0.143884521293
26.9293055384	0.178514228963
28.6794924485	0.172236730187
149.165245138	0.0455177422038
68.213473664	0.112846132319
38.4141216366	0.152951706805
54.8427918894	0.127878817142
11.5528691179	0.209423542479
65.8880276784	0.112996954515
64.2317534652	0.115306382865
30.7547087435	0.167799871617
57.8257220077	0.123876025102
76.6522122424	0.10279920146
90.3566870622	0.0879239793652
109.708436474	0.071151158493
147.143419314	0.0463132812018
100.012335973	0.0792867936078
29.0317780543	0.17204743722
25.4435063887	0.179924559767
63.9853918866	0.118403708736
44.2348959668	0.147041813532
29.989872648	0.170119284362
112.384489346	0.0684809041315
71.7525841948	0.108454771032
54.1539125589	0.131759371646
142.589151423	0.048927484135
44.3617917302	0.144361247421
26.1675951946	0.176190493835
110.760017789	0.0698576696406
68.6153171702	0.112304839502
26.6190963813	0.17737074684
87.8517853456	0.0885555418746
85.7601158391	0.0910394434072
49.1009461294	0.13671227402
27.47757443	0.173605051013
55.4646877512	0.127645969402
123.999952597	0.0605127328937
141.545760249	0.0496052189885
95.2548871288	0.0836420258655
85.3279754771	0.0934222396994
62.3116476449	0.120574520516
34.2381138719	0.165020169354
98.3566438786	0.0807618214911
38.4278957777	0.157423817435
188.294089604	0.0293524553993
110.070737656	0.070822388669
50.2537563013	0.137795250543
54.1163228762	0.131829315917
167.609736953	0.0367058683001
135.463982268	0.0531471028152
86.6549871966	0.0919449857091
93.6033853155	0.0851138871341
109.873048538	0.0709134709883
70.6710981552	0.109912208826
105.134542597	0.074865389437
73.7236750511	0.106212480768
119.108710882	0.0638683395653
92.7294133331	0.0860025331679
60.4190569216	0.120821942326
61.9310333134	0.118231493207
96.8713693396	0.0806643954803
111.148535729	0.0700066396016
49.3604223706	0.139146477507
167.776222326	0.0366233761357
121.926165503	0.0608118882132
159.076217538	0.0407209598092
172.075479701	0.0351386948095
55.2498075719	0.130221476513
61.1122365353	0.119687361298
163.741345294	0.0382460965657
73.9216342639	0.103395890328
68.2234178224	0.110014396801
173.645077674	0.0342964618978
68.5761701122	0.11248234406
71.9871002725	0.108294724886
85.7729229075	0.0908247025717
104.272462684	0.0735708944014
88.2132772729	0.0904001243405
79.3816310834	0.0973134267729
67.339364153	0.111083145431
113.857558593	0.0678186260771
77.3318776242	0.102060583778
32.4144571221	0.167733772192
79.5990011686	0.0970171075911
82.4920299334	0.0940304021214
73.8405548086	0.103205359604
46.9114499335	0.140150510341
62.9726600444	0.1165925654
84.023454384	0.0925397067553
54.9919561477	0.127954484297
51.4462382033	0.134589663969
53.93037179	0.12956623181
55.2086220446	0.126262538898
136.427544843	0.0515220789343
79.7465302782	0.0992841371086
55.1615411049	0.130358945241
139.384804947	0.0503016134874
105.482837123	0.0738465056926
106.236791983	0.0739284584673
58.6662810799	0.122668226916
89.7044407904	0.0889100395789
155.965084242	0.041597345012
75.2079091949	0.101926975787
191.779018784	0.028218755756
198.38090845	0.0261902308979
204.589449225	0.0244460533915
199.60328183	0.0257983832255
197.938704897	0.0262934369242
76.0709346136	0.103423882573
154.489994693	0.042480369448
139.5299577	0.0507738021704
87.5535921782	0.0911043287243
127.605559056	0.05769498185
37.8349434344	0.157890781871
97.3716309344	0.0815885733019
125.826019248	0.0580512068662
53.8923201231	0.13061698359
155.210506091	0.0422768380059
162.093716205	0.0388470314372
77.1120866491	0.10154829422
130.970004394	0.0559500954808
134.640834717	0.0528524948189
199.040107559	0.026012562224
138.821493736	0.0510818285532
142.954959175	0.0482284854126
156.63778576	0.0418582017374
148.468629264	0.0450812874353
153.418084696	0.043339268929
152.15869222	0.0434796492622
99.0038347781	0.0801812610233
84.2753300666	0.0941205309566
205.294416648	0.0241502069361
82.7053733852	0.096030608326
179.184197051	0.032410453907
144.22482552	0.0473700271193
113.576723312	0.0675865854682
186.233521753	0.0300507849615
218.366187164	0.0208171246262
105.907533343	0.0741901031998
90.2444860803	0.0881168857369
106.620765322	0.0736223612972
239.778657131	0.0163629373244
123.722693001	0.0607017514585
93.0117150831	0.0849520808483
123.227871833	0.0606328116035
125.76977901	0.0589514819359
103.353517835	0.0763604640487
125.751910255	0.0593579325863
162.285066804	0.0391585773371
111.151998919	0.0696527910361
140.823136554	0.0494687749916
144.140835606	0.0479117847101
83.6732865663	0.0951219592796
140.94306436	0.0491203536085
105.932280241	0.0741890341777
224.419116711	0.0194911679763
84.1473584142	0.094583251878
133.860903795	0.053243905705
122.341037393	0.0616789291301
94.940029503	0.081723633926
160.818859579	0.0399182273142
218.467253553	0.0208002267155
82.8643808366	0.0959388341121
102.678846304	0.0754450489791
94.0541468979	0.0847453686583
115.927753297	0.0647496493101
69.6746141817	0.111040082812
93.8598542823	0.0849281926978
115.297636484	0.0666068273336
100.12562844	0.0791922658811
99.6959487739	0.0780010771332
111.282648687	0.0698182748009
176.411684255	0.0335127004336
85.3261982994	0.0933617108719
89.9603103304	0.0866095597088
117.594810393	0.0650911046368
104.03044067	0.0737495490063
102.429180385	0.0771589832455
77.7400569735	0.0992429708059
85.4166583928	0.091474246558
202.360209663	0.0250561452737
117.228793815	0.0653421462936
103.309865048	0.0764031940891
146.75399728	0.0467645033849
160.564369348	0.0399617759645
129.450517163	0.0564233429947
113.154257796	0.0684028109025
82.2795174841	0.0966140287302
116.096690867	0.0662043525061
128.926497924	0.056531514725
208.169463241	0.023418042367
98.1310226336	0.0794612691225
201.513613849	0.0253441412193
110.118671116	0.070709943048
160.477428754	0.0401025308019
141.47805301	0.0496092666607
134.750533411	0.0535957271313
211.49957214	0.0225721275422
99.4944414702	0.0778124084395
68.9887440933	0.111975046267
87.2086179455	0.0914141420492
139.656674555	0.0506981517176
132.591153409	0.05454777531
110.05147876	0.0708125285972
106.64186177	0.0735197128941
125.821302215	0.05924914971
157.480694703	0.0414338281171
69.8113777744	0.110939999648
87.6814180711	0.0891496493498
121.452805188	0.0611588255869
203.419611388	0.0247150589611
80.6741176187	0.0983647529763
102.538819886	0.0770591554764
93.6303315851	0.0851420932992
144.910934118	0.0470054186937
199.966420981	0.0257271616905
104.164593754	0.0742783826489
176.169659436	0.0334466380124
159.7509464	0.0399640487839
189.023527187	0.0291072689352
94.6554465679	0.0834737498824
155.270522951	0.0424345847317
227.592953805	0.0188349055771
110.390482459	0.0705570058441
116.984796434	0.0642552425448
128.215072977	0.0577167545295
117.718965417	0.0646376325043
153.697278764	0.0431952345087
196.906948568	0.0266239486082
123.431019412	0.0609114438159
121.197382532	0.0624548861707
115.694475849	0.0651830776981
195.371197574	0.0271165310712
100.966215993	0.0784389990791
145.610032565	0.0473810620424
111.814945063	0.0677169537777
164.299589057	0.0383560769488
89.2428689561	0.0894002348186
166.85462215	0.0369984051302
122.801805248	0.0613004159896
148.585751301	0.0453376927751
110.229579503	0.0689311970242
140.593637549	0.0501633307461
118.039218625	0.0647501837612
125.075801286	0.0592175496773
103.615859728	0.0741917081005
119.116204048	0.0639631356332
131.098168944	0.0558301605208
116.372814741	0.0659753364611
106.678429502	0.0735681588396
94.0752546907	0.0847274663768
116.896312206	0.0655544223528
167.315258288	0.0367561756541
110.906278143	0.0682717296868
125.727245307	0.0593284729671
78.592834518	0.100520284403
103.613468732	0.0761435682426
199.816940945	0.0257815154016
145.878617546	0.0470372719271
80.5462649153	0.0959242879972
192.13519426	0.0280820643431
143.155209021	0.0480589719922
120.680465669	0.0628217715658
209.987842852	0.0229128338739
106.360346082	0.0738072941372
191.573899477	0.0282661135488
102.64532275	0.076942580558
185.708181146	0.0301409344853
102.317151326	0.0772506139432
152.48869474	0.0436715178421
162.858727244	0.0386408319938
189.652334282	0.0288730448772
198.385468402	0.0261686341772
216.309759331	0.0213606790069
131.885435246	0.0544980509833
174.652973462	0.0340913334266
125.377053533	0.059538698368
169.452715869	0.0358873673213
232.427736037	0.0178100124578
132.501206974	0.0541060977891
105.306818574	0.0728340076802
209.938359811	0.0229385555809
141.352755143	0.0490679745327
152.44249307	0.0438614429394
150.907066416	0.0440621473756
183.81176607	0.0308222672435
168.201321713	0.0364392596768
128.977915547	0.0570391460994
207.765980412	0.0234997231687
114.108682844	0.0661129336802
110.043607476	0.0707408686753
223.681070917	0.0196304975253
161.71877241	0.039139892398
204.531817688	0.0244197816665
170.655325999	0.0356469937251
85.9070087665	0.0909867499488
135.925102203	0.0520986277853
187.763437382	0.0295357027246
112.141364132	0.0678175322558
138.855345264	0.050693349614
193.166291576	0.0277693470167
169.674316584	0.036025036366
133.296655257	0.0538449320051
203.207593651	0.0247625555046
150.503414185	0.044578790026
208.100693658	0.0234483674097
171.065311274	0.0355850146749
159.663832938	0.0403839471018
115.823664828	0.0647404035662
103.132253323	0.0748188479262
226.795851994	0.0189256776223
145.615358842	0.0473974933158
219.46461309	0.020608470652
151.125609337	0.0445255087626
214.533284267	0.0218178889159
150.454251208	0.0448909625025
185.817173223	0.0301238230445
216.520020033	0.021286782749
158.165342411	0.0411520203654
156.742309934	0.0418091121397
196.973323597	0.0266164093803
156.239643968	0.041833413755
219.608013944	0.0205829363823
195.853010539	0.026883352934
128.372069012	0.057602915193
154.953688654	0.0426200256812
198.109090252	0.0262285667599
191.011453237	0.0283597928285
130.699294523	0.0560975566212
136.415680955	0.0525764623921
155.40324571	0.0424757884037
180.196123261	0.0320301019378
136.750450218	0.0523687543812
217.518832613	0.0210665903269
154.737721116	0.0427170245475
232.780680429	0.0177402625974
168.371632752	0.036680461641
190.348318745	0.0286657377844
167.100223544	0.0371202060047
158.075975542	0.0411191027538
177.49374625	0.033091679745
169.776449431	0.0360949651985
168.711440897	0.0365294763685
176.550769178	0.0333510195053
139.230023512	0.0509276477906
169.797534584	0.0358846632101
126.958661725	0.0584866266019
157.839262472	0.0412357760852
209.25661737	0.0231670125701
185.546630895	0.0301714181534
175.147231612	0.0340261536646
174.763573973	0.0340251103057
195.827527055	0.0269787134346
149.141805592	0.0450583037067
162.392335164	0.0389058462439
136.182188876	0.0527273646396
228.07491723	0.0186556204156
131.726910535	0.0554562287929
228.392926535	0.0186321126461
168.913233529	0.0364237348932
180.853876107	0.0317852039296
185.585811539	0.0302648985319
178.869307397	0.0324956734389
201.755551706	0.0251984932039
188.129004175	0.0293205945959
187.978185291	0.0294288416496
172.63345448	0.0348816963602
135.996229858	0.0528206377341
165.365453584	0.0378254103436
176.277828127	0.0335829510216
173.407003714	0.034610679307
176.613043242	0.0334626078097
213.494402734	0.0220537723231
186.516609121	0.0298077792859
161.670528796	0.0394071270147
169.482346693	0.0359889670563
177.683333735	0.0329620598938
136.472390176	0.0518088382631
164.850537188	0.037816598091
177.296984156	0.03310703093
184.495681056	0.0306129979637
197.132142707	0.0265463840243
171.141793349	0.0355862096695
181.45629251	0.0316954465508
165.374327028	0.0379224307047
176.889874093	0.0333709135364
171.20554782	0.0355389799448
216.669354804	0.0212372299165
148.663639018	0.0457292800332
127.303190361	0.0582882331867
143.478483787	0.0485577935354
168.693703518	0.0365296205632
179.009813533	0.0325778184702
198.05477534	0.0262426782958
155.807569553	0.0417470651711
201.325178592	0.0252478182583
208.753080722	0.0232332940377
221.758647203	0.0200820123314
240.650427883	0.0162437752024
190.832433729	0.0284428032839
193.662315826	0.0275606776187
209.250139518	0.0231098739611
196.861363494	0.0265438819843
179.491348145	0.0323190756029
194.693088314	0.0272292812588
167.569505691	0.0369330229534
218.133325047	0.0209098112578
165.662038885	0.0376223661458
216.72297746	0.0212135029274
223.282406556	0.0196993405939
198.608468806	0.0260736757307
174.700942757	0.0341770289211
164.2528583	0.038421036489
146.524864281	0.0469073393759
154.895200459	0.0426757481768
186.562410175	0.0299283731124
214.911975518	0.0217000979428
231.363966116	0.0179929006216
201.954224554	0.025121327456
237.430833764	0.0168280958736
229.662480622	0.018356308592
230.45521477	0.0181752396623
226.618066835	0.0189870665923
229.300370428	0.0184256576735
225.59343437	0.0191998373657
179.709413542	0.0322399423172
193.096730412	0.0277787827922
201.748126235	0.0251450860977
245.630921808	0.0153336064647
203.305279169	0.0247043359376
192.773835162	0.0278584576794
203.860424605	0.0245528449556
193.702380278	0.0275661953345
211.80653668	0.0224694606265
225.827452387	0.0191592874169
203.132466052	0.0247591334501
228.419474418	0.0185910560704
185.76092439	0.0301183980521
181.620867841	0.0315434558517
183.369337123	0.0309278670868
222.173676062	0.0199739718716
165.926466191	0.0376085631009
228.559910057	0.0185897293674
169.154262961	0.0362850054737
238.419013052	0.0166494138032
184.572449979	0.0304948185425
225.203721144	0.0192826692283
192.992123926	0.0277563717312
198.841430204	0.0260073592276
182.704872263	0.0311354096892
220.159608448	0.0204258089081
167.899537746	0.036623090768
197.039544265	0.0265467225881
174.711251273	0.0339986849554
214.04559264	0.0218892679031
160.781359671	0.0395735507345
234.171393732	0.0174250748612
135.785297717	0.0521100906274
191.231891156	0.0283395245704
169.716044218	0.0358961424701
154.223281281	0.0426177110513
214.82570435	0.0217203934544
189.274866095	0.0289510252487
157.858123193	0.0408793154612
134.822680096	0.0526839401967
198.265941636	0.0261742075078
163.290546197	0.0386178272539
182.564206805	0.0312657182076
177.227272087	0.0331434568116
203.190091161	0.0247492209863
212.629942565	0.0222622199973
184.207811247	0.0307063828329
200.273622546	0.0255951617783
224.75691565	0.0193894114026
192.55106205	0.027926758162
245.98000979	0.0152825231227
189.871138315	0.0287772959582
183.981553576	0.0307342959628
207.190219979	0.0237217773435
171.533522229	0.0352576366906
155.41911188	0.0420814593965
153.212051746	0.043059277093
225.965179	0.0191480313589
218.430784047	0.0208439559845
132.540812243	0.0549479789559
128.1353084	0.0577656506545
248.982337336	0.0148029022045
186.937060167	0.0296552467917
198.295944439	0.026168498422
129.242685685	0.0559995808724
189.8703563	0.0287249721895
241.598335804	0.0160344948065
154.422337696	0.0429270189579
220.690461161	0.0203202405138
238.896375833	0.0165139498781
161.592417902	0.0392964012898
206.935140555	0.0237461979772
210.672922222	0.0227552268941
207.999157232	0.0234556381617
233.655410651	0.0175619575757
205.566955444	0.0240629972815
210.73011401	0.0227402680438
174.948220883	0.0341139119803
222.84610984	0.0198195768708
184.506427669	0.030618479644
232.972523509	0.0176861799352
191.277893463	0.0283451716507
212.647193089	0.0222207861282
193.245107173	0.0277044100486
199.964916562	0.0256696687788
246.019727964	0.0153086627443
237.019886828	0.016901102558
229.248341958	0.0184414580096
232.111191342	0.0178640805276
230.336951349	0.0182165008535
242.994621401	0.0158021489292
217.266802559	0.0211387444
210.664475328	0.0227689166533
225.522895734	0.0192580081439
194.586364787	0.0272951359515
147.907786989	0.0455417031738
224.865619417	0.0193684635826
207.345122205	0.0236210484949
216.010634304	0.021415430537
202.31211997	0.0250071654547
211.516373314	0.0225256722337
238.278190949	0.0166385965717
202.18654187	0.0250554435214
246.633476466	0.0151644172538
218.792672688	0.0207491625355
211.966265801	0.022419536617
240.637640626	0.0162403711724
213.945784566	0.0219255715993
236.277975957	0.0170499121867
246.992652196	0.0151224616813
207.575937679	0.0235996682118
211.585468231	0.0225140652631
233.195923056	0.0176064680093
231.97915377	0.0178890738375
227.793753159	0.0187767792614
219.614959675	0.0205581844963
215.526063977	0.0215681283385
210.694435067	0.0227441072877
202.278030447	0.0250852359542
215.90811515	0.0214561666432
221.568753227	0.0201517475151
241.064342617	0.0161771082298
211.12001309	0.0226360117848
235.179522769	0.0172558532771
229.344193671	0.018455145648
192.588397046	0.0278893557383
215.464165273	0.0215496171343
203.120117328	0.0247492845852
197.887979952	0.0263380338145
213.975163458	0.0219150469876
217.703211005	0.0209987046811
233.888914605	0.0174900271673
202.110618832	0.0250637706784
199.553037671	0.0258465430041
213.299035085	0.0221266220424
203.524615631	0.0247412523111
218.111269448	0.0209241545967
215.498227713	0.0215900821912
231.770008388	0.0179289331867
217.986904216	0.0209715842837
211.650302334	0.0224812632617
207.206640521	0.0237388432108
224.994066334	0.0193486385348
203.684118102	0.0246344200916
214.655418065	0.0217405224334
229.885045562	0.0183128206495
164.179052604	0.0380794540884
203.98453301	0.0245925729631
242.662318251	0.0158709520019
230.961571937	0.01812564898
225.120102215	0.0193392422004
185.936306859	0.0301589956803
240.356591405	0.0163148088876
203.856166311	0.0246248353655
230.321142304	0.0182615467528
206.556630588	0.0238965479735
230.581054103	0.0181561121459
203.202473086	0.0248116796493
230.693770747	0.0181844895708
208.877825916	0.0232752558968
215.431346248	0.0215847316056
243.068145385	0.015802410906
243.364366781	0.0157512538621
248.370605491	0.0148615302982
217.663728489	0.0210218778798
218.997481685	0.0207176101884
221.6244847	0.0200960436366
224.240471651	0.0195256834038
239.391372083	0.0164705639606
244.136908487	0.0156262154655
234.745812647	0.0173375280435
253.663389037	0.0140701442711
222.677782431	0.0198606493445
211.035185812	0.022675332514
225.349991282	0.0193494416531
216.960890169	0.0211982288799
227.645761065	0.0188219194355
242.116363051	0.01596682742
228.472178855	0.0186406619545
245.232512119	0.0154063886793
227.335941658	0.0188995163224
237.35787486	0.0168244983926
220.913316884	0.0202526180804
225.819389152	0.0191800952319
214.865240759	0.0216842933807
220.160437055	0.0204520538161
213.372411062	0.022038684206
220.442473313	0.0203459110978
234.253624506	0.0174690431275
237.621489308	0.0168066272693
200.601089508	0.0255799507653
218.110770862	0.0209953051273
229.204819302	0.0185265465417
221.570966977	0.02016783741
244.06039704	0.0156043843459
237.291043432	0.0168960924104
238.450709923	0.0166299371946
242.838119231	0.0158191113269
233.578799604	0.0175605103401
217.576891852	0.0210611008958
230.275170079	0.0182208843933
212.242614435	0.0223940116526
222.733090572	0.0198688889434
255.166900573	0.01381156381
237.916349728	0.0167245119988
216.417036516	0.0213937000749
232.686567539	0.017789152923
212.401197387	0.0223817891247
240.987936773	0.0161673518409
228.223430462	0.0187178892139
250.625442324	0.0145122255329
219.664028041	0.020582657476
253.523268741	0.0140807373779
247.78606786	0.0149658913237
224.309187961	0.0195364973646
239.191159195	0.0165008308549
245.686872585	0.0153520680333
230.049595637	0.0182893871766
237.584354742	0.01678566594
250.729573229	0.0145069956392
253.27567378	0.0141026837707
252.614842144	0.0141952015218
222.869854968	0.019850738077
250.838181331	0.0144679166903
235.181221093	0.0172790832923
252.571357175	0.0142300877281
246.541794923	0.0152185523402
245.087383459	0.0154471927399
239.858589983	0.0163960571433
249.143047945	0.0147596724031
234.814201542	0.0173487456526
232.860144374	0.0176996761267
231.257225035	0.0180567369752
250.069475236	0.0146146037845
236.26814391	0.0170694880161
248.206432586	0.0149431162358
232.583992293	0.01781649912
243.42809847	0.0157313978539
220.657120696	0.0203407419053
225.777994457	0.0191917168155
232.889985111	0.0177711396593
232.969985507	0.0176958046237
231.52055983	0.0180457315417
236.823633896	0.016943665466
236.008503976	0.0171208331519
249.385255325	0.0147319530201
231.642135684	0.0180286103782
224.672769665	0.0193982019412
216.677582478	0.0213345031254
219.972930326	0.020464743457
215.789747588	0.0215469904292
226.509287081	0.0190149743142
237.359188269	0.0168701395248
245.806304752	0.0153002542321
223.558559814	0.019731865409
234.579330483	0.0173656651449
223.817187006	0.0196726174921
229.810097943	0.0183051240119
237.568907426	0.0168390910431
224.263337994	0.0195327644889
230.669722138	0.0181539354865
224.306121961	0.0195010315408
220.866046442	0.0202692780547
215.462768559	0.0215360143216
236.289624752	0.0170486166307
211.759593952	0.0224627842291
239.453115821	0.0164799923427
245.116599095	0.0154203627396
230.905626887	0.0181007589662
227.334832221	0.0188498935988
230.686112919	0.0181503202313
231.524917702	0.0179817810883
232.719119002	0.0177398719391
244.115638999	0.0156160056439
224.266391831	0.0195037029418
233.635309092	0.0175358959658
229.515132456	0.0183803481291
229.35550954	0.0184007965432
234.444063889	0.0174047875437
248.585030999	0.0148506170471
248.133994579	0.01494386608
253.279077745	0.014085481627
236.869069796	0.0169162749665
242.64825288	0.0158766698519
238.117289543	0.0166878137968
245.614584048	0.0153622321113
244.373819706	0.015570165308
241.619749244	0.0160677745526
246.707712147	0.0151444985563
241.217277009	0.0161517934382
227.363213772	0.0188476292522
237.290143405	0.0168631718442
242.360498386	0.0159439759601
238.042360202	0.0167659904353
238.825544177	0.0165700349285
224.046752955	0.0196025049025
240.007435151	0.0163477863317
231.576168142	0.0180140862487
234.33345655	0.0174231119722
229.033007364	0.0185130159592
230.25652368	0.0182274424723
245.725443364	0.015308738562
242.706913441	0.01586426496
237.671939987	0.016791737324
241.980564302	0.0159851216842
215.070934059	0.0216709080364
256.617642923	0.0135957428765
249.793947468	0.0146774211536
232.008492481	0.0178742906053
237.296030275	0.0168457962745
232.812670846	0.0177491026093
234.599125847	0.0174199418394
234.836264686	0.0173644546278
227.384490332	0.0188596494026
240.574671485	0.0162393569313
254.567683888	0.0139014186462
242.913057778	0.0158205382428
245.063935789	0.0154713308392
245.66399416	0.01531727901
241.634357929	0.0160522340626
240.760667773	0.0162303450845
253.143324524	0.0141391231631
240.430588908	0.0162651582343
255.25970469	0.0138116317768
245.283452701	0.0154507086389
233.128874358	0.0176992775217
245.975320858	0.0152811264136
235.545039945	0.0172055749008
244.822356259	0.0154991355281
225.696691973	0.0192147824894
246.575069792	0.0151987148306
223.594031141	0.0197039169754
254.845644353	0.0138909817702
237.838451291	0.0167527993347
240.700085115	0.0162053670729
240.547391173	0.0162633894301
252.604465271	0.0142372664356
234.017371717	0.0175195239219
250.431487436	0.0145612138815
250.703089264	0.014513903577
241.288962591	0.0161379057855
231.881229438	0.0179364918775
239.22532651	0.0164905268442
232.99128389	0.0176918889989
231.411809055	0.0180159065137
230.871537548	0.0181211127574
242.642904356	0.0158731033465
242.831073367	0.0158295406597
241.188671405	0.0161320424651
245.886191458	0.0152884209424
228.122681998	0.0186733500894
247.336528234	0.0150587743079
251.617963393	0.0143409031378
255.00988041	0.0138183328487
242.792013862	0.0158591869961
239.347998908	0.0164554203767
256.274437963	0.0136481124373
244.772982104	0.015522650823
243.474594722	0.0157126131698
244.876162866	0.0154703933251
238.432148017	0.0166475360907
239.73962913	0.0163911923278
242.856566364	0.0158364868909
246.827166743	0.015161366036
244.126354571	0.0156180566196
256.223527365	0.0136249706873
242.431735415	0.0159116228446
254.228854952	0.0139501134501
241.607002829	0.0160597341303
253.65028786	0.0140543906738
245.766168307	0.0153490358947
254.54167926	0.0139099539512
241.083845149	0.0161603288118
245.791726405	0.0153484434735
241.199377072	0.0161529358431
247.137331656	0.0151226869389
245.208798633	0.0154202815628
239.046338407	0.0165553559116
236.587350233	0.017006631134
242.043340778	0.0160207869513
245.715554667	0.0153590641352
232.118961198	0.0178934272861
247.153193448	0.0150731924833
239.708508282	0.0164385945325
247.151059318	0.0150803897862
249.167379981	0.0147799118495
249.87229946	0.0146573939575
251.38586166	0.0143949174247
251.542409459	0.0143612599712
243.323233246	0.0157653606845
243.909867181	0.0156521219043
246.874568992	0.015153205431
251.515909473	0.0143548265121
250.016857907	0.0146373463643
252.05639176	0.0142996418775
244.828713019	0.0154845032112
248.815542574	0.0148178056036
250.11681834	0.0146136826513
250.612541791	0.014540357141
251.366345531	0.0144072167398
251.508494446	0.0143896395134
254.448399832	0.0138951174902
252.887516674	0.0141545204513
250.782593816	0.0144751161952
248.735417088	0.0148338471919
254.948897784	0.0138219176036
246.248178716	0.0152578736102
241.025713836	0.0161705245623
249.970640376	0.0146148918685
245.126380035	0.0154393427409
242.333267861	0.0159387592084
251.295282852	0.0144273238484
250.119769523	0.0145997163742
250.829247209	0.0144949394689
247.082921765	0.0151109791019
241.003045652	0.0161729943059
248.156972375	0.0149263661718
244.171419389	0.0156079317184
245.981949729	0.0153046777627
250.690910122	0.0144911169815
250.043937659	0.0145932429337
246.830144363	0.0151452617275
250.681947845	0.0145062149643
246.041486791	0.0152796656504
262.839303515	0.0127037201572
244.734523531	0.015500500898
254.228311219	0.0139302352137
242.566066163	0.0158922753084
246.710633858	0.0151706923713
250.037433854	0.0146035028078
252.666735663	0.0141683674883
252.27901554	0.0142279202387
246.973468435	0.0151238960782
251.700399753	0.0143630447871
248.126259714	0.0149282723059
251.7652724	0.0143240411471
245.047955219	0.0154647681684
250.056328531	0.0146084783487
251.210833146	0.0144353669427
250.921812665	0.0144681681849
251.753150751	0.0143525928479
253.486315609	0.0140512102203
246.375473178	0.0152476283986
245.848456571	0.0153257974658
250.255045109	0.014580679266
254.468481513	0.0139020855626
252.402636638	0.0142469503579
254.175551429	0.0139511806995
254.335597634	0.0139451665256
253.549867124	0.0140418145845
257.264163849	0.0134924882945
257.196374039	0.0135035677167
253.649826868	0.0140318701487
256.127746194	0.0136448084606
251.113324223	0.0144311205014
255.079262244	0.0138191420833
250.6819876	0.0145329353979
258.622501858	0.0132779962943
256.054932822	0.0136857522063
251.145728407	0.014458500022
259.4931529	0.0131445623639
257.365123116	0.0134899803816
258.418219132	0.0133050804668
259.220310663	0.0132117185595
255.566236088	0.0137588215634
257.560667752	0.0134467614509
259.396876989	0.013181422256
260.908315744	0.0129753182769
260.164461038	0.0130691498773
258.524738596	0.0133153661588
259.668501431	0.0131412990733
260.786082132	0.012971857959
257.808112688	0.0134109448029
257.226450818	0.0134951641615
254.37272025	0.0139086975453
260.029159686	0.0130805487252
261.028075588	0.0129242265365
254.956766088	0.0138493317498
259.015978048	0.0132198484598
258.830414522	0.0132657432658
259.324753112	0.0131875068494
254.257997526	0.0139649100212
260.410047914	0.0130093720619
262.097807681	0.0127851847215
259.149200855	0.0132043078044
259.905945449	0.0130876672192
262.460891317	0.0127447855659
261.009626291	0.0129386660347
260.158501261	0.0130530614544
259.372058645	0.0131821974391
256.271121973	0.0136490050046
261.283977742	0.0128887584903
260.130576518	0.0130601983522
261.698815754	0.0128348785636
262.565322225	0.0127126909592
260.64328764	0.0129939984828
259.679308211	0.0131228954675
259.453953712	0.0131697009428
254.18434001	0.0139706544766
261.203674418	0.0129073294287
260.642079374	0.012999585227
261.63213726	0.0128553672485
262.143115291	0.0127701182801
260.374996877	0.0130302123575
259.115773053	0.013212196492
259.204792964	0.0132047642184
254.927951344	0.013856185671
262.68506378	0.0127055063906
257.643786067	0.0134203515412
260.98015669	0.0129319014173
262.868379599	0.012676542166
261.049916968	0.0129411652322
261.265488038	0.0129046122361
261.985282216	0.0127935151785
259.082201682	0.0132274617096
263.186445566	0.0126260748327
262.697481966	0.0126917456611
263.959233534	0.0125326537294
263.686360106	0.012571699324
262.693203267	0.0126975644812
262.932400824	0.0126664205578
261.812965189	0.0128228197354
261.648678185	0.0128530575379
262.237651204	0.0127546646558
263.773325183	0.0125599145784
263.375049093	0.0125965970208
264.211005736	0.012486847909
263.216778431	0.0126215254859
264.177942339	0.0124721061379
260.873156241	0.0129623900308
263.165550624	0.0126272010552
260.514156463	0.0129944041788
263.025291434	0.0126494690674
263.157545272	0.0126239875141
262.091843008	0.012770006427
262.085240572	0.0127747536009
264.195958208	0.0124742835096
258.438842854	0.0133210812253
263.359160795	0.0125877904634
263.876038186	0.0125207119848
264.24070465	0.012477936083
258.553295856	0.0132819996222
264.24290535	0.0124835874789
263.104606265	0.0126427773093
263.446681453	0.012579955243
260.255236186	0.0130346264917
262.996661398	0.0126451073686
261.890149603	0.0127986195179
261.531447032	0.012856666393
263.99270801	0.0125024668939
263.911650502	0.0125225169359
263.377579323	0.012584042154
264.333645539	0.0124664508526
262.561394951	0.0127050765338
264.259483178	0.0124487005856
259.212003333	0.0132049624191
264.06231146	0.0124912335915
262.27806781	0.0127495471481
263.21726124	0.0126243554479
261.395532468	0.0129048218541
262.120885465	0.0127860202728
262.3573019	0.0127372040524
263.283089906	0.012603749785
258.628021448	0.0132803854366
262.132293326	0.012760885819
260.097418655	0.0130745222666
262.26481351	0.0127518562963
261.088269507	0.012937127392
261.02150433	0.0129335328799
257.607976018	0.0134394690124
258.203970088	0.0133343366521
260.662092423	0.0129883651151
256.172989926	0.0136507748232
255.845005964	0.0137081738581
249.003599786	0.014795125273
245.121475076	0.0154683040869
247.450847883	0.0150256372879
254.00540271	0.0140169448095
256.065479855	0.0136752148236
255.214177108	0.0138133904653
245.705004255	0.0153429052671
248.372039199	0.0149056325879
251.903366467	0.01428083524
255.694756476	0.0137513953832
263.613079978	0.0125643568117
257.496599483	0.0134778625715
251.102485496	0.0144371987406
261.681357267	0.012856295714
257.300752892	0.0134925253871
258.456440757	0.01332264114
250.495804283	0.0145410544761
255.82462221	0.0137171543499
251.752500953	0.0143315603337
255.475675766	0.0137821572743
257.471197486	0.0134565554733
256.903103915	0.0135443135699
256.676284185	0.01357785836
257.939333271	0.0133883593184
254.513856145	0.0139114975897
256.092930899	0.0136762221138
256.644444359	0.01358352764
258.853433196	0.0132637418223
260.243540611	0.0130478029013
262.465581212	0.0127420540501
262.32602172	0.012750598536
263.427377826	0.0126110102283
259.875087534	0.013105330265
261.747088845	0.0128558878459
260.249519507	0.0130509057413
258.748836158	0.0132801943565
262.166409559	0.0127560335575
263.751589951	0.0125521420007
261.099271869	0.0129261527028
259.848699393	0.0131186771248
261.936879074	0.0128026456259
262.389860566	0.0127351193129
260.973764277	0.0129354461544
262.624626169	0.0127053871809
261.508111977	0.0128681041295
262.320058507	0.0127725916357
264.029917345	0.0125029975761
261.201227914	0.0129153889182
263.721430388	0.0125473877156
263.421378466	0.0125855906824
262.76592051	0.0126914774905
263.598221911	0.0125691598753
261.967011535	0.0127908878553
262.454304812	0.0127510932117
261.821106611	0.0128118579276
262.66560517	0.0126911461648
262.229374755	0.0127431367905
264.073332062	0.0125136305344
262.058074188	0.0127734535648
263.279076092	0.012606911859
264.011303212	0.0124985230793
264.468621562	0.0124594253124
263.529302045	0.0125843116194
263.707357149	0.0125532143341
263.641352521	0.012544368344
262.766577864	0.012687580203
261.994394021	0.0127947150017
263.599095588	0.0125627349504
263.704795393	0.0125272144119
263.83396294	0.012532493468
264.155750055	0.0124804336368
262.531288773	0.0127121407966
264.144453552	0.0124944552951
263.900882316	0.0125313318435
264.427982044	0.0124483397265
263.191285162	0.0126427189369
264.646114764	0.0124227048736
262.364816618	0.0127366168328
264.982156784	0.0123733255059
263.61635249	0.0125618218699
264.849843379	0.0123944836656
263.806029672	0.0125441141364
264.502088273	0.0124242592475
263.048701076	0.0126402284555
264.931659272	0.0123639158932
264.064237842	0.0124878370588
265.20147301	0.0123149630573
264.136267532	0.0125017541625
265.092792998	0.0123584625853
263.103632088	0.0126346520008
264.464130861	0.012429538702
262.947177154	0.0126601925004
265.078376049	0.0123520572004
262.826780711	0.0126784183495
265.54320641	0.0122660158406
264.23937263	0.0124873065978
264.310891224	0.0124540084122
263.940833131	0.0125241147765
264.030380955	0.012485259156
264.120022773	0.0124797131162
263.64403587	0.0125474403485
264.104669912	0.0125074334963
263.970683965	0.0124949785547
263.14517222	0.0126271971336
264.885294505	0.0123748412511
262.638092911	0.0127099590219
265.42547005	0.012302363735
263.095161302	0.0126528412979
265.004184491	0.0123473268061
263.736106792	0.0125377672817
265.011449474	0.012342725461
263.841265267	0.0125178091152
264.896476191	0.0123660860355
263.928366733	0.0125100539886
265.195281644	0.0123274827152
263.627655926	0.0125765403075
264.687954156	0.0123897716725
263.91052056	0.0125166061875
264.851625741	0.0123719985668
263.731285474	0.0125563232833
264.858566411	0.0123737974676
263.101899123	0.012639642285
264.954592508	0.0123608554747
263.462871469	0.0126044831274
264.852866944	0.0123715371873
263.237965647	0.0126199095852
263.687478126	0.0125443814912
262.491116895	0.0127301680021
265.400219811	0.0122842806868
263.756390944	0.0125340036565
265.05864941	0.0123450642694
263.208209743	0.0126144273421
265.56938393	0.012270107878
263.740876776	0.0125633670098
264.950658185	0.0123742265901
262.973903877	0.0126590845802
265.618786188	0.0122844085008
262.612194891	0.0127069823555
264.809502246	0.0123823165698
263.885839078	0.0125428702706
264.711158967	0.0123994108453
263.6564556	0.0125707270857
265.447230776	0.0122907984015
263.710687184	0.0125708390934
265.303948307	0.0123072288834
263.879780356	0.0125204334757
265.613942911	0.0122558745776
263.269806265	0.012614687335
265.343689318	0.0123074231928
263.609340364	0.0125578248021
264.754391576	0.012388442571
263.755924823	0.0125435725834
264.880246992	0.0123689174808
264.114379548	0.0125081865691
266.0528432	0.0122204951962
264.002103622	0.0125192842719
265.581918053	0.0122722009881
263.772897737	0.0125402319016
266.155239604	0.0121779461128
264.079985381	0.0125075026975
266.047216026	0.0122128509133
263.918323242	0.0125313252813
265.656995605	0.0122532461235
264.156268757	0.0124879293324
265.081033033	0.0123447526056
263.738019772	0.0125508475513
266.168220174	0.012177734889
264.113717335	0.01249366689
265.667783469	0.0122461737949
264.276108752	0.0124666042209
266.134815571	0.0121877760585
263.839564657	0.0125355683627
265.468672102	0.0122863630081
264.461613372	0.0124431758539
265.488450428	0.0122950487623
264.174084769	0.0124825626564
265.742646108	0.0122484945994
264.464309823	0.0124533183776
265.618000721	0.0122584961436
264.457724822	0.0124445712591
265.692232453	0.0122690392948
264.678508943	0.0124243472909
265.296794335	0.0123110555318
264.427914463	0.0124460917366
265.623568445	0.0122746608236
264.119086479	0.0124845106256
265.759623018	0.0122396096319
264.892089343	0.0123718552466
265.413842139	0.0122793451774
264.558504996	0.012410965803
265.790029221	0.0122311264578
264.277434318	0.012457468099
265.661150019	0.0122459551106
264.51976423	0.0124242359335
265.091117213	0.0123467716806
264.408277151	0.0124487426232
265.22882823	0.0123312606837
264.084709887	0.0124860195802
265.159184991	0.0123316312232
263.407776321	0.0125764222099
265.596876349	0.0122745492398
264.56692095	0.0124211394192
265.465792457	0.0122693565988
264.641701008	0.0123943727597
265.302911288	0.0122977807038
265.022403077	0.0123399820415
265.082096684	0.0123290179044
264.524181063	0.0124062821126
265.220631613	0.0123157289798
264.336269037	0.0124487696383
265.615326707	0.0122600511013
264.964200558	0.012330328658
265.399003639	0.0122934271272
264.629949774	0.0124082608738
265.969138962	0.0122525734967
264.743820836	0.0124117913186
267.262065559	0.0120538056616
266.387296354	0.0121661551526
268.080944968	0.0119485414215
266.160389909	0.012206534542
268.611884012	0.011876233775
267.02523554	0.0120872077112
267.828102117	0.011986008895
266.727840797	0.0121307738313
268.341959253	0.0119096383405
266.458455079	0.0121675767145
268.537841327	0.011885321959
267.81638809	0.0119809918396
267.138705564	0.0120748448143
266.874176554	0.0120978724121
267.938813231	0.0119556615647
268.526012823	0.011882243899
267.797966818	0.0119822812102
268.921687127	0.0118328160037
268.665369191	0.0118719284756
267.298464753	0.0120458231604
268.108709455	0.0119312317471
268.732719387	0.0118605858978
268.643026193	0.0118704148075
268.578103564	0.0118823240506
269.578941448	0.0117458349895
269.365957514	0.0117753758385
269.016045604	0.0118096017478
269.35778868	0.0117780894081
269.42443377	0.0117605186925
268.044923018	0.0119410318663
269.381697765	0.0117759411388
269.243343538	0.0117928999737
269.048968056	0.0118199254196
268.939370231	0.0118337398292
269.211178205	0.011790878954
268.904114622	0.0118253818075
269.16909622	0.0117927904115
268.800645943	0.0118385567968
269.645144498	0.0117343802846
268.766622222	0.0118425509604
269.671269084	0.0117329913299
268.90082072	0.0118345994018
269.816090189	0.0117116805914
269.050903339	0.0118071926157
269.973553284	0.0116901571142
268.846414702	0.011835805138
270.010649989	0.0116893216233
268.751410167	0.0118494475449
269.9332588	0.0116989709549
269.121681747	0.0118066801399
270.08129715	0.0116769565311
269.514323606	0.0117512073148
270.130821889	0.0116733795484
269.106489427	0.0118070362853
270.149232534	0.011669097222
269.523280719	0.0117485061803
270.02797428	0.0116873756115
269.438185125	0.0117645400477
270.388359285	0.0116380134083
269.695853664	0.0117307039768
270.290517028	0.0116525314017
269.629698643	0.0117365656358
270.261902287	0.0116574868571
269.750192271	0.0117248380859
270.335789254	0.0116467654222
269.748120777	0.0117205272909
270.415682126	0.0116368382515
269.80949476	0.0117131298007
270.332191959	0.0116406664662
269.497588629	0.0117508988778
270.708701681	0.0115950839828
269.854964179	0.0117098164661
270.764221429	0.0115891391719
270.279777181	0.0116532934296
270.879060846	0.0115763506357
270.262113271	0.0116578773607
270.860214307	0.0115792894335
270.388611021	0.0116412425643
271.039687089	0.0115559455444
270.31902822	0.0116511911795
270.961154674	0.011561099911
270.38161368	0.0116429414875
271.300887951	0.011521117812
270.331369924	0.0116427435497
271.168947398	0.0115403673131
270.786866738	0.0115900665408
271.346604386	0.0115155025361
270.985595129	0.0115642872143
271.265650931	0.0115273124185
271.102116557	0.0115482004594
271.412855914	0.0115052013283
270.939894704	0.0115710999529
271.479900642	0.0114998946867
271.219636122	0.0115323016504
271.445898453	0.0115042743348
271.272609377	0.0115266116664
271.498738591	0.011496780434
271.310458996	0.011521829906
271.726472885	0.01146723443
271.322882737	0.0115201107678
271.65121764	0.0114730112062
271.583098366	0.0114860139419
271.753979227	0.0114644250029
271.69197422	0.011471927302
271.815958889	0.0114555455164
271.620003241	0.0114830678898
272.025168889	0.011427907382
271.588362088	0.0114809615293
272.080805047	0.0114201044553
271.814726315	0.0114525484806
272.060796375	0.0114248598223
271.928018289	0.01143706932
272.206208167	0.01140391771
271.940265186	0.0114346816655
272.196723139	0.0114020822524
272.045686625	0.0114249830759
272.283620229	0.0113950330699
272.20213156	0.0114056619398
272.253161337	0.0113947705482
272.167530901	0.0114102080574
272.36879612	0.0113848556346
272.212320073	0.0114035321983
272.280477232	0.0113913831256
272.241728148	0.0113959603347
272.283603984	0.0113892566609
272.141745054	0.0114078915549
272.323383614	0.0113840298358
272.237263682	0.0113952070226
272.504655144	0.0113626410907
272.135245408	0.0114068520157
272.563872177	0.0113553402041
272.379599052	0.0113792686194
272.582434054	0.0113532491416
272.411826175	0.0113763427587
272.614159782	0.011350485117
272.391507077	0.0113782504737
272.631801464	0.0113496972797
272.324636703	0.0113848096396
272.482692794	0.0113646163728
272.21669274	0.011397627081
272.543780925	0.0113570954772
272.231100369	0.0113956415944
272.559021156	0.0113549400117
272.418454692	0.011375002496
272.603825176	0.0113503155241
272.394987611	0.0113784356681
272.514565319	0.0113599566702
273.587670126	0.0112239316353
274.913955086	0.011059289954
275.943942854	0.0109329833887
276.831760099	0.0108238172921
277.642749563	0.0107253161041
278.468528478	0.0106279594683
279.216665734	0.0105395356591
279.942378646	0.0104563567241
280.517359718	0.0103865987145
281.277316675	0.0103013732455
281.919344754	0.0102278555838
282.532696651	0.0101577067815
283.058458074	0.0100973344611
283.657672906	0.0100303743154
284.340591147	0.00995646620309
284.884261776	0.00989648940739
285.510523786	0.0098265764808
286.151641057	0.00975537058405
286.704296161	0.00969660904031
287.028500977	0.00966023898175
287.535707897	0.00960898709265
287.908875271	0.00957037616797
288.264151791	0.00953106982737
288.766642395	0.00947906051502
289.231399728	0.00942725661543
289.39846034	0.00941110578433
289.392515702	0.00940821856703
289.834023889	0.00936057519516
289.956429776	0.00935195729312
289.962925715	0.00935051599798
290.034663268	0.00934405679936
289.944232803	0.00935217013143
289.866413117	0.00936048824249
289.759662621	0.00937195401797
289.540672728	0.00939386441588
289.361586569	0.00941278804555
289.312744585	0.00941986023454
289.171252412	0.00943339391692
288.921798314	0.00945930682182
288.803481976	0.00947259370954
288.683926511	0.00948469987385
288.493784095	0.00950408418408
288.401487797	0.00951376055101
288.545915866	0.00950081252559
288.367953661	0.00951758144884
288.3296248	0.00952339716523
287.977289712	0.00955991411527
287.851781084	0.00957515116282
287.469106651	0.00961727544739
287.177183756	0.00964735348488
286.73662645	0.00969528802697
285.993837568	0.00977217637357
286.030664868	0.00976708479606
298.226672462	0.00852050367082