169.61051532367517
179.07436739972147
170.97793324509306
180.62957276187183
170.45620570949069
171.46660192314107
170.35011844492115
170.04449610578342
181.05123151724504
180.66170822940680
181.65770596735908
182.51395519820954
181.75882368930331
171.66010784125578
180.08718293517691
180.84275694008761
181.83277348603994
182.04465907362282
178.63368539093580
182.09681311531884
170.03597670662631
168.04466732263936
170.05127424888366
170.16866344705829
181.17812514346201
179.61998508761471
182.08450268445426
181.24563650750105
170.56401945830353
171.80144248641156
182.28260205916641
181.12878046455162
181.60902546933352
183.83544898221811
171.71619951575826
181.48431333600146
171.17214088451396
181.18057146199956
181.29271057237321
171.07256504129381
182.44885737717289
182.56322276494143
180.15341787514021
181.28163726799968
181.83751110701974
171.62353994089128
181.05769557009310
180.53785625792079
180.47793180181853
180.91057075936092