173.69793953845078
177.33949803034244
177.91142693401702
169.38102071660575
162.03111145583293
177.76821954066025
177.58109757057969
169.15140865244891
174.08370864526663
162.49290312623012
169.53344357241318
176.40677337563741
168.80473251931105
176.09381852302684
177.15728813410593
170.03996324124140
176.06185767293508
175.60518972223730
174.78444879365631
169.17388849711804
176.91635324161052
168.87422870564242
174.69732470265160
174.93711698987906
176.70474885097855
169.84632058967904
178.82318383503875
176.28663391187274
161.05332219791464
178.46445744675066
174.25460621940871
174.73354084318527
178.32597845147617
177.26630467015966
177.20575172231591
175.88647155872263
174.97570107660911
175.13654843165574
168.33008639314818
176.45253183706706
168.59363557807927
161.77609223703018
177.82670188933722
168.19946662302706
169.88556011312318
167.60814119219415
169.48186311228622
177.57452542282840
166.59285185467118
169.60295308830288