-80.8759675294	0.60202455469
-20.4975228046	0.303692296437
-62.8805532631	0.490727759651
-37.8083984618	0.369067715666
-14.3743853194	0.284927531936
-7.72638565509	0.265855427208
-40.2132213118	0.380807150187
-23.95348522	0.317791776618
-26.8338140665	0.327450210132
-35.4373123208	0.361390549883
-40.8861516433	0.380684669556
-76.6487845161	0.57405275462
-51.1731905211	0.429342265335
-17.639273826	0.285140065626
-18.5368021821	0.289069078455
-21.7142949568	0.307184519001
-11.0745129866	0.275676297185
-9.39862438641	0.269452317963
-21.0440183745	0.296799804149
-3.09252861775	0.251465177676
-59.4026788765	0.473920791413
-50.2542524989	0.427657625947
-48.970615983	0.413445035969
6.28459298653	0.226416695396
4.11336710314	0.229884198836
-18.8417885945	0.30004942488
-14.8572959328	0.275856591617
-33.7865043605	0.35561264113
-43.6038932285	0.39396729279
-73.6566969701	0.554593231373
19.1368039706	0.195278193704
-24.4207603502	0.319722103188
-43.9107987603	0.397891899159
27.1559475849	0.178286136997
-25.9020811832	0.316540386383
-46.5562654522	0.408821409754
-54.9708405524	0.44801200669
-25.7979650103	0.320997532238
-48.4405979685	0.419105065839
-12.390831383	0.278224579118
-5.69722588395	0.246273061559
-4.15443038866	0.251954043293
17.6523816426	0.198331779627
-20.7166292401	0.304932091567
-38.0760009798	0.371150940953
-34.4791960022	0.356648164871
-58.2929595624	0.467994953888
-17.4438661457	0.295900705709
-23.2686387551	0.315487180654
-26.1613972655	0.325362608289
16.8640819557	0.200229315193
-22.5972678847	0.301827480982
-7.17274346173	0.261203308081
-45.0132735504	0.402855697701
10.305608593	0.215757464319
14.4087070957	0.20694453621
-15.4248127837	0.276169277381
45.2471946875	0.145752867481
-20.4313309068	0.305969956636
20.9625595183	0.191273610826
-3.40333310282	0.251980913729
-56.7896450986	0.45751001089
-32.1718651809	0.349012020842
-20.5018876963	0.29990505662
-14.8801919259	0.277063416582
8.4000811288	0.221624369877
30.8581326565	0.17016791371
-0.0250586605776	0.241441468217
-56.9977592242	0.458712590657
-26.2261835293	0.315985365761
-7.37384300816	0.261072045226
-13.0770388952	0.273642742786
-15.2356413861	0.287261448728
26.6310025282	0.180390491888
9.13922251869	0.217758672454
-48.2166298603	0.418179593903
53.8525509252	0.132134216179
1.8460627037	0.234400850639
-4.12850465806	0.25498181428
-12.4842657707	0.272858989385
-13.5070439083	0.278938268931
-43.450177207	0.393921023455
-14.7319251641	0.286098059393
-14.5602392535	0.282290212327
-19.612044697	0.303124984061
10.4078444184	0.216078296633
-24.9282491948	0.31974564154
-45.6521941133	0.401924879392
-2.73204874713	0.247958252434
-47.1878947561	0.407783551101
-1.01440895802	0.241137981236
-17.67459614	0.289681773034
-38.2266913131	0.371400484603
-8.7702962494	0.261432524235
23.9189475074	0.185193774966
-34.0716788458	0.356632395169
2.78502276735	0.223440292518
28.3023790594	0.174571406677
-27.654228919	0.325271179643
-5.00805064938	0.247052789706
-17.2161164619	0.288293105573
8.69892450461	0.220678427103
-5.45045124354	0.256136634576
-8.43503203347	0.267141394532
33.0455002323	0.167488873927
-34.4633393154	0.355028329167
-11.2575439621	0.269607457673
24.6695715937	0.181176324282
-21.2885843897	0.298083188568
35.922539629	0.160512873283
0.497803864914	0.235897480106
-42.1387994622	0.384404887446
-7.12495641785	0.262858517132
15.6820424556	0.203969227393
1.57660535514	0.239146201027
-13.4655238431	0.282738137665
-25.0626866549	0.320617553855
54.0856956004	0.130976518675
42.4078994443	0.150329056134
79.3973808631	0.0986877415932
-21.5274108361	0.301578492588
-32.9974210132	0.35088531449
-56.0453242673	0.455720403497
2.73524804166	0.227850196347
-31.6486323067	0.345401177329
34.8066264957	0.163269836138
-18.3782832968	0.297595921923
-26.9777524803	0.325410517359
38.8432086789	0.156931680925
-14.0337190295	0.275886633627
-22.208475551	0.311617069589
-21.3105802663	0.309191915677
-12.0447390671	0.269510022494
-4.48556652974	0.249768679512
63.0247655052	0.119083034497
64.4465375852	0.117215182322
-1.59008385175	0.2471876908
7.68265629599	0.220349431027
-5.74309339537	0.254483946472
-12.9154561717	0.281338071048
-37.7186165504	0.371777755942
20.0504124479	0.194111308544
-2.28267452515	0.239670544537
46.6502350033	0.143178050311
9.71045582876	0.217591343046
-35.7901257409	0.362992631835
58.7626896552	0.124294043982
-4.15654136529	0.253660069618
83.1530549275	0.0946398585223
60.952752182	0.121468605196
-5.67443865558	0.258364284301
55.4912490367	0.129585367659
24.05327297	0.18524251392
6.39381839298	0.218195397263
41.6283588152	0.152036651683
-20.4533554273	0.306166823195
-12.8859139182	0.281281752943
19.1758872277	0.194500111368
22.7798561827	0.187167034126
-17.7185024718	0.29607612586
-24.7753558074	0.314092373369
-6.65010772456	0.252451241295
-25.5150160687	0.32228324539
19.478298236	0.193957530207
21.8965420526	0.189553302818
-25.0448406262	0.31391042587
-19.653656031	0.294948769153
34.2536813934	0.162320683077
11.111701359	0.214686012916
40.8913053947	0.153098208859
44.5385271438	0.147068955311
2.56035879185	0.227550646317
14.1059200559	0.204687957904
11.6414904274	0.20423089996
8.81540028258	0.209932840921
86.8220839401	0.090833468077
14.5605627987	0.206018043345
9.40578014263	0.209450134272
10.060707002	0.216559081172
95.5022684948	0.0819349109694
-9.85527758269	0.265714034072
13.8396190235	0.207810148977
-4.24162595809	0.246741452833
59.4435936715	0.12371590593
-12.6360846185	0.278335853806
11.227530095	0.212883601423
39.7036407878	0.155249155201
6.7584127163	0.215921719998
8.58485953163	0.220046976589
1.37096749934	0.239183942471
16.3939934439	0.201436663978
-23.9639627942	0.316173530406
69.8211127571	0.110166128832
17.8184366484	0.193183916694
13.9224301898	0.204268966372
8.42152539835	0.219129200672
-11.8960653353	0.278075230004
10.9197152338	0.213499797279
3.13071815177	0.224204799237
16.178259077	0.195387592762
50.9211086666	0.136734220608
33.0854049322	0.166754775629
4.09589451067	0.227588101063
3.93068391619	0.223990853908
65.6731120276	0.115264417407
-5.01406949205	0.250868450926
61.1521451413	0.121404802275
-15.0904611779	0.288108487928
5.71627976941	0.227397765328
48.3346952104	0.140814121254
15.7205985261	0.199005151501
35.9628103544	0.161417298814
-0.652320661295	0.242611200495
-3.62184739544	0.248032710308
19.3243725241	0.194365859385
40.3231478021	0.150944813103
28.003039622	0.176699052779
34.6937382005	0.164226536465
37.9162618502	0.157890021086
7.45132877113	0.2229002007
-4.46292319248	0.248062511507
38.0568550295	0.157537147779
3.11326820739	0.226347690807
49.3069632174	0.137375284061
3.74163201009	0.226391547278
69.821964742	0.110355116269
45.5001937166	0.145160298451
36.8050470166	0.160312038691
47.8491160445	0.141680881448
17.7962295376	0.195533255769
44.1220767207	0.147470702244
-15.914811688	0.290837724211
-13.0421680085	0.280294406441
58.5805564703	0.124210616975
19.6933199275	0.193766751494
4.8620406072	0.22169756749
12.152478609	0.207317757699
32.1548848336	0.168465105905
-6.80136276422	0.252040586761
21.4867846484	0.189374967875
35.9430362721	0.161417720883
24.576391485	0.179077723436
11.6980724543	0.21230853894
99.8644237311	0.0784216453906
6.02387969509	0.226829834871
22.2450797572	0.181695224958
10.5940179172	0.215177993522
-0.461584730161	0.235467892569
30.1921714419	0.171257677078
2.76697975328	0.226785618944
71.5139639048	0.107548482132
58.6445577926	0.124111099694
17.0764874811	0.192968037242
11.6313630987	0.204695699735
25.4490127347	0.180914107857
7.79794548187	0.21450442076
79.1453609279	0.0992489931124
5.31446398986	0.224053682462
0.21958864195	0.242336228988
94.9590213695	0.0830938240849
-8.51702184939	0.257386246884
71.1312791762	0.108992512339
3.86382224907	0.224845247349
113.224474623	0.0670355386239
24.0745588011	0.18058750213
4.9622786906	0.222760321565
0.898777565983	0.240024603662
21.488456859	0.186452473394
-3.34156315806	0.246879629753
72.810700564	0.106859247983
9.16493370446	0.210422126455
34.7569422345	0.16025367825
25.7178050048	0.176880286539
7.72063079013	0.215606397207
100.791195604	0.0777116995293
2.15590601127	0.236516428113
20.4103720463	0.186130023741
17.559697395	0.197631325129
13.3165330883	0.208354293855
47.295471549	0.142266226413
17.1883725023	0.199691025369
-1.34756976694	0.23970654896
15.5455868581	0.195950374784
24.614031376	0.182016474862
6.99874505984	0.217262380841
22.7285517723	0.182459658072
24.465534307	0.180304439929
51.9245016683	0.134685094199
47.7816055642	0.141672046297
9.05499619922	0.2131684502
-9.95284562345	0.266350400216
79.6205973968	0.0987059708694
22.3613844922	0.181971398926
116.99337943	0.0643250500084
6.81452450177	0.218862983844
55.7605486074	0.129466079822
35.7243792601	0.159997234234
3.74320164762	0.227433252468
7.02221605501	0.217717352149
14.7436476733	0.20139451511
-14.1462272068	0.275616529124
18.286790649	0.195334066015
-9.42275243625	0.265352268121
-18.3262280112	0.298571273941
42.2154746967	0.150275467084
22.947111773	0.183647000574
29.5222571057	0.170575025256
28.4112257551	0.175582299768
-1.90520425908	0.243192677815
76.0757155361	0.102257610403
8.98072247745	0.214396315976
9.66395291241	0.210706415698
47.0713398822	0.139805186556
57.3261655911	0.126018543727
47.0381798418	0.141959881051
20.7990041057	0.186105857185
63.0748493414	0.118189931013
84.3602622605	0.0926839248581
32.6153283046	0.164572230267
4.11573129146	0.224887682969
4.80271803765	0.222533976245
27.7000644276	0.17556891105
22.0380983531	0.182986947544
37.5053039964	0.155934603214
22.9359335879	0.184024241707
61.2491450946	0.119830177132
29.4521154462	0.172956990528
64.8957057944	0.117058429609
55.902225884	0.129018206436
126.330796977	0.0578618518779
19.4119318682	0.190857684741
35.2595438799	0.15954289305
8.09944878392	0.216355519516
45.3134417173	0.14236155253
42.6060347491	0.147195532422
58.7435378507	0.122612071566
4.22372422845	0.228856553024
44.6285821993	0.144560670366
10.2826788254	0.21185931371
1.0216903486	0.234519664464
83.199810581	0.0948968410767
118.568739394	0.0633530819536
11.9878507374	0.206332001477
47.2493979963	0.142287821383
30.7113342359	0.169644176381
6.31213813719	0.221471806116
12.5434198128	0.210469567914
38.6997356862	0.155168895456
34.1001913007	0.162181960899
5.85465579208	0.219406307351
97.8248584509	0.0794294030413
53.3865759475	0.130266297744
4.20874807292	0.231286359857
52.323809075	0.133403496399
88.5656709257	0.0883748368232
9.47891526558	0.212536271812
30.1632634328	0.167476266854
-2.2043911934	0.244690366391
8.60921184143	0.215179579743
37.2215989222	0.154924158097
84.3568718484	0.0941900063405
23.2530404077	0.183926209763
24.2439284646	0.183247772055
109.464893308	0.0697611718216
35.274116823	0.160713244654
15.7179210901	0.197749441985
8.29592551394	0.214096846166
23.8504286183	0.184430883641
19.6643219855	0.190036032295
45.39223013	0.141936626017
96.5112950061	0.0807248304912
27.0818937706	0.174529229808
110.523809801	0.0687123008182
51.4587371929	0.133167689402
36.7861484648	0.156445026856
50.7910072291	0.136861392942
37.4304795368	0.158769698129
89.133340348	0.0888554160733
56.0145666926	0.127431367349
51.9049058855	0.1343924043
13.4334847819	0.204524326458
56.2582742848	0.128598528257
47.0032538013	0.142019651057
8.95732132589	0.214204010107
17.9946877545	0.192903422452
13.6695323374	0.202444516932
33.984621976	0.160966058504
98.5393785288	0.0787837620479
89.8880419628	0.087927892369
71.8831734022	0.108239275126
124.635509159	0.0595040347496
64.5033927192	0.114820752492
22.2565795176	0.185052658588
76.8028142081	0.10249717139
90.7622287114	0.0877399134488
21.1391612111	0.188485655966
26.5744454929	0.179107043628
47.4201401713	0.141971003832
123.260786768	0.0602944596144
104.318208328	0.0737360980362
55.0149304786	0.129446009946
52.4871580048	0.134357778001
4.17064405826	0.226841855791
49.2975704558	0.136596627565
34.7335567648	0.15944749277
9.93918633043	0.211515432061
102.377419338	0.0769202480614
93.6048060218	0.0831914624095
21.9703741212	0.184930948232
59.9808298172	0.121005348602
74.8373479474	0.102627156877
36.1382237715	0.15772763343
37.4417256484	0.157068621623
98.8236377669	0.0785916287378
33.5727865586	0.164309856844
64.7145360572	0.117306371297
76.046352861	0.103313029013
49.3401692143	0.138387235716
28.2030467927	0.171701175201
7.95725791514	0.217995917636
80.1508343459	0.096681338775
75.0323778223	0.104589335681
108.353313343	0.0715261647347
38.1744313322	0.156325635376
61.4778898847	0.119685375815
106.919813751	0.0721339865612
94.3882346617	0.0834320364179
68.1563202751	0.11289480194
57.9950142273	0.125971695617
70.689714303	0.109774600214
66.8675200267	0.113772375273
92.7445811447	0.0847017433739
67.8425176895	0.11282437274
73.7463885246	0.106133707676
69.1132336204	0.109319760357
32.8446118706	0.167249707546
73.0771851746	0.104146987197
49.3548488096	0.136954943389
87.6381200402	0.0903279806074
80.1711940811	0.098132395183
53.6931698515	0.132465754571
138.9869144	0.0501445642773
75.3661840794	0.10398619767
51.9692404575	0.13489748896
49.4324956022	0.138030182809
96.3374121326	0.0819680485023
49.9295340535	0.137367664495
52.1401894564	0.134846862425
64.9728756346	0.11436137645
91.8487222209	0.0863810112138
69.1603528965	0.109341597581
48.0924970105	0.140572841899
34.0843326636	0.162591868387
59.6141372231	0.12364822756
132.454361906	0.0542394114577
53.2164421176	0.13247534936
21.3304269317	0.186326945385
74.3526067	0.102682602023
47.5865745152	0.140072899079
109.382142061	0.0709566019922
49.3102943284	0.136718563871
107.003460006	0.0721612529273
72.6083913998	0.106142096787
90.4838988561	0.0880185545393
54.9617440906	0.128559598105
44.0265299917	0.146774267811
43.8343923509	0.144085039407
15.4761604066	0.198975168218
49.2052945687	0.135644959857
71.6912670754	0.108284319673
101.858600632	0.077053617224
92.2126009399	0.0863227252095
52.4587506978	0.134377903745
145.379726817	0.0468134847095
116.133994496	0.0649011014669
112.557082863	0.0683490846009
69.1472376729	0.110479222561
101.393192288	0.0770803796153
53.5229995969	0.132746276672
27.697997151	0.173989569025
108.28633945	0.0712141820932
113.77037867	0.0670423438984
52.6520089779	0.132103070546
104.985948778	0.0746586229737
49.2590501944	0.135944268934
83.3696387671	0.095310854722
83.6088532826	0.093173604241
55.3282219978	0.129248490555
93.3530562807	0.0851524461782
60.8168797376	0.122019453074
85.0045211693	0.0934205417053
146.332319061	0.0462927054408
95.6812911398	0.0809072152726
31.9400622736	0.167285396271
132.197443886	0.053994318896
97.4286888385	0.0794418167335
91.348058758	0.0870081436965
13.0306608483	0.20571350002
93.0303993626	0.0837058996336
61.9548719075	0.120943691811
126.046258783	0.0580568522554
80.2508015174	0.0986881194867
98.1475513965	0.0800368319858
100.241710975	0.0768430360904
58.7054857547	0.123362204882
70.9162866525	0.107070777752
60.6340332219	0.120649681144
61.675294261	0.118625530823
59.1170873141	0.122875672876
84.9585120072	0.0930473125391
71.6922329566	0.106209756935
66.6009346434	0.114626943865
94.6974494233	0.0837057993169
112.495742345	0.0671225857035
68.2311562107	0.112693092629
127.51108739	0.0570446605996
108.906154488	0.0698236475166
98.8112709468	0.078924860448
55.2387875325	0.128407429862
80.3009756099	0.0959121516135
63.4657198779	0.11696452731
47.8100713808	0.139704905535
128.899809717	0.0559907320353
77.0825289134	0.10077707193
102.787687608	0.0750027793108
87.1384848234	0.0897232573617
86.6210945092	0.089997915476
72.3774810431	0.105054925965
89.7556326571	0.0871635246711
90.6997340116	0.0858751449088
66.106833123	0.112634200909
30.4995600182	0.169306696838
22.0321138471	0.185524480852
27.4083863109	0.174323165072
56.2395698902	0.124965294251
69.6581568136	0.110628308581
50.0606698852	0.136937698283
30.6564277423	0.168533943336
39.4181725347	0.154208923594
51.1069787103	0.133636347522
63.4242962632	0.115878045116
63.0823310895	0.117427516962
76.0760194977	0.103069956946
109.575991559	0.0702834711823
56.7520201759	0.128007871038
84.3170953283	0.0921878745653
76.8314041988	0.0998750523468
83.965027205	0.0931202543315
69.8248314942	0.108379749509
74.3842894656	0.104891706822
68.3074819549	0.112047385011
89.1478462509	0.0872188225784
100.801763681	0.0773344074384
80.4392060094	0.0959457846938
77.0899184091	0.101869687508
64.9595394628	0.116677630379
108.741895882	0.070990124953
87.0229892602	0.0893413762116
87.5121308309	0.0893742927492
83.3142168044	0.0926821776636
81.7084545901	0.0953000197273
92.1358884324	0.0844234184033
63.9581894743	0.115474063235
145.020087606	0.0470397517337
101.477663155	0.077114944828
103.396883606	0.0759717251473
108.097471478	0.0711190405649
112.849969183	0.0682687517599
75.309284531	0.103575710106
60.1464170264	0.119632944513
69.6070934926	0.107824463894
68.6299206332	0.108922562564
97.0282667416	0.0804874430702
30.2641561802	0.168843036757
140.969012019	0.0492762591316
117.732594596	0.0640065579516
139.750187273	0.0500451227637
65.0404952883	0.116350358998
108.33510408	0.0717024278829
81.0550567429	0.0947627481152
130.867521739	0.0555125154409
68.1668180491	0.11205455037
88.5392847582	0.0875317021965
101.783222811	0.07709219855
55.2733386384	0.129044748928
51.6674276416	0.134609096268
67.8765839655	0.112959559308
72.9000046137	0.104020111939
141.857780049	0.0490003286537
138.167033804	0.0510796531685
61.056795133	0.121274300189
116.60958973	0.0640369048151
102.596257899	0.0764643454771
84.1562253329	0.0925870482429
125.715255132	0.0589100709345
60.0018130188	0.12004806797
28.2052301572	0.173932276448
110.979606934	0.0687612565945
74.3420952513	0.104979315692
53.7155867156	0.13115739012
81.727225694	0.094070856514
105.299612127	0.074455814716
94.7225823288	0.0836010663492
123.536186275	0.060300439956
121.415434574	0.0617974997986
114.551393852	0.0668327879436
64.6930681003	0.116592095557
111.008262809	0.0698409569485
71.4984239818	0.108202225405
87.9153259214	0.0899796131259
99.3612609484	0.0793696415989
114.519814898	0.065588589601
153.634398741	0.042733512016
104.843319075	0.0729459334595
68.1409059089	0.112590458895
71.3601946812	0.108165770733
147.5784116	0.0461007237582
150.593468922	0.0446597627491
107.350797202	0.0725272070221
145.003223057	0.0472881588471
88.8031582836	0.0875571132483
68.4266677314	0.109357061556
86.0405085168	0.0900130498085
78.3227908404	0.100441617062
88.8845358665	0.0896701082786
44.6632328101	0.144652485515
106.8923421	0.0730053939495
74.4757121071	0.102215095236
52.2454463441	0.130695127346
81.2870484756	0.0970695140308
104.39417496	0.0752795086735
95.3362772993	0.0833342937009
96.1377306874	0.0826640687675
113.268194102	0.0679034069647
111.373195333	0.0690999090242
93.7693987476	0.0826885866248
138.04488538	0.0506984133387
104.128357236	0.0735561766159
108.723903606	0.0714525923032
152.697302892	0.0431825440523
117.68030126	0.0638502805584
57.11166012	0.125153048572
145.549815824	0.0471484287045
107.463089032	0.071884747437
105.373148449	0.0739216026376
67.9189956169	0.110399554385
73.7944461745	0.10591851058
68.5772191046	0.111638953757
86.0509266089	0.0906094234569
179.468185883	0.0321731462592
95.3152528287	0.081523377573
98.752624178	0.0800525010467
95.9743167986	0.082813793149
60.3689028982	0.119691767862
57.0631154198	0.123620880532
63.4848223485	0.115559759058
55.8539381397	0.12595991636
96.1865858056	0.0805326973909
93.6756555731	0.0844929426379
112.024450408	0.0676688748991
64.3338301693	0.115556483092
64.3922365587	0.115046035731
120.872454114	0.0621842741096
97.7405302479	0.08011441886
116.045107007	0.0658611991637
85.7123339048	0.092784577092
121.404703545	0.0610238936748
175.052220579	0.0338877829578
121.661043989	0.0612228770139
90.9368081675	0.0858289176797
109.73827442	0.0696458285451
172.497664998	0.0349725866409
87.8036706341	0.0890612012552
147.362072147	0.0462557288066
157.274730047	0.0415214195805
119.852292435	0.0627918870812
89.9880332024	0.0864730340283
82.9572844816	0.093863019515
155.768619207	0.0422560262051
122.272135736	0.060548083029
152.599507526	0.0436832516134
101.61729548	0.0773466040064
109.173841659	0.0702442787967
88.9991634848	0.0875642940112
114.303607786	0.0662190112788
116.656972696	0.0644644009578
127.145351095	0.0575448499998
80.6973862691	0.0963475671309
155.800522455	0.0422503019602
126.019173894	0.0582506004629
90.1011954565	0.0864588254599
148.960542775	0.0456203203816
116.724288265	0.0643555669506
121.665234202	0.0620104049325
80.8999690163	0.0956279875986
134.417135668	0.053454237711
80.1046531146	0.0967188091952
128.739196019	0.0570802385756
131.238851226	0.0556229813225
126.706957318	0.0579125582016
161.896121145	0.039467105669
80.1499371684	0.0963277376764
110.70184914	0.0698811498695
111.938120422	0.068320085762
113.621949711	0.0667427036217
113.691216898	0.0673464452676
139.430122968	0.05076266183
74.4628676018	0.103068480153
127.158695288	0.0582849787656
164.741727451	0.038266719813
140.354373918	0.0500730400231
135.141459702	0.0531534178877
94.1358707672	0.084138838857
107.483950505	0.0722955414981
134.992472721	0.0530310498174
147.421333457	0.0463572656421
85.4967315149	0.0930592766726
125.968023643	0.0582701237175
158.102015423	0.0411973717058
98.5607232342	0.0801250705951
141.99703188	0.0490131673977
141.469997005	0.0496148272256
99.1321126118	0.079502178504
115.350759534	0.06645477303
106.146302545	0.0736782614239
85.3979014172	0.0911831297448
118.710267812	0.0632374937563
148.444334719	0.0458417165704
131.315804791	0.0553131812628
155.6185394	0.0423418267809
142.900854566	0.0488166476317
144.004395152	0.0479738902977
151.071662538	0.0445507247739
86.6792904515	0.0918226702807
122.176886627	0.0606604783753
94.8808141667	0.0838605396783
132.970515594	0.0542829613975
152.234343121	0.0439099792092
157.35249291	0.0415288378902
113.421520634	0.0669636058308
108.675720953	0.0710521501072
120.335929774	0.0622467918402
135.501855189	0.0527156536607
130.218182975	0.0559545883057
115.613232214	0.0662024644671
116.495372315	0.0654639126362
123.21660315	0.0607211583319
128.515752743	0.0567135441603
145.730159128	0.047287151907
146.840962383	0.0466230061705
130.857114729	0.0557202011069
111.737977729	0.0681075695188
132.916036859	0.0544566008707
153.841043004	0.0432263034158
116.025783769	0.0653489261536
155.367220256	0.04248853267
122.60465592	0.0610348095245
111.045512247	0.068380640366
120.016615505	0.0626298150655
128.691640322	0.0566543517358
107.146698774	0.0730351668929
142.938734298	0.0486539196629
120.962523048	0.0624876433893
137.205460883	0.051713638521
100.39287224	0.0788537833458
90.908823837	0.0856126611054
118.058177185	0.0637910307744
149.856955614	0.0452061191432
147.998355472	0.0460094863044
141.926728696	0.0494080523181
106.220783371	0.0736284907998
121.072738062	0.0615048649248
138.369865279	0.0511583940848
127.438075851	0.0580971356433
138.447105673	0.050950179641
144.279084076	0.0480760542107
123.461239524	0.060616107178
133.091259066	0.0542148440463
145.623409039	0.0473648363686
161.46339837	0.0396832659537
147.953490012	0.0461783938857
120.27211622	0.0627145489114
123.262426599	0.0609749481076
146.85182283	0.0466626194119
125.414348259	0.0593983457448
163.40993094	0.0388242981428
115.650613242	0.0664304942263
159.663371504	0.0404556497168
145.22989575	0.047595336484
138.096807094	0.0515604032697
140.096176612	0.0504256560625
142.220346414	0.049224581219
163.865773018	0.0386065607665
145.97804699	0.0471982489482
163.05337027	0.0389583409128
103.025421597	0.0765059154898
148.217120831	0.0460304279697
145.512307494	0.047434596516
149.938407607	0.044927786584
142.631100824	0.0488909862441
144.740728636	0.0478517190401
168.769021903	0.0365186520605
141.637552339	0.0495630254137
126.74821624	0.0584892122903
114.31857864	0.0672077850467
124.657343655	0.0600070038083
148.767872581	0.0457195136179
149.426488666	0.0453544507785
124.487496988	0.0593510587397
171.805063526	0.0352864553186
129.442485065	0.0561538672872
153.879405268	0.0428237844923
155.10138795	0.0424696514859
170.02930176	0.036004710191
141.053915935	0.0493014126634
168.153330929	0.0367727083695
143.208166906	0.0486213031052
154.150534818	0.0430050028069
172.079346261	0.0350488474989
139.005225381	0.0509399568551
142.798517107	0.0489048698368
154.946666085	0.0426545373373
144.538402382	0.047902163291
136.254055235	0.0525435690694
122.844122396	0.0612200412226
132.426464929	0.0549368281459
135.58796502	0.0529886678134
137.793730512	0.0517022600057
147.506364581	0.0463440063331
117.390955411	0.0649145340386
148.031502969	0.0460918310738
132.859205896	0.0546776724751
138.627746094	0.0512317347517
126.788580123	0.058568363121
156.631895602	0.0418539365703
134.23343595	0.0538501919311
159.661305124	0.0404537807254
139.028216312	0.0509602143301
125.392659229	0.0595112535885
128.889168052	0.0572048836462
137.518691685	0.0517749337864
127.205600943	0.0581837825568
124.555518073	0.0598968050922
121.128127128	0.0624053702436
138.318129925	0.0514074732744
146.636661642	0.0467908353524
124.791207466	0.0597283641386
111.162983879	0.0696391987111
143.483816708	0.0485119674467
109.205332048	0.0711512058493
143.860066805	0.0482955688653
124.871415228	0.05968767326
140.135293119	0.050358460709
129.965385142	0.0564307382948
135.098579902	0.053198611068
107.814891384	0.0722884336343
135.996727955	0.0526401102559
115.16717961	0.0665865808086
137.335642877	0.0519706325678
111.518679118	0.0693803400548
142.667971352	0.0488752277816
113.469965779	0.0678856558462
132.730006836	0.0545935644233
114.476671123	0.0671149348558
131.869588197	0.0551181208085
115.91987278	0.0660449117815
142.960327132	0.04878103852
115.559522267	0.06624106682
152.450423813	0.0437852954047
124.283460526	0.0601050051668
144.505392763	0.0477167910601
155.54096339	0.042197589516
142.893884801	0.0483220487797
105.239518772	0.0731914325058
153.789708355	0.0428939001984
128.611684399	0.0565223471281
127.32601657	0.0577102136002
142.125492433	0.0488393369419
159.127512765	0.0405936583186
158.178343062	0.0411084698155
151.449563603	0.0441757395925
134.80217245	0.0529605322651
156.330441432	0.0418420191212
178.333739697	0.0327814563667
153.92990979	0.0429468716302
148.186508051	0.0457042619774
176.684003484	0.0333492027263
148.156334773	0.0459828176691
116.307426883	0.0659160911152
154.820158822	0.0426654010085
122.02408166	0.0616654181325
177.95139184	0.0328283642412
134.132411362	0.0538990750515
160.77115058	0.0398901584665
158.352283645	0.0408343241177
123.163626199	0.0608763092302
165.244925549	0.0377669059971
144.849531538	0.047764968588
163.331683283	0.0386781994599
141.951039972	0.0493533382097
138.769201025	0.0506641046515
168.343032638	0.0366584025533
172.393123084	0.0350414656365
148.658764737	0.0454334642592
130.765538213	0.0559541295998
157.406970399	0.0413997647678
131.489907269	0.0554698742416
134.209718704	0.0531786600472
145.923011105	0.0472032048496
148.75740672	0.045307287283
134.173107474	0.0532724298872
136.459417093	0.0524839458093
144.459802028	0.0477175256027
134.94478675	0.0534157830958
118.452897057	0.0642688280325
159.582571297	0.0402729841861
167.569410131	0.036949726797
131.520570296	0.0555323126183
134.742480716	0.0535235876649
120.143069916	0.0629695050975
167.406379653	0.0370462488885
148.234063212	0.0459584926229
124.239043386	0.0592031155147
173.06750447	0.034728348786
140.233152492	0.0497646450239
152.606945079	0.0437250365672
145.328157295	0.0475243613585
141.62526576	0.0495469193618
151.676385586	0.0439545653267
119.679325784	0.0633463336811
158.26003933	0.0408323476963
174.96927067	0.0340354471877
147.160753477	0.0465321992775
174.467764449	0.0341949575994
173.874885318	0.0344022030795
159.348721945	0.040561736384
173.611826932	0.0345860926728
158.791654699	0.0408252601099
162.825932041	0.0387175372435
168.68816431	0.0365511717702
153.769209552	0.043020407264
177.665395587	0.0330502428319
168.252954971	0.0366576766896
150.681545032	0.0447313390887
173.736652835	0.0345330907166
157.904336775	0.0410774593994
143.238055025	0.0485431225001
146.148475092	0.0469611624364
159.261616116	0.0404426267482
177.25073331	0.0332134300673
132.487066128	0.0541312022327
170.543595362	0.0357545984755
158.66237711	0.0408864472117
155.880192514	0.0421809315833
157.564479174	0.0412406492218
174.705042386	0.0341881136257
167.219733464	0.0369742847924
177.646172062	0.0330538656106
176.652757627	0.0334337168055
175.519726339	0.0337898875475
173.165127936	0.0347504374849
162.566309079	0.0391439206497
155.72181043	0.0420161757025
170.767560206	0.035602824394
159.74231236	0.0402915902495
172.846437103	0.0348031358491
164.801967789	0.0381611955462
167.402674435	0.0370628525652
165.78341661	0.0374875924261
166.250802701	0.0373523534718
180.244379729	0.0320948665987
169.287073231	0.0362724195513
174.069204907	0.034254188532
159.466386676	0.0404351557657
131.153665681	0.0557370305937
149.844618543	0.0448649185391
164.849864725	0.0381450852669
156.486951314	0.0417136629626
156.690234808	0.0416692885165
146.536143623	0.0464712244387
148.585123475	0.0453885428217
147.087184762	0.0461985413797
149.780849745	0.044807689171
182.502170978	0.0312682079445
168.622899939	0.0365746250544
159.657776999	0.0404306774944
178.855589427	0.0326038263508
167.763604418	0.0369233092708
176.877733958	0.0333289920816
178.441566405	0.032742319963
146.665717071	0.046791698921
151.944931391	0.0441029995063
131.729950162	0.0553849889093
171.748110897	0.0351950917634
155.625025705	0.0422852816656
154.963409248	0.0425887191753
151.257050277	0.0440724461897
146.73044011	0.0467161626611
158.926583621	0.0407593332712
155.848838446	0.0418499377177
173.311253556	0.0346758272354
159.887866446	0.0402479986404
181.138855705	0.0317591212183
160.923754718	0.0396389948804
181.344807719	0.0317003674919
159.448989123	0.0404923994385
158.39808631	0.0409866237774
175.154659623	0.033983392986
149.922287684	0.0450964230186
179.006129741	0.0324693032695
179.862884716	0.0321475412408
167.232564331	0.0371278165347
180.863499409	0.0318057791131
168.994777053	0.0363640534728
167.874777924	0.0367830014832
170.379087618	0.035858623778
168.284883103	0.036680079441
146.532654269	0.0468493192049
148.003946505	0.0460807153848
167.287825176	0.0369253706819
170.9624909	0.0355320752682
169.498394883	0.0360921378932
151.141902917	0.0444753778651
178.540609632	0.0326842671497
176.286352851	0.0335361492558
157.645427358	0.0413198267181
161.921762647	0.0393961688499
164.160119924	0.038409562205
166.334337936	0.037486149292
147.498521416	0.0463132972378
144.597472714	0.047897576751
180.360135002	0.0320099775368
155.116092861	0.0425336692233
185.531999528	0.0301662462657
160.154335779	0.0401669963523
169.984936723	0.0359654730408
174.360847181	0.0342487564508
154.242300707	0.0425341182723
181.162633645	0.0317552572036
132.933862735	0.0546349768461
176.648742946	0.0332701040175
172.419697917	0.0350142039051
176.970974375	0.0331643097029
160.490744205	0.0396434439447
166.522860741	0.0373958541343
156.950063918	0.0412884038003
153.265207441	0.0430623366897
150.122326813	0.0445635116125
171.377260308	0.0354063835202
149.71201575	0.0447423693179
190.34948827	0.028569323636
169.503092833	0.0361488079871
168.012677057	0.0367914406318
159.610834435	0.0404021336238
172.345944194	0.0350323966663
166.546305922	0.0373836810868
189.870950497	0.0287237543854
166.208583291	0.037518993193
190.119612088	0.0286491804255
174.493100448	0.0341573368976
178.487468612	0.0326921857241
184.486239795	0.0305796228195
188.653916357	0.0291191614264
183.722096456	0.0308134162229
168.904798812	0.0364162948886
186.658188074	0.0297757381174
179.783096805	0.0321958765774
183.216545769	0.0309549149542
178.51070924	0.0326458619211
182.856482896	0.0310741151649
186.70310918	0.0297430916168
184.754819055	0.03039420266
186.770152298	0.0297042998974
175.599787224	0.0336216205404
173.239859874	0.0345026048061
180.044926876	0.0319800927363
188.891638735	0.0289856593228
185.038750257	0.0302604184528
186.859283585	0.0296420574071
183.044338135	0.0309343759352
173.247520803	0.0344542304264
182.642944012	0.0310795249485
152.979413826	0.0431277795707
185.422141357	0.0302479495143
153.803745972	0.0431396984141
195.543688023	0.0269180753059
165.376453756	0.0378753892634
190.023385471	0.028697612454
170.751710754	0.0356472436999
180.254406214	0.0320694423575
182.115088493	0.0313705750494
176.81467825	0.033328612513
180.252853424	0.0319259781466
172.465306574	0.0349762610858
155.692828268	0.0422238197131
191.279229087	0.0282586814523
175.18871862	0.0337324079451
191.612768018	0.0281843291992
188.601866241	0.0291683776513
165.330323619	0.037551864658
176.300407122	0.0333597471644
181.354001199	0.0316193444707
170.074646475	0.0357079293983
164.773859955	0.038130537271
179.982621255	0.0320583749416
182.415835656	0.0312331050967
179.213065276	0.0324299033867
183.430413716	0.0308467865984
175.38098545	0.0338650034146
181.552874642	0.0314841878736
183.163797673	0.0310461549001
148.771683744	0.0456594471585
193.242152177	0.0276079429459
194.078732718	0.027417585371
164.343605664	0.0379589605178
182.316397147	0.0312648504211
179.722385325	0.0322518502529
186.053083297	0.0299785881201
177.150767994	0.0331598019961
181.402653627	0.0315855209388
187.59185171	0.0295400938608
193.496379561	0.0276211417909
190.504997137	0.0285392513959
164.708221987	0.0381406076987
173.005818496	0.0347633468301
173.703643352	0.0343701643591
180.24200854	0.0319662904838
171.407855645	0.0352844708238
175.82764948	0.0335426390037
187.645484275	0.0294825256356
179.37785417	0.0323523112726
184.384861426	0.0306306824876
177.841713067	0.0329594815195
189.203698486	0.0289145643203
186.102623418	0.0300395961256
176.486249827	0.0334408556925
187.1206969	0.0296974854996
195.343506596	0.0270591264639
171.684170735	0.0350275069205
176.381275483	0.033228020237
187.397364863	0.0294909893535
175.197712241	0.0337123962167
192.65459904	0.0278473845533
190.24032367	0.0286115585399
196.617290504	0.026653144983
189.82597019	0.028771025479
191.182578313	0.0282266080554
184.975055768	0.0303239825446
197.478213753	0.026356724574
185.296791206	0.0302650738165
197.65915874	0.0263290566283
187.723535988	0.0294645094129
188.505327826	0.0292129334496
192.300005468	0.027980855632
194.177203848	0.027407004752
192.898024679	0.0277757574066
193.724787238	0.0275652605817
186.923388111	0.0296735623867
184.923974153	0.0303673066725
188.935044727	0.0290318100218
181.305844518	0.0316895690794
186.304888268	0.0297936436437
182.391865253	0.0312336764955
181.831382527	0.0315034110895
194.367832715	0.0272963628746
192.717478404	0.0278539869758
188.354978795	0.0292736031448
194.423165433	0.0273228959414
187.208362074	0.0296550197444
176.597779326	0.0334052586048
194.482332726	0.0273122858124
192.015077537	0.0280928758162
187.146485952	0.0296699355433
184.605115283	0.0305309882328
194.330781944	0.0273547905099
190.70776634	0.0285137077162
182.242294523	0.0312234250374
195.644710874	0.0269493723313
182.650088819	0.0312255762952
193.342916974	0.0275370656023
188.548538528	0.0291395375412
191.183249201	0.0282349575591
195.090501752	0.0270516107297
195.182756703	0.0270523433428
188.294945291	0.029213284593
191.190113673	0.0282966215479
186.885115888	0.0297509405288
190.33344221	0.0286021015261
192.553118229	0.027901694466
189.267721599	0.0289910105178
189.27579015	0.0289633304584
194.337064657	0.0272708133663
185.70178311	0.0300499874644
185.183860888	0.0301991505268
185.155347903	0.0302945833087
191.782069391	0.0280151245171
199.968789631	0.0256781582794
183.096967336	0.03088942101
195.751098297	0.0269246348601
187.923431849	0.0293369780228
180.266933689	0.0318545601879
177.203438589	0.0329210469198
165.905690228	0.0376149261816
193.671101509	0.0274697455771
197.451869184	0.026407623137
196.415199058	0.0266750875255
191.741146051	0.0281538588134
187.335154679	0.0295055447597
190.905946308	0.0283129241495
197.292482279	0.0264384454829
182.966495281	0.0308891762221
191.550139247	0.0282207792752
190.473704913	0.0285444074022
191.849848314	0.0280735433118
194.6768141	0.0271876394213
198.904461306	0.0259549815512
189.535538858	0.028840075035
189.285660785	0.0289167016582
196.214171031	0.0267515359159
194.377154517	0.0272296161726
197.289570522	0.0264625799849
194.449412814	0.0272667533689
194.899649545	0.0271555846001
200.804650025	0.0254155982995
200.201423982	0.0256035520812
198.535595222	0.0260969675246
191.460696216	0.0282807772497
191.343630897	0.0283254393415
199.926195011	0.0256976229513
196.823421412	0.0266297735679
198.105432705	0.0262368538441
193.22141483	0.0277315328455
191.589891841	0.0282494132981
190.478561954	0.0286033322912
192.999645183	0.027804352564
192.905719341	0.0278316245062
192.115462325	0.0280765423553
196.272566872	0.026785173243
193.297716317	0.0276840167477
193.318460737	0.0276649085333
190.371620319	0.0286401423896
198.024724615	0.026252835016
196.456497583	0.0267181927287
200.337986371	0.0255772476005
197.042809054	0.0265317617883
197.635276142	0.0263625759191
195.938815436	0.0268722121595
194.036946382	0.0274621977386
196.978421658	0.0265677233307
195.712169505	0.0269007015157
198.857503167	0.0260232142709
195.10833208	0.027076285248
197.41103717	0.0264360813507
194.914076427	0.0271425222398
191.663690928	0.028171689265
195.74268977	0.0268542949688
196.239007535	0.0268157824909
195.347700747	0.0270291214301
193.879661973	0.0275185200508
188.896477285	0.0290407066985
187.080650368	0.029591255879
196.189099525	0.0268318653633
190.226792182	0.0285861417758
191.824631281	0.0280365723027
194.360333118	0.0272653021741
191.558996037	0.0280893475044
194.636009118	0.0272288703079
194.369122586	0.0272293993129
195.153458268	0.0271327287486
193.028785108	0.0277614356536
190.659834188	0.0284460424217
193.538405979	0.0276142787565
196.821954547	0.0265672210881
199.533451326	0.0257972819667
197.852536703	0.0263036635689
195.178108169	0.0271162191882
199.805531288	0.0257337245512
200.450300619	0.0255120628776
200.278479276	0.0256175538179
199.891575344	0.0257445373301
196.835049657	0.0266232831705
197.314307556	0.0264848444707
197.543578197	0.0264260144066
199.609669056	0.0258199248977
196.177476989	0.0268452096418
193.190610216	0.0277706039663
196.096120103	0.0268847296355
198.274761331	0.0262310565227
196.993313186	0.0266000427551
195.041814465	0.0271974045857
198.910398796	0.0260324925039
200.330066256	0.0256263565777
201.098136926	0.0254048134743
198.272944314	0.0261954332536
197.906500079	0.0262942073448
199.170459509	0.0259276411708
197.855106701	0.026318881595
198.538218287	0.0261347994231
196.86898766	0.0266303744808
199.298313038	0.0259079128302
198.255004897	0.0262029407708
198.803511804	0.026046202768
200.125804992	0.0256595088895
198.978137112	0.0259503867593
196.922575153	0.026617004915
201.866146577	0.0251507623809
195.827506342	0.0269587862041
198.174299409	0.0262287367144
197.506783506	0.0264251353221
201.560132829	0.0252136734225
202.278878639	0.0250542606981
201.160418596	0.0252914405959
200.636312559	0.0255306819014
196.510705607	0.0267260405754
199.034391505	0.0259448257067
201.544606584	0.0252692993845
200.871752573	0.0253770148347
203.409935884	0.0247167295
198.833709119	0.0259258486921
201.31286454	0.0253288721655
200.852367929	0.025403657077
200.735424572	0.025506417748
198.279700432	0.0261715206769
204.78728844	0.0243792547137
204.535776232	0.0243850709683
206.553276471	0.0238777188119
205.660844213	0.0241004976609
202.953546162	0.0248476259316
202.086149243	0.0250887689273
205.797953226	0.0240849794396
204.719979356	0.0243871971436
204.981265798	0.0243238449397
205.50541632	0.0241713468735
204.065187259	0.0245873088548
204.056033239	0.0245780272994
205.488001418	0.0242064524496
203.909679432	0.0246207005423
206.137785773	0.0240135439507
205.837699883	0.0240916962352
203.32641373	0.0247843780899
206.442314139	0.0239589147397
207.555800592	0.0236236800459
208.615116867	0.0233654849544
206.633160022	0.0238816222172
206.712998003	0.0238665725162
210.374623782	0.022904704128
209.735153459	0.0230653642356
209.011263675	0.0232369583873
205.299758771	0.024238874452
209.355769084	0.0231530763496
210.495839378	0.0228707360703
209.196862992	0.0231952241984
207.354847593	0.0236975048848
208.914453403	0.023266611871
210.22661467	0.0229299919074
208.085241048	0.0234827176249
207.619473351	0.0236139467151
210.710235755	0.0228102669674
211.19209515	0.0227008556553
206.870243924	0.0237782450949
207.438056474	0.0236576434182
210.455985642	0.022872613315
212.735237276	0.0223198107563
209.266020079	0.0231665222892
213.23231032	0.0221852714339
212.673722926	0.0223187567331
211.863009022	0.0225288556523
211.91606734	0.0225140080193
214.003151736	0.0219710990153
211.095294463	0.0227049633914
210.960620966	0.0227377671366
211.189748337	0.0226762673997
214.93526065	0.0217351703832
215.757721873	0.0215760742546
213.953197105	0.0220142488304
212.595882102	0.0223518293607
214.169093494	0.0219149947685
211.344939665	0.0226317942026
214.17619203	0.0219118598063
215.189866454	0.0217163602582
215.208031913	0.021662092778
216.742168802	0.0213376734838
215.198604325	0.0216647024934
217.891982626	0.0210281028456
217.548893351	0.0211435473671
217.398455349	0.0211298652552
217.561517874	0.0210948726575
219.273113608	0.0207311232283
218.825339778	0.0208325511967
216.660347979	0.0213563621572
217.898980645	0.0210052768728
218.213572513	0.0209426996073
216.495631736	0.0213499470369
218.106861156	0.0210146167897
217.102719709	0.0212089185922
218.396746289	0.0209512221417
217.783774481	0.0210853408786
218.405928753	0.0209451279307
218.544087018	0.0208545938521
216.18803979	0.0214276714369
217.241104383	0.0211588903085
219.983549447	0.0205698511693
219.621880352	0.0206062293659
220.413273759	0.0204252909248
218.456226216	0.0208717357054
220.875233294	0.0203343483177
221.455676338	0.0202195927092
219.785672596	0.0205697574187
221.862207111	0.0201391491853
222.006559089	0.0200829127682
220.185944207	0.0205209305711
222.628848214	0.0199263896077
220.912282858	0.0203124939296
223.494864646	0.0197641928148
222.393228939	0.0199663200286
223.437065839	0.019785092377
223.482444543	0.0197165682909
224.661384082	0.0194654890945
225.696491529	0.0192606394873
226.046366005	0.0191600524531
225.281297587	0.0193638251517
226.557037644	0.0190553481313
226.531718513	0.0190447186905
223.679841103	0.019673753654
224.3766064	0.0195153561649
227.340333768	0.0188927140622
226.505246457	0.0190473244716
227.168731898	0.0189526707592
227.421486759	0.0188548351877
228.190964756	0.0186954166046
227.538021809	0.0188332574282
229.154458686	0.0184998724093
228.059747681	0.0187650314323
229.324317725	0.0184728443718
229.277891048	0.0185092577538
229.433425998	0.0184479019197
227.024289556	0.0189469179417
226.39560728	0.0190848697202
229.671692454	0.0183835534067
226.570056445	0.0190406086489
222.4074558	0.019963997749
214.047553873	0.0219527771968
215.710016891	0.021555896369
211.818661474	0.0225462627536
230.318753284	0.0182723181329
217.95749462	0.020990624864
229.872969027	0.0183712440987
226.103288145	0.0191439988082
224.532844702	0.0194905384403
228.645998802	0.0186292495898
221.1076166	0.0202775734749
228.776855925	0.0185634246307
222.847248934	0.0198922317839
230.098726756	0.0183057062544
216.818924271	0.0212899258138
219.916620217	0.0205512065263
223.320470437	0.0197594655672
233.917355371	0.0175534499016
218.346355617	0.020954788138
232.080471433	0.0178880324337
229.299331557	0.0184922869579
234.456240747	0.0174235177405
233.044613451	0.0177213896452
229.893670169	0.0183477017015
228.779419665	0.0186051208197
225.562708613	0.0192908813144
229.601406697	0.0184263397905
228.412026427	0.0186757604237
227.437830096	0.0188930550375
231.143019753	0.0181246783365
226.845918094	0.0190053868889
224.120559032	0.0196221260409
230.288859327	0.0182606679192
222.902445985	0.019899796259
231.462037032	0.0180253878224
223.630051348	0.0196865765526
232.377629055	0.0178658469504
229.20649267	0.0185102190364
231.891552481	0.0179483538542
230.952825624	0.018132322696
228.08083395	0.0187439372319
230.855847488	0.0181764166629
231.006736807	0.0181412139271
228.412334923	0.0186891513854
229.383963618	0.0184809587511
229.588462674	0.0184331016601
229.489664667	0.0184649627183
230.882071538	0.0181533794024
231.09054478	0.0180843527731
232.832843869	0.0177747850878
228.582427055	0.0186447278211
233.094489329	0.0176846689495
229.081438982	0.0185506629367
232.524348185	0.0177854820447
230.760412775	0.0181598174012
231.16901395	0.0180916447044
229.441006936	0.0184351620673
229.645608865	0.0183917332535
233.012879598	0.0176901122494
229.449763584	0.0184320545023
229.754500458	0.0183759340629
231.953006913	0.0179127287529
230.385466285	0.0182579416362
230.281055997	0.0182720763617
232.473796642	0.017812484466
233.019921409	0.0176954804497
230.92932962	0.0181422367475
230.837921219	0.0181571268837
231.55727224	0.0180269846144
231.14108229	0.0181034771895
233.28445299	0.0176512405994
233.496254749	0.0176157053535
232.058242749	0.0179109561514
233.316147665	0.0176450077065
232.68618895	0.0177918786752
232.505925469	0.0178225157655
234.849006411	0.0173351836864
234.414805867	0.0174155698061
234.591217822	0.0174073427704
235.310789329	0.0172296297826
235.739639995	0.0171542764751
234.87906679	0.0173366964452
234.115668386	0.0175035014379
233.928438056	0.0175359261604
237.964578464	0.0167418576811
237.500184355	0.0168288648983
235.167307585	0.0173010847811
237.531483933	0.016811733053
236.551913487	0.0170090804771
238.686949464	0.0165939416552
238.666653526	0.0166048865293
238.484694782	0.0166406556538
236.859247618	0.0169633757715
238.518682183	0.0166252237009
238.0931901	0.0166964357308
239.166226853	0.0165068146368
238.778601983	0.0165686053325
239.056350218	0.0165113561529
237.840635121	0.0167726113456
239.191920318	0.0165065710501
238.673695856	0.0166072453054
237.508504454	0.0168128159917
238.945872568	0.0165439439904
239.750077699	0.0163924170985
238.350626501	0.0166691514586
239.747840124	0.0163945298185
239.582118792	0.0164324136378
237.697136872	0.0167727145866
240.853108361	0.0161845944908
238.125343524	0.0166984037148
238.772443827	0.016575600459
237.075800911	0.0169052525503
238.064903235	0.0167281573465
239.251081727	0.0164730591597
237.356052334	0.0168308653651
240.301811675	0.0162936102243
239.017131712	0.0165268194813
239.445646337	0.0164531930555
240.108972444	0.0163169102992
238.751479448	0.0165795827606
238.942812438	0.0165481246247
239.291114352	0.016480443534
238.975523539	0.0165163427351
240.299940823	0.0162690902534
239.272111702	0.016477779826
239.776379663	0.0163915710572
240.580466621	0.0162322022549
239.291935388	0.0164596049163
240.627367978	0.0162256653414
239.085312448	0.0165089521736
241.462717343	0.0160701639247
239.089755611	0.0165193062532
240.318559087	0.0162697940116
240.107421934	0.0163296388922
239.858350471	0.0163665263667
241.172912521	0.0161267094555
239.815375131	0.0163764675036
240.386094073	0.0162755707843
241.043588679	0.0161318145388
240.224845362	0.0163027058608
239.752893419	0.0163906077034
240.918331743	0.0161667064992
240.884824886	0.0161642135504
240.7347508	0.0161870341571
239.999099147	0.0163334106342
239.558755013	0.0164263100541
240.252503093	0.016266630048
240.425227563	0.0162382025872
240.32829345	0.0162493762486
240.630201289	0.0162069616801
239.530718651	0.0164194193171
240.215499516	0.0162961164289
239.242857246	0.0164561034152
240.092043739	0.0162985661569
239.634859617	0.0163889308113
238.736507972	0.0165651916942
239.491709673	0.0164153976114
238.713322638	0.0165643323329
240.212333147	0.0162730209558
238.601949284	0.0165964401474
240.016546751	0.0163164075712
238.028083043	0.0167016843486
240.340680685	0.0162605532006
238.787060774	0.0165541118985
240.089780604	0.0162947436642
238.014545658	0.0167082489809
239.779271242	0.016354055393
237.98009189	0.0166912018208
238.57193678	0.0165991707212
239.523425766	0.0164282902981
240.514184268	0.0162480913282
241.334793303	0.0160917080587
240.720923266	0.0161870912995
241.082757912	0.01612673861
240.547791288	0.0162148237965
240.485357622	0.0162228835586
241.172662465	0.0161102666775
241.277580053	0.0160926114676
240.855960103	0.0161880051613
241.12236358	0.0161173265776
240.939332852	0.0161582067525
240.437995496	0.0162662117858
240.483491783	0.0162625197518
241.631197429	0.0160265955533
240.701883177	0.0161994664657
241.778627129	0.0160130370693
241.006891486	0.0161431120831
241.224574924	0.016123929713
241.135791628	0.0161621400445
241.281555508	0.0161237395976
241.317200108	0.0161329175251
241.676239465	0.0160615011106
241.068355591	0.0161773709212
241.564665517	0.0160690161909
240.380858411	0.0162924340253
241.719113496	0.0160414012961
240.902264477	0.0162007235931
241.138682427	0.0161766813899
242.365855109	0.0159407271728
241.160553205	0.0161611827224
241.712431879	0.0160538861352
241.34578885	0.0161471943586
241.910333379	0.0160221160545
241.314802691	0.0161200985562
241.351461535	0.0160999040033
240.848860004	0.016214537399
241.962577463	0.0159717993196
241.479747769	0.0160804823207
241.751974233	0.0160448661566
241.720432362	0.0160757227147
242.346116408	0.0159187854993
241.367290804	0.0161244277689
242.537317835	0.0159147298806
241.878235263	0.0160311302346
242.635435879	0.0158559604691
242.245052703	0.0159384299645
242.74181371	0.0158432201789
242.247371459	0.0159408127486
242.910622457	0.0158343741269
242.362966191	0.0159499822902
243.045206479	0.0158011517748
242.186548336	0.0159638397601
242.945008247	0.0158109602899
242.384821789	0.0159177561622
242.530798961	0.0158875738795
242.689051926	0.0158594465031
243.133842447	0.0157906647469
242.626031428	0.0158987789614
243.323803942	0.0157656321454
242.378222233	0.015940478272
243.299785451	0.0157696499317
242.843345428	0.0158407663685
243.069589332	0.0157742993907
243.07807314	0.015794005248
243.07511286	0.0157847373594
243.050809389	0.0158287173768
243.387536993	0.0157540824461
242.926139168	0.0158486042414
243.433461197	0.0157466774588
242.887097484	0.0158539561444
243.459622489	0.0157437145473
243.259034181	0.0157807229182
243.410734191	0.0157446374673
243.386918765	0.0157510522486
243.326743598	0.0157258337173
243.380035917	0.015734237717
243.358722547	0.0157337071999
243.520351368	0.0157337693229
243.404491132	0.0157230753138
243.403506054	0.0157317519991
243.430553009	0.0157328790899
243.571902354	0.0157330865837
243.450032578	0.0157392765174
243.382263034	0.0157662265733
243.414628038	0.0157465385904
243.448918592	0.0157548390389
243.239347073	0.0157772028688
243.444954974	0.0157528903806
243.31637857	0.0157628187695
243.617178198	0.0157048975171
243.279866287	0.0157442713703
243.604089645	0.0156867441458
243.434619151	0.0157130785248
243.528394082	0.0157114108513
243.360926756	0.0157420892581
243.77176872	0.0156558819536
243.365969297	0.0157300130315
243.795180453	0.0156580828352
243.36329301	0.0157187064448
243.624657108	0.0156736452232
243.404453943	0.0157169491557
243.623705905	0.0156844214138
243.433333536	0.0157350053899
243.724827209	0.0156831236542
243.360154404	0.0157515508151
243.603403774	0.0157164461124
243.433481697	0.015742218263
243.640223716	0.0157085674649
243.396569265	0.0157476843305
243.654906012	0.0157020597811
243.35531424	0.0157566961988
243.611894714	0.0157021970818
244.230133705	0.0155995385748
247.180857537	0.0151090731984
249.713082383	0.0146941433114
251.85642863	0.0143471453649
254.034969619	0.0140057321982
256.262861094	0.0136569047698
257.811876237	0.013426636893
259.288003949	0.0132068933197
260.781443704	0.012980113761
261.883347881	0.0128218624762
262.813303228	0.0126903575294
263.572109151	0.0125794701814
264.312284057	0.0124788567503
265.060502455	0.0123736352712
265.724271363	0.0122838369125
266.60768807	0.0121691718621
267.076757543	0.0121075729504
267.809147013	0.0120111599605
268.207413507	0.0119585079675
268.964573508	0.0118637631626
270.19570735	0.0117086656217
271.278409123	0.0115721539263
272.258246073	0.0114419034398
273.06405409	0.0113335673758
273.669284811	0.0112575954809
273.196022867	0.0113208830512
273.76979773	0.0112472743708
273.31093157	0.0113060882457
273.556466654	0.0112691750103
273.254154203	0.0113052406997
274.251371912	0.0111767522593
273.400651716	0.0112895730168
273.326042755	0.0112955453712
272.428912125	0.0114088400998
272.660017574	0.0113840070861
271.587310274	0.0115181382562
271.520974578	0.0115278465537
270.96404538	0.0115976760402
270.858715967	0.0116166435249
270.465645337	0.011664011052
269.92067806	0.0117335106826
269.530617418	0.0117896002874
269.264617772	0.0118229244111
268.542976477	0.0119126462159
268.493834842	0.0119211605336
268.04753897	0.0119702355098
268.055319004	0.0119764089775
267.834962266	0.0120038236523
267.528313437	0.0120379516309
266.900371121	0.0121290197203
266.577729881	0.0121719371108
267.058592568	0.0121029380157
267.119862395	0.0120934146649
269.113814459	0.0118195925196