100	-0.04494	0.0	1.0	1.15740700681e-13	0.0
104	-0.03362	0.0	0.790047015645	0.209952984355	3.24908196273e-25
105	-0.03763	0.0	0.0	1.0	0.0
107	-0.0391	0.0	0.0	1.0	0.0
11	-0.0995	1.0	0.0	0.0	0.0
113	-0.04602	1.0	0.0	0.0	0.0
114	-0.007333	0.0	0.0	1.0	0.0
115	0.003252	1.0	0.0	0.0	0.0
116	0.04663	0.0	0.999995352107	4.64789256907e-06	0.0
117	0.04114	0.0	1.0	0.0	0.0
118	0.06988	0.0	1.0	0.0	0.0
119	0.1013	0.0	0.0	0.0	1.0
121	0.1125	0.0	0.0	0.0	1.0
125	0.1943	0.0	0.0	0.0	1.0
126	0.4877	0.0	1.0	0.0	0.0
127	0.6283	0.0	0.0	0.0	1.0
128	2.263	0.0	0.989167754777	0.0	0.0108322452228
165	-0.07428	0.0	1.0	0.0	0.0
166	-0.1017	0.0	0.996078349211	0.0	0.00392165078874
167	-0.1704	0.0	1.0	0.0	0.0
168	-0.1417	0.0	0.0	0.0	1.0
17	-0.1311	1.0	0.0	0.0	0.0
170	-0.1026	0.0	0.0	1.0	0.0
172	-0.08572	0.0	1.0	0.0	0.0
175	-0.09836	0.0	1.0	0.0	0.0
176	-0.0668	0.0	0.0	1.0	0.0
178	-0.06596	0.0	0.0	1.0	0.0
189	-0.0256	0.0	0.0	1.0	0.0
190	-0.02313	0.378941810753	0.0	0.621058189247	0.0
191	-0.02513	0.0	0.0	1.0	0.0
192	-0.02179	0.0	0.0	1.0	0.0
193	-0.02652	1.0	0.0	0.0	0.0
194	-0.009591	0.983826069458	0.0	0.0161739305424	0.0
195	-0.008403	1.0	0.0	0.0	0.0
196	0.01623	1.0	0.0	0.0	0.0
197	0.02039	0.000161801594255	0.0	0.999838198406	0.0
198	0.05395	1.0	0.0	9.22662788226e-41	0.0
199	0.07219	1.0	0.0	0.0	0.0
200	0.1045	0.0	0.0	1.0	0.0
201	0.07277	1.0	0.0	0.0	0.0
202	0.02565	0.435844802065	0.0	0.564155197935	0.0
206	-0.005454	0.858170158702	0.0	0.141829841298	0.0
207	0.001424	1.0	0.0	0.0	0.0
208	-0.0166	3.70081227912e-10	0.0	0.99999999963	0.0
211	-0.01792	0.0	0.0	1.0	0.0
23	-0.09035	0.527088048475	0.0	0.472911951525	0.0
24	-0.07902	0.0	0.0	1.0	0.0
25	-0.08589	1.0	0.0	0.0	0.0
26	-0.08847	0.0	0.0	1.0	0.0
39	-0.07555	0.0	1.0	0.0	0.0
40	-0.0606	0.0	0.00132440121168	0.0	0.998675598788
41	-0.03817	0.0	1.0	0.0	0.0
42	-0.001152	0.0	0.0698834015779	0.0	0.930116598422
43	-0.02193	0.0	1.0	0.0	0.0
45	-0.03637	0.0	0.585227209716	0.0	0.414772790284
46	-0.04026	0.0	1.0	0.0	0.0
47	-0.01808	0.0	0.0	0.0	1.0
48	-0.0238	0.0	0.557157043893	0.0	0.442842956107
49	-0.0402	0.0	1.0	0.0	0.0
53	-0.05534	0.0	0.0	0.0	1.0
54	-0.03982	0.0	0.487073652808	0.0	0.512926347192
6	-0.06743	0.0	0.0	1.0	0.0
61	-0.06918	0.0	1.0	0.0	0.0
62	-0.05062	0.0	0.0	0.0	1.0
63	-0.05021	0.0	0.0	0.0	1.0
64	-0.06248	0.0	0.0	0.0	1.0
65	-0.05801	0.0	1.0	0.0	0.0
66	-0.05492	0.0	1.0	0.0	0.0
67	-0.05902	0.0	0.0	0.0	1.0
68	-0.0642	0.0	1.0	0.0	0.0
69	-0.05502	0.0	1.0	0.0	0.0
7	-0.08646	0.0	1.0	0.0	0.0
70	-0.05282	0.0	0.0	0.0	1.0
72	-0.05756	0.0	0.0	0.0	1.0
73	-0.05128	0.0	0.0	0.0	1.0
74	-0.05231	0.0	0.767173287244	0.0	0.232826712756
76	-0.05671	0.0	0.490879173998	0.0	0.509120826002
79	-0.05229	0.0	0.0	1.0	0.0
80	-0.05248	0.836952905814	0.0	0.163047094186	0.0
84	-0.1206	0.0	0.0	1.0	0.0
86	-0.1019	0.0	1.0	0.0	0.0
90	-0.05953	0.0	1.0	0.0	0.0
91	-0.05794	0.0	0.0	0.650053518527	0.349946481473
92	-0.06546	0.0	0.00656605024455	0.0	0.993433949755
94	-0.04978	0.0	1.0	8.72997549016e-20	0.0
95	-0.05071	0.0	0.986923284354	0.0	0.0130767156456
97	-0.04594	0.0	0.313857345902	0.686142654098	0.0
98	-0.04159	0.0	0.999999423289	9.92175561696e-09	5.66789285791e-07
99	-0.04409	0.0	0.00159810210431	0.998401897896	0.0