-68.4722671156	0.52485024444
3.01972614704	0.234360732699
14.4306718506	0.206338654872
-6.89539517668	0.26081000788
26.7117290455	0.179176448002
-15.1388022105	0.285314308409
-14.4566684308	0.283820675796
-18.117438727	0.29428017745
-26.4868395704	0.327244825125
-50.0551739087	0.426153766911
-13.8819931445	0.278707545197
16.7609594541	0.19425370282
-9.67385609575	0.264068950527
-1.62435938452	0.240421771349
34.4573662666	0.157378121921
30.7634736972	0.165760846229
-56.8783586231	0.459606500761
8.42554261573	0.220706590151
-12.1659836158	0.272994135233
1.38417021058	0.234499633734
-63.1097099715	0.492812269902
5.00629534597	0.221557845355
22.5152965788	0.187749741453
-12.3325082376	0.274514500663
14.7754185964	0.203386950035
31.6656878598	0.163063918122
49.9785144685	0.138061402055
-38.1751905941	0.37329345107
141.049146339	0.0494813625254
16.2952575837	0.202059892094
27.8701984552	0.173772388805
-44.3368130753	0.39706267676
31.3565315844	0.170057002653
35.6070214734	0.155387155777
29.3264344708	0.169634485149
-14.2749635325	0.278729504221
-4.71479335847	0.253225241746
27.5151526507	0.175835779026
38.7892392342	0.149664837801
28.6255123261	0.169086364011
1.06810174751	0.233110568422
30.8598760311	0.164385487163
28.2324764725	0.173322257229
-1.36710580749	0.239364422619
12.8309659723	0.204262442438
-7.56926141406	0.258662834388
23.3282114604	0.183817439834
0.0444207866217	0.237395586101
-10.4312686487	0.271128960058
42.6572916644	0.149813721066
-5.00007070474	0.254957523005
-10.4062344155	0.271566325415
-34.4164288929	0.353708256423
142.207278011	0.0491870250005
33.2294538988	0.163178753541
-10.4015632565	0.271149786331
28.0773612087	0.173607232441
53.4987635538	0.132868931856
12.2657020832	0.210828827899
27.4968281267	0.172979129079
-27.6187527064	0.326420971341
-20.7343044364	0.301581136246
-10.0107113914	0.266904699432
30.1165208546	0.166879773833
-15.5019024883	0.285154470038
28.6463507221	0.17043208596
14.8261210732	0.200088918133
29.4642334799	0.16995309631
-21.7617310566	0.310187135109
25.9091054292	0.175561527522
-12.8215509391	0.280807550759
28.8681456974	0.170568318906
-48.9307738023	0.421145785495
-27.0029091343	0.329516934768
105.553642195	0.0745198481429
43.4568755092	0.148440695213
-14.5407689641	0.281850116173
97.3689311559	0.0816313073971
22.0352488261	0.183424299242
22.5053127238	0.187862889144
-45.4905157622	0.404377113755
1.05214700392	0.23808878765
40.259266343	0.150559555643
8.2347906849	0.220291671723
27.5580952852	0.174009179989
17.0580780352	0.197627854941
26.1198824711	0.17462604767
-9.88546200949	0.267703099081
-29.622075039	0.335939564283
50.5149095519	0.137290665124
28.6495885541	0.172655650239
57.6681287848	0.124918748393
-13.321272258	0.279325843624
38.4589718095	0.156900186745
-42.8061095267	0.39175149054
29.6479445744	0.17336887759
20.3458313874	0.184501484686
-8.07266916319	0.260231505235
22.8452627698	0.181958184995
78.1342599738	0.10104304945
170.813189672	0.0356482834036
6.1472085727	0.225501756415
28.769028779	0.167718290791
64.0541854922	0.118081189539
32.5782834277	0.161186021958
20.2315140393	0.186917926874
21.0159745425	0.191480463548
157.466232227	0.0414418191017
21.3366407752	0.186765509296
20.2815127023	0.186348515293
19.6570469755	0.188742766509
34.627281922	0.163350337106
28.3622063544	0.174235268743
29.6249856663	0.173222756672
186.802133406	0.0297485361456
33.0633846471	0.161197672165
-21.9369213866	0.309800650877
95.9762745215	0.0821201606775
17.0668841004	0.194264361564
30.9458809584	0.170952942738
61.7831065762	0.11951761051
7.95106700544	0.22187398474
-19.1397342239	0.295291994255
22.1914420375	0.183010494937
19.1763546387	0.190517563631
47.8705565592	0.140901026745
158.506841747	0.040400359934
39.6861884225	0.15515304634
22.2477681733	0.184366414666
-18.7426384301	0.296044536805
3.10777159828	0.227719997129
8.1819110706	0.215454955848
12.9151306989	0.209919368003
21.629614081	0.185712971295
0.977714339546	0.238437603243
6.74962898965	0.224251370914
3.87221954474	0.231044770882
36.2311118904	0.157663161116
5.98225014874	0.225953085427
4.4753746076	0.224428009187
11.7522841777	0.211918368829
153.579368347	0.0433015790298
49.7527720443	0.135020042236
13.9108463672	0.207043865715
9.86090801037	0.214606403633
54.296707457	0.128821196399
82.3721922694	0.0964086793863
27.9481671733	0.171050653259
-22.8806746801	0.314334788864
54.9565882148	0.130549792394
8.06231521497	0.220261266042
66.6471703735	0.113601449709
16.622339563	0.201293837418
-7.50717896776	0.261056699127
12.3646549586	0.205553681316
22.7990186241	0.18618198954
16.9923186924	0.195404048353
16.729873823	0.200045823983
17.0929055915	0.199360329238
-3.35540684707	0.2473865004
30.5634190072	0.169963017897
29.9817269012	0.172885971846
129.673580086	0.056768518739
48.0415911769	0.139790698333
83.6490373211	0.0932172507272
121.0472822	0.0625857951034
6.84287698536	0.219812861544
28.5052567926	0.168724730548
38.8394724605	0.156531130831
23.4179996904	0.186428007643
26.9664009022	0.175564580148
40.1519830818	0.147935376227
6.41678113805	0.225459280406
33.3898976911	0.166635408627
28.8768139168	0.175286507823
7.37486217435	0.223096104601
12.2724927672	0.205362753543
-0.14949415128	0.242606166132
43.578125629	0.142415339692
150.033838461	0.0447231809548
57.9352826151	0.123968570502
33.9993437857	0.165074084876
30.6657828493	0.166087862765
48.1647602868	0.137373489772
24.7382774089	0.17910893942
6.11075871146	0.224396854808
176.985147638	0.0332282176171
12.2822162292	0.209007256906
46.3403317054	0.140929016903
1.21063652503	0.238045388794
-2.4389823722	0.248939121598
30.0199730554	0.167514654474
42.8478379107	0.145920635334
62.0674997981	0.118681569787
58.2497567478	0.123254530982
34.5141525402	0.159854049774
28.6014145547	0.171224173184
30.2772254986	0.168759978922
10.7456047463	0.214940028967
19.5480187598	0.186573325911
24.5396818874	0.180354858244
15.9112888689	0.199647662715
-26.8525640221	0.322939069967
25.1114853817	0.181057832049
8.49130487215	0.219598582992
113.90102535	0.067357994076
9.86762007726	0.212786932849
65.2369724873	0.115833166829
12.2636656023	0.207109849728
24.9662296151	0.178864309696
12.0496855322	0.209862255621
98.4584629277	0.0806992429357
3.73972514073	0.232593408207
107.953318683	0.0725549943215
72.4578127453	0.107641927371
30.966656169	0.167438656131
98.7869709011	0.0784628648128
101.625806801	0.0760108820936
53.9255301289	0.129280375086
24.26510562	0.180172847242
26.1372490771	0.179608887286
39.68768185	0.151378236871
21.8639823758	0.187742991492
25.2553364506	0.176798367251
91.4650410355	0.087251595895
5.08854522936	0.220072307865
26.4270113476	0.172701520571
29.102643983	0.172249576181
31.1900707294	0.166030149962
57.6919791319	0.126641821705
106.222679592	0.0739305699485
48.8882616834	0.134849382241
23.3197646923	0.184399153809
27.3668108495	0.177690196939
38.3977375603	0.154058163332
-7.94271687674	0.260466006934
100.334158207	0.0789509734904
58.7713270852	0.125215968857
34.25307041	0.161557645188
20.8149365223	0.186721670839
26.4944763566	0.177098569071
56.2888235184	0.125796007572
48.7453185241	0.135018862866
29.0794331289	0.169184480503
59.425719203	0.122714076194
48.1777215115	0.136544229263
19.751973103	0.186711919637
21.3439923714	0.185108702861
26.2139006823	0.175094380844
40.6014027653	0.153131153947
20.0757357411	0.189349675817
30.2410454601	0.166975440879
18.2867805103	0.191453613148
13.0615552702	0.207530344626
32.4617666531	0.16497897052
30.9720348645	0.16813786374
30.9619771172	0.166617860598
44.6217419743	0.14305991229
19.078128651	0.190875623308
43.7490906336	0.142306703023
38.9417746317	0.153354892058
77.4953470141	0.101731520845
55.361820591	0.126608905228
30.0137314359	0.169516235947
61.9234332675	0.121009617863
26.7782888947	0.1724799116
32.6473102599	0.161481170072
35.3504555979	0.156648387282
-0.68568942656	0.241147148973
36.0481458893	0.160107474235
4.14359658766	0.229614482809
8.92504345563	0.218126922724
133.259282407	0.0544951009434
27.3857736077	0.177037261616
45.3536060304	0.145658682154
60.5421312377	0.120155557705
23.825558677	0.179481372399
35.8806511731	0.155539156852
69.44130227	0.110014022192
51.7110448503	0.134244985786
37.135324713	0.156069531256
109.380794937	0.0706008808577
106.048386227	0.0741224694411
100.522814971	0.0768256681524
157.143399553	0.041258421232
49.8014127023	0.135542547481
52.4215901791	0.132818410142
72.2333318988	0.108008731773
25.7719844519	0.178531608609
105.528773432	0.0745443975521
30.9708657555	0.166945513643
109.357274154	0.0713706061144
112.506772454	0.0689032515359
31.8558868408	0.163157900583
151.787700898	0.0441652441934
31.3247243738	0.164830861877
121.65520991	0.0606081452432
17.9580315439	0.198190388804
19.4011935267	0.189810325912
32.6703364351	0.162725881979
31.6184966472	0.169591992494
49.6109648991	0.134336368724
25.522156274	0.181321091227
57.6472262848	0.126707157063
27.3819316675	0.175222895072
42.2401510018	0.147390409964
31.0020111673	0.16761517412
69.7219205716	0.110958055666
23.7882851031	0.182453270023
28.9865344312	0.171739132205
3.34615993808	0.230779004361
47.4144128781	0.138589572766
32.7134386068	0.162607903993
102.936606563	0.0756282640862
77.5978568643	0.101656058485
43.8008289214	0.147881399371
44.4842603271	0.146652765104
20.9348486975	0.188505574197
23.0359575773	0.185638310818
24.463254352	0.182596809628
73.1024533043	0.105998903342
105.383335181	0.0740165391124
96.4928339872	0.0803396834462
65.1098996087	0.115232196441
104.092836982	0.0756809696834
25.2357187198	0.180785773817
22.2626600996	0.186791297803
103.169392434	0.0754150056821
122.914647617	0.0612895556383
198.058228147	0.0262409384561
68.8634448934	0.111965984421
24.7738903842	0.181615433757
28.2593899755	0.176018182846
27.6086925048	0.174112150807
102.076819426	0.0774970945065
25.3786941673	0.178722678589
155.331259499	0.0422132369894
29.9747049327	0.168652871129
68.4218062876	0.109795577144
23.6966620997	0.182390665284
39.5678433375	0.152578267967
126.294433403	0.05788756657
-1.49936050299	0.242914462171
21.9339956369	0.182696392063
29.3396090707	0.173853527222
102.991021965	0.0748076201513
134.882478893	0.0534916720881
109.280778758	0.070463986839
55.2214033686	0.130366766577
73.3240756483	0.106623191768
15.4772571569	0.200893061131
26.9915463824	0.175734656298
24.0732185935	0.182831778313
70.2198334196	0.11002757441
66.0929892457	0.115615499914
55.5408621058	0.125749790456
57.5467416108	0.124941245628
44.4705460799	0.142615346929
9.49623659484	0.21213548531
117.684117015	0.0649603406034
7.34692757242	0.222797495978
57.7957553492	0.123897521335
35.7595075496	0.15589344345
29.5569384476	0.167725228797
92.7216635645	0.0853068006026
87.3644787526	0.0900740831029
95.9274323569	0.0809207617658
20.5373425038	0.190188173025
23.0271623518	0.1847583305
32.4445286034	0.161780217598
56.6337075496	0.124363273658
123.748247999	0.0599004625806
63.3459247196	0.11632553301
67.7627033895	0.11061730078
31.4147224135	0.169977060853
46.1517574716	0.142890724255
98.4368618492	0.0786126380134
73.3463474955	0.104358029704
66.6252826791	0.112114702639
73.1328473079	0.106802048617
49.4362685426	0.136132636999
57.525572944	0.12368348817
137.753239594	0.051414934435
43.8827320628	0.147701215375
71.4408726559	0.108826872492
33.5642696749	0.160445977704
37.0800420838	0.153853824595
93.6300054865	0.0851461537472
86.6991382641	0.0907128367342
93.3248257694	0.0832736569598
19.3353679291	0.190619192802
101.651340137	0.077770782932
40.4883095187	0.153453733117
43.0434086701	0.149131941407
116.971492275	0.065529466262
25.9641412707	0.178953084908
160.529527549	0.0394933444365
91.5788784954	0.0869680246389
71.6714649455	0.108687942761
65.244092554	0.116081329162
63.1572953625	0.116584326126
78.6600414853	0.100581191492
96.6245480818	0.0823427841375
32.5677682784	0.167257668438
81.9093913941	0.0969259608999
162.290263018	0.0387942264927
40.8051158266	0.152623789012
30.303134539	0.16840186631
73.5640059051	0.103882505978
126.663648791	0.0585458323009
58.404438047	0.12249179863
27.6110064817	0.171023239022
31.7587500711	0.165420129668
54.1393444441	0.129825314495
58.5902046555	0.122645550828
35.0481305839	0.157610880675
35.8800128952	0.15602235834
48.2730342812	0.136661791266
123.939309503	0.0596593177982
60.8169551163	0.119318111515
23.2263838101	0.184818043566
35.4904060478	0.161947298131
64.1454277791	0.117891803059
89.098005955	0.0874369840005
59.523118944	0.121484647119
63.5083750153	0.115643324943
50.280006474	0.13400067302
49.2497715338	0.136674554204
62.1641482179	0.120742358788
112.911683367	0.0682685309769
43.856895649	0.144223132999
42.8867575419	0.144172676132
36.6082456196	0.154613292483
67.1565743671	0.111005244467
29.7636553673	0.168832103795
179.154234598	0.0322388685903
32.5662102597	0.167702632842
106.393188908	0.0738007016774
32.4551220027	0.163868494329
65.2332034872	0.116490812833
89.2111594828	0.0894013129279
85.2536023593	0.0933798323465
48.9254594417	0.139443638581
60.1845429981	0.123141046453
51.1428065995	0.136067674934
36.6353996713	0.159681679717
129.054726405	0.0559903332095
73.0944405877	0.10409737756
83.5492986552	0.0942486963598
47.5668938196	0.13734783397
62.805519347	0.116356834369
43.1343481154	0.14408212182
27.388289141	0.176029138584
82.0691387566	0.0967555919819
55.3584963307	0.129930621456
72.3539797668	0.107691531899
85.4676467194	0.093200214507
65.1054124806	0.116648608427
80.5615630249	0.0983721925937
118.446789922	0.0644454072576
157.625853472	0.0413177587581
62.9742530543	0.11943813794
77.4022676754	0.100584171876
79.1295206731	0.100038014122
111.886155656	0.069318351499
94.4031690515	0.0830310510585
94.675429878	0.0841504652777
142.023096605	0.0487775273467
57.7997783012	0.126429007417
170.175365391	0.0358683321104
57.8289180675	0.126565870811
132.152795008	0.0538212754973
81.6610493001	0.0971747043627
124.397168177	0.0602478933623
49.9869366591	0.137794496204
100.878250286	0.0765979887708
113.304245223	0.0669918655273
75.9225114778	0.101199897118
148.816479503	0.0450647628181
87.1889409114	0.0892636655769
104.842560006	0.0729368060041
151.088180713	0.044484691214
84.5815424989	0.0919483109522
85.5959219361	0.0907626029697
107.212302975	0.0721883132631
114.988770074	0.0669105972981
140.259653332	0.0494577959014
102.224612736	0.0752353448084
81.7261572014	0.0943801081236
60.3233461804	0.12036410123
116.232909107	0.0660908713444
171.063871189	0.0355658633473
68.8785476503	0.111927270722
153.250392411	0.0428096668533
148.751751233	0.0456941234759
62.2602385058	0.12051830449
96.3411511678	0.080776145272
154.284626463	0.0428026426021
85.316935567	0.0933555568857
144.554570937	0.0479311424049
110.084186108	0.0690215538431
116.790054531	0.0640593672525
106.296626213	0.0739191101657
95.3853671701	0.0812934474946
80.5090944112	0.0984616171041
80.4791141778	0.0963612067616
128.076997343	0.0564914328062
98.4559887117	0.0787652151494
85.6694473018	0.0919131927914
114.647827198	0.0664491180787
107.033088157	0.0722263635965
124.390150174	0.05926513506
131.766946711	0.054560087657
92.5837531137	0.0855129221964
125.273975552	0.0591251713498
109.421002737	0.0707191963772
105.075196977	0.0743206259978
99.0677262784	0.0794732773515
106.003237247	0.0735046820359
106.594564935	0.0729844540427
110.569929341	0.0699171235011
103.431548285	0.0756758423011
96.2524518333	0.0823178445867
172.961899791	0.0344682819751
122.909493195	0.0606953903133
94.2084430788	0.0839668392406
211.518735833	0.0225982230955
91.9846219853	0.0862686208887
105.211863775	0.0747604294986
109.969388153	0.0702358346037
130.760715145	0.0560731196048
159.71140452	0.0404156381194
105.828515652	0.0724749960485
116.064561924	0.06453030495
81.8502533543	0.0953546698435
99.2989644852	0.0776750782974
170.559616086	0.0354504855841
116.38947153	0.0657698974469
146.922962275	0.0459344821514
105.538096071	0.0745279191191
131.243948436	0.0557641837559
104.242822448	0.075629072912
81.5841485754	0.0973172462707
185.948849902	0.0299467585847
88.5316719411	0.0901064629911
170.065121865	0.0356103183119
137.181283103	0.0521384302964
109.798851969	0.0709970464702
146.779334112	0.0461859290078
115.420160733	0.0666989706608
218.861042775	0.0207972390852
180.82900907	0.0318945735443
115.261202999	0.0651382433403
105.307634988	0.0747457940671
121.701409982	0.0606232423237
83.7277644928	0.0950810023558
152.742322464	0.0431485396696
110.219598699	0.0688657981676
87.7555855507	0.0908481031953
138.276566262	0.0514996728616
197.318371793	0.0265154131348
170.644753907	0.0357109304333
184.637992546	0.0303739643315
167.08791347	0.0368328839947
197.848559294	0.0262747888458
94.7249992893	0.084121096878
133.222592514	0.0538151391449
150.958378854	0.0439643766687
86.712161182	0.0919107001725
117.32489438	0.0652819641598
234.109814606	0.0174244079448
157.606045951	0.0414205704798
180.143035897	0.0320006358461
225.684452482	0.0191754996031
107.731268867	0.0727170587799
103.232569743	0.0764760137074
197.980427796	0.0261895739953
137.568367507	0.0519170413348
149.607860117	0.0445620703659
155.4936513	0.0419686267264
157.674287908	0.0413768578297
145.127829147	0.047646127459
200.665307859	0.0254942444739
193.732299677	0.0275338143234
163.010660547	0.0384743119204
99.9520111815	0.0771844416594
106.266423882	0.0720288707303
118.196123604	0.0634019908265
249.349584067	0.0146887846703
130.524129663	0.0561715072145
135.576717002	0.0521265966358
213.195449465	0.0221572276577
237.985515147	0.016688232336
82.9012176408	0.095899213567
89.3178085901	0.0869586109081
128.95556464	0.0572288973002
106.416540815	0.0737816803733
124.395056724	0.0602510638363
158.50440566	0.0409862294953
145.104818092	0.0476562333508
126.005340463	0.0591807399059
129.372713573	0.0559691133528
84.0909989508	0.09225351065
192.316084972	0.0279920079937
118.308746278	0.0635733068034
86.5214875814	0.0896238953599
165.953683417	0.0376427672955
70.4989993847	0.107441238716
169.764810223	0.0357663818426
92.1535422022	0.0844927099653
130.679578347	0.056091213621
191.94899879	0.0281370428663
99.0879893781	0.0801278069297
115.609622761	0.0665630449469
114.494336085	0.0673707006053
152.332082539	0.0438995752317
175.163579951	0.0339241837124
106.861053227	0.071660396829
119.001515629	0.0627158208814
183.12754233	0.0309380267468
136.605536099	0.0514952737753
171.353057844	0.0354518490327
129.109913598	0.0559362844144
106.338453247	0.0720404066745
148.683915841	0.0457782177133
150.675973831	0.044152021058
153.645716082	0.0432554814601
150.449026511	0.0442637665817
138.049482573	0.0515675836418
135.635750617	0.0520775786976
202.446473918	0.0249630914134
211.83567956	0.0225082860759
102.387319961	0.0771640391946
148.357056175	0.0452087765336
235.891545511	0.0170956322178
166.464496368	0.0374011736275
84.8319717144	0.0938826010644
91.8324634991	0.0868480199868
181.515671768	0.0316818530919
145.560502285	0.0474206684089
145.370267813	0.0475230906596
67.4775795243	0.113715239851
154.39075986	0.0429437201279
205.576091057	0.0241485469283
81.9610876015	0.0969022602436
141.65019438	0.0486772515428
81.5103493747	0.0949575475674
134.990544308	0.0524573547775
184.072870644	0.0306104542728
88.7034552758	0.0899425673972
97.629881426	0.081383912749
127.310547618	0.0583017238491
189.064363656	0.0290350803738
136.705222269	0.0524234878538
99.4228706105	0.0780141880911
100.922290311	0.0767157149936
210.106855074	0.0229172390046
88.905442635	0.089734723324
125.125014134	0.0596029395633
156.733618083	0.0418014441785
124.049616517	0.0592184832044
223.282099848	0.0197502113804
144.741596472	0.0474819159464
208.460452563	0.0232839138192
165.317025996	0.0375866667723
229.944404651	0.0182875545372
132.014040726	0.055266930085
161.763231342	0.0393330890719
172.970612477	0.0348614639497
153.805707821	0.0432060935124
157.870734159	0.0412234602091
168.331640511	0.0366841886231
208.409455839	0.0234039698432
221.92037653	0.0200745850475
227.022141831	0.0189794376536
194.533703062	0.0273484097791
164.285207318	0.0383609447983
232.657033628	0.0177477745691
220.408988351	0.0203800413103
167.82102426	0.0368933741466
141.11504359	0.0498018555884
114.184594438	0.0658716086384
103.951524481	0.0741430847701
84.3995294657	0.0924377870345
112.10606701	0.0675403170134
186.857331666	0.0297375843557
219.157997222	0.0206738474709
171.306183422	0.0353073328205
148.966318603	0.0449918138346
174.313915204	0.0342568386905
192.121628946	0.0280472804579
243.850856514	0.0156415684472
195.407337898	0.0270598401575
138.784716324	0.0503981720501
173.622109424	0.0343965238124
216.865623358	0.0212510863405
231.599825789	0.0179625343925
215.075486151	0.0216337816703
204.715462502	0.0243398125218
174.366295072	0.0341282959056
210.380730491	0.0228377255967
191.682863162	0.0282036049784
185.902393162	0.0300978700525
234.538389137	0.0174053053549
138.429314237	0.0505717715333
142.68128597	0.0485754482839
215.16560315	0.0216176983476
169.060469507	0.0362697681689
187.483231847	0.0295305563959
206.569891171	0.0238909471244
216.91242006	0.0211686232444
195.999842076	0.0268841678506
190.964038078	0.0283862521541
197.460840324	0.0264623734629
218.362644387	0.0208216354595
200.28745269	0.0255852906212
124.467943981	0.0590979640113
157.307816846	0.0415134281134
219.813613466	0.0205440512198
224.035300587	0.0195455186838
165.99011844	0.0374329486829
168.611881079	0.0366070957071
229.068019435	0.0184641042156
223.992947341	0.0195535942296
194.404857526	0.0274010468987
129.764283434	0.055698449638
165.354950484	0.0379102849389
208.269614292	0.0233467258811
163.925664268	0.0384485631319
153.343172151	0.0429553776251
177.694197162	0.0330247920292
155.035733119	0.0425816576241
138.301578643	0.0507190490956
176.378091535	0.0335098728174
158.521064907	0.0405654289643
151.156249712	0.0445235002053
188.337181563	0.0292779109367
233.436908931	0.0175655452969
145.245445927	0.04759574308
159.078484652	0.0407029121579
228.600455624	0.0185561223226
148.65409637	0.0457689884419
125.972800342	0.0591940653048
137.698039449	0.0518278403218
197.929995918	0.0263438466793
140.928222558	0.0492200766905
153.520156386	0.0431279703486
159.478036644	0.0401935510517
203.87377768	0.0245736247728
187.457125968	0.0295533804288
133.50209434	0.0533821794395
155.062328991	0.0425721290855
195.723512246	0.0270129682199
163.532543538	0.038752272406
164.45234505	0.0383472690197
158.429944055	0.0410429907804
149.890835851	0.045170061817
165.142577058	0.037990620996
167.041078922	0.0372060990887
147.20897152	0.046513066029
207.885861136	0.023499933995
185.904571661	0.0301406722718
167.042001959	0.0371859587515
200.867012841	0.0254636411924
141.63567177	0.0495648764211
155.739177223	0.0419963613453
231.405963458	0.0180499152985
147.17795072	0.0465036778787
226.184861977	0.0191191328609
149.567017571	0.0453501721434
157.517582608	0.041179869977
235.145662601	0.0173051428721
200.890621088	0.0253896562822
187.215882518	0.0297325191326
231.904001727	0.0179038513762
173.375779199	0.0346924732902
208.301447446	0.0234067477551
191.225308847	0.0283631757966
193.383381705	0.0277470781745
217.454104966	0.0211092918654
204.03121484	0.0245694636072
237.47191202	0.0168133301036
201.779478489	0.0252360758214
193.655318616	0.027569361255
196.458411486	0.0267712844672
200.938980918	0.0253912116614
206.453462738	0.0239114768737
236.968321214	0.0168685450015
206.572337079	0.023878589653
232.020720206	0.0179023010689
157.526585761	0.0409729569082
188.345658313	0.0293208174038
189.975716015	0.0287267719193
226.979475251	0.0189224662627
194.070614539	0.0274281784758
231.552861248	0.0179758307206
222.723107833	0.0198315812663
224.125777609	0.0195532608848
166.160453599	0.0374177956
239.752977303	0.0163951336988
144.940482741	0.0470983581604
158.007951561	0.0407981699804
231.30670274	0.0180669034085
198.610904272	0.0260873450577
198.357399592	0.0261671874111
237.945532524	0.0167592226563
207.715539344	0.0235919766704
187.827107126	0.0294268488376
228.932114674	0.0185794676622
243.287463385	0.0157569299556
199.72800728	0.0258199462854
185.504503207	0.030228715614
218.188383105	0.0209423138199
220.964601179	0.02024955669
178.35259307	0.0328379852308
205.97676681	0.0239914569227
193.987902267	0.0275156928599
174.396501355	0.034284096204
170.856412381	0.0356937682222
184.013927705	0.0307835990608
179.903979192	0.032245198448
200.01112581	0.0256573730969
179.270940547	0.0324591094086
205.400217608	0.0242111832735
201.519355344	0.0252312070528
219.669846281	0.02050958977
221.451538838	0.0201395243828
219.11593844	0.0207222336784
198.298915536	0.0262054647474
122.055793637	0.0618789012926
187.732041001	0.0295151557863
164.558497242	0.0382463246118
154.951547992	0.0426856288127
182.380010656	0.0313778955453
187.853810713	0.0294586995689
183.145265409	0.0309985370338
195.517514044	0.0270560190739
219.879945955	0.0205360038315
163.398249144	0.0385215274138
134.907769848	0.0525396903958
151.788756799	0.0436299197306
141.293234531	0.0490524801134
222.180158033	0.020009211021
166.069257723	0.0376394056927
201.434474425	0.0253207115717
195.066403728	0.027210850775
162.566957834	0.039187232147
176.901944347	0.0333288996366
162.702232934	0.0391070450047
138.643766118	0.0512801672196
162.85528733	0.0390345107381
198.933578918	0.0260514059346
201.941197015	0.02510416127
151.266118419	0.043973294023
169.717118689	0.0359731521864
204.611744368	0.0243560753939
199.905070006	0.0256831717136
184.496418452	0.030649870931
187.295266946	0.0295765129936
180.636090573	0.0320090302708
180.018826813	0.0321375636437
189.215930648	0.0290501946976
188.754902861	0.0291331594813
167.471065229	0.0370562419574
216.702276243	0.0212288147147
195.669536624	0.0270309548933
223.672236019	0.0196564858542
219.292327289	0.0206991853677
208.302663863	0.0233291009486
193.267959946	0.0277478459138
211.894061157	0.0224163472332
213.263596497	0.0221525810077
211.71799222	0.0224584572401
218.919297788	0.0207795908786
194.130414147	0.0274256521156
216.718600703	0.0212904477028
205.827203667	0.0240211934481
224.488502253	0.0194925369593
242.401535527	0.0159255466507
215.187898619	0.0216505650988
237.327030949	0.016814386988
193.516598499	0.027636106689
208.311332479	0.0233565094673
231.15988793	0.0181032648942
215.88874872	0.0214327128016
235.730423979	0.0171617333771
209.720806245	0.0229887309431
224.483768913	0.019496221151
217.545334474	0.0210317592083
219.463149233	0.0206054362389
230.369439378	0.0182041617618
239.864151351	0.0163582839046
240.509289146	0.0162205718822
211.276447706	0.0225997701498
206.216973945	0.0239334810503
203.724372145	0.0246151142651
211.512514397	0.0225541257793
238.200185576	0.0166657402104
189.006649692	0.0291357849725
227.308942798	0.0188137328759
183.724837936	0.0307973484512
206.24991487	0.0239350549878
191.41583295	0.0283518606081
221.071988906	0.0201996696626
204.419500901	0.0244839851249
228.940437722	0.0184947056121
217.04515392	0.0212239009219
224.877543786	0.0193532297186
230.334120204	0.0182087574166
217.736133437	0.0210337589516
150.187037556	0.0449867116804
218.100668172	0.020969858687
201.910593734	0.0251213037479
221.473853531	0.0201580650553
203.365324739	0.0247483263259
234.702924633	0.0173147187902
206.083965132	0.0239502994571
211.859041812	0.0225102357944
209.6298675	0.0230143511411
186.503317222	0.0299343008453
234.816641875	0.0173308824443
215.934363838	0.0214903146284
213.168848202	0.0221304007292
231.087017673	0.0181120112501
202.272117694	0.0250556852668
156.829725736	0.0417193393219
188.531506741	0.0292095602275
200.849801776	0.0254701563251
221.149107924	0.0202433322648
206.782572332	0.0238162398972
196.6057004	0.0267100455907
205.81699459	0.0240795208914
144.507121352	0.0479730226132
219.086737833	0.0206686105448
240.790387128	0.0161931602127
200.118378698	0.0256316980044
173.631736555	0.0345586596351
154.13930699	0.0429917896563
200.51044967	0.0255078489636
217.334998611	0.0210728981422
239.680404621	0.0164108687395
204.169377267	0.0244928703681
229.925212875	0.0183798429239
171.504473948	0.0354378641558
238.993764778	0.0165571723127
170.891402281	0.03565802134
195.082965435	0.0271298986933
198.476616732	0.0261610174958
195.515442305	0.0269982342668
215.877169165	0.0214871513888
194.230630563	0.027343579269
213.272937166	0.0221392438299
200.797212414	0.0254316846563
185.534658472	0.0302591672524
205.616973659	0.0240798356554
216.491978259	0.0213625333266
207.826665391	0.0235467963711
194.557976039	0.0273019417601
236.405238137	0.0169933917385
237.762112302	0.0167460423286
218.729815227	0.0207468423868
220.067238928	0.0204983429136
242.61362452	0.0158929396205
212.455194326	0.0222840256864
205.350374916	0.0241324522825
217.780880727	0.0209928859896
213.815030671	0.0219585564133
232.440299734	0.0178302287626
208.78013832	0.0232416396588
209.505393376	0.023092219506
232.531884939	0.01783616689
213.863710176	0.0219956116974
217.547264508	0.0210801817644
205.331773225	0.0242284916329
230.808189282	0.0181443335781
213.913777321	0.0219712082095
222.413617152	0.0199458795841
225.304271236	0.0193078769969
184.202472631	0.0306311865018
198.947592411	0.0260058594173
196.650733522	0.0266720870364
211.58105711	0.0225073051251
196.287404007	0.0267418046798
190.981227615	0.0283922777924
190.663032219	0.0284964444894
230.81720033	0.0181163567991
234.011486031	0.0174889762196
215.372069553	0.021622798219
229.797353143	0.0183297692931
219.52823879	0.0206367755747
220.797077455	0.0203215810893
210.108032297	0.0229616925303
218.351955737	0.0208380400602
212.428645858	0.0223531932778
180.786231739	0.031889148134
247.48468571	0.0150124004187
219.395027219	0.0205937993812
236.47538928	0.0170093478288
234.019666673	0.0174545409766
226.503659412	0.0190054536351
227.756246067	0.0187364796649
211.508005654	0.0225318203996
245.622778609	0.0153556514348
244.840198536	0.0154592886069
242.812590747	0.0158405036333
247.660813191	0.0150095078504
237.704705902	0.0167460286643
233.65173534	0.0175434218066
232.692235742	0.0177510840964
228.035986923	0.0186867140591
234.103061962	0.0175130473018
236.041750957	0.0170925651761
236.498849539	0.0170536633811
243.401347508	0.0157469952809
228.497316984	0.0186574625254
230.157117521	0.0182922307454
209.586980472	0.0230826643234
203.099811631	0.0248411944715
212.952593862	0.0222279225315
199.820655497	0.0257945578026
213.004701579	0.0221892525891
192.799120562	0.0279195472936
196.423979882	0.0267948185068
200.402729349	0.0255884144427
199.319203329	0.0259376121512
191.420988922	0.0283263610833
190.469231444	0.0286564543884
182.257441662	0.0313951911877
185.560233134	0.0302524873369
183.882236434	0.0308436905308
183.001547822	0.0311569455396
189.41368778	0.0289624332015
180.431906399	0.0320699847785
196.462146009	0.0267863146789
198.864455529	0.026033160335
221.971992341	0.02009453857
191.251170631	0.0282391724784
202.605344543	0.0249274322992
219.960083819	0.0205290015381
228.777121733	0.0185269687233
213.090427544	0.0221760403988
179.569818271	0.0323361638543
212.76531005	0.0222737236933
191.724816552	0.0281825235086
212.731985889	0.022261815725
232.469602406	0.0177917157271
227.94732294	0.0187365734097
212.83844004	0.0221782868653
244.818512859	0.0155343704689
216.791629818	0.0212098438715
209.545130778	0.023017230294
248.495259066	0.0148566483518
210.293152416	0.0228479296366
248.813649873	0.0148126206607
224.229434744	0.0195399126465
229.452809082	0.0183858830546
246.925126934	0.0151351318516
246.931909581	0.0151356861441
218.964656794	0.0207299504149
241.123150215	0.0161327157977
241.650706494	0.0160355978662
237.857172128	0.0167518444907
215.073263556	0.0216268324534
230.823319156	0.018153821751
248.45735532	0.0148816342433
223.472525539	0.0197459727975
242.152474514	0.0159468864207
220.241437445	0.0204856054323
230.576620327	0.0181575958589
229.36482155	0.0184639332388
243.170079343	0.0157457522143
226.035765366	0.0191717989736
233.650023601	0.0175348177142
220.660585716	0.0203732003128
216.041503812	0.0213900803595
217.210551964	0.0211828664992
224.283608357	0.0195459383864
221.411000752	0.0201580718056
213.065134373	0.0221927858153
215.086852821	0.021702066911
201.814625694	0.0250916678679
242.302987004	0.0159650256725
223.040433373	0.019795338291
243.746169927	0.0156858647598
229.292358158	0.0184132961149
225.858619543	0.0191685921857
215.945649008	0.0214330646875
243.752236994	0.0156504757688
201.310947555	0.025244990766
223.270248835	0.0197173334065
218.172654104	0.0209542559683
215.780726847	0.021471564074
221.541171579	0.0201668054554
216.725487574	0.0213076105571
247.894746103	0.0149643844093
227.854098516	0.0187217508764
220.328530086	0.0204540075842
219.641616333	0.0206117892978
244.979234925	0.0154678861516
244.761340586	0.0154780519508
239.950981412	0.0163504017904
250.160676453	0.0145941965665
236.460030866	0.0169916766843
232.225667752	0.0178573774593
236.987850941	0.0169000991565
229.756594944	0.0183828156145
243.480823974	0.0157276188225
233.844725657	0.017540514079
234.714908549	0.017351290727
233.955383475	0.0175015020597
246.917032525	0.0151085810333
229.549833693	0.0184062946172
235.746154263	0.0171304643871
231.173758387	0.0180811066083
243.658783337	0.0156612912607
233.749523229	0.0175566446343
240.219144368	0.0163015563619
228.504497755	0.0186494364634
239.11711479	0.0164783319148
233.657382743	0.0175810962703
212.200701933	0.0223710814217
253.125123244	0.0141095429093
251.388405906	0.0143918636414
246.844914197	0.0151427177833
237.724460344	0.0167482154789
242.57337615	0.0158965004542
238.649944226	0.0165685548337
242.899183879	0.0158364876232
247.281495653	0.0150607641134
245.475243649	0.0153857868407
245.216195646	0.0153984753371
240.596442286	0.016217539796
249.458309618	0.0146912654703
241.755720539	0.0160047849138
246.26031782	0.015207965926
245.659905411	0.0153182835677
245.246811801	0.0153919229091
240.54823536	0.0162232101755
238.440991884	0.01661874931
240.905968161	0.016191622662
241.429489576	0.0160456485382
245.466438992	0.0153478313518
240.012028399	0.0163331062417
234.648346908	0.0173366243407
239.325543299	0.0164753989592
245.987577376	0.015254084093
235.849280904	0.0171636814144
243.710326477	0.0156480099478
233.546006667	0.0175759838703
244.903494781	0.0154583791611
249.329054716	0.0147219782475
241.268006074	0.0161069774145
237.338142205	0.0168623670441
243.043798442	0.0157758921058
236.154400898	0.0170959554392
248.54700071	0.0148519525607
239.01635202	0.0165479410137
250.568561403	0.0145328574866
244.626314391	0.0155555529598
239.298948726	0.0164646378703
242.191516189	0.0159775382448
253.277699644	0.0140980720951
252.944178835	0.0141489305511
253.663222592	0.0140360629371
245.226229197	0.0153947738232
250.113041028	0.0145826415289
249.346214582	0.0146970789478
253.558521631	0.0140379490266
253.407881573	0.0140505393151
253.948153821	0.0140000915561
249.434165599	0.0146929791355
242.787927656	0.0158569385568
244.197344296	0.0155855446773
252.886348595	0.0141604510049
245.308597812	0.0153785890781
248.190687761	0.0148877403061
245.443514594	0.0153527730667
251.369279727	0.0143622155884
248.515758682	0.0148266054615
252.256794047	0.0142389511733
249.164274398	0.0147209794495
251.98276722	0.014270586187
244.855314742	0.0154616306063
251.515688659	0.0143522294381
250.970959643	0.0144357713185
252.778569458	0.0141542107118
251.683818957	0.0143193164111
253.384388745	0.0140644042771
252.82387525	0.0141434187504
253.336322003	0.0140584389404
246.201061376	0.0152146275916
249.968966507	0.0146009424228
243.947406262	0.0156251919681
253.825776238	0.013988476443
250.202969379	0.0145722267025
254.561014243	0.0138826124725
253.665022476	0.0139951494031
255.184658593	0.013761098779
252.388432058	0.0141953205798
251.136666507	0.0144075542583
251.97547615	0.0142638520984
247.782189473	0.014948366823
250.368570778	0.0145326613842
253.737712842	0.0140160322649
250.1022408	0.0146101022418
252.779646465	0.0141386291511
253.47912154	0.0140278560607
246.001461487	0.0152578211686
252.03968391	0.0142597194996
248.899936638	0.0147879277769
248.044434558	0.0149110769167
248.99289076	0.0147490125461
245.177136231	0.015443173804
255.28305191	0.013762854789
254.695882338	0.0138643834591
252.983798176	0.0141031680811
252.739423507	0.0141722520222
253.198770747	0.0140691622031
255.741778976	0.0136917349898
251.806896028	0.0142897145724
249.285448686	0.014697503504
256.17263043	0.0136086866398
252.191274753	0.0142432569749
255.509442089	0.0137136368182
252.541450368	0.0141792933135
254.073575152	0.0139358530768
250.358952204	0.0145269066566
255.45750542	0.0137015298211
249.315084226	0.0147075680186
253.701233573	0.0140103416251
249.490686339	0.0146627443392
254.17577652	0.013937088405
248.296369084	0.014860934271
252.62534555	0.014177802386
253.821060574	0.0139770874227
253.996399687	0.0139580641798
248.965543258	0.0147629969326
248.676294152	0.0148188250386
255.207124761	0.0137561486337
256.38121925	0.0135891439177
253.424942317	0.014046979162
256.306319886	0.0136058809768
255.144995368	0.0137774606167
257.178033505	0.0134704452024
252.560038806	0.0141720471472
256.249255423	0.0135946987979
256.625856841	0.0135400702747
255.738071282	0.0136738367803
253.5938777	0.0140151575381
252.923828946	0.0141217839732
258.027826209	0.013343863839
256.170783949	0.0136092210765
257.68038064	0.0133859846512
257.540815311	0.0133895645565
251.037173667	0.0144713970347
258.638705432	0.0132457365215
256.580145078	0.0135857489586
257.400694013	0.0134331321441
252.049093109	0.0142602789219
254.704344263	0.0138254027018
254.985736994	0.0138126266711
257.499191692	0.0134175735956
259.871559948	0.013057770243
252.887686342	0.0141383558413
253.307059868	0.0140940197677
259.380923613	0.0131589738229
257.775963363	0.0133686627384
258.985583662	0.0132023214863
257.096046125	0.0134642401525
259.089651262	0.0132013596889
260.873809062	0.0129203821077
258.308893981	0.0133171070279
255.432037358	0.0137432578236
253.168657618	0.014120636937
257.655237185	0.0133971603073
258.563347378	0.0132673515075
255.934837569	0.0136425755749
257.193627192	0.0134600705435
255.683597542	0.0136886741275
257.284848652	0.0134466749792
257.257100993	0.0134495046554
255.916085346	0.0136443597347
254.973665309	0.013784754896
259.858769937	0.0130353220819
259.664754089	0.0130833068362
259.423899062	0.0131262746717
260.199133018	0.0129892522044
256.294390464	0.0135859347643
259.32134113	0.013137794497
260.189883333	0.0130010339351
260.515689376	0.0129751852771
259.890160588	0.0130656786984
256.04773883	0.0136361061575
258.936163401	0.0131885237848
259.713960666	0.0131148823294
260.357401036	0.0130087832281
258.448946715	0.0133097614529
256.152870093	0.0136474540094
257.561231831	0.0134532676691
260.122385037	0.0130390420891
260.463079036	0.0130074635034
254.235015632	0.0139106502621
260.984612617	0.0129315402092
257.205354545	0.0134947824114
258.605111008	0.0132625464916
250.100566649	0.0145817018032
237.872980392	0.0167642046702
247.216298455	0.0150433144552
249.336297035	0.0146966915529
253.661396254	0.0140155903493
254.163431391	0.0139603143524
252.938073917	0.0141413168953
253.618272214	0.0139944065461
249.848083793	0.0146430283317
260.158568412	0.0130288204766
254.488455488	0.0139171314282
250.068467723	0.0145844956507
248.213075778	0.0148865376061
254.161630626	0.0139475942755
252.901431998	0.0141354264101
246.735834417	0.0151337068323
240.45364811	0.0162507580301
255.083543941	0.0137891577259
248.173290493	0.0148980484595
237.360287935	0.0168209629116
254.980261553	0.0138191767033
255.533167758	0.0136974860671
243.871929966	0.0156582468867
258.487818626	0.0132952577016
252.240457176	0.0142313476939
251.317221697	0.0143948627292
251.177197962	0.0143973878274
259.59467752	0.0131181909698
250.520200194	0.0145110698087
258.309376372	0.0133015397295
250.035024442	0.0145903067659
260.535004547	0.0129517861204
254.292871151	0.0139237553454
258.763748532	0.0132479423902
257.444664581	0.0134244322952
259.162515181	0.0131788333766
253.860085694	0.0139687167574
243.21193323	0.0157311607165
255.071271898	0.0137916171136
259.854658723	0.0130738532227
247.463214187	0.0150027424713
257.134163511	0.0134941787211
251.173549364	0.0143981803576
260.468916726	0.0129710377526
248.619953026	0.0148093139493
258.912786715	0.0131953832959
252.929982611	0.0141373058924
260.773061617	0.0129273263582
249.661591322	0.0146424014285
259.461110175	0.0131113401115
253.302261681	0.0140568441611
259.578195794	0.0131116629386
250.802548958	0.0144810351154
256.370856401	0.0136188546594
255.347526628	0.0137602658502
259.291065668	0.0131679179152
252.587599503	0.0141842198662
260.50513418	0.0129750316085
256.878716569	0.0135421684925
260.744267597	0.0129529908243
258.376905121	0.0132844485515
257.887175415	0.0133545332734
258.018654372	0.0133291176811
258.434348448	0.0132856070129
256.151037379	0.0136184715526
259.772986284	0.0130940148994
255.576037111	0.013722346433
260.915112581	0.0129340278802
254.942230612	0.0138072649217
260.457162023	0.0130039975669
255.220467511	0.0137765243384
258.530229587	0.0132890848195
254.880002407	0.0138513465765
260.511678989	0.0129875310982
258.327834088	0.0133007792132
261.911070243	0.0127649991759
257.629586265	0.0134220043182
262.344503978	0.0127318061803
261.475108984	0.0128718661625
261.52274417	0.0128618538489
259.803276853	0.0130900817082
262.695044017	0.0126843854688
261.399439026	0.0128688426273
263.163903113	0.0126064239033
258.787385188	0.0132430845114
260.596794062	0.0129886007997
260.896768083	0.0129317352965
263.133725423	0.0126195537596
259.853497396	0.0130935955167
260.951703391	0.0129389853023
261.862160974	0.0128181678441
261.403207924	0.0128874313923
262.353679895	0.0127547672376
263.234977848	0.0126077130174
262.618945204	0.012689022938
263.215799627	0.0126329501941
261.167434174	0.0129029870092
262.674387427	0.01272504497
261.720755486	0.0128491249345
262.354173399	0.0127681192508
262.70499069	0.0127102536587
264.202194692	0.0124910471154
261.740027332	0.0128362440532
264.556278476	0.0124438606464
264.30464728	0.0125017028339
264.189117389	0.0124983043011
264.107262102	0.0125259785829
265.020159268	0.0123999689642
262.743987792	0.0127116819508
262.980883889	0.0126723034588
263.031057508	0.012654765499
264.05827947	0.0125305549871
261.443639913	0.0128776804311
263.811308112	0.0125404253793
264.420978774	0.012480512994
265.296259387	0.0123451764823
264.61010062	0.0124399820749
264.962107779	0.0124048231895
263.19470391	0.0126487547802
265.856632035	0.0122685801042
263.274991336	0.012636259151
265.90137662	0.0122554054689
264.366714008	0.0124748882168
265.16456512	0.0123672366697
264.183924913	0.0125209980068
265.323646448	0.0123463411172
263.96539839	0.0125420720095
265.507013905	0.012331748893
264.433474621	0.0124788998893
266.113449086	0.0122289786624
264.545849246	0.0124538490082
266.575875286	0.0121721949047
264.929087718	0.0124173628533
265.844771129	0.0122786127352
264.083734611	0.0125346885711
264.651730429	0.0124400111281
264.546571133	0.012469064962
266.526780225	0.0121743023595
264.448901074	0.0124652256472
265.346232043	0.0123470199645
262.819435755	0.0126967754192
266.395820235	0.0121885227445
263.0492418	0.012665788633
264.632491526	0.0124387870521
262.97184773	0.0126710669618
264.798342057	0.0124180007437
263.498236275	0.0125956983054
265.514327855	0.0123184336193
264.897842532	0.0124208228033
266.66303114	0.0121533330064
264.7922067	0.0124185634503
266.696350877	0.0121564140848
264.768070782	0.0124376341674
266.908024598	0.0121405227369
263.076210265	0.0126606374244
267.480986078	0.0120450904142
263.249493792	0.0126399983714
266.090571398	0.0122328579449
262.692954656	0.0127097335572
266.628300164	0.012163690303
263.944854405	0.0125323002054
266.135277875	0.0122322566622
264.306512451	0.0124907800471
267.512419638	0.0120348345517
262.694957386	0.0127178342562
267.045889296	0.0120959069311
264.210337368	0.0125091319376
267.365273794	0.0120627337029
263.436227069	0.0126088352408
267.28824848	0.0120650587432
262.960878354	0.0126775929615
267.666781804	0.0120160450009
264.830637242	0.0124289642501
266.821863804	0.0121432251638
263.918161742	0.0125459197796
267.869990847	0.0119878956503
262.904264109	0.0126845823374
266.643798966	0.0121599191886
263.352796493	0.0126284390184
268.028471971	0.0119713961137
263.680467567	0.0125738757811
267.095332619	0.0120981706565
264.802642468	0.0124341762835
267.174395532	0.0120792235497
264.249348839	0.0124912614484
266.730281613	0.0121460300532
263.658925964	0.0125800473742
267.834321653	0.0119981872681
262.706378269	0.0127148280225
267.853951424	0.0119943490375
263.254767044	0.0126302246193
266.839208828	0.0121338738627
263.862583703	0.0125420101747
266.071992859	0.012236007491
264.342652795	0.0124890781002
266.928898506	0.0121320893348
263.918888964	0.0125564814369
267.88489042	0.011982251377
263.565939339	0.0125868382717
266.882487231	0.0121241035057
264.68279587	0.0124495265876
267.858526542	0.0119870157552
263.906726798	0.0125337116675
266.769911644	0.0121395778281
264.854466222	0.0124249724091
268.04969224	0.0119572745126
264.284164709	0.0124870634714
267.809298218	0.0119936956584
264.934471723	0.0124131857248
267.762253107	0.012000674091
263.772752944	0.0125513315898
267.914651047	0.0119818562962
265.016748394	0.0124010254265
267.544267482	0.0120450611691
263.721572364	0.0125649935742
267.355764195	0.0120712917755
263.504884002	0.0125973318829
267.648248549	0.0120157283376
264.931803489	0.0124062312157
267.027116039	0.0121144035224
263.191392755	0.0126517551886
267.141401619	0.0120986731182
264.230398671	0.0125060459831
266.931852441	0.012122334004
264.292882436	0.012499772543
266.860367478	0.012128672583
264.445960989	0.0124787565924
267.310930786	0.0120690227072
263.993815697	0.0125270457942
268.000929179	0.0119611660811
264.850209173	0.0124086684195
268.010586764	0.0119603863923
265.629216159	0.0123147486581
267.945390251	0.011987472104
264.945785408	0.0124099595543
267.981844178	0.0119823452323
264.972740583	0.0124046667385
268.329543571	0.0119292374271
265.913961173	0.0122752795724
267.831580183	0.0120013600934
265.706569054	0.01229203957
268.403881483	0.0119236883659
265.15791956	0.0123677961779
268.380646994	0.0119335784247
266.034004034	0.0122472934627
268.296125829	0.0119412731169
265.459968281	0.0123232733553
268.584614709	0.0119040575274
266.513011058	0.0121898148204
268.123096879	0.0119601133972
265.778342214	0.0122778053427
268.573330029	0.0119060011108
266.495923978	0.0121822673635
268.487877781	0.0119117246115
266.275761783	0.0122105789108
268.511856309	0.0118977163164
267.182990879	0.0120993255046
269.011658322	0.0118475938003
266.489602017	0.0121850795912
268.302644536	0.0119438809462
267.010001008	0.0121145385745
268.764049263	0.0118834100755
267.175466544	0.0120920178231
268.676797368	0.0118818021647
266.95093416	0.0121077244812
268.932237439	0.0118397196502
267.351125654	0.012052907825
268.970093288	0.0118339482397
267.696511843	0.0120049508549
268.977748766	0.0118280670588
267.320655848	0.01206450098
268.228018161	0.0119294867823
267.191782577	0.0120854434451
268.724601033	0.0118644451601
267.722436118	0.0120070415572
268.916185535	0.0118378190237
267.832943472	0.0119817498047
268.459781546	0.0119048599745
267.358699763	0.0120413302613
268.587853326	0.011886771666
267.918921399	0.011979019021
268.727412004	0.011865220052
267.481652288	0.0120327972031
268.832875461	0.0118498068031
267.420153077	0.0120484497772
268.319886589	0.0119187078111
267.573316601	0.0120272197501
267.727123015	0.0119916918448
267.565351569	0.0120201951707
268.032226629	0.0119625886975
267.536530746	0.0120343206877
268.27736852	0.0119187292984
267.842047532	0.0119836988311
268.288996087	0.0119242066773
267.399319614	0.0120410128039
268.206108104	0.0119394841823
267.506715909	0.012023198112
267.673817412	0.0120043851022
267.357232677	0.0120401873074
267.91937663	0.0119733654404
267.177004981	0.0120643751109
266.972533918	0.0120893780736
267.360170536	0.0120386775765
267.660562699	0.0119996071657
267.732504736	0.0120016798359
268.843997463	0.0118466463009
267.766238426	0.011984690219
268.617166284	0.0118753567311
267.310428699	0.0120411816687
268.354691916	0.0119205405953
268.224488497	0.0119291580972
268.07317049	0.0119608761112
267.646781258	0.012009163394
268.076077886	0.0119490101204
268.273607122	0.0119169184667
267.722656301	0.0119853752986
269.457182263	0.0117653616361
268.028479639	0.0119427291581
268.396793774	0.0119038698712
268.508889501	0.0118877116014
268.823880582	0.0118501725383
268.601033201	0.0118781303008
268.796908367	0.0118531215701
269.25152107	0.0117919102716
268.703279571	0.0118632107762
269.419604928	0.011771343951
268.603026793	0.0118775528651
269.220950196	0.0117938137973
268.750918468	0.0118565501311
268.92673116	0.0118263570176
268.770721585	0.0118510452415
268.893122923	0.0118308071722
269.119370297	0.0118125229613
269.63389621	0.0117444437758
269.142510956	0.0118107021894
268.948818193	0.0118273469068
268.74962247	0.011848910871
268.493883825	0.0118884658503
269.239542482	0.0117841421516
269.629005834	0.0117411046523
269.504384843	0.0117609832066
269.645491787	0.0117398686725
269.675197498	0.0117382414119
269.670816903	0.0117399140248
269.899606562	0.0117067381954
269.948798402	0.0116968766134
269.900160817	0.0117095551645
269.666836299	0.0117340496228
269.775344776	0.0117172676284
269.928777393	0.0117066142472
269.368747305	0.0117752656857
269.553352641	0.0117549777281
269.559283249	0.0117517302753
269.597972601	0.01174632778
270.181901449	0.0116753894745
269.633989999	0.011740005145
269.721462333	0.0117312401844
269.704097042	0.0117357201516
269.793443542	0.0117248427248
269.603127879	0.0117482880399
269.585276901	0.0117573005334
269.709554368	0.0117319670195
270.014619652	0.0116974200267
269.98000991	0.0116950919721
270.187715781	0.0116704982038
269.915109046	0.0117019146518
269.610046836	0.0117431290483
270.081867776	0.0116877148239
269.954905125	0.0117013690125
270.118936183	0.0116814360216
270.11648293	0.0116834183236
270.212913451	0.0116667251286
269.84135773	0.0117118828295
270.095186815	0.0116833575383
270.028852656	0.0116886344912
270.099153425	0.011681988718
269.873588055	0.011709160928
269.783486858	0.0117239823832
269.917370676	0.0117036726615
270.089210749	0.0116800949565
269.8652423	0.0117114688388
269.988895501	0.0116925276676
270.21039273	0.0116694969738
269.95473776	0.0116988861344
270.139960032	0.0116758044592
270.121451694	0.0116800300155
270.080394633	0.0116814078826
270.184208252	0.0116699571558
270.203365349	0.0116720473918
270.015386419	0.0116909793692
269.87520645	0.011713765557
270.139420972	0.0116751377724
270.32148775	0.0116530935954
270.041937159	0.011686426494
270.290476612	0.011655819157
270.187390831	0.0116679308719
270.081599299	0.0116826503275
270.301714586	0.0116549691813
270.349709391	0.0116509643179
270.268539258	0.0116577205339
270.340267713	0.011653146815
270.241832424	0.0116608441915
270.250532302	0.0116601829271
270.269674508	0.0116582795639
270.214372441	0.0116653179356
270.37928453	0.0116463465289
270.435077257	0.0116407295862
270.327527452	0.0116501485698
270.303413743	0.0116529188777
270.22469706	0.0116631116993
270.456078626	0.011636720587
270.430756296	0.0116403398347
270.375346558	0.0116443091828
270.400369224	0.0116414268766
270.470408562	0.0116329115863
270.43868709	0.011639371403
270.447363287	0.0116352050851
271.711345147	0.011472730131
273.467535769	0.0112532997821
274.909425379	0.0110738712417
276.243283664	0.0109138794162
277.527071053	0.0107584869787
278.686722396	0.0106278989792
280.263048072	0.0104489827193
281.272099966	0.0103234336828
282.338304297	0.0102035097766
282.837878395	0.0101460953429
283.674274372	0.0100501939925
284.303023889	0.00998135070361
284.784333991	0.00992756236848
285.449983004	0.00985154827535
286.091765084	0.00978196316416
286.485061037	0.00974093432335
287.171076635	0.0096613992539
287.902883678	0.00958342748355
288.225924539	0.009550419762
288.846856288	0.00948184858126
289.241094814	0.00944120825002
289.565585253	0.00940785567178
289.840509508	0.00937748902124
290.2008417	0.00933939417818
290.51980561	0.00930754366713
290.586549102	0.00930130914561
290.649772858	0.00929089743516
291.015985584	0.00925323695574
290.997241341	0.00925715643141
290.988008724	0.00925951389736
290.910824619	0.00926451253194
290.976134137	0.00925856830789
290.843680226	0.00927324391584
290.550676355	0.00930357596864
290.235905749	0.00933596679116
290.194230795	0.00934156651007
289.97933927	0.00936497633457
289.935774451	0.00937072475328
289.512241958	0.00941449473065
289.666378659	0.00940052710747
289.571224384	0.0094104177384
289.512776984	0.00941611734815
289.289578721	0.00944186436265
289.119853144	0.0094621381875
289.172457405	0.00945319934639
288.622319928	0.00951260028855
288.651273333	0.00951045910197
288.243642353	0.00955737355239
287.779057256	0.00960640180464
287.451642242	0.00964021908652
287.178693232	0.00967064958837
286.882675696	0.00970156371926
286.926206482	0.00969679760872
299.465631138	0.00842320342672