100	-0.04519	0.0	0.999999999845	1.55373194562e-10	0.0
104	-0.03417	0.0	0.61921518212	0.38078481788	2.21727474376e-108
105	-0.03813	0.0	0.0	1.0	0.0
107	-0.03914	0.0	0.0	1.0	0.0
11	-0.1008	1.0	0.0	0.0	0.0
113	-0.04613	1.0	0.0	0.0	0.0
114	-0.007344	0.0	0.0	1.0	0.0
115	0.003794	1.0	0.0	0.0	0.0
116	0.04351	0.0	0.999999454976	5.45023982956e-07	0.0
117	0.04104	0.0	1.0	0.0	0.0
118	0.06973	0.0	1.0	0.0	0.0
119	0.1013	0.0	0.0	0.0	1.0
121	0.1128	0.0	0.0	0.0	1.0
125	0.1943	0.0	0.0	0.0	1.0
126	0.4873	0.0	1.0	0.0	0.0
127	0.6278	0.0	0.0	0.0	1.0
128	2.264	0.0	1.0	0.0	1.79714829174e-13
165	-0.07826	0.0	1.0	0.0	0.0
166	-0.1044	0.0	0.999791848194	0.0	0.000208151805532
167	-0.1668	0.0	1.0	0.0	0.0
168	-0.1372	0.0	0.0	0.0	1.0
17	-0.1297	1.0	0.0	0.0	0.0
170	-0.1012	0.0	0.0	1.0	0.0
172	-0.08346	0.0	1.0	0.0	0.0
175	-0.09651	0.0	1.0	0.0	0.0
176	-0.06561	0.0	0.0	1.0	0.0
178	-0.06491	0.0	0.0	1.0	0.0
189	-0.02549	0.0	0.0	1.0	0.0
190	-0.02301	0.369844604664	0.0	0.630155395336	0.0
191	-0.02499	0.0	0.0	1.0	0.0
192	-0.0216	0.0	0.0	1.0	0.0
193	-0.02627	1.0	0.0	0.0	0.0
194	-0.009311	0.999658840117	0.0	0.000341159882502	0.0
195	-0.008235	1.0	0.0	0.0	0.0
196	0.01665	1.0	0.0	0.0	0.0
197	0.02003	0.0007425935503	0.0	0.99925740645	0.0
198	0.05345	1.0	0.0	7.95459683825e-120	0.0
199	0.07134	1.0	0.0	0.0	0.0
200	0.1042	0.0	0.0	1.0	0.0
201	0.07183	1.0	0.0	0.0	0.0
202	0.02724	0.384750056466	0.0	0.615249943534	0.0
206	-0.003863	0.730963759281	0.0	0.269036240719	0.0
207	0.00263	1.0	0.0	0.0	0.0
208	-0.01538	8.8330774986e-07	0.0	0.999999116692	0.0
211	-0.01688	0.0	0.0	1.0	0.0
23	-0.08908	0.490336140111	0.0	0.509663859889	0.0
24	-0.07821	0.0	0.0	1.0	0.0
25	-0.08565	1.0	0.0	0.0	0.0
26	-0.08884	0.0	0.0	1.0	0.0
39	-0.07626	0.0	1.0	0.0	0.0
40	-0.06156	0.0	4.01977340722e-05	0.0	0.999959802266
41	-0.03862	0.0	1.0	0.0	0.0
42	-0.01086	0.0	0.843398172402	0.0	0.156601827598
43	-0.0256	0.0	1.0	0.0	0.0
45	-0.0383	0.0	0.444572284969	0.0	0.555427715031
46	-0.04215	0.0	1.0	0.0	0.0
47	-0.02136	0.0	0.0	0.0	1.0
48	-0.0259	0.0	0.37750561168	0.0	0.62249438832
49	-0.04087	0.0	1.0	0.0	0.0
53	-0.05314	0.0	0.0	0.0	1.0
54	-0.03785	0.0	0.560988625773	0.0	0.439011374227
6	-0.06716	0.0	0.0	1.0	0.0
61	-0.05354	0.0	1.0	0.0	0.0
62	-0.051	0.0	1.93675512453e-98	0.0	1.0
63	-0.05122	0.0	0.0	0.0	1.0
64	-0.0633	0.0	0.0	0.0	1.0
65	-0.05893	0.0	1.0	0.0	0.0
66	-0.05632	0.0	1.0	0.0	0.0
67	-0.06097	0.0	0.0	0.0	1.0
68	-0.06589	0.0	1.0	0.0	0.0
69	-0.05667	0.0	1.0	0.0	0.0
7	-0.08623	0.0	1.0	0.0	0.0
70	-0.05494	0.0	0.0	0.0	1.0
72	-0.05941	0.0	0.0	0.0	1.0
73	-0.05327	0.0	0.0	0.0	1.0
74	-0.0545	0.0	0.927580520194	0.0	0.0724194798055
76	-0.05882	0.0	0.523895842368	0.0	0.476104157632
79	-0.05319	0.0	0.0	1.0	0.0
80	-0.0533	0.906548393519	0.0	0.0934516064809	0.0
84	-0.1207	0.0	0.0	1.0	0.0
86	-0.1013	0.0	1.0	0.0	0.0
90	-0.05871	0.0	1.0	0.0	0.0
91	-0.057	0.0	0.0	0.353873726022	0.646126273978
92	-0.0645	0.0	3.13713216767e-07	0.0	0.999999686287
94	-0.04927	0.0	0.999999998185	1.81477950421e-09	0.0
95	-0.05023	0.0	0.999999999907	0.0	9.3049880976e-11
97	-0.04579	0.0	0.441837655487	0.558162344513	0.0
98	-0.04152	0.0	0.999999995168	3.49767833874e-10	4.48229280667e-09
99	-0.04418	0.0	2.03058530301e-08	0.999999979694	0.0