6	0.0	0.0	1.0	0.0
7	0.0	1.0	0.0	0.0
11	1.0	0.0	0.0	0.0
17	1.0	0.0	0.0	0.0
23	0.362143684983	0.0	0.637856315017	0.0
24	0.0	0.0	1.0	0.0
25	1.0	0.0	0.0	0.0
26	0.0	0.0	1.0	0.0
39	0.0	1.0	0.0	0.0
40	0.0	0.111223176683	0.0	0.888776823317
41	0.0	1.0	0.0	0.0
42	0.0	0.597931784934	0.0	0.402068215066
43	0.0	1.0	0.0	0.0
45	0.0	0.540711853815	0.0	0.459288146185
46	0.0	0.999999955607	0.0	4.43934130781e-08
47	0.0	0.0	0.0	1.0
48	0.0	0.451367124571	0.0	0.548632875429
49	0.0	1.0	0.0	0.0
53	0.0	0.0	0.0	1.0
54	0.0	0.518193448638	0.0	0.481806551362
61	0.0	1.0	0.0	0.0
62	0.0	0.000699069812232	0.0	0.999300930188
63	0.0	0.0	0.0	1.0
64	0.0	0.0	0.0	1.0
65	0.0	1.0	0.0	0.0
66	0.0	1.0	0.0	2.55507873766e-301
67	0.0	0.0	0.0	1.0
68	0.0	1.0	0.0	0.0
69	0.0	1.0	0.0	0.0
70	0.0	0.0	0.0	1.0
72	0.0	0.0	0.0	1.0
73	0.0	0.0	0.0	1.0
74	0.0	0.793708558826	0.0	0.206291441174
76	0.0	0.533484951322	0.0	0.466515048678
79	0.0	0.0	1.0	0.0
80	0.854980545786	0.0	0.145019454214	0.0
84	0.0	0.0	1.0	0.0
86	0.0	1.0	0.0	0.0
90	0.0	1.0	0.0	0.0
91	0.0	0.0	0.440206755689	0.559793244311
92	0.0	0.044336739907	0.0	0.955663260093
94	0.0	0.999837474095	0.000162525905385	0.0
95	0.0	0.98987019817	0.0	0.0101298018303
97	0.0	0.442109184493	0.557890815507	0.0
98	0.0	0.995339701838	0.00014752695747	0.00451277120462
99	0.0	0.00704817437576	0.992951825624	0.0
100	0.0	0.999468140888	0.000531859112295	0.0
104	2.08220554456e-75	0.606463990863	0.388792828449	0.00474318068875
105	0.0	0.0	1.0	0.0
107	0.0	0.0	1.0	0.0
113	1.0	0.0	0.0	0.0
114	0.0	0.0	1.0	0.0
115	1.0	0.0	0.0	0.0
116	1.43820874194e-121	0.992468529001	0.00753147099855	0.0
117	0.0	1.0	0.0	0.0
118	0.0	1.0	0.0	0.0
119	0.0	2.46003294412e-13	0.0	1.0
121	0.0	0.0	0.0	1.0
125	0.0	0.0	0.0	1.0
126	0.0	1.0	0.0	0.0
127	0.0	0.0	0.0	1.0
128	0.0	0.0312253489782	0.0	0.968774651022
165	0.0	1.0	0.0	0.0
166	0.0	0.999767770918	0.0	0.000232229082205
167	0.0	1.0	0.0	0.0
168	0.0	0.0	0.0	1.0
170	0.0	0.0	1.0	0.0
172	0.0	1.0	0.0	0.0
175	0.0	1.0	0.0	0.0
176	0.0	0.0	1.0	0.0
178	0.0	0.0	1.0	0.0
189	0.0	0.0	1.0	0.0
190	0.610227534281	0.0	0.389772465719	0.0
191	0.0	0.0	1.0	0.0
192	0.0	0.0	1.0	0.0
193	0.997780027136	0.0	0.00221997286429	0.0
194	0.970377382347	0.0	0.0296226176534	0.0
195	1.0	0.0	0.0	0.0
196	1.0	0.0	0.0	0.0
197	0.0342440902594	0.0	0.965755909741	0.0
198	0.999272570767	0.0	0.000727429233216	0.0
199	1.0	0.0	0.0	0.0
200	1.00329512534e-36	0.0	1.0	0.0
201	1.0	0.0	0.0	0.0
202	0.412974712465	0.0	0.587025287535	0.0
206	0.887572353243	0.0	0.112427646757	0.0
207	1.0	0.0	0.0	0.0
208	0.00378377841572	0.0	0.996216221584	0.0
211	4.508995941e-67	0.0	1.0	0.0
