100	-0.04467	0.0	0.997277734135	0.00272226586526	0.0
104	-0.03347	7.79308413769e-24	0.717212753618	0.282720027113	6.72192687015e-05
105	-0.03749	0.0	0.0	1.0	0.0
107	-0.03905	0.0	0.0	1.0	0.0
11	-0.09884	1.0	0.0	0.0	0.0
113	-0.04579	1.0	0.0	0.0	0.0
114	-0.007343	0.0	0.0	1.0	0.0
115	0.007211	1.0	0.0	5.70514605311e-240	0.0
116	0.04404	0.000132804434686	0.972486675398	0.0273805201671	0.0
117	0.02294	0.0	1.0	0.0	0.0
118	0.05359	0.0	1.0	0.0	0.0
119	0.08123	0.0	0.699736111734	0.0	0.300263888266
121	0.08837	0.0	0.0	0.0	1.0
125	0.1759	0.0	0.0	0.0	1.0
126	0.4912	0.0	1.0	0.0	0.0
127	0.6323	0.0	0.0	0.0	1.0
128	2.29	0.0	0.0215836817342	0.0	0.978416318266
165	-0.08752	0.0	1.0	0.0	0.0
166	-0.08482	0.0	0.409527855412	0.0	0.590472144588
167	-0.1135	0.0	0.0	0.0	1.0
168	-0.1077	0.0	0.0	0.0	1.0
17	-0.1307	1.0	0.0	0.0	0.0
170	-0.08296	0.0	0.0	1.0	0.0
172	-0.07548	0.0	1.0	0.0	0.0
175	-0.0862	0.0	1.0	0.0	0.0
176	-0.06132	0.0	0.0	1.0	0.0
178	-0.06319	0.0	0.0	1.0	0.0
189	-0.02547	0.0	0.0	1.0	0.0
190	-0.02306	0.471396815175	0.0	0.528603184825	0.0
191	-0.02506	0.0	0.0	1.0	0.0
192	-0.02178	0.0	0.0	1.0	0.0
193	-0.02649	0.9999999995	0.0	5.0028676334e-10	0.0
194	-0.009775	0.95454284702	0.0	0.0454571529799	0.0
195	-0.008775	1.0	0.0	0.0	0.0
196	0.01554	1.0	0.0	0.0	0.0
197	0.01923	0.043966620398	0.0	0.956033379602	0.0
198	0.05229	0.999494538739	0.0	0.000505461261385	0.0
199	0.06956	1.0	0.0	0.0	0.0
200	0.1023	2.81173889216e-104	0.0	1.0	0.0
201	0.07147	1.0	0.0	5.88071167911e-52	0.0
202	0.02591	0.434356990157	0.0	0.565643009843	0.0
206	-0.0054	0.706670404068	0.0	0.293329595932	0.0
207	0.001079	1.0	0.0	0.0	0.0
208	-0.01698	0.0118104932773	0.0	0.988189506723	0.0
211	-0.01813	2.32731771536e-31	0.0	1.0	0.0
23	-0.09029	0.50629017076	0.0	0.49370982924	0.0
24	-0.07912	0.0	0.0	1.0	0.0
25	-0.08581	1.0	0.0	0.0	0.0
26	-0.08836	0.0	0.0	1.0	0.0
39	-0.08594	0.0	1.0	0.0	0.0
40	-0.07379	0.0	0.441998652573	0.0	0.558001347427
41	-0.04576	0.0	1.0	0.0	0.0
42	-0.01236	0.0	0.884002285731	0.0	0.115997714269
43	-0.02361	0.0	1.0	0.0	0.0
45	-0.03279	0.0	0.454774309551	0.0	0.545225690449
46	-0.03808	0.0	0.998968540869	0.0	0.00103145913132
47	-0.01484	0.0	0.0	0.0	1.0
48	-0.0198	0.0	0.51537145203	0.0	0.48462854797
49	-0.03851	0.0	1.0	0.0	0.0
53	-0.06078	0.0	0.0	0.0	1.0
54	-0.04006	0.0	0.493485384217	0.0	0.506514615783
6	-0.06709	0.0	0.0	1.0	0.0
61	-0.06549	0.0	1.0	0.0	0.0
62	-0.05596	0.0	0.00346771185193	0.0	0.996532288148
63	-0.05677	0.0	0.0	0.0	1.0
64	-0.06905	0.0	0.0	0.0	1.0
65	-0.06331	0.0	1.0	0.0	0.0
66	-0.05958	0.0	1.0	0.0	2.26573771861e-69
67	-0.06394	0.0	0.0	0.0	1.0
68	-0.06863	0.0	1.0	0.0	0.0
69	-0.05836	0.0	1.0	0.0	0.0
7	-0.08576	0.0	1.0	0.0	0.0
70	-0.05577	0.0	0.0	0.0	1.0
72	-0.05964	0.0	0.0	0.0	1.0
73	-0.05277	0.0	0.0	0.0	1.0
74	-0.05338	0.0	0.68789878164	0.0	0.31210121836
76	-0.05645	0.0	0.500187274055	0.0	0.499812725945
79	-0.05175	0.0	0.0	1.0	0.0
80	-0.05234	0.678519773349	0.0	0.321480226651	0.0
84	-0.1198	0.0	0.0	1.0	0.0
86	-0.1011	0.0	1.0	0.0	0.0
90	-0.05899	0.0	1.0	0.0	0.0
91	-0.05739	0.0	0.0	0.422676726434	0.577323273566
92	-0.06483	0.0	0.0288094135662	0.0	0.971190586434
94	-0.04938	0.0	0.996397863356	0.00360213664377	0.0
95	-0.05029	0.0	0.968950574399	0.0	0.0310494256007
97	-0.04561	0.0	0.380663629686	0.619336370314	0.0
98	-0.04132	7.86856449162e-77	0.96722195048	0.018170838716	0.0146072108042
99	-0.0438	0.0	0.00856365628233	0.991436343718	0.0