-79.0783679431	0.589489482403
-15.8179383063	0.28809423942
-24.8535664834	0.316544273763
-21.635995803	0.305046158538
-2.5431305504	0.248916459944
-25.8792251119	0.323913106753
-67.9397572013	0.521652696256
-45.6502609208	0.40579834406
-50.9954807998	0.430771556529
-63.0080511705	0.491669652518
-66.1405214867	0.511324605229
-13.5578324192	0.268082899746
-19.5934863029	0.302287068875
-22.0767096772	0.311657341508
-25.9043279249	0.324836460604
-14.6353642582	0.2733174076
4.20464097101	0.231612126196
-34.6625730369	0.358822944934
4.7124250343	0.229997307387
-3.22793131603	0.25150885815
8.64282612581	0.2197714584
-50.1853594042	0.420046086827
-5.46085205365	0.257874701031
-50.6365680592	0.429465874704
-10.3184924693	0.267326772938
-35.7212664414	0.362894230542
-49.0745622311	0.422046700892
-58.0613664296	0.462451950042
13.2972504098	0.208808289203
-64.0999996634	0.499717528977
-11.1818122934	0.271418199657
2.93620331374	0.234737070901
-10.601958351	0.273259031339
-8.83083905128	0.267387893093
-40.3335162371	0.382710303727
-20.4811339345	0.305967843359
13.5434637825	0.208878508616
9.64657221001	0.218230644
-27.0864178997	0.319444305519
-17.5543428159	0.284167493915
-19.1827265316	0.300769366935
-14.1961213085	0.281627383632
-35.9860280787	0.360421244642
-81.169164524	0.605633142977
0.13444007792	0.241636709282
3.32363152765	0.231692894564
3.37694317153	0.233185960012
-41.6774699839	0.382264855512
12.2670490824	0.210860022439
-23.3426239733	0.316288542825
-36.0390668803	0.357542621984
37.1235012419	0.159655926014
-37.9279307594	0.363350733904
-6.40230690772	0.249984671163
-29.6387119058	0.331877198593
-0.77999763357	0.245493453138
-26.6626935086	0.327468630491
-40.2165132763	0.382143336598
-40.8059940852	0.384645115193
-21.7228332894	0.305032860043
19.4159969129	0.195379392507
39.3952041321	0.155049674637
43.9931907596	0.147403962997
-15.86746284	0.290883191424
-21.8833337334	0.309656455399
-26.5973101915	0.327941824848
9.6241979326	0.217223811846
-63.6249017637	0.495920742702
13.0811379557	0.209232717902
-16.9368969638	0.294043438102
3.71250001651	0.228510235961
-41.9883919212	0.389934284105
-20.3624603422	0.305889076215
-28.6719419454	0.3352901515
4.36135465043	0.228412124015
47.1947859516	0.141647215621
37.5239901232	0.157760199438
44.1425462794	0.146652080846
9.96477381232	0.215017081934
38.4383523902	0.156994577936
52.6639077697	0.133376873783
-25.9561146325	0.325789394922
5.53654462145	0.225986408523
58.4167276907	0.125665536095
69.0192803452	0.111097906047
44.2767740529	0.146957329631
-1.18883558552	0.246141544278
-9.36964708561	0.269577797093
-65.0152990006	0.504991201839
-20.1611378782	0.305221875905
-59.7294845196	0.475378561204
-29.5673684267	0.33811185811
23.7371183881	0.184018870355
0.332075292679	0.231285195756
-36.3780695026	0.365879526408
4.22076532117	0.225287535022
37.9350752762	0.158596840855
-29.8915125072	0.340396669688
-32.8429057236	0.351983269664
23.5333319085	0.185060047412
1.36825261523	0.229098644653
15.6901455807	0.203748039408
26.8455392974	0.178898996728
8.63194030781	0.219786410501
1.26206674033	0.230107616027
12.7015728622	0.210434524695
-21.5480513622	0.301369025646
-1.88746433129	0.247770260264
-43.1698882596	0.394409052715
-11.4169910664	0.270459090471
-5.10440596804	0.251177030958
-12.1082039508	0.2787837615
51.6845678382	0.134742393084
-3.26856149528	0.24304103193
-7.32662919698	0.257998777542
6.95147470591	0.222010117147
82.3604610556	0.0954382269346
67.7380705589	0.113175367939
-44.9230728618	0.403131244347
15.658770468	0.203472344632
-34.9874624264	0.360521838248
-20.2468916718	0.304856830508
44.2397470981	0.147609280456
-39.2243731888	0.378033459934
-24.5470513291	0.320424917119
66.5272160707	0.113957730558
-16.1161024104	0.281019535182
19.3971424289	0.193892420728
49.4330580357	0.136734141221
-30.2684480965	0.33468770751
46.3741678954	0.144003845285
9.93303849971	0.214993366526
34.3266728342	0.164180758836
11.2447963252	0.206217786253
31.8969292843	0.166432298784
-16.4743261347	0.289555111323
-16.1483195675	0.2835810466
56.4754521977	0.128495428641
-0.935010415063	0.245299368551
60.3286968998	0.12300775187
-22.5615257544	0.313271219106
3.85015568356	0.23199620832
33.7764223896	0.164555930617
68.3922983077	0.112211181956
-34.1148516413	0.350630435631
-17.6107843502	0.296268718119
11.1021659224	0.214090080998
-16.8723693776	0.293990161743
23.4010917783	0.186457589307
34.4438023321	0.163936197038
-14.3095541178	0.285740186838
-23.1644002664	0.313864259932
-14.0840841689	0.284470857916
-4.49434410361	0.255576297389
14.6170310889	0.205410850329
-12.7073423445	0.273006195369
8.22150165802	0.220067087303
13.7385034847	0.208280181103
-13.6650283869	0.280182412336
-38.0926389038	0.371940260235
-16.21350617	0.287826176753
12.8226837413	0.20211237615
23.325874169	0.1856394463
-17.279728143	0.295431138438
22.712276099	0.187885220421
41.772832204	0.151381443839
81.5597012255	0.0967711062401
47.5692090676	0.141800688073
-25.0891232843	0.31724197141
-1.08899358348	0.237289187196
18.9668633083	0.193715573858
97.3823839688	0.0801803554389
-44.4059889751	0.395534813981
41.7076884731	0.151713455272
48.8336401394	0.140114200407
26.0231080284	0.18027138011
22.8162069541	0.183577160546
-2.05754769803	0.240363396389
-0.698664135111	0.236529524588
27.4237786122	0.177320868084
-13.0709201744	0.276027843875
41.4864864633	0.152094637879
28.6419210095	0.175006766756
48.1924210709	0.140693257644
69.8526763528	0.109424202426
-31.5317935098	0.346602391445
-15.0136678794	0.287818311938
-1.49616562616	0.244884833493
-17.2995482307	0.294012682785
26.9929751612	0.176091634225
10.265373895	0.215531211268
13.9831108473	0.207268702251
-6.89671147649	0.262376612883
-14.1353650495	0.277390208425
43.1324315744	0.148861069582
111.756158145	0.0683490443958
-11.5530920594	0.276887185955
-23.6710529596	0.316283512402
107.734622693	0.0718355663117
46.2662621047	0.143647419614
-12.3459388319	0.279231637178
18.0321208537	0.190450300611
104.467875935	0.0742455614917
69.183242934	0.109419219939
20.1203208901	0.192795928438
-27.4008111411	0.322292048824
-3.40947455467	0.251150819961
-18.7582401788	0.297647868759
25.9197495055	0.177796675353
-13.6300084105	0.280559466646
-1.825667173	0.241379765361
30.6221458326	0.167799322149
99.210769875	0.0792986163149
-9.40483062694	0.267751104365
16.9367265825	0.197011230628
26.4202643073	0.17989539756
2.08174467804	0.236256422166
101.968650421	0.0769151757128
-4.31235664334	0.246011325463
53.036465729	0.132537058324
91.7972724846	0.0864925017893
22.2617000118	0.182683077676
18.1747336854	0.193595586895
54.3619891989	0.131593512755
7.76924962478	0.216434951851
6.86614886225	0.223579706691
46.1651466334	0.144178291755
33.5274394628	0.165104955036
13.5636760185	0.203956788802
2.37596531798	0.228545455856
-12.5588907396	0.272919732182
80.3902565788	0.0981164717045
113.337000702	0.0673256937823
6.14670825829	0.226090778968
35.3748557554	0.162334114353
66.5741071498	0.114486457931
8.75694538698	0.213450645358
-16.2737657905	0.28678431521
42.2916326412	0.149055984629
9.2751222891	0.216105435402
46.6294381255	0.143312792468
31.0556516214	0.170598595131
71.7143808112	0.108493845242
18.1224285289	0.193154171922
21.3362808271	0.188820036496
88.9875654172	0.0890106494108
8.65097508429	0.212554631332
2.40865170555	0.231076315701
84.2913580263	0.093069259829
68.8049871016	0.111844030159
9.54744195394	0.213847699039
95.2170652101	0.0823248163152
63.4094097934	0.11897108317
30.6838835907	0.171181141939
81.0485741483	0.0970894337651
-13.2932773773	0.280878950799
22.9877739854	0.183225321688
19.8371186036	0.192915286706
-1.86744562719	0.241576721471
46.3453358477	0.140952488524
75.7021062342	0.102679694923
49.7114841125	0.135750825344
31.7922070867	0.165914429183
-2.09071624784	0.240681054816
32.4329755364	0.164062013815
17.7873870227	0.193550681669
92.5992639922	0.085810054873
20.8369559925	0.191265886837
63.4813270141	0.117500166922
12.0888054889	0.20414814425
15.0504435495	0.201719473271
-6.15097764544	0.257135565749
25.947673753	0.177724469222
6.9298401591	0.219500401853
48.9620981416	0.139675030399
6.7951568349	0.224591413354
1.71766137096	0.237225105379
95.8617969851	0.081875758718
38.6691496654	0.156197759374
104.850099446	0.074016035449
29.9723686487	0.171465497671
63.7020292751	0.118201002817
-12.4483914677	0.273597443206
33.1321872673	0.163858535663
18.0789683583	0.197040363684
65.5173724884	0.11493858396
34.5653150735	0.163117288506
27.0217353655	0.173482697486
34.1014287898	0.163934031706
57.5092765669	0.124730034249
34.4273156626	0.16433744592
14.1013349837	0.201176722162
65.3933336894	0.116420541192
22.3858034925	0.188388181794
17.0078415515	0.193529344161
6.39975148429	0.220534495889
22.0591275286	0.183903063009
15.5341350096	0.199791813196
11.8141828932	0.205227557727
5.49237711072	0.221674784667
21.8534754182	0.1886176117
46.3076102477	0.143354879374
0.252777063772	0.238306236722
42.6201959903	0.149979600019
24.7154840113	0.179215074814
7.89191502321	0.216263244043
99.1725039178	0.0796606011892
42.2941389969	0.149662060755
2.52833405088	0.232510088431
41.2029644719	0.149241181811
-3.38087831673	0.251449025272
21.2900804737	0.188041011718
9.87169859553	0.21242222744
8.4628098916	0.214236003875
10.4232387942	0.210880016062
2.62360465547	0.23286504263
20.9504467472	0.188356182466
14.3946610066	0.203627329118
63.3899104091	0.11859066824
32.3542406175	0.1682771054
6.30489061824	0.223050873631
18.3847646868	0.19542654538
33.7413274281	0.161163675912
6.22895967501	0.219044673492
34.0677720974	0.162833152297
26.189998014	0.175419442257
42.5165336012	0.147102707367
21.378020034	0.188155952804
33.3716048717	0.165044355934
93.4357298978	0.083480211206
90.783463256	0.0873795681768
-4.5996383159	0.249680547378
13.4560495414	0.204060339237
5.57728657968	0.222306868253
5.43304190945	0.22378428742
13.5649134685	0.204631713376
23.758511296	0.181934108512
23.0425628271	0.181336876419
15.5333595936	0.200765421421
71.1831256927	0.108361667711
94.2271465875	0.0836327887721
42.9818751688	0.149343345301
0.269005192504	0.235792685304
68.7879704252	0.110128136219
39.3088725218	0.155344279118
116.486120899	0.0648900508757
9.65243564197	0.212603349773
119.827022324	0.0624255238957
55.073692016	0.130131710227
51.9685811393	0.135006792465
31.9451466979	0.167485177112
72.7236941765	0.107242149758
21.6528232244	0.184286478839
115.166994772	0.0662625339636
20.6797820136	0.189111629814
18.5483953766	0.192728573232
58.159535781	0.126173327757
22.2436240335	0.186030428757
28.592904766	0.17257476174
9.45586612226	0.214685268349
9.3675033599	0.212549843784
91.1614705678	0.0855664737993
53.8404922255	0.130731732554
35.1046033784	0.161296663107
47.8842749756	0.139014686715
62.3712700406	0.119927293691
61.3701809507	0.119131791807
38.311696516	0.153745869272
41.4663170286	0.150809628133
48.9346837343	0.139104979879
70.1585612555	0.110440106656
18.672293641	0.193537638227
105.234357115	0.0745274573919
85.4860702883	0.0930513648699
47.636500736	0.1418132497
60.9202991653	0.122363055871
71.5887640248	0.108511710256
61.8919445482	0.118363339861
17.997283978	0.192676457136
4.89193929605	0.225316701503
70.3303612378	0.109349699812
38.5057958643	0.156926207392
35.8134338412	0.161849827231
59.7304755092	0.123919613407
29.0354446343	0.171163553409
80.0712647943	0.0987491117094
38.1343364204	0.157034832045
57.0152839943	0.1252265231
9.68846869095	0.211796933386
123.854642214	0.059877901905
48.3632885322	0.137559640766
55.1464613017	0.130351276448
88.6940348084	0.0878728340483
48.2550960601	0.140848275126
36.5815989961	0.16044073902
55.0074687905	0.130111767856
47.3423685169	0.139302122581
11.8251779865	0.206522416127
114.101086021	0.067059783708
36.7496525211	0.157757981719
52.8130422808	0.133741567524
115.400328957	0.0652924196614
64.0102354742	0.115546902244
37.760895531	0.155407833564
95.8473494684	0.081686924386
40.645016077	0.150544791508
85.3180747418	0.0932823622785
41.7720019755	0.148085530882
75.3947094316	0.104066761167
103.319800876	0.074622303104
14.2871432297	0.200464097899
45.5086545451	0.142408759856
72.2343704954	0.107526972276
51.929426658	0.132751147868
83.3747808643	0.0948682252259
66.9278134783	0.111901130566
19.1717696134	0.189958513142
61.4284156615	0.119071614603
46.3809987986	0.1415624277
94.7944805684	0.0820480952694
49.0953411307	0.136990350032
14.7302857183	0.202335077644
91.5891130877	0.0848065135901
61.8218580879	0.120427288588
87.4386185766	0.0905057650769
74.7100793967	0.104941470953
115.374383797	0.0652275021114
86.132312809	0.0914739236925
33.1698764043	0.166613486056
82.8849030596	0.0952544998972
24.772172784	0.182140218898
43.6967545506	0.148014849456
72.0191665446	0.108122148013
66.5973478844	0.114417527046
104.187408914	0.0753111679217
41.8485458473	0.149910315757
43.6628682758	0.146231840726
37.7988088303	0.15741440643
41.9840916919	0.150328680246
32.1989844401	0.167755856383
20.2700493644	0.18931095657
77.1276058843	0.102179571188
74.5078102837	0.103136752917
49.8400063591	0.13793820906
80.5821899063	0.0963809877843
71.3752665752	0.107262665161
36.5961792354	0.159603066752
129.853859289	0.0558514548967
111.069715592	0.0687065441776
128.049630766	0.0568335189166
77.720069861	0.1011730779
81.3576055757	0.0961085066808
28.2278910646	0.174965658366
127.517685904	0.057175487135
44.5929214746	0.145293023798
85.7048100458	0.0914666931225
60.6380417058	0.11995485258
68.0349067198	0.112567794706
66.9740258017	0.114360898225
89.6290402953	0.0884999229552
136.504171866	0.0516964946509
70.1922006129	0.109866580077
7.3812484701	0.218972764292
94.4697703572	0.0841113289804
78.6397378623	0.100085187185
131.444396397	0.0547215804174
93.085843864	0.0851929093846
55.4347622782	0.127116737589
46.4138342445	0.141724176358
73.0541376088	0.104228482194
77.4274714984	0.0999519779517
38.5507507147	0.152804563437
32.4097067264	0.16365399136
128.064883083	0.05688740281
75.4427253351	0.101472236018
67.5101856215	0.111701953065
54.8903106724	0.128587595488
62.6661748521	0.119992199185
76.4402950718	0.101174672864
61.8597730884	0.119281859568
61.7051942344	0.118888312131
78.9211932653	0.100035519185
26.171397872	0.178223507987
75.5294078069	0.101492867523
53.7382384556	0.132462571128
116.534787846	0.0647874933823
109.898707173	0.0706149878826
136.750386105	0.0519279956583
61.2464127106	0.121828919372
86.6607535069	0.091887704276
132.075943226	0.0543748704806
88.4859608832	0.0898343048927
102.01852821	0.0772756012359
67.610780612	0.11333534898
52.3327859776	0.132215967479
69.4066842586	0.108517321893
50.5424951366	0.133479308324
57.3718442904	0.12646941539
100.774026333	0.0768477742001
57.4012047682	0.123983394475
75.3613128492	0.103805467269
82.7586483185	0.0938540877224
83.9007360584	0.0942360582819
35.4966789524	0.161006448362
63.9348008166	0.117117135862
49.6606146648	0.138538143253
55.2880203223	0.129688752622
65.7888184137	0.115865834847
79.2462839592	0.0993851689186
77.0406390805	0.101990379606
85.624390512	0.0909142780523
141.776723955	0.0486603635582
62.5012219928	0.117629781761
89.4421392706	0.0889606899038
66.8229322715	0.111621645518
101.412463017	0.0778495545391
52.2001444615	0.132348842447
96.5147941768	0.0808745246434
125.210812185	0.0587634353203
24.3809472153	0.181011602683
110.814629392	0.0696817146963
51.9302617716	0.13483402699
123.237064768	0.0607271797726
47.2016356079	0.142274925645
80.0190797278	0.0989819838682
62.2145807115	0.120445744206
77.9828303871	0.100788870195
137.126322364	0.0514884265243
60.9416471197	0.11945574598
35.6166869698	0.157695924051
25.629428916	0.176289428129
41.0306181812	0.148377503292
24.7616872761	0.178656832891
40.3974940905	0.151810344811
97.1263641943	0.0797760276255
63.8408226278	0.115529946576
105.956635572	0.0729187043381
53.010194921	0.131273427914
83.7224479047	0.0936327138167
123.555842795	0.0605420314
73.8010045632	0.105494105894
53.48825261	0.131828562825
65.5168004086	0.115728306506
65.0392476164	0.116121658167
57.3092245909	0.12627641076
93.9928446709	0.0844067200177
71.8945263488	0.107943852735
59.9186508832	0.123003905107
80.5928737041	0.0979676469787
89.3591917057	0.0892127006615
56.7313788619	0.127166646256
38.7207664163	0.154369918427
85.4260862117	0.0910937513359
49.2982145507	0.136349881824
65.5828826887	0.116147750852
110.531705566	0.0700707910269
119.682784033	0.0631109699048
89.5520351666	0.0887506679351
53.1758048584	0.129527996096
131.353197561	0.0552525005369
37.651335793	0.156884938708
54.843250745	0.130767124631
88.5577216491	0.0878971209415
55.6778671295	0.127327271261
117.43936196	0.0634743241821
71.3940061141	0.106088620248
28.3058308461	0.172794162623
63.1989977857	0.116394493609
72.2271254152	0.107361602705
59.3476160028	0.121440672995
101.556113335	0.0759602353625
99.3833494823	0.077798939171
43.9974966933	0.145854006486
126.793449902	0.0582697795263
131.5328499	0.0548924443737
52.4652432803	0.130495143776
95.4006934307	0.0829719602236
62.8468043618	0.117031728729
73.4830721967	0.103651869137
69.7994993755	0.108192493846
71.3689328274	0.106340503392
116.182744154	0.0644309288263
46.4392951111	0.141587080729
53.3061289177	0.132906471142
97.5898511829	0.0809708606288
86.5173014127	0.0898907798549
68.6424329427	0.109193691013
138.09929524	0.050874549835
65.5436430243	0.113253152522
120.590812788	0.0625322799868
116.588951173	0.0643128600559
41.0182730739	0.151805140184
54.2427347747	0.131036425033
65.4194975696	0.11481281266
138.704851969	0.0508839649228
63.0083601624	0.118986099842
34.7249917576	0.16155861803
68.9446299436	0.109435402155
133.458448234	0.0533873975663
61.4660126872	0.118119397294
77.6255691665	0.0989895526008
61.2829903966	0.120895216631
90.9413182334	0.0854947081565
100.41953998	0.0784588976878
68.1497385098	0.110518819888
64.1130877885	0.11730013328
127.066190338	0.0574307007467
83.5116885663	0.0951776201819
64.7830158364	0.114604853314
66.501469995	0.114720704571
148.009233221	0.0457261084593
110.676394442	0.0698796821648
122.734034029	0.0609961808655
123.724823931	0.060433417829
110.747952629	0.0699324868692
89.9165530255	0.0867849621377
72.5279638446	0.104915019814
120.888726368	0.0614408385897
104.35315725	0.0740007904251
128.146917497	0.0571935757503
100.391597999	0.0785397122793
79.6381899847	0.0991634670549
127.982385193	0.0572866258068
108.817473984	0.0699828765513
105.568035733	0.0731673862228
64.2985522317	0.115789818963
133.640035344	0.053452674698
100.977331195	0.0766367493013
129.417442673	0.0561106091787
70.70735606	0.107091198716
94.4468295783	0.0842357943294
113.055192317	0.0682227430462
73.3138038952	0.104706923012
129.602036958	0.0559789191785
77.6500282236	0.0994235221823
80.7194170204	0.0960164128644
78.8478896341	0.0988718119809
70.9745058064	0.10748567106
113.708516037	0.0670784858416
177.779142699	0.0328652803272
114.750163373	0.0668193194105
108.932796911	0.0700655600234
110.568399153	0.0701066203865
123.51627524	0.0600554773703
180.860501593	0.0318211507047
78.2816781763	0.0983619526054
127.922361253	0.0576935584401
100.512447171	0.0786417334383
158.938612052	0.0405804454529
78.1736012715	0.0988267743672
68.3962451806	0.109638322432
72.8327340472	0.104346662406
64.8253412028	0.114757902709
111.686027093	0.069114069298
80.6862134507	0.0982655068217
151.346088715	0.0442369923422
146.825889937	0.0465461226162
150.288902864	0.0446324747763
100.939984254	0.0766916897236
134.296738537	0.053711648126
137.446852626	0.0517618308848
79.354126008	0.0977646415349
70.5330953316	0.107113416847
86.1811098154	0.0923310974369
157.714281558	0.0411003900406
119.51533135	0.0632011314369
168.005700529	0.0367337037377
79.3273887273	0.0975928378581
114.894386712	0.0657248027781
132.172677118	0.0550030654158
152.43877192	0.0435549626284
100.509780681	0.0774222883944
180.103851408	0.032112084584
140.757808392	0.0494787937011
166.998629778	0.0371200736711
137.338364618	0.0516359140437
159.200797143	0.0404259042713
141.063016862	0.0495090760536
154.42597524	0.0426240417531
145.038733976	0.0472136068911
157.511825945	0.0411681687452
138.65613653	0.0507747142397
158.957931209	0.0404950122995
180.819006881	0.0318152316221
168.523753855	0.0365144702364
128.054522476	0.0575953247056
139.10653128	0.0506230697503
181.619096725	0.0315775144002
154.149196019	0.0429176473135
117.537629544	0.0649101043147
160.256216157	0.0399664842053
187.894511682	0.0294638724956
167.616802505	0.0369270567691
110.453806784	0.0702222519363
155.616995337	0.0421724464664
141.496599587	0.0495149474069
153.309037463	0.043330754713
173.724308679	0.0345457035482
139.899604296	0.0502996144137
170.567617911	0.0357815467403
135.378749871	0.0528977995861
182.279000636	0.0314013793566
153.990868984	0.0429094918906
158.840439638	0.0406354046006
152.957681399	0.0433186399535
152.509039021	0.0435643739278
135.152934878	0.0527708528272
151.811258941	0.0440994179421
141.079803772	0.0494725562463
157.353772472	0.0414213582805
134.020272433	0.05356413561
146.241494924	0.0468520644866
135.520708456	0.0526418630452
144.260239711	0.0480537318031
134.310662894	0.0534807582257
131.337036229	0.0556148892207
181.383868742	0.0316430699929
130.57568222	0.0560745120204
180.076055822	0.0321302103478
127.292549739	0.0581326507997
166.004022617	0.0376152713784
116.217990898	0.0659430392414
179.484358613	0.0323000557495
120.838794335	0.0625634997284
168.668129072	0.0364273320361
116.136279594	0.0659860450637
146.892653029	0.0464897122307
138.515807002	0.0512818656003
178.94834444	0.0325123119313
143.925162051	0.0480666581159
157.415533047	0.0411917633953
144.793941771	0.0477422466544
150.612381327	0.0445417470054
130.398226567	0.0561631495095
186.694896736	0.0298325055918
123.685790865	0.060582398712
180.062648984	0.0321309744767
109.892698409	0.0708843026807
156.563713022	0.0417419720809
109.678160661	0.0710395247467
156.084551118	0.0419236532642
147.877624798	0.0461343360514
190.809167999	0.0284801697654
136.554442297	0.0524154721952
191.025331589	0.0284283320009
141.340621749	0.0496803640905
175.479427028	0.033845446177
137.412027719	0.0519092774106
148.263182495	0.0457722533919
134.58728342	0.0536249031877
126.881583846	0.0583193215531
116.495532142	0.0657172372828
183.500871051	0.0308472286018
125.45788341	0.0594138649732
183.950406239	0.0307880546377
123.414555354	0.0607930243861
171.311647606	0.0354837151823
131.426277057	0.0555496907354
154.329562322	0.042872680698
117.840413563	0.0647643932389
150.066046839	0.044956155618
130.270029302	0.0563006273642
158.882110923	0.0407174895515
144.904537859	0.0477001660207
158.036324348	0.0411388578617
135.350588876	0.05311586056
136.864575742	0.0521384832371
135.756244442	0.0529172064972
175.698649177	0.0337716635429
132.022843042	0.0551659653626
119.77053234	0.0633061120858
133.92364346	0.0540139853429
151.106251654	0.0444498959741
139.510790327	0.0506968283383
165.863578623	0.0376929883081
148.030055135	0.0460605906447
145.029911524	0.0476326828233
147.468489151	0.0463556502403
145.775585135	0.0472320344283
136.582957342	0.0524175005344
138.737941784	0.0510976325624
133.395405565	0.0543382472605
136.59200823	0.0523409082539
132.348432833	0.0549791182468
132.591417775	0.0547429147003
138.074401034	0.0515375967317
150.665564673	0.0446925788273
147.048431766	0.0465344357935
145.438486683	0.0473462699711
142.929317457	0.0487605641407
167.070276477	0.0371607489959
156.43208946	0.0418920095331
156.502938405	0.0418453925714
145.085335507	0.0476069520632
143.995404381	0.0482073708478
132.467908962	0.0548725650033
132.47525699	0.0548527494368
146.390517333	0.0469230587269
121.395027208	0.0621567313225
140.200335871	0.0502857135842
124.969112909	0.0597028099189
141.085962206	0.049777652455
143.23941574	0.0485996746298
135.922635104	0.0527470381342
145.594434713	0.0472950455213
139.68878803	0.0505663294948
153.712107029	0.0432075856685
126.08052033	0.059003286168
139.259556306	0.0507895009329
134.477559161	0.053619998248
173.868562834	0.0344439355175
132.722997559	0.0546786177519
169.005844028	0.0363804563627
145.892941576	0.0471611780597
117.890827092	0.0647691473916
156.78133041	0.0416979510383
145.357265975	0.0474241571088
163.577012385	0.038655536019
145.341162747	0.0474435676476
157.001082597	0.041609377518
146.494097976	0.0468688505791
149.101852199	0.0454693716605
128.909264914	0.0571812854523
137.351898837	0.0518826256523
149.07840975	0.0454900430122
136.768470647	0.0522595408716
155.887150311	0.0421646445741
116.383276481	0.0658625505908
141.136088404	0.0497577855646
123.901757585	0.060432155311
148.675128294	0.0457266928651
127.087250587	0.0583537820529
130.462199326	0.0561311923617
147.598668873	0.0462571203701
171.209757731	0.0354709080722
126.985834041	0.0583738689202
146.738626028	0.046667778577
112.559719864	0.0687825067486
146.718109772	0.0466553114795
120.368793052	0.0629030449161
155.357792407	0.0423703379327
144.042545163	0.0481212549744
181.879923822	0.0314791621409
126.226014629	0.0588899380016
184.115389481	0.030639659203
128.868995068	0.0571626164682
169.381641964	0.0362042813118
122.358721239	0.0615183743936
173.247929832	0.0346013586886
124.99092606	0.0597231306763
171.473522292	0.0353931616133
134.182738537	0.0538618257443
137.360957736	0.0519066517591
132.73039474	0.0547145667204
155.272952628	0.042270458127
146.803427288	0.0466970484044
151.087213509	0.0443767905631
129.531974702	0.056778468748
181.799652429	0.0313976448272
148.411386003	0.045852793396
153.109414117	0.0431411016996
132.658387776	0.0547455600445
162.149512096	0.0390285977215
127.422000509	0.0581219705586
171.988466562	0.0351766934139
131.171044916	0.0556993625919
173.510149443	0.0344497122612
132.029277692	0.0551626131603
180.368439042	0.0319804511759
135.457470394	0.0530158711557
158.889628485	0.0405418801609
149.203171628	0.0454413155674
139.401855039	0.0507144694315
132.248052471	0.055048239534
156.57198698	0.0416563118749
129.229511265	0.0569289214468
174.122813961	0.034312752775
137.336213332	0.0519216061531
166.651284302	0.0372008554166
135.942797028	0.0527978731297
177.465475844	0.0330772349691
153.791400775	0.0431360744887
151.737094697	0.0441239045155
121.989451797	0.0617761669205
180.354508123	0.0319897042416
124.570224578	0.0599685364327
156.805699975	0.0416931047971
134.402007755	0.0537196296043
172.497224217	0.0349587553849
153.913952532	0.0430589524235
111.586976889	0.0680465160269
179.421554382	0.0323181375022
178.951575196	0.0324606018842
143.365084771	0.0485279512023
159.996245786	0.0401779996879
169.587518718	0.036126621139
178.708643193	0.0325358485821
128.826301043	0.0571392659105
183.927180284	0.0307309750884
167.353522085	0.0370662125671
179.723924977	0.0322029042566
145.050030332	0.0476246544248
182.321486232	0.0312289711467
140.439458895	0.0501031095276
153.833554226	0.0430428491304
133.657749685	0.0541030038287
170.492385671	0.0357403489596
138.617881511	0.0512134692742
130.949260171	0.0558015269626
160.571186195	0.0399326902758
171.432157968	0.0352298925317
154.135867062	0.0429728833142
172.087373833	0.0350249106061
147.406626577	0.0463325781538
179.854942436	0.0320710605966
143.32361885	0.0485700333248
179.671482032	0.0322586594637
146.568322031	0.0467264014489
169.242144137	0.0361754753979
135.029032483	0.0533043630747
164.396725384	0.0382451481294
159.764540218	0.0402103140757
178.629453942	0.0325628416941
179.369417472	0.0323593097004
153.197099069	0.0433735252122
144.459419611	0.047872883941
136.949363296	0.0515548585187
171.222689365	0.0353706807256
178.472712351	0.032728229966
147.713651458	0.0460893640696
157.734355159	0.0412152835952
172.925663716	0.034781580803
180.808357459	0.0318440118541
165.889867932	0.0374937862336
179.867378037	0.0321558225844
174.63612904	0.0340670409253
174.794533592	0.0340201514384
160.404935364	0.0398111386022
161.843850183	0.0393510782332
149.306095236	0.0453580676177
166.625881331	0.0373417349529
168.546326922	0.0364372706764
173.490729075	0.0344214294926
144.819578958	0.0473684005913
148.519376343	0.0455259474491
127.963163081	0.0576645430773
167.677053121	0.0368604813731
153.470730956	0.0430361172019
164.792690699	0.0379446633919
165.983604451	0.0374666729487
153.37744491	0.0430615888427
159.940977745	0.040153283051
158.208327603	0.0408378862501
136.1176858	0.051954674094
124.530364203	0.0591682527428
132.197124275	0.0543669114078
168.034273477	0.0366503779275
169.79630161	0.0360248529966
155.795415244	0.0420713534504
146.485865343	0.0464506566334
166.766342821	0.0371900556895
158.047113825	0.0410951758997
160.226489331	0.0399590417186
159.918162821	0.0400973308314
164.401527259	0.0380542003508
146.772421151	0.0462371936624
186.393918346	0.0298899602833
179.892306544	0.0321676248026
156.706445782	0.0417140496003
158.616207886	0.0405804165177
137.362567738	0.0519526029302
187.070656774	0.0296136736115
155.026377825	0.0422548286709
177.711224311	0.0328940286484
157.952346575	0.0411624669842
181.054858386	0.0317891689359
147.716011446	0.0459010707398
143.258781041	0.0481741424901
147.954687198	0.0457895100093
157.373373273	0.0412435505631
158.689502579	0.0408147950184
145.772834122	0.0471316449161
174.334085643	0.0341389423516
181.008269191	0.0317605275859
165.43814929	0.0378236438168
172.538685012	0.0348487546869
161.670078393	0.0394107673798
179.219232621	0.0324311283721
168.658083925	0.0364921315071
145.439708201	0.0469254467043
179.245686212	0.0323450908558
169.563203339	0.0359518655482
179.741553221	0.0321829912159
179.31662465	0.0323107511308
179.37764575	0.0323986532566
191.529646005	0.0281928024073
166.896288615	0.0370218095429
166.128982719	0.0373208094546
160.756095273	0.0398905533103
182.70468637	0.0311171517899
166.518835818	0.0371760551459
171.132003044	0.0353266864814
181.912037517	0.0313947362884
183.912086467	0.0307074250026
162.939005867	0.0387442182803
184.426651049	0.0305536955958
172.251711059	0.0350772630401
175.71297921	0.0337478077367
173.41382118	0.0344943301357
181.635360163	0.0315847274671
170.741196154	0.035508628612
170.999844222	0.0354418169914
153.524752537	0.0432133424077
181.716047591	0.0314428709372
148.195118005	0.0455954710298
165.430946921	0.0376571010896
190.281621973	0.0286810409051
177.377258804	0.0330039924438
162.62113069	0.0388169092292
187.526525348	0.0295695757829
160.660296598	0.0396669677272
154.280105996	0.0424911381634
178.182925702	0.0327471896593
168.4398962	0.0365396646409
173.121117286	0.0347200961953
182.384556363	0.0311851057099
172.622824379	0.0349293397661
164.177703247	0.0381247748517
180.447182769	0.0320095735413
184.769903278	0.0304806723695
184.317304944	0.0306262912599
175.512322854	0.0338022730703
181.219273426	0.031618814338
171.15155421	0.0354965098205
184.751888833	0.0303754915772
175.111040179	0.0339647166162
191.041815217	0.0283549381858
184.392177701	0.0306117692834
181.286740986	0.031613165909
188.830821794	0.0291249403464
187.653783037	0.0294109794695
177.764716742	0.0329037361944
183.437724753	0.0308088281687
174.061361653	0.0343566467309
167.009387261	0.0370798578254
182.868534436	0.0311070898927
184.311584841	0.0305131712435
189.845888844	0.0287626215842
177.78546857	0.0327666050059
187.617896867	0.029492288649
174.770618761	0.0338655945948
185.0456265	0.0303154813482
179.350029021	0.0321872322663
192.814597649	0.0277947177546
176.25067821	0.0333466138379
194.815330161	0.0271715190174
167.043121118	0.0370235466366
186.215646569	0.0298855579088
172.555916811	0.0347580747581
194.66632706	0.0271973495723
181.347611035	0.0315020512736
184.145494897	0.0305773284065
178.103350391	0.0326492568797
184.787374185	0.0303850685771
176.031747895	0.0334129572138
187.012320574	0.0296506036266
185.518072949	0.0300816595469
195.438867341	0.0269808156032
185.684860053	0.0300571997133
192.689853919	0.0278282448527
175.401939019	0.0337583449108
188.937465717	0.0290014458859
174.320277301	0.0340678860004
190.663705097	0.0284430236
191.871206802	0.0280778529663
193.575322495	0.0275367400343
178.794300548	0.0325195745959
194.42322962	0.0272903932187
183.200774102	0.030904085682
179.68752675	0.0321137097998
186.959826219	0.0296703872686
189.414458586	0.0288386052695
190.191044937	0.0286202891599
189.892823832	0.0287087947909
181.348237534	0.0316290837009
188.749182934	0.0290533002023
187.13849033	0.0296234802259
191.094264255	0.0283323317376
191.942332546	0.028087947151
177.101715994	0.0331166520303
191.440574466	0.0282327740241
184.000133374	0.0306714561673
180.766499249	0.0318144134147
190.542963021	0.0285121772432
192.516045223	0.0278826913153
188.972036453	0.029031403484
189.214336824	0.0289068121987
179.371052946	0.0322824879663
185.779225881	0.0300438325875
185.29113108	0.030283230196
191.725668518	0.0281278371429
193.504532352	0.0276248573726
187.517386757	0.0294656647929
186.396818262	0.0298884556185
188.192942536	0.0292310503917
186.51680932	0.0298555020474
182.785744119	0.0310102395337
190.328588082	0.0286332570725
182.473742667	0.0311767439077
179.658885854	0.0322727659025
173.215976863	0.0345900355715
185.262028949	0.0303199687388
184.277103348	0.0305737855236
176.840425074	0.0332990235332
184.871615212	0.0304649927243
182.095586286	0.0313679341346
187.717930797	0.0295240963878
186.002924733	0.0300485954513
188.925523039	0.0290428436122
175.453177986	0.0338117887333
178.984196753	0.0323566892396
174.617386192	0.034091438848
176.386225621	0.0333623811442
172.124356667	0.0351064592474
152.566107831	0.0437178374801
190.667124569	0.0285356992587
177.858421798	0.0329006099708
172.479246068	0.0349682369181
181.213682027	0.0316928305157
165.242704955	0.0378986962602
184.240479142	0.0306639832096
178.495459896	0.0326789547952
172.531892049	0.0347853150862
179.433292741	0.0323101336493
177.614560624	0.0330137601895
162.272470898	0.0391893139657
186.116309939	0.0300324139597
176.953344153	0.033235606445
177.091795726	0.0331375128979
179.108539786	0.0324707669087
186.565239388	0.0298766252938
179.034042028	0.0324935021125
182.48696498	0.0312817591032
165.07184359	0.0379817822435
166.950021094	0.037207511916
177.185800101	0.033188583132
184.917900061	0.0303729571225
192.894207636	0.0277385081641
179.832511066	0.0321132492697
178.765238095	0.0324921545551
183.642700681	0.0308818333317
185.467271937	0.0302651385412
176.65179517	0.0333785387698
195.427599752	0.027026887726
183.258410135	0.0310267597155
179.839949418	0.032194340289
177.068584663	0.0331853649538
187.966494551	0.0293133659355
177.544691519	0.0330745306339
182.240111166	0.0313601535402
171.768436267	0.0352489387811
190.866148408	0.0284444078507
178.523976205	0.0326626024806
184.987693523	0.0304193493115
174.734855982	0.0341191649892
192.805798551	0.0278727893452
176.043311831	0.0335825171874
179.514492776	0.0323132294392
183.241673154	0.0310041717999
184.628345887	0.0305029539249
187.128611646	0.0296723595025
179.613387624	0.0322942995282
180.316882486	0.031821212665
195.020633751	0.0271519256612
185.213375727	0.0301964012777
190.548175201	0.0285537537023
184.991364822	0.0303471477274
186.926611106	0.0297306925645
181.844543648	0.031357439323
193.140807323	0.0277113741665
190.031266396	0.0287249711317
183.602009894	0.0308318528278
165.90019714	0.0376126502676
182.259770599	0.0313441058739
184.341609503	0.0305675595447
194.391289921	0.027270214547
183.493760092	0.0308177438227
189.801880163	0.0286980797396
190.031834363	0.0286974561648
188.142444614	0.0292464794533
184.137247126	0.0306482473571
193.176092215	0.0276766785393
187.390208046	0.0296005820878
170.888456917	0.0355873878039
181.030706985	0.0317433434441
189.049039114	0.0290540218992
194.100031614	0.0274013467432
188.685281834	0.029168926577
186.815826764	0.0297857796277
181.727972242	0.0315095778225
178.837966115	0.0325767332005
189.410414175	0.0289183485407
179.576859815	0.0322537904949
184.439062145	0.030595769572
188.187243345	0.0293019109667
186.365197195	0.029899709381
183.886924513	0.0306158687195
185.960945669	0.0299565899289
177.735664702	0.032813494398
190.348591967	0.0285903522059
181.497460662	0.0313869304851
189.713450049	0.028810810129
185.39683754	0.0301547193452
190.869290408	0.0284142806018
188.919662551	0.0289507393062
191.825631913	0.0281323608755
190.976068458	0.0283362859124
188.763208797	0.0290989584504
193.095270394	0.0277488422764
193.495490143	0.0275557657277
193.166208912	0.027730175485
191.521334749	0.0282021181225
189.864110832	0.0287680912164
191.984106462	0.0280708465865
189.953941503	0.0287605347624
195.105634869	0.0271113355653
191.06610685	0.0283872241604
187.115556579	0.0296779616277
185.346131134	0.030276905426
190.619748352	0.028534393214
183.441049697	0.0309270297179
188.11897505	0.0293538031442
188.875583549	0.0290878642687
189.647312401	0.02884406439
183.771188135	0.0308152634828
189.236728941	0.0289676376202
187.195296562	0.0296318463933
192.404363355	0.0278787744212
191.30662133	0.0282949009651
189.732759444	0.028819238881
184.181565908	0.0306455664304
193.504163571	0.0275712924666
192.034712132	0.0280729043608
195.59302649	0.0269411188825
195.844993248	0.0269047567226
195.037781767	0.0271248004798
194.365458591	0.0273444171137
196.496049149	0.0267100036057
191.94637632	0.0280996588753
189.104908768	0.0290267361691
191.766968386	0.0281473044
191.50540763	0.0282757812639
188.946812031	0.0290949210032
188.483263913	0.0292415383068
185.833559889	0.0301380143539
192.96817782	0.0277636796479
187.388926993	0.0295620899885
187.51974438	0.0295147618212
181.683941472	0.0314059599073
193.357139217	0.0276804466026
191.803053676	0.0281909294154
187.151028686	0.029665082137
190.761400387	0.0285037633562
190.27008607	0.0286567662082
190.958980652	0.0283351368716
185.120828422	0.030329604283
184.838350756	0.0304089182448
189.483126864	0.0287973755689
190.35111949	0.0286114449657
185.724254582	0.0301182109754
191.622466766	0.028223296428
189.783053737	0.0287975956254
192.799433335	0.0278775586637
189.172460459	0.0290047054314
193.108316144	0.0277695471866
195.386707168	0.027077141121
194.071464253	0.0274548899829
189.891491166	0.028748649117
193.128583222	0.0277435333584
190.458582919	0.0285593823911
191.999894646	0.028075768624
188.35941717	0.0292361537487
190.173266162	0.0286107947921
184.890575104	0.0303664616122
187.461531494	0.0294790744306
188.882252866	0.0290774960618
190.376599208	0.0285789818504
195.975651095	0.0268490213218
195.59653961	0.0269552155784
194.736840838	0.0272471024667
191.515194314	0.0282030963443
190.224981094	0.0286463487515
193.016319882	0.0277530280623
195.794033725	0.026930098152
193.545157206	0.0275966982973
191.425685031	0.0282623599847
187.86293111	0.0293986121814
194.55043345	0.0273077966408
194.523711815	0.0273318447604
197.950338764	0.0262711304005
195.985718402	0.026863718336
196.081236336	0.0268270141183
195.275481877	0.0270769883403
196.822856718	0.0266126737513
194.329948131	0.0273546384644
192.418302839	0.0279712382185
195.373056039	0.0270557967926
192.472379399	0.0279614821635
193.646078583	0.0275858448807
193.518460831	0.027639901213
195.282605893	0.0271039926237
193.268366425	0.0277160760237
192.69994757	0.027881080105
194.820383633	0.0272349850487
195.667308517	0.0269750534827
192.577094526	0.0279360811287
191.552154466	0.0282474675061
196.05215893	0.026877757864
196.101145128	0.0268545878504
193.765741066	0.0275702377828
194.728587145	0.0272525621193
195.676991021	0.026971680004
196.996847365	0.0265941171194
196.182747842	0.0268188779568
196.116709836	0.0268477652466
196.098030312	0.0268391043125
197.987587529	0.0262912434018
195.363788908	0.0270576766919
195.537187095	0.0270034117388
193.554975198	0.0276090194581
196.647779045	0.0266645399241
196.363179708	0.0267604431689
196.057966376	0.0268339000718
195.28226289	0.0270755296225
194.352313996	0.0273414172179
194.378931966	0.0273272735636
193.98804438	0.0274419152167
191.769597116	0.0280938154345
190.917236059	0.0283936414502
193.524668596	0.0275759380229
190.475700723	0.0285764647633
190.289757157	0.0286062978306
190.138440541	0.0286787425696
192.12493832	0.0280641686962
190.417343932	0.0286315445328
192.846689426	0.0278249756022
192.753966103	0.0278819383681
191.569176386	0.0282572259923
194.839627519	0.0272397207481
195.326491592	0.0270933864624
197.926093464	0.0262977105623
194.699718911	0.0272613254856
197.400753604	0.0264765814309
193.901282605	0.0275041545929
196.508309511	0.0267265825109
195.175684596	0.027119946432
195.550630714	0.0270133451314
192.434111879	0.0279609878269
194.478103202	0.0273449190473
196.048668061	0.0268960170191
195.960321515	0.0269271046861
193.504897162	0.0276670535342
194.276644262	0.0274288724941
191.801960503	0.0281703272692
193.156533101	0.0277518977559
191.191344495	0.0283680400818
195.874001229	0.0269522566802
196.769047027	0.0266730455502
193.543611939	0.0276640460258
195.340097453	0.0270811517505
195.482155405	0.0270377240169
196.632949098	0.0267145884124
197.897871326	0.0263232322957
198.523793933	0.0261499581553
199.209779003	0.0259495973818
198.517442485	0.026154430494
198.154355863	0.0262711354354
198.5859672	0.0261378004576
198.306858276	0.026214303991
198.032183434	0.0262803207463
197.69053616	0.0263953368435
197.438450692	0.0264512418341
198.335035651	0.0262076847379
197.025670214	0.0265715469323
198.667231592	0.0260914084975
198.028960709	0.0262785312222
198.767954791	0.0260560237345
198.723299285	0.0260897508894
198.057188854	0.0262624125581
198.390427794	0.0261786675917
198.747243264	0.0260722062357
197.517377071	0.0264199927541
197.287835453	0.0264904799184
197.158965785	0.0265267296103
198.943237194	0.0260359365108
198.386371233	0.0261670002814
199.510969918	0.0258523034522
199.822674743	0.0257759039639
198.232020724	0.026237790782
198.30055342	0.0262191060732
199.375361891	0.0258940174918
198.830602537	0.0260421755529
199.20180327	0.0259389000602
201.33687048	0.0253489406813
200.853077825	0.0254901012721
199.979172939	0.0257351675141
200.794612759	0.0254867594027
200.10488724	0.0256790366613
201.173499306	0.0253983705453
200.771762636	0.0254916114178
201.369544962	0.0253428828598
199.618441051	0.0258481529335
199.601525257	0.0258454248267
201.464516662	0.0253197629978
201.073524135	0.0254052895367
201.299539884	0.0253684986692
201.207960719	0.0253666441164
201.517796659	0.0253058605925
202.306651753	0.0250736067509
202.606367714	0.0249952176522
202.590079311	0.0250040212175
201.918313208	0.0251641719895
202.149887077	0.0251247009719
202.003124973	0.0251406716582
203.34463436	0.0247800185819
202.179522176	0.0250905112451
203.033729825	0.024855579957
202.623506115	0.0249892471649
202.200459028	0.0250926398011
200.187244139	0.0256882320843
194.899896183	0.0272646451947
191.564041377	0.0282937499341
190.457722591	0.0286139253264
198.857425252	0.026042265604
201.006959866	0.0254208783893
191.732859863	0.0281958522744
197.980648421	0.0263013632057
201.187212527	0.0253743130273
197.332331474	0.0265306683534
195.993126056	0.0269353174226
197.774408337	0.0263746579199
202.315464583	0.0250645595807
198.044777316	0.0262841306307
199.467939805	0.0258675864372
198.516306268	0.0261755951023
202.58338748	0.0249760373732
199.522914646	0.0258462857314
199.698618307	0.0257981311457
199.890089228	0.0257318883441
199.61344965	0.0258307731695
200.661477512	0.025523485224
199.309975032	0.0259105691738
199.743278451	0.0257888372044
203.214266343	0.0248221017815
200.928254941	0.0254606592526
201.172167524	0.0253784507718
199.230470368	0.0259705682025
203.539792041	0.0247181462182
200.863796374	0.025478822363
200.617982636	0.0255428454009
199.305900474	0.025948818155
198.66596978	0.0261250061544
199.912397714	0.025772654142
198.95093121	0.0260517669121
200.367934356	0.0256314269549
200.549140612	0.025565295118
200.109781183	0.0256840337534
200.661237251	0.0255259546247
202.407768661	0.0250488936052
199.444122749	0.0258701868492
200.394774014	0.0256022531372
199.712172451	0.0257977094946
201.30831018	0.0253422532196
201.646154185	0.0252502919271
202.075895465	0.0251251747452
200.750600342	0.0255001300721
203.337058432	0.024782561433
200.889201469	0.0254912361117
203.343905167	0.024767865759
202.041249274	0.025150314433
203.205449369	0.0248353149478
202.034912811	0.0251678481814
201.733343175	0.0252548735597
203.936096604	0.0246118802204
202.923997407	0.024882509342
203.46745777	0.0247291289599
202.298816758	0.0250606216405
204.24941951	0.0245351090894
202.639245801	0.0249959654486
203.566511417	0.0247367497853
204.567303739	0.0244291729303
205.012354253	0.0243002211194
204.00182166	0.0246113979741
204.81839513	0.0243866086768
205.510853578	0.0241633203968
205.347414117	0.0242330667589
205.198270698	0.0242858314264
205.505556363	0.0241912822819
205.777731815	0.0241186286601
205.73655602	0.0241322144454
206.484081104	0.0238953513478
205.667353671	0.0241158459975
206.854732022	0.0238226831254
206.068583123	0.024043887884
207.442486315	0.0236644973679
207.096183055	0.0237242581782
207.40886599	0.0236751118071
208.522655989	0.0233621765889
207.977256973	0.0235224382835
207.633241411	0.0236143582091
209.260133132	0.0231565170872
209.43390646	0.0231133249858
210.207478592	0.0229035282484
210.110468949	0.0229346448749
209.828113783	0.0230311174872
210.180741911	0.0229243354823
210.468663964	0.0228339609799
210.311029373	0.0228663102146
211.150686981	0.0226561848786
210.856915523	0.0227569947217
211.945492791	0.0224545133308
211.410056186	0.0225809642738
211.098791172	0.0226608207774
211.991336428	0.0224319583428
212.551539935	0.0222994766705
212.24573647	0.0223667800441
212.272338577	0.022360727639
213.043395963	0.0221675932732
213.066316978	0.0221591178922
213.078932065	0.0221557877287
213.285273358	0.022129744874
212.658142325	0.0222990726843
214.429659776	0.0218407354074
214.039845098	0.0219147270722
214.143341686	0.0219158281591
214.267390853	0.021892129634
213.90425554	0.0219871470317
215.45516662	0.0215786415574
215.009732807	0.0216732217974
215.161359413	0.0216631665489
216.043349284	0.0214282391196
215.485185802	0.0215794168251
216.383399529	0.0213456319707
215.511354526	0.0215489964316
216.500928796	0.0213142838491
216.344616262	0.021351281965
216.45512418	0.0213379011678
216.428076024	0.0213317105715
216.377639176	0.0213563475883
216.023297468	0.0214566692565
216.60869851	0.0212872259443
216.181019397	0.0214105782829
216.702690231	0.0212671544197
216.430396946	0.0213244445407
216.083010825	0.0214324533957
216.788763716	0.0212539212138
215.053371466	0.0216969127009
215.487533128	0.0215943853327
214.893929867	0.0217417770845
216.558191637	0.0213029308624
214.837894085	0.0217468821034
215.89173036	0.0214915129537
216.037884133	0.0214323569675
215.595921708	0.0215451407794
215.061602294	0.021667295925
214.786114981	0.0217599962032
215.420896137	0.0215825372165
214.390133791	0.0218335158582
215.442746487	0.0215958642098
215.347712622	0.0216200142415
216.81169261	0.021244286878
215.448783642	0.021571525208
216.455176084	0.0213262596628
215.336595616	0.021601167701
215.909782375	0.0214623251929
216.614398707	0.0212894766598
215.91431669	0.0214789935095
215.509088898	0.0215636767435
216.185666844	0.0213998831608
214.209774013	0.0218871502614
215.736596477	0.0215068785689
214.944412782	0.0217048127206
216.170000749	0.0214052439432
215.498141339	0.0215650214483
216.184960261	0.0214179411825
216.15825358	0.0214238342493
216.330767576	0.0213654430765
217.351171754	0.0211238318519
219.228095458	0.0206935304813
219.39655023	0.020643625985
218.904916008	0.0207524868125
219.714112801	0.0205830762247
219.211700443	0.0207148991625
219.195379903	0.0207142108724
219.676288513	0.020592703884
220.098740932	0.0204763953252
219.711930492	0.0205745141661
220.293297884	0.0204358981733
220.133301148	0.0204809445237
221.223412693	0.0202451280767
220.549186349	0.0204078276785
221.408086427	0.0202115259059
220.05686997	0.0205199543611
221.306413799	0.0202171420595
220.8184985	0.0203303859722
221.684528252	0.0201453999027
221.151441889	0.0202644631676
221.546511967	0.020155447219
220.70104871	0.0203489885609
221.183978335	0.0202356256424
221.47289902	0.0201920601269
222.180094765	0.0200385120341
221.792064977	0.0201259277746
221.780383573	0.0201286560953
222.038638503	0.0200703337541
221.940373242	0.0200884615187
222.483728655	0.0199472625791
222.466430526	0.0199746663289
222.607975352	0.0199426973967
222.575853263	0.0199560805156
222.520915779	0.0199653041586
222.776729844	0.0199080509454
223.120641072	0.0198289312095
223.412371606	0.0197712426499
223.754647723	0.0196896553385
223.714246933	0.0196991050224
224.531221342	0.0195140269597
224.674845389	0.0194844610564
225.564094911	0.0192765568303
225.654985559	0.0192570402434
226.441983996	0.019069233398
227.599109366	0.018843456504
228.117668315	0.0187248363203
228.568333212	0.0186135851616
229.516094461	0.0184158883658
230.284820591	0.018255751442
231.355538315	0.0180535685678
231.840739956	0.0179630915501
232.309331561	0.0178549346142
232.250804965	0.0178651779353
232.992359529	0.0176972628615
232.700429643	0.0177604501048
233.818111947	0.0175410698638
233.769205819	0.0175677497133
234.471322472	0.0174270728846
234.342671497	0.0174652765601
234.537688539	0.0174250263258
234.25036381	0.0174767988444
234.916192647	0.017344585828
234.38187377	0.0174508936849
234.780445894	0.0173788779596
233.901442717	0.0175415717759
234.999860728	0.0173337790604
234.14708076	0.0175043534455
234.990184217	0.0173392267626
234.271567245	0.017476885921
234.877364068	0.0173592776133
234.000158405	0.0175304881146
234.871285723	0.0173617145678
234.283547325	0.0174743076367
235.42315447	0.0172349226901
234.300491997	0.0174703533257
235.235353988	0.0172943041605
234.046625729	0.017518013816
235.036811127	0.0173306082798
233.721843746	0.0175855416384
235.538599571	0.0172238738332
234.04969774	0.0175213597773
235.400833127	0.0172528370164
234.075839076	0.0175184631563
235.341795257	0.0172530959952
233.420669596	0.0176215660498
235.117955696	0.0172813722558
234.121410844	0.01750128421
235.224512207	0.0173007720487
233.663570469	0.0175871853107
235.112692143	0.0173020889786
234.039738284	0.017520619205
235.182504987	0.017303201841
233.716769133	0.0175765871458
235.164187313	0.0172818594645
233.567299684	0.0175907747749
235.019367541	0.0173018738584
233.812003834	0.0175483599584
235.163319906	0.0172791609482
233.582424674	0.0175811337899
235.030402212	0.0173172292368
233.844114685	0.017542324231
234.992025484	0.0173143000225
233.68944048	0.0175651742815
235.059087841	0.017295093389
233.789078008	0.0175519239656
235.07183674	0.017294380563
233.714270225	0.0175741375749
235.015029775	0.0173392637543
233.8260387	0.0175662579223
234.948670827	0.0173517129869
234.035989708	0.0175170918222
234.505497971	0.0174132480649
234.134335975	0.0174817337843
234.545613602	0.0174058607466
234.2610188	0.0174626054166
234.401816283	0.0174417605077
234.392154455	0.0174446708288
234.583438118	0.0174186503179
234.541268907	0.0174106620061
234.675121374	0.0173881506626
234.476171161	0.0174156815988
234.346901502	0.0174415374085
234.414327964	0.0174327526853
234.481854312	0.0174357759297
234.51911684	0.017414293721
234.555207232	0.0174095919435
234.610859131	0.0173957977826
234.544127243	0.0173948926055
234.59941562	0.0174005827666
234.578976834	0.0174101599174
234.562295024	0.0174033528745
234.750546817	0.0173850026384
234.544210572	0.0174157831299
234.751421628	0.0173795578778
234.530979793	0.0174239698764
235.349289009	0.0172564041367
239.644055125	0.016452658849
243.365561109	0.0157898594491
246.423033934	0.0152582591778
249.100703579	0.014813074565
251.123006583	0.0144980935602
253.361133137	0.0141485085887
255.333804233	0.0138398578698
256.635417324	0.0136418110762
257.627585086	0.0134972926
258.597847461	0.0133545729133
259.361091809	0.0132398153843
260.024800636	0.0131424479665
260.396323387	0.0130878309398
260.893106436	0.0130129744848
261.161480799	0.0129738625809
261.446240102	0.0129308881054
261.887486471	0.0128624829973
262.142956556	0.0128290137915
262.34209124	0.0128010049741
262.312664993	0.012806463504
262.444267363	0.0127882111872
262.682252985	0.0127533603265
262.657091892	0.0127557125349
262.630765979	0.0127618724677
262.382726513	0.0128002965125
262.247766683	0.0128168918503
261.925453144	0.0128696265036
261.931610245	0.0128621900853
261.680994057	0.0128965435979
261.492574677	0.0129212140763
261.104987848	0.0129734862145
260.954740519	0.0129943824839
260.592943446	0.0130481671301
260.500860072	0.0130567032011
260.254620396	0.0130851347244
260.229785565	0.0130812820634
260.277335766	0.0130679916325
260.229233287	0.0130729036629
260.249565563	0.0130614778618
260.2138148	0.0130738505361
260.460640369	0.0130329654267
260.44022611	0.0130402017823
260.625740434	0.0130087225739
260.585711246	0.0130181000519
260.524334031	0.0130248593753
260.458853499	0.0130262916586
260.364455443	0.013038627396
260.138158562	0.0130672010814
259.937451069	0.0130965107618
259.484137333	0.0131632219862
259.167911792	0.0132145805152
259.25640972	0.0132012985758
260.647444162	0.0130169795841