100	-0.04546	0.0	0.995276555964	0.00472344403561	0.0
104	-0.03417	1.39641739403e-231	0.694556703739	0.30446719072	0.000976105541432
105	-0.03813	0.0	0.0	1.0	0.0
107	-0.03924	0.0	0.0	1.0	0.0
11	-0.1009	1.0	0.0	0.0	0.0
113	-0.04525	1.0	0.0	0.0	0.0
114	-0.006113	0.0	0.0	1.0	0.0
115	0.00685	1.0	0.0	0.0	0.0
116	0.05016	0.0	0.99072523932	0.00927476067984	0.0
117	0.03894	0.0	1.0	0.0	2.55824371751e-92
118	0.06627	0.0	1.0	0.0	0.0
119	0.09781	0.0	0.0	0.0	1.0
121	0.1045	0.0	0.0	0.0	1.0
125	0.1867	0.0	0.0	0.0	1.0
126	0.4868	0.0	1.0	0.0	0.0
127	0.6313	0.0	0.0	0.0	1.0
128	2.289	0.0	0.0178947572453	0.0	0.982105242755
165	-0.08487	0.0	1.0	0.0	0.0
166	-0.08635	0.0	0.461110572448	0.0	0.538889427552
167	-0.1189	0.0	0.0	0.0	1.0
168	-0.1093	0.0	0.0	0.0	1.0
17	-0.1307	1.0	0.0	0.0	0.0
170	-0.08497	0.0	0.0	1.0	0.0
172	-0.0751	0.0	1.0	0.0	0.0
175	-0.08894	0.0	1.0	0.0	0.0
176	-0.06187	0.0	0.0	1.0	0.0
178	-0.06477	0.0	0.0	1.0	0.0
189	-0.02531	0.0	0.0	1.0	0.0
190	-0.02271	0.457279054172	0.0	0.542720945828	0.0
191	-0.02472	0.0	0.0	1.0	0.0
192	-0.02115	0.0	0.0	1.0	0.0
193	-0.02574	1.0	0.0	1.06901232722e-18	0.0
194	-0.00818	0.989163348067	0.0	0.0108366519329	0.0
195	-0.006568	1.0	0.0	0.0	0.0
196	0.01881	1.0	0.0	0.0	0.0
197	0.02364	0.0049652279157	0.0	0.995034772084	0.0
198	0.05838	0.992133004756	0.0	0.00786699524393	0.0
199	0.07551	1.0	0.0	0.0	0.0
200	0.1055	0.0	0.0	1.0	0.0
201	0.07152	1.0	0.0	0.0	0.0
202	0.02523	0.496774447525	0.0	0.503225552475	0.0
206	-0.004099	0.6933230276	0.0	0.3066769724	0.0
207	0.002851	1.0	0.0	0.0	0.0
208	-0.01537	0.00621483066018	0.0	0.99378516934	0.0
211	-0.01683	0.0	0.0	1.0	0.0
23	-0.08861	0.412304673085	0.0	0.587695326915	0.0
24	-0.0778	0.0	0.0	1.0	0.0
25	-0.0849	1.0	0.0	0.0	0.0
26	-0.08817	0.0	0.0	1.0	0.0
39	-0.0759	0.0	1.0	0.0	0.0
40	-0.06263	0.0	0.0276667193704	0.0	0.97233328063
41	-0.03571	0.0	1.0	0.0	0.0
42	0.001063	0.0	0.115012270035	0.0	0.884987729965
43	-0.02046	0.0	1.0	0.0	0.0
45	-0.03579	0.0	0.541290213768	0.0	0.458709786232
46	-0.03922	0.0	0.994971353194	0.0	0.00502864680624
47	-0.01737	0.0	0.0	0.0	1.0
48	-0.02365	0.0	0.477768109873	0.0	0.522231890127
49	-0.03982	0.0	1.0	0.0	0.0
53	-0.0541	0.0	0.0	0.0	1.0
54	-0.03964	0.0	0.541104843561	0.0	0.458895156439
6	-0.06743	0.0	0.0	1.0	0.0
61	-0.06343	0.0	1.0	0.0	0.0
62	-0.05073	0.0	7.74623697074e-05	0.0	0.99992253763
63	-0.05041	0.0	0.0	0.0	1.0
64	-0.06295	0.0	0.0	0.0	1.0
65	-0.05872	0.0	1.0	0.0	0.0
66	-0.05596	0.0	1.0	0.0	4.97958148536e-80
67	-0.06057	0.0	0.0	0.0	1.0
68	-0.06577	0.0	1.0	0.0	0.0
69	-0.05652	0.0	1.0	0.0	0.0
7	-0.08727	0.0	1.0	0.0	0.0
70	-0.05474	0.0	0.0	0.0	1.0
72	-0.0594	0.0	0.0	0.0	1.0
73	-0.05323	0.0	0.0	0.0	1.0
74	-0.05451	0.0	0.881072223581	0.0	0.118927776419
76	-0.05896	0.0	0.551970506956	0.0	0.448029493044
79	-0.05317	0.0	0.0	1.0	0.0
80	-0.053	0.863670619475	0.0	0.136329380525	0.0
84	-0.1217	0.0	0.0	1.0	0.0
86	-0.1031	0.0	1.0	0.0	0.0
90	-0.06011	0.0	1.0	0.0	0.0
91	-0.05841	0.0	0.0	0.488672371056	0.511327628944
92	-0.06603	0.0	0.0111087656246	0.0	0.988891234375
94	-0.0501	0.0	0.997312176842	0.00268782315807	0.0
95	-0.05108	0.0	0.970210068444	0.0	0.0297899315564
97	-0.04629	0.0	0.425703507337	0.574296492663	0.0
98	-0.04194	0.0	0.987574812247	0.0123690219988	5.61657538975e-05
99	-0.04458	0.0	0.00515214707873	0.994847852921	0.0