-68.4969477591	0.524907272866
1.85063378999	0.237274732611
-33.7095297538	0.354941751504
-48.8923068875	0.418597270899
4.44949755648	0.223011965899
-17.3791716019	0.292560574256
-34.604104886	0.355808582052
-49.5175095888	0.4243544752
31.2195870841	0.170292738881
42.9191250259	0.146808530713
63.0406996361	0.119415189106
12.8328682202	0.206744322687
15.0578292979	0.204394872423
-23.1678971601	0.312731180035
32.381491784	0.160414038463
-31.5788489121	0.345807611908
12.4406144669	0.2022815939
-74.4586775201	0.561828712261
7.30423458497	0.223466972244
27.0890945124	0.175137325331
64.0794450443	0.11714682727
-59.4740001085	0.472270632323
-44.4706947968	0.399512901915
2.60056575543	0.23451181715
116.888646034	0.0654509560039
-14.1463474603	0.281297690777
-8.98324677909	0.267574850663
16.3802516138	0.194771188439
18.7706998138	0.189460013107
91.5766829081	0.0851840097537
6.96834115415	0.218424161887
114.702016127	0.0672268988343
44.7476341506	0.146723856837
-8.72588617573	0.257625711992
-12.6723378847	0.280297030312
20.1190792043	0.184659878896
41.7429484621	0.146958629212
-3.97097309306	0.251010096289
112.489991838	0.0673011463284
29.7913494933	0.165418243882
13.1020656597	0.205442911515
-61.6626606859	0.485756161879
-38.4055218773	0.374257283955
41.4055604161	0.146039023116
12.7402971339	0.202204877897
-39.8153497285	0.379447082859
6.75571592055	0.224971485068
-53.9386499028	0.445403562944
-31.3722259341	0.34603923791
20.3236835217	0.186442077636
9.90139498023	0.210944610711
13.7670473192	0.207282388441
23.1154171549	0.180264562042
31.4436120181	0.163792873329
24.5625080842	0.178634023908
-35.3012480655	0.358095992852
-2.33964001386	0.245832687296
22.9890333287	0.181338168088
8.84965582595	0.212405849169
-43.9773100773	0.393208927094
27.869391868	0.170419756683
10.9226288472	0.210713365049
-3.25935656577	0.248395514991
0.33120037103	0.237959080184
16.3629007523	0.198370053796
-6.9031732018	0.260344664575
16.640733785	0.198450515717
11.6747944706	0.211598396573
81.440639896	0.097445906504
27.5717897691	0.177511791765
64.1143623509	0.115765199547
25.9589861323	0.181189571853
51.8906582771	0.135416817327
-0.703916466263	0.239954543277
35.6315508641	0.155497915851
-42.4068104479	0.389048749441
19.4128267531	0.188327726922
14.7527313571	0.200988834072
-9.48552601886	0.263308880546
26.861906651	0.178445532696
17.093783774	0.195174253319
37.8895212889	0.157613569598
14.0433900928	0.203584205639
29.7715357083	0.166008064292
15.7907104828	0.20322768595
49.5043350443	0.139150950135
-30.0241175032	0.337590384007
18.5027579938	0.193341291547
-4.11127138426	0.25187074627
-7.80163721967	0.262319756437
93.9884484826	0.0831032030033
-6.15114916087	0.259969967335
-14.1113048522	0.284829681996
63.2983054545	0.11931334488
16.2679763646	0.196847120441
75.6075416748	0.102258728323
21.5195167978	0.183561101767
2.58820345906	0.233316393704
23.5305956013	0.18202883801
33.5339395713	0.159280331965
-6.91386047772	0.257071569583
124.757965892	0.0598936831961
1.06979580344	0.239123700476
32.4999730746	0.166765454165
-22.968921273	0.314500374881
24.2885229611	0.176146570453
28.8712433091	0.168848197781
6.55343222615	0.223585388828
-16.9236157852	0.287809904025
45.5092525232	0.140200842854
44.2874130307	0.141799239725
80.7131702467	0.0982851094019
24.9671913834	0.179562569248
31.1540648307	0.170564944652
52.5774121144	0.1313396851
-7.55957164794	0.256516988611
-5.66929310844	0.255539804779
-39.120296134	0.375473800009
38.8780903122	0.153671803545
24.5793743677	0.178148383188
17.3134703493	0.194748047067
50.4517344271	0.137682795556
-12.5997310057	0.276462239154
29.5260603097	0.167768926685
139.551959894	0.0507155074383
184.794869053	0.0304867081651
36.4181349571	0.16083408316
8.42319425822	0.218350598544
-18.756692805	0.295605386635
42.5659880115	0.14983910643
23.8767383593	0.181358620911
56.2303813444	0.128842169817
-16.6060990945	0.288782608455
32.2924515886	0.168641984753
25.4671814565	0.175875877937
7.75924993347	0.216795826766
-10.0007963573	0.268473363875
28.4443117896	0.170314038869
21.8125730043	0.18685031097
73.5363783142	0.104316518847
40.6227091347	0.148540088125
15.90537405	0.200464251268
45.0153904951	0.141870847952
21.2270328392	0.184411026131
116.072246129	0.0662049999087
53.5798511528	0.132777166605
5.70335593804	0.227268532985
21.9547326481	0.181244741839
17.0824657063	0.195566951841
-8.37485117779	0.263322078232
-5.3902622286	0.255085569758
27.7397444344	0.177582109732
1.44791370283	0.238888707533
42.9066038753	0.145446399686
36.6545553165	0.16039759029
36.9651925381	0.158323190025
6.33071403609	0.221079880883
15.9189545068	0.202911104073
48.1176987905	0.141266353041
1.88869079749	0.234232645874
91.7205059613	0.0869117631752
46.0161478318	0.140915340789
12.7545665642	0.204798468635
36.5634975735	0.153910453221
29.5991664548	0.167682617294
130.552790596	0.0556606981298
184.248758742	0.0304220238488
18.0972351729	0.189321856853
12.7853400873	0.207117143474
28.2117529667	0.175734228436
-12.4203663896	0.270586018623
-13.7644387004	0.279076609292
-7.16407735384	0.263258044956
0.0706646375904	0.236968296953
12.0646800559	0.210966336138
137.990665061	0.0515036333342
16.7723867922	0.200966675249
64.6943219572	0.116065099053
-20.9404448989	0.307561898975
25.7125302397	0.17766481714
69.08840769	0.111711547273
-21.0176181065	0.30780463358
18.2888809162	0.196407400554
73.5568805391	0.10428018078
28.9081611522	0.168876063036
37.4215468279	0.159218101929
-10.4354830332	0.273054246147
74.4079475265	0.105320136813
22.3719357298	0.180304033086
25.8791995461	0.18057142395
60.894913762	0.122395630608
-6.43260619306	0.259435410021
19.7229702895	0.19290957242
12.7056302937	0.206989002087
19.1355958125	0.193312258501
25.1402954433	0.179546344267
21.2169830871	0.186873382506
8.94683055109	0.217223708985
20.6744527719	0.190299977803
5.44703179742	0.226377812143
26.2518581512	0.173526125429
-10.7768465593	0.269424291686
80.736666753	0.0973417142154
27.9503368094	0.170374824173
5.01359874697	0.226484447872
60.0547904597	0.123436181587
16.6649731871	0.197484525385
20.7583313415	0.19100415242
18.566960624	0.193503004107
37.0442656552	0.154068608041
37.170365244	0.154915783889
81.6511057782	0.0960887534986
18.297617703	0.192346669314
27.338240938	0.174861640379
26.7890497071	0.172495302798
17.9076008396	0.193723213286
188.549680579	0.0292068101149
28.096019593	0.171005721655
81.1042879177	0.0958978864247
-2.23044094439	0.24900150406
79.2355782036	0.099856619052
37.8606846655	0.151868953305
49.3256008187	0.139272871129
47.2247017522	0.137791109264
26.3751323439	0.174756536691
51.5923188047	0.135716900241
12.6136089101	0.209682416806
46.2094900649	0.139437122606
49.6291493098	0.135855008698
23.9031028956	0.179542809797
-7.28034493983	0.261142508649
26.6357393886	0.175702260489
147.855868127	0.0461374848901
35.3294945364	0.156986654978
18.7433993677	0.194793091518
20.3854361506	0.19287287542
5.39015649659	0.226925244975
18.694127989	0.193359734293
39.7776887778	0.151708006031
59.3154283188	0.124490948057
4.07819215822	0.230958838492
28.5860392563	0.171791540774
79.3926073584	0.0996804458013
26.2270510551	0.177491164308
46.7967516883	0.142934212907
40.4214318511	0.153430280816
25.6481570469	0.180440360398
63.9274561673	0.118198207873
28.5560213703	0.174801537139
87.3001661284	0.0913725769626
13.3486558716	0.206940691906
20.8079905094	0.18997022026
34.2860165523	0.158329974475
7.90742620814	0.220342602709
126.362880481	0.0589366286999
26.4045367135	0.177740105123
35.3923998809	0.162110293158
25.103217528	0.1804762453
24.4142212652	0.18255428464
24.2531637263	0.182589365434
44.6030976218	0.140800194991
28.648452363	0.169713213869
23.6007717772	0.181953872936
74.4704962423	0.105398868357
0.595974867543	0.237724013464
83.9720298732	0.0945413019538
15.882022305	0.198400422032
42.4669522647	0.148786696574
13.5368602171	0.204450219198
36.4581779864	0.154542862414
10.5171694076	0.209342359015
38.5288548547	0.157044145793
61.9553890307	0.118210915208
17.3845148229	0.193852426797
23.156992607	0.179740793574
53.1154549546	0.133504263586
43.2543442668	0.147339987914
29.7886074711	0.16805042617
85.850445389	0.0922039191023
23.1920740552	0.184165875305
56.4548479458	0.125575587544
26.6324477194	0.173732077924
62.1180078324	0.1191087364
36.1021793068	0.155872913828
10.4411454817	0.209898590604
44.8690119145	0.141103616448
30.0648775487	0.169297610259
102.810852764	0.0746672662479
27.3426578419	0.175416393875
36.6248166843	0.159884665257
25.3715876453	0.179796580293
28.938500231	0.172042130573
25.8168027014	0.178870767459
28.7257157881	0.171602631957
23.5204081929	0.184458090167
24.5971578829	0.182798245701
67.9018848737	0.110572507725
119.459895797	0.0635574983742
19.4700235217	0.194224800102
63.6945182238	0.118531231776
20.7916769778	0.186502652195
27.7945043822	0.172884318971
108.192448428	0.0723549083927
47.8409891965	0.13682346032
35.6369892497	0.155719130228
13.7182727786	0.201209320817
157.340255884	0.041491794649
27.334977914	0.175514005906
31.5158176535	0.167470089668
17.618005692	0.193099380179
32.1245509903	0.163713441346
30.8314554909	0.166132472325
55.5568670701	0.126720139515
31.4496771997	0.165763781266
32.9602843249	0.161117659606
23.4153449847	0.182066710437
85.7878789898	0.0906939706213
49.63385082	0.135553999365
20.837410506	0.185515580694
37.731231417	0.158043326931
24.9386047044	0.181623325088
40.0368611317	0.153985859918
33.0517152064	0.166414278678
52.2823227498	0.134468049435
19.5263443057	0.193391055347
131.129346573	0.0551440093926
30.492151695	0.169304123012
145.278954542	0.0467873342059
32.6617440193	0.162001522957
43.4760409264	0.146821273956
73.5821749559	0.106287984869
34.6425608983	0.163911407982
108.424541082	0.0721751153593
117.286962964	0.0647323590514
31.7875514028	0.1685555084
62.960335482	0.119473566711
44.0391349345	0.147255051888
124.864674194	0.0599380627251
18.0043227741	0.196092513749
26.1644952453	0.17952871249
30.3394777223	0.168179103734
59.6379677776	0.123308841444
177.134056671	0.032952724751
12.9999856371	0.207512144674
178.894486023	0.0325341655875
155.596928124	0.0416700363564
35.1667893915	0.157135314486
31.9004470605	0.164170414721
71.4971191277	0.108655023695
47.7676171267	0.139396333195
105.885548211	0.0721778206601
55.6136586878	0.126489461733
47.7066086278	0.137036766005
164.475040575	0.0378336790534
56.2094494141	0.12573010834
26.5421422799	0.17499422283
55.5310544423	0.127167305526
26.6425158228	0.173750868231
50.4262736885	0.137482597387
70.7545675472	0.107832656721
45.7862044844	0.144872609917
77.1329564067	0.100905981764
40.5437972508	0.150910495756
61.4074458797	0.118961759639
67.3186868335	0.114035906041
179.069542822	0.0322044341883
43.9110818098	0.142117741238
45.0944281362	0.14100701851
18.5740140449	0.195614869797
108.084452237	0.0722460616838
76.0842421595	0.101403289424
84.5585056429	0.0921280821
164.121242312	0.0382507076554
72.2182641508	0.106156740791
71.574477564	0.106591810699
53.2022542707	0.129970140166
109.33458419	0.0714084178318
37.9846788613	0.157377223454
105.324125431	0.0746958794409
26.1087640752	0.178166856243
20.6965906405	0.190940665617
94.9664044226	0.0835994520375
131.881528639	0.0541000165474
24.7830838839	0.181708955894
32.705944889	0.166946173733
79.3052589915	0.0997766530568
34.9741574201	0.163417362255
77.0755725111	0.100212481073
118.839109803	0.064057724434
29.4986145272	0.171769675572
32.6084963739	0.163258992488
67.3073706549	0.111424892528
62.5076211408	0.120088899313
36.4074559699	0.154812980795
55.519700091	0.12636461576
160.06975652	0.0397213121628
94.1868039384	0.0845944181488
172.452538807	0.0349748248802
108.545588719	0.0711843902125
43.2866228579	0.14395545238
143.160289475	0.048208256494
119.695401915	0.0633116525313
56.1458365537	0.125864080395
58.3689941611	0.122559373038
53.5923594365	0.128679200369
29.1912102968	0.168888872511
38.072126428	0.15188802918
79.4957267782	0.099454253305
28.8827350844	0.175189816491
77.687196284	0.101576199064
34.899620853	0.163068365246
115.645819545	0.0654275536042
60.6882676624	0.122123134289
75.1739748017	0.104453080624
55.0448690565	0.127183292675
109.792013363	0.0691699609866
162.839444766	0.0389436519489
32.1338222109	0.167323337863
54.0793158459	0.131899972679
47.2102952309	0.142282943315
114.291118434	0.0674968136119
40.8074102364	0.149792966729
30.2232120421	0.172434649482
80.4841530436	0.0964585289991
109.11142635	0.0694296376121
21.1930880519	0.185363431157
125.101315873	0.0597883240176
90.4943242738	0.0881532933231
151.880112861	0.0435261585152
69.0767144302	0.111890899938
67.6359300185	0.110864122903
71.4946249331	0.106048458107
58.9655079156	0.122256488356
47.6443117425	0.137704692914
51.3384385267	0.132020620289
48.9549304552	0.136685142484
123.318394892	0.0609836999162
65.1277814444	0.116637799328
29.2632009168	0.172864020147
32.4702894198	0.163843299321
140.378991977	0.0502623931223
89.7756471652	0.0866742150487
69.6815869046	0.110979028705
145.666683826	0.0473420734439
51.7702451981	0.135170297889
72.1251102034	0.106546931071
75.501011586	0.1040934692
116.779400073	0.0636955684239
108.456662071	0.0720991639305
108.652205517	0.0698350641498
63.3657724436	0.116014579431
147.23946064	0.0463849397363
51.5795456768	0.135631000094
105.121452913	0.0726834703104
74.3248836401	0.103114316455
82.5330778217	0.093912840221
114.8677338	0.0671059379866
97.0069806824	0.0819808719135
70.5472325304	0.109927897359
58.991814006	0.124821085248
80.0885588409	0.096535962278
65.1761968625	0.113858507825
98.8974879475	0.0802948636973
94.0157368068	0.0837195637517
82.2215152163	0.096564723847
92.7210571446	0.08430982535
80.336999516	0.0986727440541
148.944912924	0.0455015769948
80.2919806459	0.0961724809483
83.5568554336	0.0951873836357
112.078100302	0.0686072562104
102.740836109	0.0768503003117
121.321059558	0.0623806015775
96.3093877323	0.0805773265479
99.8609089477	0.078084558672
72.5641480107	0.104606933053
72.8568188929	0.107289226548
81.6659745105	0.095055399518
73.5689086808	0.106365880472
73.6562166418	0.103399139612
87.1832880852	0.0892988373768
144.102745475	0.0481616210217
130.364871255	0.0557579110384
90.456766928	0.0882358464086
143.305974018	0.0478145941424
56.6471745889	0.125565066866
100.179008838	0.0791143791036
121.862792045	0.0619716158648
70.4294707211	0.110014363865
65.0854334859	0.11523799359
76.3423159305	0.103085181483
144.283650787	0.0473117299515
91.926504794	0.086735435485
86.8972788131	0.0896347935719
53.6475025681	0.130223213704
130.080564943	0.0564938793971
94.3306041409	0.0845001694395
81.1420834408	0.0977910108202
133.947117561	0.054011425101
161.689489718	0.039543224805
88.2352032727	0.0882573090658
94.3207412683	0.0824782874236
85.0274813171	0.0914561229856
94.3397064062	0.0822768300492
119.515128965	0.0622607794783
82.9315331464	0.0957954983838
88.6089371373	0.0892446134897
119.439005983	0.0636917770719
90.0838696858	0.0864364627228
149.988603081	0.0450545864852
123.894754726	0.06060361877
169.847259926	0.036112738667
206.061464391	0.0240268034908
115.216164171	0.0666654620838
154.843407167	0.0424523941461
129.505216309	0.0564392570482
110.690879588	0.0699627037599
113.780351619	0.0674827428818
117.867481399	0.0648782917611
113.4311133	0.0665752492903
195.842976659	0.026992335957
217.793971833	0.0210166521302
134.907128015	0.0534335031034
111.51910349	0.0678397322419
190.667560762	0.0286007870728
90.3609508878	0.0882631748269
188.913530834	0.0289514020816
125.922810608	0.058872197073
125.71550327	0.059297097856
107.701957268	0.0723352174688
160.286549383	0.0396239774706
82.4694876142	0.0963808355352
110.098851563	0.069127466241
110.191626688	0.07058843883
141.327241626	0.0487750116261
148.509681955	0.0458565915665
158.206584324	0.0410177948051
95.088577702	0.0837552805685
154.118272741	0.0423499836427
147.141874208	0.0458749992167
210.095452661	0.0229090455978
104.978650371	0.0750041424593
97.2438351263	0.0799238797241
157.01240249	0.0410486597948
99.9924166623	0.0792881800415
154.404290357	0.0426371567095
141.478305588	0.0491303861075
105.296436207	0.0747055173872
205.3997972	0.0241093703419
133.263159797	0.0533144223744
145.703912517	0.047349395671
210.398989729	0.0228781008007
108.639814972	0.0715252590562
101.681493082	0.0771428221487
173.053905401	0.0344644166417
208.551258485	0.0233058478346
125.07500663	0.0582621441736
138.108323684	0.0516003068832
131.028508884	0.0552993299819
130.149578041	0.0556311933032
232.844168266	0.0177605766413
128.097762615	0.0571651762533
88.7259689029	0.0874874949342
58.387339558	0.123081424947
68.9733214307	0.109031359253
70.2201993516	0.108215158718
67.6134069583	0.110541878921
69.0188666949	0.108925908156
51.7079027925	0.131496738536
56.8581292694	0.124010212885
50.1034900991	0.133441126377
65.7028245894	0.112934147325
51.0689745135	0.132980643865
60.4549031433	0.119369061797
210.499425822	0.0228379823201
214.620196207	0.021692879648
83.5366895579	0.092893386977
101.948510584	0.075508104435
168.981985007	0.0364640211363
114.051653551	0.0677298626352
134.251978819	0.0538853107776
114.166076638	0.0660833724626
103.631430107	0.0760621762631
150.499917795	0.0441177501893
79.6673864424	0.09930354639
110.420370504	0.0685756958498
162.240819804	0.0393239106025
143.708049254	0.0484226066832
93.5906272808	0.0850853334222
144.718354818	0.0478761817604
89.4717504413	0.089189845885
112.875530802	0.0674181554201
99.5700130422	0.0796428099267
146.837171748	0.046155902972
103.465889471	0.0762348474398
133.368643479	0.0537504666315
107.407156919	0.0729743828544
113.861335351	0.0678201306153
112.50080304	0.0689151548582
122.145055638	0.06180904548
194.870334969	0.0272611875613
116.795104867	0.0656619447652
94.3973944048	0.081990773441
108.577977615	0.0717496674979
117.749418482	0.0631506891816
149.518091043	0.0446339771627
98.8171255926	0.0803433521971
193.642747287	0.0275052994842
125.071822849	0.0597644682523
182.722976567	0.0310417077783
225.790156742	0.0192149700718
89.7309812826	0.0888822623529
194.565520446	0.0271640247413
95.5536438702	0.0833506484452
122.679095729	0.0614456250455
141.787484849	0.0494891488008
112.82749706	0.0686416825934
107.571528609	0.0728491646716
207.438376301	0.0236130495259
93.0181737178	0.083934504913
87.5588782589	0.0888587004037
135.269500427	0.0527911064441
100.941582276	0.0784643037047
156.753080137	0.0417750750362
226.461012115	0.0190424868674
141.330560135	0.048834565006
137.85335334	0.0510424066267
114.491502443	0.0673672249248
134.51643992	0.0537150052429
77.6740649864	0.101534980071
95.1945424886	0.083608982492
168.424783354	0.0362995546465
136.809578865	0.0520329186575
144.156535097	0.0473852445874
97.0417196545	0.0819777451207
99.2380279303	0.0799251388906
167.542269845	0.036747725103
148.480738329	0.04589038602
124.33162204	0.0590121916845
112.578624162	0.0688469731386
91.2951885504	0.0872973151298
94.4579136151	0.0842656223768
116.018936043	0.0644907673372
145.886253967	0.0471538926038
144.293717864	0.0473766583679
111.333891904	0.06983671464
156.682850568	0.0412300587379
171.531471882	0.0351906451814
88.8907350107	0.0896414342471
133.104825468	0.0546038237953
120.758261839	0.0627712284896
170.386469246	0.0355801297034
133.677880011	0.0532271113752
200.335369095	0.025547510269
205.251413247	0.0242266770881
161.860938727	0.0394872993742
124.7414687	0.0591146912559
197.40684032	0.026448788358
165.779014094	0.0378062852667
124.064108878	0.0604841326916
185.966886887	0.0300501324249
115.080558346	0.0669438212759
159.288746286	0.0401051006147
211.6380821	0.0224892711782
114.03268748	0.0659738801378
162.212899876	0.0393148188274
130.935064778	0.0559569030687
143.66442941	0.047671971763
115.527953732	0.0654762652459
138.550873309	0.051334708851
178.423489792	0.0325706621449
202.986743464	0.0248352960845
194.947876469	0.0271753712644
143.720496943	0.04836431597
205.993155276	0.0239909221548
144.651921543	0.0471972219934
200.47727208	0.0255513519977
145.099069341	0.0476848242912
233.150788294	0.0176460148601
165.680731561	0.0378426590856
132.69951048	0.0538434683835
153.833143888	0.0430870647551
141.514642169	0.0494409307436
204.401336474	0.0244370723465
185.584599317	0.0302160066187
217.053192642	0.0211487579996
201.473565285	0.0251869982424
139.609776265	0.050670521712
157.876185635	0.0410601539943
202.657112094	0.0249041807161
158.768703688	0.0403780971427
202.458446158	0.0249558868672
195.004470369	0.0270938074127
153.095285223	0.0435715746238
202.684728032	0.0249219965962
187.204757925	0.0296801354485
194.894806859	0.027195282812
135.443775242	0.0531365274659
218.834077277	0.0207530544572
185.049325644	0.0302913593569
210.025903389	0.0229211177108
135.008885272	0.0533843912091
160.051500765	0.0401850042543
130.432713245	0.0552734834247
219.108741513	0.0206891514633
123.824273669	0.060585630927
153.01087559	0.0435085504741
174.265345045	0.0341810129245
172.308587441	0.0350007676895
203.997620604	0.0245342098994
209.026870335	0.0231560678007
232.120364133	0.0178662818222
151.306180868	0.0444453396168
210.034644238	0.02295290827
190.899847798	0.0284614320968
217.773650617	0.0210141134473
147.023145215	0.0466333346116
197.978895451	0.0262444680127
177.962783692	0.0328852492122
154.881898447	0.0424188352959
164.142385733	0.0384124757022
181.0470407	0.0317737348794
231.194765185	0.0180529643287
172.512368434	0.0349843513286
189.229445431	0.0289009417707
158.510714013	0.0410184891017
195.926996655	0.026846001885
199.033123962	0.0259412799388
180.498933685	0.0319206778056
221.9086405	0.020048584166
211.807453883	0.0224543891231
195.590962901	0.0269116345643
156.859046565	0.0417712097188
234.315921767	0.0174024707372
240.753046873	0.0162362740384
198.615585261	0.0260570366794
150.802190501	0.0447251220545
197.722587607	0.0263321810152
224.997936256	0.0193138041823
162.462236995	0.0388353765487
160.249573151	0.0402291589478
226.406534899	0.0190588585331
220.637466736	0.0203195956728
185.203965518	0.0302334314779
194.171811094	0.0273356534661
153.449838237	0.0434015974937
237.281405019	0.0168441828742
188.453339416	0.029305564479
176.659340551	0.0331830475599
156.94001599	0.041741490548
241.438320099	0.0161055404236
186.893823081	0.0297398136617
172.850163155	0.0348591082761
161.663074927	0.0392468848944
194.776470187	0.0272569425911
236.036272984	0.0170806652213
148.228634483	0.0455141175884
229.037101997	0.018447323251
179.319136169	0.0324712618024
176.07407361	0.0336147720805
223.164716571	0.0197743753644
171.856694811	0.0351877284089
158.490775986	0.0410245328383
230.491374963	0.0181903030368
193.868729745	0.027455022483
186.172530084	0.0298637814706
213.012402053	0.0221521750038
168.356651969	0.0367187348419
228.827026225	0.0185215825966
182.391903772	0.0313553921917
202.954787819	0.0248154754899
197.633741987	0.0263870473253
222.326132419	0.0199492109491
116.062903981	0.0648184301282
187.023736451	0.0297469335388
239.321778682	0.0164877237949
231.758804288	0.017914267724
196.933253825	0.026624653842
176.772646576	0.0331964418236
242.498361159	0.0159011314481
170.559818829	0.035711726738
193.429254318	0.0276947072492
166.766311259	0.0371074748017
229.973776558	0.018293566022
191.024475431	0.0283262202274
230.018874258	0.0183353219461
173.048351392	0.0347821140525
153.605590685	0.0427172395911
220.924996907	0.0202335896424
181.971913683	0.0313993296844
191.908884968	0.0281357976744
176.854091528	0.0331356898503
243.814254258	0.0156791619591
221.302731371	0.0201272729229
168.946934795	0.0364310802033
183.790752227	0.0307095006488
214.966293054	0.0216641491194
211.234450877	0.0225909777093
223.77769229	0.0196361021082
193.344387895	0.0276210287721
211.818475765	0.0224634099445
204.979434988	0.0242337238086
217.202283394	0.0211695708465
171.529880212	0.0351401399344
241.574857467	0.0160611307888
240.073778376	0.0163400468365
200.829473105	0.0254839997853
174.374949281	0.0340437811853
239.591084909	0.0164355217495
241.491866369	0.0160763011505
172.337300893	0.0350934691804
193.362529971	0.0276046430228
207.273693781	0.0236744493463
221.530926645	0.02011747836
227.690714199	0.0187703297445
189.238043462	0.0288943064591
192.043891495	0.0281427170164
230.235409531	0.0182161647909
175.359836216	0.033913660865
197.675967042	0.0262959547943
206.803145463	0.0237724238733
227.810904465	0.0187692454399
185.064991677	0.0304217643085
200.80463294	0.0254008917951
207.339007744	0.0236539239607
201.298841587	0.0252941084052
213.578502782	0.0220473330497
194.55828246	0.0272437183469
214.867320855	0.0217165686943
195.700055935	0.0269423097118
201.142523481	0.0253625048669
200.393450118	0.0255273168028
202.013694125	0.0251622208934
228.321382728	0.0186934431302
181.2835005	0.0317562595019
216.731605981	0.0212024973111
196.604338813	0.0267429140904
206.31564462	0.0239260054605
236.908944219	0.0169327806847
208.789626056	0.0232274514497
180.549281665	0.0320406988567
213.46022602	0.0220419638935
202.351472667	0.0249909303538
233.843350641	0.0174802377747
199.529557458	0.0258518206221
232.896371446	0.0176905948353
202.07787669	0.0251450671995
226.314988007	0.0190409578888
164.878883139	0.0381732034506
237.147755355	0.0168978295425
244.39469464	0.01557239393
208.569157689	0.023288748159
218.132528696	0.0209431035709
206.874134134	0.0237398462393
214.121993689	0.0218903760277
221.186358327	0.0202332576873
170.830486699	0.0356864540284
238.636975716	0.0165804706298
226.891537754	0.0189591669683
227.938841595	0.0186779169199
167.992966457	0.0368359417488
202.114311049	0.0250711684306
230.910048691	0.0181245713131
224.378540412	0.0194621204717
208.572564594	0.0233596526531
195.890094119	0.0268456910603
232.637847735	0.0177756423488
202.423979048	0.0250375687571
235.326629802	0.0172513439898
189.82665719	0.0287047748479
233.148534273	0.0176229862469
206.631352017	0.0237518074783
204.641400784	0.0244294980601
230.698733366	0.0181780808614
205.165630262	0.0241772312758
243.174237781	0.0157797222121
196.331891033	0.0267905369096
235.148549152	0.0172917369827
207.530424656	0.0235494394846
218.780573567	0.0207705989174
197.325007376	0.026496036192
208.744119468	0.0232963401409
218.02304446	0.0209242843875
232.322862362	0.0178362735521
226.359875182	0.0191117481157
241.975804104	0.0159881706498
209.746007194	0.0229694232381
215.987180556	0.0214585791316
206.959144319	0.0237681802446
224.856696118	0.0194068170216
215.984091153	0.0214064393771
213.291531984	0.0220998142355
202.83419063	0.0249328398581
229.53422489	0.0183460675333
220.357905049	0.0203456727683
217.318943715	0.0210808635773
241.747377742	0.0160178378863
224.238559321	0.0195489733164
209.855477828	0.0229558307609
227.9057803	0.0186762811775
204.765829751	0.0243767193158
232.140221532	0.0178808067108
209.1115849	0.0231471525342
202.433428946	0.0249388145915
232.069730483	0.0178871392682
220.512587888	0.0204200563154
233.556970719	0.0175324619352
215.202079114	0.0215972045096
238.549418181	0.0166333206071
208.934788553	0.0232491371788
235.417869043	0.0171658272698
237.39089891	0.0168030629083
210.535029197	0.0227924395724
216.234075842	0.021425670241
225.04104806	0.0193029948905
227.63153088	0.0187577549749
246.819822327	0.0151705097404
202.343377681	0.0250672440285
216.046958804	0.0213608999596
240.595935426	0.0162065513415
220.859833412	0.0203006622228
228.440230567	0.0186657851649
199.56255996	0.0257565598854
214.992884955	0.0216689803073
243.307012055	0.0157628523603
206.869889348	0.0238100674217
223.35843004	0.0196855575468
228.400918638	0.0185843031177
229.601078371	0.0183836708764
238.043641982	0.0167493429795
197.492899011	0.0263430431621
233.161291338	0.0176282765462
217.562386789	0.0210551718373
228.552171271	0.0186298215139
226.899529536	0.0189033635836
216.364859475	0.0212936539489
247.163167062	0.0151000154661
220.686967673	0.0203386526149
220.769864231	0.0202424308157
242.817964222	0.0157914851522
213.282605419	0.0221043823293
215.579570282	0.0215427924586
210.505797425	0.0227566254143
212.07476923	0.0223649485844
246.948489219	0.0151272687345
212.539874415	0.0222759020703
229.919438064	0.0183012566214
227.352588933	0.0188024032111
247.895642531	0.0149438040247
240.060802365	0.0163221459335
229.643961424	0.0183355564997
232.663912552	0.0177209828483
221.535387014	0.0201241969114
235.134238407	0.0172606126673
210.538688869	0.0227501733881
231.154941671	0.0180156304176
248.663356567	0.0148289735221
238.970848647	0.0165237438814
242.891523766	0.0158235642439
231.753573016	0.0179089272373
213.659138253	0.0219893058094
234.470026536	0.017353795182
217.519605964	0.0210297884602
239.942323232	0.0163261535433
243.973244012	0.0156532337415
229.749395984	0.0182972028581
247.7240572	0.0150044289018
242.654677423	0.0158837248847
246.437408801	0.0152190008151
227.940786001	0.0187021924334
222.103563385	0.0199919871538
226.409704714	0.0190798213976
235.42612785	0.0172250901646
245.309543267	0.015380638533
230.294769105	0.0182461543809
231.069517644	0.0181021774067
228.288345712	0.0186887190058
232.101142913	0.0178627723543
233.748836232	0.0175467477964
238.074111338	0.0167437953414
233.643448782	0.0176008160357
242.669493923	0.0158564135382
242.446399341	0.0159079925281
239.787735659	0.0164109915443
238.257231355	0.0166962401925
234.9828334	0.0173059696021
240.888552316	0.0162081483549
220.843884862	0.0203258141579
229.337802475	0.018452252893
238.980337864	0.016547451848
211.949811223	0.0224934653831
245.906788484	0.0153056692289
244.661747479	0.0154841079497
242.72671466	0.0158656185251
231.440847843	0.0180377652363
236.97280577	0.0169301581232
241.115155525	0.0161970246401
231.171894412	0.0180541994705
242.787985229	0.0158628910896
246.789679035	0.0151512782341
240.405101312	0.0163165832417
240.013526119	0.0163517027219
239.208278302	0.0165041534373
221.964751131	0.0200313298278
227.530857828	0.0188190757473
223.207799832	0.0197970425272
242.282858689	0.0159762099093
243.408542806	0.0157355960326
246.230129763	0.0152503971673
237.713893706	0.0167993330315
243.690352013	0.0156637996222
228.492146221	0.0185870459406
228.637115551	0.0186013830398
240.727413012	0.0162468889661
236.268128456	0.0170679896553
243.575205973	0.0156995823703
231.808289682	0.0179237801408
242.292212865	0.0159569103442
242.328261152	0.015932238565
234.244969322	0.0174443762585
224.841552811	0.0194096451323
227.382733127	0.0188746080504
227.537227133	0.0187779502398
246.932842671	0.0151261855536
245.637689584	0.0153378729612
226.943946783	0.0189784438019
229.084985754	0.0184731129293
241.665985063	0.0160452279046
243.540412299	0.0157256691471
248.786729557	0.0148111322923
248.667046718	0.0148107340962
228.096647068	0.0186952147801
238.243696123	0.0167299019984
233.766598146	0.0175683053385
227.469346592	0.0187993050368
238.029954383	0.016720424504
226.027064859	0.0191910842045
243.24746817	0.0157880626723
248.942987221	0.0147581448553
238.351893388	0.0166538998656
240.268111562	0.0163139476436
238.685301062	0.0166174779447
237.230575233	0.0168686318965
240.045410961	0.0163523659015
243.173180068	0.0158287858035
241.365582685	0.0161254608296
249.077379341	0.0147441396532
248.605646548	0.014833862327
241.15124656	0.0161165797742
235.76217479	0.017157560853
226.673963904	0.0189699882522
244.045057814	0.0156290787394
246.854414269	0.0151630911483
232.725721806	0.017772916198
239.671068087	0.0164410222482
243.455893287	0.015734450612
238.511385543	0.0166596993761
245.739253031	0.0153224761601
242.853051234	0.0158434250697
239.29136296	0.0164807788655
243.949451824	0.0156485472628
240.604251018	0.0162450672435
249.18728724	0.0147507051308
244.98873229	0.0154559473557
236.277324203	0.0170550694829
244.900762613	0.0154542113357
237.293315676	0.0168572973231
239.605385865	0.0164217919235
234.438600711	0.0174254007496
232.775062852	0.0177499945899
247.869091257	0.0149848944491
252.166398501	0.0142619509496
238.071754591	0.0167655180414
248.652734802	0.0148276038313
245.029982611	0.0154925147802
248.193758774	0.0149075130908
236.257201636	0.0170666127223
249.710915378	0.0146474320821
230.283907343	0.0182685304357
251.802427773	0.0142955292602
239.561016848	0.0164372775253
243.070435259	0.0157888321389
246.283698672	0.0152632122081
252.533766811	0.0141942518256
242.494716947	0.015900532769
253.184254524	0.0140979896551
236.489115519	0.017061935393
253.707757874	0.0140114172654
250.314113534	0.0145610667353
253.022951059	0.0141302270051
240.3856806	0.0162955310204
250.750699264	0.0144660833425
242.210073291	0.0159476174132
245.059404388	0.0154705654283
240.682259202	0.0162397441557
252.28914538	0.0142064910852
247.558705614	0.0150215734256
249.246635808	0.0147548156781
236.535050782	0.017043954255
236.784987445	0.0169599517167
249.251370025	0.0147536758216
243.819278876	0.0156664360683
249.537298146	0.0146909830698
251.137376685	0.0143970302946
249.453660048	0.0147233785084
244.247722486	0.0156155795809
251.029700996	0.0144605746206
248.097731914	0.0149171271132
249.482708461	0.0147130866743
248.414802456	0.0148960827931
248.253723445	0.014898535384
243.315778855	0.0157491404791
235.441967345	0.0172249416242
246.346089742	0.0152302439957
250.472104317	0.0145484280167
253.940052955	0.0139593551634
248.570258516	0.014857231315
248.31014274	0.0148982068597
243.745246577	0.0156798466819
248.482341934	0.0148536198749
243.966721181	0.0156390115169
254.048637577	0.0139519836101
243.996866347	0.0156301209904
242.177225805	0.0159592346582
243.893645465	0.0156488164597
249.494779797	0.0146859301216
249.359402418	0.0147151942685
240.551464977	0.0162686007649
250.428212838	0.0145526686655
250.05434236	0.0145946697771
246.650601138	0.0151698296341
252.912844499	0.0141408961057
245.525746346	0.0153609425623
246.834726852	0.0151212725301
249.891447407	0.0146289062019
251.626287552	0.0143649880405
244.662211664	0.0155130822261
247.109121331	0.0150910577635
250.767267768	0.0144956144617
241.851914157	0.0160293826537
250.147651399	0.0146006020555
244.194659457	0.0155848323675
240.682434788	0.0162495245565
253.046819891	0.0141395451366
246.581132804	0.015201417419
247.436679879	0.0150408598435
245.393079855	0.0154110644412
243.050840543	0.0158243436451
242.75952676	0.0158756706421
254.740378	0.0138416707296
248.50098715	0.0148620406101
250.643929288	0.0145176780866
249.351780762	0.0147228792019
253.5399651	0.0140417174398
243.922631403	0.0156792258738
254.56862097	0.013886540871
247.707366874	0.0149876185282
249.67954817	0.0146623123221
247.509731021	0.0150279303368
246.613682937	0.0151835401598
238.91790036	0.0165534618972
254.075358848	0.0139486392256
248.276839506	0.0148968698972
252.718961554	0.0141680635084
242.218154438	0.0159690534666
252.349572266	0.0142443749974
249.991341356	0.0146204845789
247.453223002	0.0150396949934
250.501514517	0.0145426317074
251.005915086	0.0144838913822
246.041687198	0.0152989738359
245.027775554	0.015455988249
248.212510671	0.0149096263325
253.866536829	0.0140108083676
248.038561694	0.0149372568462
254.930262975	0.0138209356121
244.531325972	0.0155631286782
252.337635521	0.0142689639808
247.972562125	0.0149622623973
250.44671983	0.0145378305806
247.484553663	0.0150274110984
254.211241999	0.0139406111269
245.234672349	0.0154413436575
250.157382883	0.0146086624869
250.659203571	0.014496101221
253.93907323	0.0139922411193
245.307007708	0.0154164659787
252.577983655	0.014204041509
249.77974179	0.0146348798221
254.376971509	0.0139101858019
237.690576875	0.0168270546673
250.769827926	0.014512298146
247.509252994	0.0150258473243
254.038872155	0.0139756759841
241.184663273	0.0161718798439
248.64270523	0.0148777387043
245.091467227	0.0154475983603
249.068222904	0.0147793573129
246.387146928	0.0152450181573
250.805272331	0.0145103208374
250.00294647	0.0146071663046
247.857000479	0.0149755467924
244.825024665	0.0154848045917
246.283808971	0.0152755632274
249.204474346	0.0147352757877
250.156318407	0.0146091969476
246.628741828	0.0151791805507
246.268098333	0.0152829328955
248.103055349	0.0149303192316
243.264908297	0.0157833702179
243.147660574	0.0157812054833
250.944671194	0.0144894464097
245.86482754	0.0153156024162
253.155718154	0.0141120857251
242.56094138	0.0158846693271
251.719321984	0.0143601707994
249.614519111	0.014665767131
243.580349606	0.0157209188077
250.470948265	0.0145452054037
245.388754076	0.0154223453286
250.128260157	0.0145903785554
251.57905279	0.0143622676841
246.418865986	0.0152160536349
253.602685701	0.0140645303363
248.395013929	0.0148862829432
242.785444257	0.0158850554991
248.747205502	0.0148152750122
250.263124633	0.0145869648268
249.867746722	0.0146210537129
252.224342965	0.0142753654903
248.919311223	0.0147972089465
252.07683264	0.0142768454473
249.578278704	0.014667886831
249.658492773	0.0147044759536
247.9516476	0.0149598331455
248.394556984	0.0148970798724
248.625689124	0.0148413062711
249.086938339	0.0148009118214
248.187183587	0.0149232971934
250.274110822	0.0145741101105
244.166838911	0.0156155985662
251.731508711	0.014372318458
249.201620617	0.0147491539814
246.167643205	0.0152729199833
247.797878065	0.0149841051598
247.160680811	0.0151197762144
245.651409987	0.0153720438776
251.015833335	0.0144780386201
249.592436744	0.0146931732512
252.875914037	0.0141679318296
246.029345227	0.015283955235
252.855954163	0.0141758489015
244.375821047	0.0155658545678
249.852668528	0.0146674335144
239.623669281	0.0164493436062
241.873675747	0.0160391133076
244.869842909	0.0154798725653
252.653239912	0.0142178881167
252.430977504	0.0142560124831
245.115497775	0.0154433309
247.33427085	0.015079988116
248.729309885	0.0148338868475
246.808947916	0.0151809468747
246.055173911	0.0152762248009
248.638856354	0.0148383055306
247.509935752	0.0150415186052
244.074603476	0.015624396372
247.763088881	0.0149960924951
246.62229952	0.0152022211997
249.253406011	0.014716416736
250.045086878	0.0146267502925
248.847426738	0.0147957757516
249.816087574	0.0146587927425
249.434652969	0.014698836859
249.563979013	0.0146684771837
249.128726464	0.0147757967454
247.417593055	0.0150543579844
246.399906065	0.0152355495388
245.815345357	0.0153239867663
248.626665848	0.0148486649716
247.067203531	0.0151222742667
248.703550288	0.0148437241227
245.270851212	0.0154268206913
248.35862452	0.0148979579958
248.286169924	0.0148888143755
247.359812709	0.0150785811399
250.23530619	0.0145970452486
248.739987079	0.0148419018572
249.532640067	0.0147083536962
248.317569937	0.0148983397614
248.983189837	0.014797858416
246.73703683	0.0151684764922
247.867726927	0.0149789685574
251.536148038	0.0143696991729
249.58923845	0.0146863775198
252.297907372	0.0142581243384
248.610234602	0.0148566050453
249.573052111	0.0146803101288
250.082180936	0.014609938804
252.209864311	0.0142703783562
251.730041217	0.0143351030242
252.545013862	0.014213389383
251.496890427	0.0143659029827
253.293812205	0.0140699896784
251.124803767	0.0144225278848
252.609116695	0.0141988283206
247.030449943	0.0151210348944
251.237754271	0.0144004183465
251.210590419	0.0144128112095
251.784347669	0.0143361757807
251.938761001	0.0142971559838
250.521850543	0.0145304015671
247.857960137	0.0149802698108
251.66809341	0.0143337434849
251.580081552	0.0143617966427
252.858148261	0.014140056723
249.807629251	0.0146656935035
253.622208472	0.0140451514926
247.682327451	0.0150070804675
253.270748598	0.0140902330006
252.7208342	0.0141597648521
254.932348254	0.0138062685687
251.769220809	0.0143232942552
255.096766246	0.013800454966
251.148344637	0.0144326964051
254.364375221	0.013926794976
251.517217817	0.0143687958138
254.459104431	0.013918062385
255.735771977	0.0136797534647
254.834031284	0.0138500691198
253.401988055	0.0140696321738
252.217323481	0.0142778535973
256.502540812	0.0135709489505
255.751501706	0.0137103325669
256.095195223	0.0136403089227
255.744887229	0.0137020402551
251.300814181	0.0144316960066
252.887588036	0.0141749119954
254.893779501	0.0138512321328
250.43154191	0.0145830432136
249.679147652	0.0147138775084
254.038804433	0.01400461698
252.932709241	0.0141862291282
249.213887569	0.0147834538533
251.447208032	0.0144053418106
253.621863001	0.0140727197093
252.817346917	0.0141970060574
252.883528884	0.0141839314574
251.485573131	0.0144194674974
252.56009299	0.0142292766625
252.795299455	0.0142101849358
252.672343392	0.014224693608
250.823772835	0.0145196519649
250.766092297	0.0145243033673
252.797521913	0.0141967107663
249.231462534	0.0147952664615
248.52128044	0.0149143243853
249.764920538	0.0147118506856
248.341057484	0.0149326448869
252.619493567	0.01423607314
247.788697885	0.0150009650096
252.756699738	0.0142172026972
249.181098459	0.014749401015
253.364568922	0.0141047647049
250.884222856	0.0144791208014
253.035613656	0.0141476947917
250.344896152	0.0145800541544
250.146564424	0.0145973900605
248.926326744	0.0148177413062
252.075823865	0.0142948793329
251.057047333	0.0144882693668
252.236511484	0.0142647375364
249.496508721	0.0147301282095
251.414932432	0.0143923491785
246.784495768	0.015173533354
250.625254806	0.0145360622774
245.690538025	0.0153609106273
251.87038788	0.0143150087236
246.395311346	0.0152333851522
251.01157077	0.0144476552954
246.724158896	0.0151799248097
247.678495999	0.0150113812778
248.488059058	0.0148681352291
249.006926441	0.0147715897535
244.061782884	0.0156442251526
254.343268271	0.0139617004002
252.486011112	0.0142605884689
253.786564803	0.0140608201911
252.049042346	0.0143355786301
255.069689566	0.0138482110833
250.81701442	0.0145240288349
254.198389096	0.0139721644595
250.740265946	0.0145302810895
256.375599376	0.0136188537141
254.956772676	0.0138579875956
254.363711798	0.0139470239718
255.411441311	0.0137825553136
255.016604883	0.0138463051459
255.69352599	0.0137421530026
254.210770056	0.0139712796462
253.899389221	0.0140190487564
255.664064386	0.0137461703476
254.523639777	0.0139267752878
254.962447496	0.0138446047564
254.674136949	0.0138962124016
254.346237983	0.0139423291744
254.279481799	0.0139564450739
254.271499262	0.0139561475106
255.16076725	0.0138316403544
253.558960454	0.0140787802329
253.844444837	0.0140210090998
251.474904414	0.0144102162465
254.579403839	0.0139240630688
253.265067417	0.0141315988377
252.695589391	0.0142254306235
250.368342965	0.0145947461749
251.181048347	0.0144586544003
254.349602632	0.013965001508
252.69518116	0.0142283699676
254.415894708	0.0139512970045
251.720745597	0.0143929382011
254.261253359	0.013963113901
252.555932588	0.0142490619978
253.568692971	0.0140546543596
253.415948684	0.0141182755689
253.342913283	0.0141067681371
251.367385929	0.0144357255959
251.390062857	0.0143938977351
251.495384377	0.0143967157568
250.795083123	0.0144849205658
250.563450608	0.0145184654582
249.968814074	0.0146145113783
255.816410442	0.0136971781159
254.945192974	0.0138763718486
249.676890083	0.0146918158747
250.329644905	0.0145560449926
253.761317617	0.0140647986919
253.052126804	0.0141270083161
255.672489302	0.0137479908188
252.450031481	0.014244521745
252.909557287	0.0141803528027
253.948254676	0.0139814924568
255.817710913	0.0137300609412
253.109550705	0.0141420026008
252.053300427	0.0143097739813
253.135892068	0.0141033535877
256.185502195	0.0136572785161
253.580805235	0.0140753913841
252.961175149	0.0141671691219
251.908557318	0.0143195446512
251.416890887	0.0143574223567
255.020698568	0.0138456995232
252.241693151	0.0142623173711
257.69302391	0.0134338106574
253.321956071	0.0140892476714
253.756532112	0.0140251756635
254.339495041	0.0139340347178
251.46773245	0.0144046125722
255.369791488	0.0137896423158
256.05782738	0.0136711563024
251.059588316	0.0144461338719
255.338031299	0.0137881159643
255.229904445	0.0138147161026
253.966836353	0.0140106914494
253.333719061	0.0140926102368
255.03330608	0.0138350092132
255.436325321	0.0137743700189
257.096881353	0.0135353313634
255.300756162	0.0138006895751
254.767227439	0.0138770637204
256.440927923	0.0136138747106
256.772617917	0.0135557615931
256.80877688	0.013588027491
254.361076208	0.0139349146973
254.569394565	0.0139161708067
254.71372298	0.0139088965798
254.391014442	0.0139497102961
256.680893448	0.0136142120447
257.267849988	0.0134733401285
255.700851177	0.0137260064625
257.104915393	0.0135496107266
256.792483782	0.0135677081813
256.776448893	0.0135629243658
257.288584771	0.0135091101759
258.273649985	0.0133359425938
256.308497531	0.0136367887464
257.025888682	0.0135606465441
258.516757623	0.013320962624
257.850502247	0.0134181103145
257.521057754	0.0134793997825
257.630732619	0.0134767154369
256.604707205	0.0136115281738
257.611179772	0.0134313343413
259.343954454	0.0131978640095
258.250209396	0.0133611242516
258.52384279	0.0133401644986
256.792543154	0.0135853837072
258.399056899	0.0133581896956
258.316640037	0.0133420817101
255.862441289	0.0137084807777
257.038206213	0.0135502124966
257.925263575	0.0134321214545
257.513691928	0.0134916348238
256.816978706	0.0135679007955
257.69030801	0.0134321226714
254.909645201	0.0138455707372
258.182187102	0.0133600356928
254.323034573	0.0139175018572
258.746120444	0.0133033207072
259.155381759	0.0132211775463
259.381132472	0.0131815282764
259.93018072	0.0130929303647
259.175892982	0.0132412148745
259.422913319	0.0131907622617
259.187135139	0.0132414600249
257.507246459	0.0134775623378
258.297317873	0.0133703635672
260.415108726	0.0130480707176
257.480807077	0.0134750552662
258.9406125	0.0132515738167
257.03869856	0.0135302578062
259.850096846	0.0131244197469
256.8271778	0.0135624793863
259.497251995	0.0131696441654
256.862659978	0.0135540013577
258.999196336	0.0132524650113
258.409503231	0.0133487771226
258.229983331	0.0133693633572
260.050183305	0.0131004321394
258.879023198	0.0132799994632
259.752325025	0.0131479105839
258.016294258	0.0133964037051
260.662148438	0.0130220621493
258.291911737	0.0133614005634
259.639074321	0.0131567097908
258.742385331	0.0132856392989
260.026964819	0.0131030433237
258.67877413	0.0132981562104
260.184167654	0.0130857763929
258.780862482	0.0132908415615
259.664952718	0.0131623351637
258.567941854	0.0133136774044
259.689641049	0.0131517140129
258.854739288	0.0132699501056
259.603298925	0.0131648128508
259.092208588	0.0132317105907
259.505880563	0.0131799934457
258.704205091	0.0132961100738
259.424624685	0.0131955124469
258.51799338	0.0133254790956
259.762926219	0.0131450670423
259.010465717	0.0132622392042
260.390561567	0.0130659888476
258.890182632	0.013275832696
259.686620321	0.0131722267177
259.232670117	0.0132267999724
259.16702799	0.0132466103875
259.454702953	0.013196682773
258.029655488	0.0134146350071
258.956641814	0.01326545755
259.164794188	0.0132347322481
258.901762581	0.0132633728477
260.826608771	0.0129942890891
259.303593418	0.0132167744371
260.810026167	0.0129943207193
259.206262582	0.013239855398
259.441613136	0.0131985109702
259.618848934	0.0131741597008
259.852467817	0.013135465881
259.601523572	0.0131722047067
259.247934933	0.0132301495793
259.618338149	0.0131687804887
260.591478142	0.013026944819
259.08620857	0.0132483749008
260.338824393	0.0130575280907
260.032242782	0.0131055141607
260.293979662	0.0130682561519
260.117484833	0.0130967867852
260.001493592	0.0131166677767
259.776951277	0.0131488059273
259.623708011	0.01316623674
259.291159377	0.0132136614146
260.325978639	0.0130653601589
259.131773524	0.0132357821969
260.354063998	0.0130623653293
259.56548163	0.0131759036191
260.388914321	0.0130568586918
259.843520164	0.0131361318919
260.387820784	0.0130569255156
259.898272586	0.0131254888666
260.118645029	0.0130889565593
259.784461218	0.0131451736811
260.241835066	0.0130780211285
259.811947951	0.0131295671113
260.426047545	0.0130424312604
260.324073444	0.0130535018366
260.730663331	0.0129973332737
259.933220988	0.0131076942471
260.667101116	0.0130118419509
260.592957992	0.0130183452585
260.433155979	0.0130375077732
260.631763756	0.0130138774297
261.027017636	0.0129566984172
260.501592127	0.0130326015722
260.668612741	0.0130104414005
260.369752607	0.0130430640571
260.76126377	0.0129838857768
260.846454778	0.0129738815703
261.510841358	0.0128784144406
260.937539898	0.0129606257546
261.456437666	0.0128880547472
260.658142585	0.013001640979
261.130530602	0.0129268457967
260.773035056	0.0129830352294
261.085113141	0.0129314336842
260.95444353	0.0129560957
261.4476591	0.0128856472643
261.153198179	0.0129249599595
261.618540895	0.0128588463252
260.723986652	0.0129780536886
261.477768356	0.0128771141136
261.163625931	0.0129154285953
261.708441449	0.0128381420957
261.041916998	0.0129380350818
261.575320003	0.0128633877439
261.407647063	0.0128845935938
261.829870979	0.0128259021092
261.37732547	0.0128896447218
261.681413674	0.012841085026
261.533107768	0.0128640650232
261.671730381	0.0128492659776
261.313536456	0.0129007054422
261.69834352	0.0128454408367
261.506416608	0.0128640492097
261.973961132	0.0128005280116
261.394185584	0.0128783387813
261.955411574	0.0128025817569
261.529756776	0.012860055396
261.807514995	0.012824535457
261.651352029	0.0128436823185
262.156849771	0.0127708199294
261.675194193	0.0128440306985
262.076749585	0.0127814852956
261.526198546	0.0128660977922
262.164055678	0.0127718743807
261.805202917	0.0128244716919
262.080070721	0.012780410328
261.960305615	0.0128116129721
262.363029561	0.0127484604959
262.176030021	0.0127676134265
262.761670491	0.0126924956999
262.286699984	0.0127629548012
261.953856957	0.0128136511971
262.037572785	0.0128190389622
261.91217503	0.0128369682769
261.794361382	0.0128512303993
261.337123645	0.0129237919856
261.766492874	0.0128568050752
261.576355576	0.0128839780491
261.543181736	0.012893559104
261.235282867	0.0129397491087
261.189630722	0.0129464610688
261.797938445	0.0128545340089
261.354718654	0.0129219608057
261.660014224	0.0128763203119
261.307437615	0.0129295558083
261.742598675	0.012861633714
261.573400806	0.0128878522279
261.704496195	0.0128665353733
261.544628008	0.012889794363
261.707537348	0.0128662760489
261.600689459	0.0128856304722
261.864217701	0.0128449090924
261.421195561	0.0129137697668
261.790553159	0.0128546658904
261.738226054	0.0128649946811
261.848289686	0.0128470703526
261.846503355	0.0128494401479
261.658032236	0.0128795141041
261.571499979	0.0128931106209
262.005742188	0.0128263648199
261.716355954	0.0128720196413
261.812831445	0.0128569725755
262.051175621	0.0128178408341
261.926247396	0.0128406518497
262.122151328	0.0128113395486
261.958991259	0.0128363821059
262.19141459	0.0127983264013
262.115941229	0.0128127153683
262.228846766	0.0127933871705
262.30961226	0.0127810706206
262.316020813	0.0127832860586
262.363465128	0.0127749971862
262.381435917	0.0127735236573
262.442412886	0.0127619466713
262.15353064	0.0128085175661
262.449302517	0.0127622658444
262.239850481	0.0127953817978
262.400296606	0.0127712178606
262.625956048	0.0127335802558
262.589222072	0.0127379970712
262.646070542	0.0127281983589
262.576625753	0.0127420508557
262.64162518	0.0127256726928
262.632996847	0.0127345321056
262.660421248	0.0127266947409
262.643510048	0.0127315001705
262.68680375	0.0127238384715
262.534322277	0.0127488817692
262.552246839	0.0127446131922
262.636163686	0.0127349573479
262.766773344	0.0127131117123
262.599081974	0.0127397870962
262.709680168	0.012721960494
262.752827583	0.0127158424001
262.830724536	0.0127025590307
262.772916583	0.0127138977409
262.705228275	0.0127232428423
262.698315461	0.0127247340073
262.894529908	0.0126938774101
262.861495942	0.0127006694366
262.792679609	0.0127120309744
263.742523749	0.0125748374847
265.11893465	0.012380093165
266.283798408	0.0122222196385
267.288426654	0.012086834277
268.227867311	0.011966097448
269.291580482	0.0118232823743
270.169244472	0.0117072784623
270.288599201	0.0116976736639
270.801604579	0.0116300681339
271.447879488	0.011539967811
271.755212221	0.01149951908
272.064034325	0.0114597931435
271.903867252	0.0114884523589
272.254286662	0.0114435647412
272.725904491	0.0113755830419
272.858908217	0.011359496236
272.943725458	0.0113522987201
272.94375959	0.0113551296353
273.297156109	0.0113057433658
273.206283905	0.0113180370644
273.096683366	0.0113384606185
273.348323194	0.0113041465638
273.511347211	0.0112815754184
273.539429805	0.0112780055858
273.510993116	0.0112841157435
273.464462262	0.0112894885515
273.365748243	0.0113033911651
273.13737124	0.0113328490097
273.033704973	0.0113461912091
273.168296983	0.0113279704726
273.098455995	0.0113357698745
272.953661292	0.0113548588813
272.634077234	0.0113972693269
272.365563325	0.011432362333
272.331432497	0.0114358166314
272.050720996	0.0114723839727
272.033414875	0.0114716797944
271.621369074	0.0115268257576
271.592127207	0.011526814084
271.345497362	0.0115580248397
271.107316072	0.0115906053167
270.804186418	0.0116323330683
270.532850322	0.0116692904331
270.437185566	0.0116794529903
270.179436284	0.011712708904
269.939568725	0.0117419923981
269.650434674	0.0117820452701
269.182192317	0.0118460801492
268.983940645	0.0118705692151
268.652654112	0.0119152814605
268.364060846	0.0119532891207
268.122502286	0.0119857620931
268.123088583	0.0119865260238
276.80285676	0.010877641571