100	-0.04481	0.0	0.999716679998	0.000283320001728	0.0
104	-0.03371	1.12007906888e-16	0.674818104978	0.325181894991	3.16446865121e-11
105	-0.03765	0.0	0.0	1.0	0.0
107	-0.03878	0.0	0.0	1.0	0.0
11	-0.1	1.0	0.0	0.0	0.0
113	-0.04488	1.0	0.0	0.0	0.0
114	-0.005188	0.0	0.0	1.0	0.0
115	0.008302	1.0	0.0	2.4361120223e-102	0.0
116	0.05032	0.0	0.984521618683	0.0154783813167	0.0
117	0.03904	0.0	0.999999625816	0.0	3.74183607601e-07
118	0.06631	0.0	1.0	0.0	0.0
119	0.098	0.0	0.0	0.0	1.0
121	0.1045	0.0	0.0	0.0	1.0
125	0.1868	0.0	0.0	0.0	1.0
126	0.4874	0.0	1.0	0.0	0.0
127	0.6297	0.0	0.0	0.0	1.0
128	2.29	0.0	0.0157252528636	0.0	0.984274747136
165	-0.1025	0.0	1.0	0.0	0.0
166	-0.1123	0.0	0.999834656832	0.0	0.000165343168434
167	-0.1452	0.0	1.0	0.0	0.0
168	-0.1188	0.0	0.0	0.0	1.0
17	-0.1311	1.0	0.0	0.0	0.0
170	-0.1125	0.0	0.0	1.0	0.0
172	-0.08438	0.0	1.0	0.0	0.0
175	-0.0937	0.0	1.0	0.0	0.0
176	-0.06603	0.0	0.0	1.0	0.0
178	-0.065	0.0	0.0	1.0	0.0
189	-0.02483	0.0	0.0	1.0	0.0
190	-0.02234	0.265663937554	0.0	0.734336062446	0.0
191	-0.02438	0.0	0.0	1.0	0.0
192	-0.02087	0.0	0.0	1.0	0.0
193	-0.02549	1.0	0.0	1.15262608748e-117	0.0
194	-0.008102	0.98491262674	0.0	0.0150873732596	0.0
195	-0.006578	1.0	0.0	0.0	0.0
196	0.01851	1.0	0.0	0.0	0.0
197	0.02314	0.00713954495182	0.0	0.992860455048	0.0
198	0.05762	0.994033711749	0.0	0.00596628825117	0.0
199	0.07456	1.0	0.0	0.0	0.0
200	0.1057	0.0	0.0	1.0	0.0
201	0.07139	1.0	0.0	0.0	0.0
202	0.02423	0.546456016158	0.0	0.453543983842	0.0
206	-0.00478	0.736033398935	0.0	0.263966601065	0.0
207	0.002379	1.0	0.0	0.0	0.0
208	-0.01608	0.0100027885387	0.0	0.989997211461	0.0
211	-0.01724	1.68173194003e-47	0.0	1.0	0.0
23	-0.08953	0.417879081612	0.0	0.582120918388	0.0
24	-0.07842	0.0	0.0	1.0	0.0
25	-0.08532	1.0	0.0	0.0	0.0
26	-0.08819	0.0	0.0	1.0	0.0
39	-0.07401	0.0	1.0	0.0	0.0
40	-0.05883	0.0	0.0210750078665	0.0	0.978924992134
41	-0.03967	0.0	1.0	0.0	0.0
42	-0.01352	0.0	0.916775413135	0.0	0.0832245868654
43	-0.02608	0.0	1.0	0.0	0.0
45	-0.03673	0.0	0.558917687794	0.0	0.441082312206
46	-0.04062	0.0	1.0	0.0	4.06153147384e-59
47	-0.02069	0.0	0.0	0.0	1.0
48	-0.02574	0.0	0.471129433691	0.0	0.528870566309
49	-0.04162	0.0	1.0	0.0	0.0
53	-0.05898	0.0	0.0	0.0	1.0
54	-0.03802	0.0	0.405921516315	0.0	0.594078483685
6	-0.06673	0.0	0.0	1.0	0.0
61	-0.07026	0.0	1.0	0.0	0.0
62	-0.05041	0.0	2.34903558104e-10	0.0	0.999999999765
63	-0.04977	0.0	0.0	0.0	1.0
64	-0.06264	0.0	0.0	0.0	1.0
65	-0.0584	0.0	1.0	0.0	0.0
66	-0.05562	0.0	1.0	0.0	8.55237964495e-245
67	-0.06017	0.0	0.0	0.0	1.0
68	-0.06547	0.0	1.0	0.0	0.0
69	-0.05619	0.0	1.0	0.0	0.0
7	-0.08592	0.0	1.0	0.0	0.0
70	-0.05438	0.0	0.0	0.0	1.0
72	-0.0591	0.0	0.0	0.0	1.0
73	-0.05293	0.0	0.0	0.0	1.0
74	-0.05423	0.0	0.799501971501	0.0	0.200498028499
76	-0.05874	0.0	0.543590151286	0.0	0.456409848714
79	-0.05271	0.0	0.0	1.0	0.0
80	-0.05255	0.784692785808	0.0	0.215307214192	0.0
84	-0.1202	0.0	0.0	1.0	0.0
86	-0.1014	0.0	1.0	0.0	0.0
90	-0.05892	0.0	1.0	0.0	0.0
91	-0.05733	0.0	0.0	0.470974348171	0.529025651829
92	-0.06484	0.0	0.0199913134662	0.0	0.980008686534
94	-0.04925	0.0	0.999999996855	3.14542849717e-09	0.0
95	-0.05025	0.0	0.995953610012	0.0	0.00404638998765
97	-0.04558	0.0	0.280776655238	0.719223344762	0.0
98	-0.04131	0.0	0.994362002823	8.27513682409e-07	0.00563716966323
99	-0.04391	0.0	0.000556021106784	0.999443978893	0.0