-69.259810017	0.529418271721
0.221969222448	0.241572363622
109.763265271	0.0710544555651
152.048703569	0.0438494081759
-23.9683990437	0.315393251082
-16.6725278843	0.293041561
6.03999666001	0.224727764454
8.34704667511	0.219830776723
-10.4003296126	0.267463091979
-22.0572797796	0.309340989689
21.9158667873	0.18613731749
122.58777339	0.0613772836267
16.9961923186	0.19957664726
23.8550438329	0.18302610149
8.51461111952	0.216042381379
3.20949169564	0.229616416374
25.7620013508	0.175517266672
-6.67034645493	0.259256911893
-15.0121684272	0.280917939747
11.4457579785	0.207660442688
3.87888294855	0.232322596752
33.4629196892	0.158132779427
10.1855150695	0.212831135435
-71.1624434284	0.539740721342
1.03817506681	0.231715411174
39.5731949266	0.150579824923
41.8445256726	0.148161336546
35.1748333497	0.156874316332
-35.2367608029	0.360312653124
94.7472017091	0.0841360597449
-34.3490447556	0.352976982387
18.0005395464	0.196563790425
24.8567237292	0.175670230033
33.7176485294	0.158873391664
-23.7423178858	0.308810065914
23.7507553057	0.181546249173
14.3713962415	0.201539226626
103.27907735	0.0764258071765
18.7362919925	0.195950036793
12.3964587834	0.202859390737
-37.864644887	0.369386655328
58.4525211033	0.124849615622
-26.8548273278	0.328162162912
-5.62576728459	0.257693250301
-53.8470203779	0.445316628383
25.4483671079	0.175495658377
34.0743090595	0.157484250374
29.5736979698	0.167699991239
7.50417563301	0.219605935877
16.9120861202	0.19888218345
-28.1365027161	0.333625761507
163.161228621	0.0383129305339
23.0565314553	0.184728700951
11.9289934726	0.210798208572
-24.2883597097	0.318365339267
0.895329546111	0.240083430948
-16.1990761912	0.291408637052
-15.9201750042	0.290751499612
-0.0355615280742	0.242008241422
9.56871043419	0.209574764025
-6.03492977544	0.252570478102
2.90751356085	0.224666649722
64.1394775924	0.117902042381
49.6215982178	0.138627171446
-43.8841384003	0.397312895854
3.01064784675	0.232191087887
2.10990749498	0.229468561764
17.1547988535	0.197513805382
135.023053394	0.0534563646704
14.7502433254	0.204451705656
33.8872070629	0.165341699898
42.6713102997	0.146774423726
-13.3241108559	0.282363466949
-24.9193474702	0.32149577617
-6.51379872362	0.26135237622
31.3210871196	0.162244998607
-40.384899819	0.382586432041
19.038096144	0.194654691818
-33.1979118149	0.350913235861
23.7708812976	0.185710512383
-21.9067763773	0.304469225781
21.3053566203	0.190808193041
-24.368330197	0.311102950419
29.9523941463	0.168849521604
-22.0145760098	0.311211757593
-19.9946376447	0.301955645328
26.8336895352	0.179141946602
-4.87973380838	0.249383519547
-8.83246332144	0.268164355535
-8.53806385314	0.259908807257
-14.5099712435	0.283447736621
-41.7551817334	0.386001006066
-32.6775151643	0.349646707004
38.2082815719	0.151971844552
-6.75755807845	0.262232998111
29.7699489974	0.168505552469
2.09740782296	0.229698295821
33.0747898003	0.166784270237
10.4219636738	0.214910311195
-3.52938245104	0.243746804536
30.134998368	0.166709849603
45.6060037192	0.144653179059
0.890499620311	0.234664401881
28.68228437	0.17139133506
-42.604723483	0.389336949695
42.5142545342	0.150180664761
8.08375005253	0.218846335643
52.661261332	0.132319344979
17.8519794429	0.194915468272
96.6289154612	0.0822875172421
22.4427105329	0.187694762215
25.9466390243	0.178546935373
108.389986586	0.0720671989178
26.7306971688	0.176475150956
161.224802872	0.0391163981272
21.1053943496	0.187888441759
20.1235793256	0.193394195178
22.9416576737	0.183722407155
182.168275849	0.031339702599
27.661771617	0.174015869117
91.219895967	0.0875128579651
4.83587405347	0.224282607628
14.5754238975	0.205908789995
19.2389486019	0.18839795267
124.33777144	0.0603351920132
17.7395169238	0.191241790909
20.7765701396	0.18781756734
3.2615670068	0.23337369645
-11.7483591712	0.273183146143
-6.03776774769	0.255023572537
-25.4747471063	0.323825406465
25.8624938338	0.174339805049
23.580623774	0.185853087357
-21.4587130604	0.309091766237
35.8906382519	0.161788280064
-11.6945088563	0.275787912088
35.5748927002	0.159994853446
14.4917403532	0.204135716227
24.6829395067	0.179982279931
-8.5107481558	0.267412924451
14.1888614152	0.197929532277
27.0322115832	0.170868063937
42.3424609471	0.149750031144
32.9983870258	0.166829819679
-18.0042945701	0.297689662194
20.4881921629	0.192264452164
30.091236169	0.167308085199
-0.331787065366	0.241868396244
23.8127375591	0.18294506505
8.14577251103	0.218585326957
25.6353251191	0.178088546288
13.4678221852	0.205713016252
16.4259970337	0.197941322845
24.9282129132	0.180483703034
11.3752324952	0.208446088535
30.619200091	0.168403406568
7.91835346443	0.216027175599
108.250310017	0.0723055419049
51.8789417502	0.135269326279
14.6785724718	0.196626546536
16.0561468576	0.200151159405
103.658640305	0.0747129082924
25.1862442914	0.180456803352
62.6880229082	0.119746576821
45.7974696734	0.140289252233
19.8161791573	0.191854094537
30.6698192487	0.171154818079
4.75913951618	0.222283834655
147.328506834	0.0459190555254
0.172037914663	0.232642822774
24.8159468622	0.17818188964
12.9760464466	0.200504156658
15.6655527832	0.200549871167
2.78287767781	0.232380108673
90.9865153992	0.0876636542378
13.5157395288	0.207326009498
24.1449291389	0.178466546827
38.4614516394	0.150341117255
43.5450016492	0.142743076211
21.011646462	0.186914769708
33.0553470844	0.160824597858
36.9364957195	0.160118551846
32.0848254881	0.168942148815
28.2948896042	0.172809553537
37.4624942612	0.156076336246
37.3956027891	0.158718773387
30.7385496546	0.167792754968
19.0566602454	0.193933276824
7.13354020822	0.222375033501
22.9125818038	0.185362118419
10.0677766161	0.213804148535
38.159475341	0.150752633783
178.483517053	0.0326594163988
60.2906495797	0.123352598209
47.0211055337	0.142603945341
18.1547838608	0.191749104212
28.4671420592	0.169947076793
26.0724915704	0.178726544402
27.560658014	0.175298519093
29.9084106855	0.170306857301
29.1313357393	0.17204940171
24.1846791425	0.181887614914
40.0420406043	0.147798883924
31.2691407849	0.169044053255
163.639805555	0.0383193689167
52.8946896436	0.13227988697
8.66506998342	0.21477688532
49.4547778101	0.139181783354
23.7459807645	0.179480317073
20.7653169862	0.190622196649
21.4273507923	0.190307637227
23.9227337152	0.181728275882
81.7356664958	0.0971684153512
137.564531653	0.0514359302131
51.9851466186	0.132417451627
4.89821392892	0.22178309508
29.8242514889	0.170027960923
47.8403492794	0.141490331802
74.8065324926	0.104831233879
43.8356853178	0.144763888386
150.51050043	0.0440343198151
12.4674155825	0.202825131859
81.6988279677	0.0972243026391
3.49263408624	0.225512919296
-4.33511254937	0.253435984347
57.3281131448	0.127293208444
42.7792620792	0.143210309064
58.7451477911	0.125284747394
32.4614741097	0.161256854788
11.0595635365	0.208908712681
-4.70995098831	0.255465645384
26.6488435819	0.178233030962
92.7602571217	0.0859699239958
47.816652957	0.141775975881
63.0327502658	0.119613747707
41.4754136932	0.147277776469
105.309809917	0.0743954498753
16.6732628824	0.198664623086
-3.98533973123	0.250411688754
11.7580122088	0.212427573183
50.0152404644	0.138325555615
20.9664814675	0.185342206654
20.8456112112	0.191939388759
98.3640819059	0.0807893722386
16.818795806	0.195214934442
39.9754263274	0.154785388739
137.334217212	0.0520252705684
26.8129858743	0.173521498519
26.793955557	0.179481343689
40.0959645407	0.154554161076
19.4227630478	0.190036174216
170.321327636	0.0358342924102
83.1595803811	0.0950427913551
33.5704097705	0.161805942216
167.232819177	0.0369925029001
108.20338381	0.0717799952211
28.6772293992	0.170209625193
157.75623208	0.0409600933114
82.8491124961	0.0956195198354
34.3282573201	0.159117592371
151.748188974	0.0441330075193
118.67046239	0.0623485453923
30.5783921317	0.166858169693
2.33726371279	0.2328328267
83.8707569941	0.0949590649185
32.207142383	0.164173703074
57.4334745607	0.127127370407
11.9613887752	0.209152020013
141.2135275	0.0495710963957
21.4036216614	0.186746664174
56.2736145332	0.12903492417
23.5184209322	0.181589771603
71.5491122222	0.108491305889
20.9227192882	0.187450329867
34.0112691358	0.159273772328
82.3397749001	0.0965472198857
5.31263971429	0.223429433322
51.8437919068	0.131787870482
21.6611817146	0.183157692468
34.8319242147	0.16101386371
30.5943589163	0.167032078346
31.1291985276	0.170094980509
25.1750919999	0.181209252466
25.0424936861	0.181172408985
11.7949003195	0.211292524115
27.5399635966	0.175566243919
13.7075551871	0.204176316073
12.9948286803	0.209089104276
67.3708482257	0.114004356564
60.3792910341	0.122980228856
57.6020855642	0.127011185672
-1.494512018	0.24580132625
145.031251792	0.0468732560872
36.7684386428	0.153718851274
45.0590701151	0.145824240208
11.0748405218	0.207482184534
43.6162818585	0.142162059045
36.8815235338	0.154827480298
14.3245411388	0.204090796515
30.1416132876	0.172694503331
58.1007542747	0.123407750163
54.5826610406	0.128425016923
96.6969952063	0.0809997967532
134.218680992	0.0538804229088
38.7666117224	0.156581524565
88.9727141716	0.0895253649208
60.378106895	0.122954990545
23.124474594	0.186628839642
170.711896462	0.0356345578123
27.4303053353	0.173992710678
34.9300010294	0.162146551071
129.820220743	0.055297551555
103.334767792	0.0741760524174
34.2400613404	0.161596366723
138.191825659	0.051337802805
49.7832777858	0.134409874543
94.0731360859	0.0847192701924
116.397175336	0.0659373212059
34.873584228	0.158470473568
45.8817255661	0.138782565315
17.18283534	0.199599655675
35.8685593662	0.158079929455
72.5918629138	0.105569814851
50.751852778	0.133360671914
34.8426788836	0.157690105211
95.1101105722	0.0837251698253
33.9003185548	0.163487655778
67.0200003254	0.113732349905
77.9150495393	0.101220043806
27.1063156086	0.173931221662
73.5795601046	0.106232193908
42.5825750293	0.143788217562
35.155524398	0.160422252689
126.668345283	0.0574712511485
23.3747838455	0.184241900645
123.86464725	0.0591555133364
53.5281662262	0.129471382102
21.7348261856	0.188220706098
22.6882584519	0.186260736616
90.0442983078	0.0885766304199
26.8086814159	0.176572429548
27.5066237461	0.175849908537
32.7417270598	0.167683305539
64.53826832	0.115238209414
20.3966446948	0.191652060557
31.5646760677	0.168292803612
35.1312025526	0.162952165752
92.7886985498	0.0850345447914
65.8089341549	0.113227822144
28.4147221462	0.173889900226
32.2701017664	0.167119586744
144.804034342	0.0474594444572
112.405979049	0.0684987811749
33.9761968834	0.16317725874
31.6105074631	0.167691423027
30.5101629129	0.170851480367
25.4105798047	0.180238274052
85.4168644686	0.0932426893928
27.8045611119	0.176849743959
59.9922098425	0.123457478232
98.1824101705	0.0808629939881
58.634252442	0.122330750738
22.8193392169	0.181869930174
34.7483533004	0.159868477442
56.2407121252	0.128682475685
56.4608809584	0.128408057278
34.4544516616	0.162027606643
36.9744513647	0.158137156189
46.3345138132	0.143572807058
21.8024665184	0.186709962418
159.696410194	0.0402911880066
34.8980906566	0.158912563858
53.735352219	0.128265312681
30.620724042	0.166839910016
33.5184117971	0.161404556214
54.452373243	0.131367144895
60.1955175038	0.123362205247
112.93655636	0.0684194607837
54.8534869908	0.127573241404
32.2906280277	0.167058637986
88.9908648452	0.0895847155194
33.2636776155	0.163780317775
29.7107978946	0.171937712211
25.8243323126	0.180008516119
34.2039746073	0.163628903558
44.5740444152	0.142247092643
36.6093030672	0.156119045505
142.550711807	0.0487190633732
34.5742791515	0.163326140978
95.5249862967	0.0810649061249
98.1523771256	0.0803596876199
97.38480498	0.0816320473459
60.248414875	0.123185346815
150.624762846	0.0446441905283
81.1724600419	0.097772787867
37.7968817039	0.152706670366
65.7005951994	0.113324666479
57.9091070817	0.123517407242
27.8897130507	0.176022015072
38.2804946396	0.156866674022
72.6721076727	0.104807664203
77.4920001959	0.0994329543218
79.3798589603	0.097876248038
115.530483471	0.0645475973379
59.7077276912	0.123864623709
38.9565348145	0.155638736787
33.8493391339	0.162260688758
125.501637829	0.0595116883906
57.8549070076	0.126403747385
61.0811509353	0.122036939558
109.883776573	0.0688490944073
125.174321377	0.0597327651539
68.7085555727	0.112254921604
58.273285511	0.125049875831
69.7803312364	0.108291272271
44.6636907854	0.144175465968
65.1119054542	0.115236958905
23.0579174058	0.185146648923
37.1960052882	0.158496947038
50.4916139709	0.136180178007
120.067079049	0.0632813144913
109.109489692	0.0714781453823
30.0792103142	0.170218561577
44.5171038387	0.146734889984
30.4333309473	0.165517924633
37.3469642063	0.15418410592
88.6105810095	0.088196478513
87.6605809583	0.088702556502
133.772966856	0.0541298977658
32.8764459259	0.166840751302
61.6465899674	0.119024306039
56.7075743852	0.125152026355
39.0524554811	0.150462139318
114.731916514	0.0663057233122
51.3340484454	0.135892594674
45.672414348	0.144702809001
58.9290119538	0.124878551891
66.7254340082	0.11167542207
35.7551793399	0.157539109723
82.6734009617	0.0961626733848
42.1658159349	0.15085474198
51.9462066378	0.130393701765
110.958293962	0.0685994287804
124.882595868	0.0599105964181
82.6442443288	0.0938370377935
146.144082252	0.0464950154567
60.5869557761	0.122659097598
111.402192964	0.0678686518448
74.808365695	0.101964836932
142.870746044	0.0482709550951
54.7607878343	0.126686357813
73.4488351837	0.103704311649
98.9301881804	0.0800728250564
38.3144247143	0.157058044519
102.501143895	0.0759754221169
77.739083303	0.098664506131
75.039438246	0.104660420824
118.384862478	0.0636536153234
111.541296819	0.0679816953311
50.8570328695	0.132068715549
125.210623544	0.0596543586015
161.306357446	0.0395486850467
54.9579453916	0.127665303774
62.8115223828	0.116548493893
40.1122990457	0.149615434791
156.618809024	0.0413912222743
110.293130648	0.0697062222567
96.4143944407	0.0824392052975
31.2787726235	0.168611130701
107.320171852	0.0729807557159
112.474028652	0.0674381496138
70.9664712969	0.109405552282
38.0163469309	0.157745253612
55.5670605429	0.129622801294
102.681143779	0.0747560785961
56.8488650105	0.124545401005
67.8104224299	0.110178025808
130.665110622	0.0553096239874
161.880523268	0.0393100212261
91.0827414908	0.0853447064984
58.9189500079	0.121696261442
153.762572632	0.042953322413
72.1902516417	0.104908509471
89.6940679328	0.0875184260923
67.185889111	0.111165246293
73.9946666635	0.103219107275
58.6913991577	0.121529557496
43.5847893351	0.1444211082
121.802637829	0.0619003394946
78.4263596127	0.0991233250035
77.4747352065	0.10185207263
163.029612528	0.0387538262231
79.8245062229	0.0992891498531
63.715177984	0.118524614151
82.3758258168	0.0946761157537
74.3149829299	0.105488018603
150.303574121	0.044694471777
126.011663738	0.0591399863093
129.031251678	0.0558990986817
67.7704749785	0.110483579406
156.327469082	0.0416066672976
138.698116852	0.0512121216927
112.910040193	0.0670813321342
92.8574309581	0.0835888852131
69.4589918475	0.108179553692
106.051001238	0.0718137784264
132.827165473	0.0547101621887
126.257208641	0.0587672799441
115.982403031	0.0650960653066
68.4678553756	0.109555191752
82.6693467156	0.0960908808705
133.636914724	0.0541924347472
57.7934282819	0.126628293475
44.8412649068	0.145958433722
88.1243887406	0.0905103422626
116.805158692	0.0656404719981
96.2209770618	0.0826172155023
100.207549963	0.0790967249167
124.16811434	0.0603278818825
67.9759770807	0.113020612468
162.980985978	0.0384011500775
119.218872659	0.0638915484559
148.501634193	0.0451469885959
84.6142410142	0.094029790293
123.514669539	0.0595902747243
131.450707779	0.0556065980899
62.0510894219	0.120974180683
98.7196045193	0.0804743081945
143.965201716	0.0482832429665
88.076628908	0.0906319810465
127.41853728	0.058189919955
80.8995413754	0.0981518863226
135.014382328	0.0534255564864
123.956816769	0.0605633780943
116.292776371	0.066041664058
88.8039586993	0.0897873851776
171.160068941	0.0355806172991
99.347312249	0.0774700446856
115.7685614	0.0648585391588
85.8450639642	0.0899484427084
59.5664543145	0.120415631854
74.4890499221	0.103245399059
99.8983860859	0.0769237730525
133.298475157	0.053689481772
118.472561702	0.0625741731164
154.816091523	0.0427294968597
175.223719462	0.0338123611242
105.119116584	0.0747999847832
155.750889795	0.0420582465836
131.698057214	0.0552433227707
118.755118116	0.0642013730325
186.466460673	0.0299786691204
135.56757604	0.0522566492375
171.124098801	0.0355976618549
109.577072129	0.0694589818416
199.284906119	0.0258985017212
155.345608344	0.0418256712886
88.4381955032	0.0875745806245
128.344470689	0.0576261075207
142.458568497	0.049098049609
198.93509142	0.0259982186204
119.232890043	0.062463334618
98.6963082342	0.078040331877
111.989367388	0.069306823973
123.786608561	0.0606624632972
167.812532212	0.0369584947962
104.569018923	0.0730489077105
179.713879092	0.032218952879
192.351358733	0.0280571140005
92.9754332811	0.0835106143652
114.366967129	0.0674550702291
91.7756145365	0.0845814273572
122.981496532	0.0611829901688
104.454890137	0.0731173535683
132.568196289	0.0549347294612
148.747703093	0.0449653136296
143.393408914	0.0485527948434
115.510574004	0.0647200462361
137.223547154	0.0520925299512
169.006404108	0.0364756355929
134.770870196	0.053571760594
120.426231369	0.0629439447556
175.061376776	0.0340464009329
155.135770406	0.0425459334999
165.395685053	0.0378998426174
180.115640892	0.0321408979439
155.840290915	0.0417568286337
119.671017204	0.062100747373
98.8323815168	0.0785579133543
105.951174042	0.0730921513273
133.823082344	0.0538776480523
100.247464119	0.0769528888224
116.192522019	0.0660655487545
187.576681377	0.0296255386509
162.011122836	0.0393697008466
139.921846267	0.0495349195235
131.128142641	0.0548318012156
106.399700629	0.0738121940344
126.804720394	0.0576424627038
88.4322012084	0.0901547433528
114.82608626	0.0671085448158
100.441596945	0.0769044278087
155.571073659	0.0422895755927
199.820650966	0.0257234570359
124.659289678	0.0594492723288
96.5211895932	0.0803364300103
161.622146277	0.0390727835689
112.60429999	0.0669049676225
129.64022596	0.0556000617158
147.801652516	0.0462433635615
83.6455107406	0.0951090340851
110.825232995	0.0702437931498
109.747266482	0.0710857380079
163.79250311	0.0386681138706
141.824151061	0.0487680626066
73.0155988514	0.10687007626
81.9886322631	0.0968314724204
94.2861910781	0.084491328699
145.198643701	0.047582864668
114.527559998	0.0658862396276
185.056591371	0.0304335843477
115.074634136	0.0669606493907
95.0489588982	0.0837463134221
205.070462222	0.0242781377389
76.3408220432	0.103098739289
110.535852339	0.0687873002928
155.495573538	0.0423558267627
93.4035849514	0.0831275499674
218.398369841	0.0208282424472
143.9267799	0.0482988532046
100.443476405	0.0789310011477
95.5961547513	0.0832526555669
148.794308953	0.0453313110547
188.377604156	0.0293322921838
183.323902916	0.0309568095934
149.533474904	0.0449259557506
126.261013181	0.0578023636348
143.803954448	0.0475551404633
116.389304338	0.0646950274451
113.632179593	0.0663162675663
119.317823023	0.0626940922132
98.5469014356	0.0783731656132
141.593598912	0.0487815202383
126.678541793	0.0574994750093
149.86746434	0.0444512376959
100.60861471	0.0787835828178
88.3355842545	0.0902284243321
145.973040039	0.0472012219037
112.849726891	0.0686391011561
119.422409757	0.0637251363673
96.3289358441	0.0826130770155
85.9103017542	0.0926967308477
108.90045323	0.071765130766
188.79687809	0.0291629072896
177.234168692	0.0332582794815
156.983891521	0.0413044867339
93.2510673071	0.0832292860183
149.041075818	0.0455987547962
164.942071114	0.0378448438022
117.798600328	0.0648802722995
171.143920911	0.0354600676223
115.260086388	0.0668032807832
121.259014398	0.0623620577448
142.470561816	0.0490795665947
135.221561868	0.0533099824786
129.316573003	0.0567292293995
132.248545909	0.0551315222414
133.244067144	0.0544996979408
124.961997127	0.0598484514675
189.227824146	0.0290195331111
213.883021515	0.0219437569081
136.478750351	0.0524465053851
122.968235863	0.0598570440039
180.926022255	0.0318811309126
164.161612375	0.0381559180199
108.576386875	0.0720426592725
193.017502052	0.0278093464123
220.050466033	0.0204112126274
208.243066538	0.0234145138718
110.951987562	0.068354319251
106.744785272	0.0716990622798
116.338898528	0.0644427285732
92.7306847705	0.0837293655679
123.061969068	0.0599439319101
199.056097683	0.0260044663058
144.776234477	0.0471826399301
195.015613506	0.0271415280356
146.362601951	0.0469909015505
169.90281995	0.035932160411
200.52869061	0.0255424509479
145.030598481	0.0476315642766
116.628364109	0.0642568227295
134.868979684	0.0526147582339
172.018494312	0.035181148841
138.813503939	0.0511049707496
152.904623967	0.0431339345221
195.070534116	0.027126854617
138.469132929	0.0505039786279
181.84619048	0.0315732146094
181.076217553	0.0317299403277
149.678200621	0.0452464327057
151.79035314	0.0436680374541
194.064509564	0.0274382467372
134.614801889	0.0527575879707
140.031181471	0.050477839417
144.746763715	0.0472109397009
149.273230882	0.0454994865706
173.712651565	0.0345385671727
226.275525395	0.019039779629
182.297915854	0.0313657876723
203.203134183	0.02475000118
191.589219015	0.0282449529978
124.096132262	0.0591694801121
166.948372602	0.0373037073142
179.122085562	0.0324929377108
196.303355841	0.0267726856414
127.263552575	0.0572415686604
146.686428713	0.046835654185
186.194868965	0.0300273903742
170.507461937	0.0357915499218
180.700557795	0.0319489370514
228.718219528	0.018570844607
206.512827674	0.0238395186458
222.268337883	0.0198860726137
145.61710547	0.0471556842305
152.704024338	0.0436457977727
153.247459119	0.0433622227234
188.034588125	0.0293826565603
205.023555906	0.0242013846005
219.389946417	0.0206206169568
200.555686408	0.0254669583821
164.517198152	0.0382430516332
184.298303266	0.0306515276507
144.506700155	0.0479352305229
180.76230384	0.0318763581667
220.707402344	0.0202727707043
170.077728355	0.035932013032
193.438804723	0.0276059818143
176.743116649	0.0334028351971
194.576720071	0.0273079453544
173.84796005	0.0344800240128
212.091225694	0.0223766703433
182.951470005	0.0310887276568
202.095356462	0.0250503748588
148.415381535	0.0454138158593
158.776032006	0.0406556650056
185.598108076	0.0302169497285
136.878567118	0.0522361290485
156.944758527	0.0416868540259
149.162081937	0.0454477364886
148.742811901	0.0456564039221
178.928622208	0.0326072370186
212.261579109	0.0222917532743
171.687070441	0.0353272203855
216.800824365	0.0211641119482
167.860151466	0.0369149504277
186.801118733	0.0298042116647
214.07295497	0.0218689868263
193.772230109	0.0275575596834
176.763774999	0.033408609425
166.800852965	0.0372462050569
180.246239805	0.032113377191
204.538611929	0.0243710106786
170.983808005	0.0356351199464
222.155038169	0.0199993214938
192.504455016	0.0279486764789
179.454673157	0.0324010813233
165.685167154	0.0377400934053
188.6022495	0.0292138186407
206.952479707	0.0237115985976
153.790146678	0.0430267644861
215.014046322	0.0215871431133
162.888727557	0.0388516922427
159.504458073	0.0405343082929
144.904259522	0.0472688700953
204.518671717	0.024354146659
155.753320416	0.0421595695583
158.275106284	0.041066332346
207.925568889	0.0234735454115
184.732220967	0.0305214622767
199.224304627	0.0259166788753
151.276636298	0.0440140340987
212.827408145	0.0221493542019
138.716046507	0.0506372409372
145.967738108	0.0471327204543
161.30165882	0.0397418584339
196.312429208	0.0267841127191
162.16609549	0.039290150844
200.976732611	0.0253899544251
167.666961245	0.0369983757625
207.493919936	0.0235896345609
144.170226184	0.0474892253497
159.732030594	0.0402019657256
208.876204619	0.0231998012647
178.511648073	0.0327161101591
182.166352557	0.0313772008601
191.543211337	0.0282636629616
190.009616439	0.0287194029002
149.563324128	0.0448036742489
170.914374009	0.0356621526787
167.171204561	0.0371092914081
193.776720212	0.0275781548613
197.192022336	0.0264656019582
204.371364409	0.0243700923664
187.171573179	0.029688906749
134.455429375	0.0536918351221
169.660117693	0.0360161595319
165.658681319	0.03765002241
205.33721102	0.024110921852
170.674883357	0.0358057540104
144.9076352	0.0477736320504
170.630108068	0.0357445582352
150.178099693	0.04493810507
160.473867351	0.040104235643
118.236072662	0.0646060691232
178.117556649	0.0328674446485
164.147177562	0.0384313139173
150.426054013	0.0448749135097
197.413667945	0.0263997111505
192.246519037	0.0280793145357
182.55329731	0.0312959427035
198.545685478	0.0260860416862
192.713798913	0.0279055875414
210.376203225	0.022812351719
206.781866103	0.0237877248778
216.261473666	0.0213691086455
178.332293013	0.032775836938
180.140338201	0.0321230926385
162.578931595	0.0390086999897
144.686780282	0.0475099447578
140.124006665	0.0495769909298
158.974666561	0.0406690994882
143.941503749	0.0477852019107
157.584535033	0.0411069192083
161.601194398	0.0393337502137
180.416037783	0.0320766640107
187.582198925	0.0295757879831
203.593406955	0.0246191735022
178.282640826	0.0328215155007
183.584237241	0.0308936775551
147.945542103	0.0460847012164
146.728302579	0.0467825856277
156.045629429	0.0420206143956
177.561911788	0.0331131936296
196.090656787	0.0268527636732
203.53134453	0.0246669096163
198.515352236	0.0261217644381
187.419597085	0.029613382571
185.764355429	0.0301191420666
137.301975318	0.052059304743
179.52660097	0.0323730102706
183.89332689	0.0307738511261
173.598658852	0.0345660290787
200.359989562	0.0255649035006
193.779798884	0.0275939728723
175.446006717	0.0339335752712
199.887873821	0.0257098442908
166.33719449	0.0374995036731
166.58177278	0.0374438352959
186.014845957	0.030100891488
214.418141437	0.0217780800668
218.027304675	0.0208740751336
204.683117482	0.0243509193631
195.943026307	0.026868772845
199.845267587	0.0257210054826
204.834660038	0.0243167346106
221.323540047	0.0201394911495
183.786935294	0.030855777723
226.366683912	0.0190588545958
182.826107373	0.0312015082634
217.689317919	0.0210061671737
189.12633255	0.0290579055403
222.744510724	0.019833215056
226.540349427	0.0190150719925
216.46869804	0.0212710461082
221.636311472	0.0200456810649
194.642214947	0.027286273546
216.584329973	0.0212466414532
192.130955868	0.0280586006904
199.254694431	0.0258897221887
172.67233563	0.0348918394503
168.022785138	0.0367743715908
159.318206961	0.0403412419532
211.703505999	0.0224631237268
169.257418152	0.0361710215639
186.965683521	0.0297378314016
192.757958799	0.0278675264834
178.945402863	0.0326000917022
208.651016413	0.0232724939346
205.954417423	0.023961298473
175.806306872	0.0336579283749
192.154528221	0.0280899610979
178.177201426	0.032804470098
195.249328812	0.0271018802234
185.163307678	0.0303711870573
198.539445839	0.0261447820061
197.604820613	0.0263856900455
212.180427273	0.0223216034703
175.781760025	0.0337092139789
206.204015904	0.0238918277325
168.79883901	0.0364596100951
213.979910375	0.02185440249
180.301826862	0.0320591691724
198.043456537	0.0262564737555
183.08924772	0.0310667014616
200.454998573	0.0255077641399
182.292502174	0.0313545577184
224.70891218	0.0193475935421
183.774217627	0.0308235119276
225.534238275	0.0191730253083
183.293814919	0.0310099241901
227.11775747	0.018901055324
219.121607827	0.020673619871
211.103880218	0.0226227961338
225.385098804	0.0192800062081
217.672702604	0.0210046263488
210.793491412	0.0226916675247
218.114586415	0.0209003417183
202.45196331	0.0249499018869
232.549831649	0.0177803402182
200.648708621	0.025468182232
214.207081086	0.0218446618367
219.234105202	0.0206336754308
213.599625445	0.021993147647
225.582756848	0.019224859553
219.435761736	0.0205982143717
216.205650432	0.0213534255443
225.637553789	0.0192364072982
205.571685849	0.0240864942011
217.049198879	0.0211735809795
224.456469482	0.0194591414556
203.178095317	0.0247605198748
231.033966397	0.0180498862601
211.542130066	0.0225128092199
234.856832328	0.0173356954749
209.223414628	0.0231089049048
219.179234141	0.0206464471194
209.646137491	0.0230544308417
209.6014326	0.0230151292986
205.009393828	0.0243070322499
211.753391471	0.0224312200568
203.04772707	0.0248098559987
226.172876819	0.0190334722946
202.284106887	0.0250285945211
214.640359889	0.0217158209478
214.18907961	0.0219029463288
208.632593169	0.0232348388482
177.64735237	0.0329779102032
223.434069385	0.0196910935016
202.074320214	0.0250671416378
226.936898038	0.0188809087138
220.301454615	0.0204026977314
197.067137026	0.0265464929827
219.534463216	0.0205717978756
213.555002975	0.0220068327841
212.530341209	0.0222587153258
195.585269145	0.0269974189232
228.014580879	0.0187037726007
225.210081425	0.0192978183651
205.348800404	0.0242046471843
219.87360326	0.0205068710949
200.635429105	0.0255202073534
225.379388136	0.0192649659746
176.260333157	0.0334673200559
214.996189678	0.0216455809517
206.672806746	0.0238172787122
224.265598253	0.0195049367207
201.176668198	0.0253568714032
209.609815925	0.0230066534176
177.870970521	0.0328690761824
225.256470194	0.0192855427884
172.37661237	0.0349340303259
227.389420252	0.0188124801286
199.93927292	0.0256979315951
208.827827609	0.0232128513899
168.006865373	0.0366669944112
190.92289557	0.0285051255318
167.189453362	0.0369302514333
194.484201982	0.0273305497011
195.460723477	0.0270320186778
213.356860476	0.0220560983922
218.498382354	0.0207660740687
226.07620589	0.0190963572155
211.444663456	0.0225442605167
222.383586522	0.0199347951364
210.595357348	0.0227697901587
205.952691558	0.0240093054001
170.746344962	0.0357104453684
164.365964378	0.0383640627352
221.295616453	0.0201535231501
200.990474028	0.0253542389179
223.993104637	0.0195407371664
208.227597808	0.0233603075111
216.397813501	0.0212845195067
213.588385745	0.0219917854455
208.710241891	0.0232255570189
207.529511607	0.0235645604737
219.56941294	0.0205211857229
210.991702632	0.0226569821718
228.800607394	0.0184839286659
230.97883107	0.0180818925365
172.043164368	0.035177081883
230.788256055	0.018112827072
226.542802059	0.018984347711
199.968320516	0.0256713241556
167.858472524	0.0368855830618
180.978091587	0.0317637772702
201.535126252	0.0252292201324
219.983782132	0.0205046382692
183.292498314	0.0310246053285
223.654435103	0.0196349013012
222.404750175	0.0199176345822
228.056887505	0.0186652842354
201.897101796	0.0251236238459
229.449416761	0.0183771917534
208.157772515	0.0233916264759
224.891243525	0.0193800448105
210.307646813	0.022863024904
210.185575356	0.0228691836769
205.135209577	0.0242554938274
212.955986055	0.0221591812272
202.473407753	0.0249896570123
230.870487471	0.0181311495756
206.509310394	0.0238538667821
216.607549539	0.0212669213936
199.885493013	0.0257097880198
211.993336046	0.0224052048962
203.1657319	0.0247694531386
223.43624858	0.0196840568508
205.096361643	0.0242384090354
225.070073386	0.0193025483927
221.798401165	0.0200624479677
221.115328928	0.0201626743296
224.502702231	0.0194699121568
222.61559315	0.019836014097
221.312937487	0.0201513486388
209.431855626	0.0230711388947
211.181185877	0.0225942473818
215.038535375	0.0216574344916
219.057927194	0.0206658673999
217.108667444	0.0211434405859
228.256600809	0.0186743956243
209.449881358	0.0230545074178
220.846865774	0.0202545611763
213.129465556	0.0221202707174
222.587784407	0.0198673533002
220.472252388	0.0203593917645
224.073185684	0.0195367617203
232.219760582	0.0178490859221
235.53612925	0.017198504877
236.46718917	0.0169913762968
232.63810483	0.0177513532192
218.660073777	0.0207751995881
232.368861955	0.0178126485434
236.717764314	0.0169422798193
240.628284327	0.0162249216213
240.087098238	0.0163494150698
236.076312734	0.017078048747
232.646715677	0.0177549974673
227.929083012	0.0187150332206
229.243704643	0.0184417490112
234.272033566	0.0174243139899
236.483051143	0.0170176577151
235.882315108	0.0171097560425
230.061124007	0.018264673619
223.81271535	0.0196041517264
222.629174139	0.0198602396281
232.865408782	0.01767583072
235.153728311	0.0172849757154
228.766922827	0.0185185654173
225.444842374	0.0192449746709
226.83873934	0.0189317323208
231.45391791	0.0180016583446
229.616935044	0.0183642898732
230.230388014	0.0182169580087
227.972343799	0.0186809797257
217.311692284	0.0210926671287
221.907669159	0.0200293554235
229.739940303	0.0183596015364
232.238968824	0.0177881413825
227.489713123	0.0188221101747
227.980387641	0.0186709825576
224.84645691	0.0193847588113
221.204640923	0.0201575149269
227.567495881	0.0188080298155
225.656324522	0.0192157598857
234.908172052	0.017266308823
227.062499727	0.0188785192719
222.204607006	0.0199426990191
225.172579706	0.0193004456811
230.963850772	0.018095623558
231.51170639	0.0179841563046
224.123243838	0.0195304194895
233.80631481	0.017508438157
224.333753678	0.0194831465642
236.451101535	0.0169977046986
227.501545688	0.0188042477549
229.74639194	0.0183429454926
234.175161744	0.0174550530999
228.241418331	0.0186561380843
237.51507684	0.0168225631805
242.965694949	0.0158465762947
226.393939689	0.0190370016904
228.568800556	0.0185699941216
235.621484855	0.0171732855555
231.037332828	0.0180734930286
228.188246514	0.0186576548785
236.253498592	0.0170354929723
231.922941043	0.0178932588197
230.881243951	0.0180901997686
233.761223232	0.0175335075871
220.174684367	0.0204013236473
236.436690854	0.0170173055067
220.66783938	0.0202932310807
236.594138543	0.0169696729118
227.436111474	0.0187893561267
238.903115457	0.0165339206074
233.0719903	0.017665395887
233.094659807	0.0176595719745
230.396246761	0.0182208908947
225.335734308	0.0192639345972
224.588717856	0.0194013030285
233.740334269	0.0175423481692
222.283769234	0.0199209986824
238.993959252	0.016510742663
229.029548261	0.0184707155143
237.200841248	0.0168535645572
232.872206512	0.0176869247639
242.119512437	0.0159510727081
239.081211867	0.0165110932248
242.848442804	0.0158535433142
243.275860709	0.0157870410265
235.768001245	0.0171456965787
237.687479757	0.0167770905634
231.620465939	0.017964427603
238.091128943	0.0167045664072
235.84204225	0.0171428672851
242.414088504	0.0159158719756
238.683845081	0.016591532103
237.23682355	0.0168722905543
234.427019552	0.0174052134781
246.237870878	0.0152776236924
245.276258369	0.015436934401
246.062809404	0.0152915708531
239.316869353	0.01647763428
238.845265879	0.0165688135411
241.590474299	0.0160679206235
238.890358502	0.0165625080707
241.385192449	0.01610159298
242.551522167	0.0158856131056
241.992180291	0.0159882877624
242.211260272	0.0159406069933
243.104981994	0.0157760582596
240.769328398	0.0162231671107
240.18134878	0.0162941328073
235.654671514	0.0171720064242
242.240804418	0.0159636973213
242.290503546	0.0159261289915
237.225444351	0.016854623453
230.829003405	0.0181177415776
235.579856166	0.0171666043336
241.462007879	0.016057270686
243.458770183	0.0157427586186
243.099376437	0.0157674922611
238.284979617	0.0166630492165
245.754198918	0.0153484140625
243.493018046	0.0157448712309
241.737333481	0.016051580774
242.311935578	0.0159178588586
247.276591682	0.0150847894338
236.780204057	0.0169517545043
244.299878591	0.0155960833618
237.771615748	0.0167612137115
246.311452544	0.015246203224
238.539832459	0.0166153016597
244.4904024	0.0155350334696
241.978240052	0.0159901791446
242.577593472	0.0158866564053
247.350809189	0.0150416231909
244.292475964	0.0155755499594
242.727758585	0.0158489072938
242.17885523	0.0159412446247
241.178578014	0.016122159625
238.644356446	0.0165820774313
240.476279691	0.0162529841217
238.789629816	0.0165394828751
239.325934466	0.0164787737581
239.994158674	0.0163217154012
242.155602401	0.0159848047382
241.964329139	0.0159711511022
238.999496908	0.0165416465039
235.941946594	0.0171022435038
238.521330207	0.0166253751803
246.399411313	0.0151991579367
243.84077833	0.0156832320345
248.949887098	0.0148167002656
239.189547504	0.0165052264393
244.084652865	0.0156213492196
242.500189061	0.0159297055825
246.911064712	0.0151389736605
243.215880634	0.0158063383608
246.794806834	0.0151723637103
244.83072841	0.0155074623766
242.562789677	0.0158965991274
248.857043916	0.0148140274149
247.158456484	0.0151158012461
249.824886067	0.0146700242573
247.443492341	0.0150644908133
247.707091071	0.0150108675193
248.115973414	0.0149462052518
251.441235698	0.0143883668031
244.723666281	0.0155338061972
241.559775464	0.0160801387147
247.222632605	0.0150845330482
250.677795693	0.0145319946855
249.398090214	0.0147343929655
248.088819923	0.0149346801808
249.869914103	0.014654568006
251.484182341	0.0144122288747
250.126030265	0.0146433795975
247.065501482	0.0151244515083
243.032482286	0.0158267591459
249.461589498	0.0147250171127
250.813651789	0.0144971836583
249.089923926	0.0147969232835
248.994255403	0.0147935822473
248.813936754	0.0148366475036
250.571122159	0.014545532772
251.860711344	0.0143605380269
249.957857378	0.0146523884523
248.351392881	0.0149103989285
248.40403964	0.014859820142
251.840126099	0.0143463246957
250.757468468	0.014523402321
244.607034016	0.0155208720598
244.51591615	0.0155238195053
251.355688208	0.014431912292
249.925965935	0.0146309545321
244.368286228	0.0155834930099
247.629839083	0.0150037882637
250.309533005	0.0145766640291
245.330441381	0.0154035670191
247.00537697	0.0151438192018
246.615372477	0.0151722276775
245.917172344	0.0153290011873
247.436506206	0.0150460704466
250.030470655	0.0146262969812
245.675585389	0.01535105496
244.44667418	0.0155859126799
251.803340418	0.0143590403763
249.924456777	0.0146477511171
251.293786815	0.0144098170076
250.647859683	0.0145381391284
249.570479326	0.0147034303198
249.054164968	0.0147999081087
247.993983797	0.0149689995117
251.810011097	0.0143476671472
246.929408904	0.015159329634
247.565873775	0.0150502338911
251.651909413	0.0143930120118
254.47790755	0.0139319431991
245.913844476	0.0153176190937
248.344568666	0.0148857041165
252.964978799	0.0141880909881
252.820344024	0.0141781003148
246.861836191	0.0151472953435
252.911534313	0.014177708585
254.559693437	0.0139255273161
250.291610447	0.0145822303757
252.308400673	0.0142612137434
254.37800696	0.0139522274992
251.233540436	0.0144319844957
253.126133262	0.014126904316
252.304315045	0.0142869798981
250.178500505	0.0145868439334
246.930967451	0.0151258517647
250.698103281	0.0145074060215
247.992751253	0.0149473039047
249.564512832	0.0146937465163
252.107154983	0.0142867069543
254.604383789	0.0139201659439
251.502969324	0.0143797065056
251.428338374	0.0144112209607
251.753116688	0.0143397515592
253.423861093	0.0140822556436
252.182864991	0.0142770892506
253.376917932	0.0141123331709
252.886190441	0.0141685328588
254.693229694	0.0139099493842
252.173128294	0.0142955280725
253.124024613	0.0141428767772
249.629934536	0.0146942560414
253.208644807	0.0141317640797
252.569261166	0.0142217285659
252.204876629	0.0142808848245
250.866932748	0.0144969774755
252.361688871	0.0142552622603
251.052934648	0.0144921224058
256.347887954	0.0136250344218
249.440435787	0.0147351510516
254.572080188	0.0139248448986
251.249206525	0.0144429327348
256.947737535	0.0135322166122
254.272840824	0.0139659709254
254.509045771	0.0139093888356
252.366537827	0.014265861564
251.686228905	0.0143623141968
255.000590711	0.0138352833468
255.597547543	0.0137600882832
254.822159638	0.0138654729478
255.947729846	0.0137091851228
254.769424673	0.0139048660298
256.193219063	0.0136539445002
251.945435913	0.0143291305869
255.815433197	0.0137077382916
256.499458571	0.0136331036988
255.622581419	0.0137592967376
252.406129784	0.0142391553084
251.017100604	0.0144681659062
256.335969096	0.0136440832622
255.171009771	0.013815104545
256.362801213	0.01362400356
253.238601619	0.014122856551
256.613897673	0.0135780189489
256.850573604	0.0135757958582
255.54042936	0.0137780531235
253.635958147	0.0140502721116
253.842392989	0.014016742702
256.885324365	0.0135503739747
256.770896352	0.0135870117403
256.315284684	0.0136387390283
257.506485982	0.0134763879329
254.18266056	0.0139672042386
255.246495684	0.0138051974705
251.33913817	0.0144259210687
254.449019049	0.0139179696717
249.781318518	0.014655775667
239.201389959	0.0164442647778
249.794027681	0.0146323320035
251.376024502	0.0144177016866
249.960582973	0.0146496916439
252.056562688	0.0143050895774
246.77704434	0.015175913404
251.973145527	0.0143239219884
246.384846942	0.0152460778192
250.857344417	0.0145092582347
246.392073589	0.0152190734971
254.210013968	0.0139609215991
246.301552876	0.0152200988944
252.566106784	0.0142194411894
246.518329429	0.0151914584028
249.386007902	0.014734916915
251.344728885	0.0144106844561
254.325087047	0.0139714722871
251.958886916	0.0143086915343
250.875020901	0.0145031438747
252.710024643	0.0141728982505
252.97017977	0.0141695869702
250.521017591	0.0145511168614
256.134890048	0.0136805290022
251.605522807	0.0143713527807
251.346093675	0.014432735286
250.169610509	0.0146034505098
252.569767536	0.0142421645702
252.361130116	0.0142338612172
250.351703007	0.0146110475424
252.221819531	0.01427621507
254.19204984	0.0139967525318
251.979413831	0.0143053579421
250.62557964	0.0145484102631
250.404670579	0.0145414317081
254.575675455	0.0139168166947
248.001370635	0.0149691697225
252.499636328	0.0142475546673
251.212343161	0.0144311618603
248.243788352	0.0149359573521
249.233655868	0.014743738684
253.441771175	0.0140956666785
248.893004991	0.014790996998
253.669614141	0.0140778272424
251.089236704	0.0144477523564
253.267822979	0.0141293772915
249.906930659	0.0146168765559
253.786410695	0.0140411617791
249.556411503	0.0147057113493
251.812588356	0.014344029265
247.738577763	0.0149923543934
251.267567613	0.0144312899118
248.87041147	0.0147966133943
250.749446449	0.0145044339327
251.57178312	0.0143737817447
254.893132469	0.0138694030718
249.33805394	0.0147382476351
254.12467367	0.0140014024004
248.932747754	0.014795746126
249.102574748	0.0147782517815
253.305548565	0.0140778030088
248.707987517	0.0148467813622
251.817371767	0.0143205757904
249.967708004	0.0146407306779
250.957018697	0.0144390447964
249.536850667	0.0147221747756
249.426879993	0.0147073153594
252.189341468	0.0142937900181
249.554843042	0.0146985281992
254.04358975	0.0140083203993
249.767953896	0.0146716819722
253.81515004	0.0140574425836
251.735933011	0.0143589810261
254.673352832	0.0139181072511
251.472650822	0.0143901072239
253.918255797	0.0140476859313
251.376203247	0.0144044768502
252.15589604	0.0142997316824
250.925884364	0.0144725647616
253.00700221	0.0141718839353
253.273712984	0.0141078109252
254.03236208	0.0140230103411
253.006669558	0.0141660515541
253.923623714	0.0140140357663
250.890631282	0.0144823229407
255.524680514	0.0137594640722
252.41950087	0.0142527329445
252.614998161	0.0142314333143
254.182485	0.0139548540601
253.996774567	0.0140176842051
254.660205463	0.0138950370533
255.47832964	0.0137904074077
253.451583921	0.0141038224841
254.995343051	0.0138653262719
253.470781148	0.014077082016
253.928814585	0.0140215401736
251.746262878	0.0143527366675
256.081137462	0.0136958664035
253.336595026	0.0141124834028
254.674938885	0.0139144873729
253.365891121	0.0140914935317
255.701177188	0.0137530423371
254.048093783	0.0139755201486
254.447718166	0.0139424465502
252.362939473	0.0142560091676
256.37193917	0.0136510667183
253.04879186	0.0141567628238
255.657795941	0.0137536928171
252.135987149	0.0142850512991
254.982708268	0.0138571663181
252.949870249	0.0141691838762
255.553867616	0.0137867954785
254.479682922	0.0139174451289
255.447334863	0.0137815838971
253.403565676	0.0140749274846
253.798099871	0.0140457648169
252.714417606	0.0141859341891
253.843104754	0.0140361647172
252.263097065	0.0142734296884
255.88693359	0.013726309293
253.010698643	0.0141371040673
254.767029618	0.0138936134816
254.069348245	0.0139655865123
256.398167537	0.0136390425422
253.710767716	0.0140280163942
255.432511594	0.0137922568913
253.526408003	0.0140662240414
254.85327542	0.0138839782323
255.146098028	0.0138366872636
256.233758628	0.0136711115813
254.647903907	0.0138884717805
256.580498835	0.0136117792938
254.950900056	0.0138582444789
254.484089778	0.0139197580794
254.30244179	0.0139536013767
255.936796169	0.0137153403619
255.259138025	0.0137859275023
254.630181699	0.0139073131774
254.227708728	0.013959741896
255.416524689	0.0137756790217
254.955024154	0.0138467526037
255.954123929	0.0136913535411
255.236063987	0.0137946555671
255.832050334	0.0137043748478
255.43446492	0.0137730328295
256.099830516	0.0136698116039
255.291451854	0.0137889283078
256.052974238	0.0136828970138
255.405921017	0.0137710622411
254.841612557	0.0138752170952
253.611683437	0.0140569500649
254.882784282	0.0138706809244
253.38422388	0.0140974757323
255.465456032	0.0137801836304
255.797138321	0.0137101683425
255.687466185	0.0137295764726
256.999010666	0.0135093130882
256.28180686	0.0136390568987
256.474995121	0.0136156159464
255.843055403	0.0137062021771
256.560023352	0.0135827974458
256.603640748	0.0135840936824
256.554887252	0.0135815787198
255.778650486	0.0137181228963
255.568264669	0.0137286939479
256.151266378	0.0136482930379
255.503808413	0.0137466609621
256.5834975	0.0135748162292
256.890349103	0.0135232771265
256.745913247	0.0135497110989
257.923866099	0.0133572130333
257.050180121	0.013503009339
257.930261084	0.0133458088212
256.304494833	0.0136285324296
257.015867399	0.0135006988881
256.775764737	0.0135464261262
257.016400103	0.0134983864846
257.617696964	0.0134239560268
257.625913855	0.0134346123828
257.298801868	0.0134864257
257.214963112	0.0134789383591
257.292613194	0.0134604996218
256.455348058	0.01361161771
257.280397306	0.0134933451059
256.902579305	0.0135173802205
258.539273044	0.0132648017526
258.181543674	0.0133224490497
257.779842804	0.0134003806058
257.489821197	0.0134484458625
257.594006246	0.0134561660771
257.706782054	0.0134118941383
257.32274957	0.0134746951131
257.874780499	0.0133961274332
257.51322233	0.0134560027519
258.07789051	0.0133719650803
257.539651672	0.0134572836598
258.522972624	0.013303173374
258.941275766	0.0132494552147
259.194557602	0.0132057964587
258.588385235	0.0133087213826
258.196645868	0.0133669432901
259.236644851	0.0132092100107
259.236514794	0.0132017455419
258.483167825	0.0133210355202
259.197108646	0.0132088456437
258.510362111	0.0133219635651
259.724407496	0.0131521359784
258.948856164	0.0132624853775
258.975279322	0.013251356891
259.121315962	0.013232571822
259.799196592	0.0131208986491
259.70501684	0.0131418617132
259.973290353	0.0131008877787
260.71263998	0.0129884342664
259.98103168	0.0131010392545
260.779815486	0.0129784739208
259.580124845	0.0131616052361
259.461849609	0.0131803066246
259.365199554	0.0131819390667
260.808973654	0.0129700961917
259.155869476	0.0132232955012
259.701305204	0.0131375749121
259.710680072	0.0131560451019
260.61078467	0.013024294139
259.690941495	0.0131533962558
260.758485795	0.0130036985292
260.619974071	0.0129969595517
260.92230666	0.0129593308898
260.095182827	0.013074004017
261.339007053	0.0128992202236
260.159591072	0.0130735415751
261.011077157	0.0129406174098
261.062265123	0.0129415630042
260.887800211	0.0129570386662
261.357443667	0.0128922427809
261.404179644	0.0128839081822
260.50843701	0.0130235580948
260.993565296	0.0129400549968
261.218233294	0.012914034336
261.726110181	0.0128353833705
261.463232344	0.0128784698011
262.039718677	0.0127912891627
261.675132719	0.0128489346543
261.957078166	0.0128004255318
261.322200154	0.0128938009249
261.8473746	0.012815119976
261.934626362	0.0128100938982
262.013950901	0.0127912013909
262.150077028	0.0127792123011
261.887623488	0.0128095083038
261.264836883	0.0129023135949
261.472829273	0.0128748120493
262.333334148	0.0127548826392
261.623605289	0.0128477054382
262.06644534	0.0127940976591
262.381138596	0.0127433733159
262.233043673	0.012768901358
261.88802837	0.012819520968
262.087457699	0.0127878605682
261.298144907	0.0128949939437
261.547368357	0.0128599377541
261.611061896	0.0128596760126
261.6567642	0.0128520287033
262.11782482	0.012781212325
261.526046094	0.0128715610105
261.692355677	0.0128388895161
261.60281458	0.0128602452227
261.898896779	0.0128102128222
261.669571213	0.0128510145472
262.170032018	0.0127739952187
261.776578997	0.0128263920789
261.934293266	0.0128034907802
262.185300661	0.0127710469181
261.873638598	0.0128108860728
262.447553301	0.0127342095799
262.056843408	0.0127936337255
262.475223403	0.012732011382
262.562248954	0.0127179383458
262.33569715	0.0127544666743
262.472077716	0.0127292457132
262.368416282	0.0127495954762
262.249961166	0.0127666304578
262.324821222	0.0127559879395
262.187115065	0.0127663625767
262.438114266	0.0127390264079
262.61680456	0.0127111406727
262.712398735	0.0126984465026
262.453954734	0.0127366815959
262.690906885	0.0127016607676
262.400990865	0.0127444811698
262.283493872	0.0127519386349
262.33471927	0.0127467476905
262.479265381	0.0127331698204
262.211055728	0.0127641358669
262.61478548	0.0127133657811
262.465524033	0.012731046523
262.738290284	0.0126942829332
262.52293728	0.0127261759536
262.776345005	0.0126876313419
262.646384918	0.012706983516
262.585068796	0.0127111563459
262.591085369	0.0127163620347
262.744820231	0.0126927566503
262.500278933	0.0127292274115
262.879443623	0.0126721042767
262.574420896	0.0127188080759
262.963951342	0.012658692019
262.718638884	0.0126976175968
263.034216755	0.0126514420861
263.117434021	0.0126392165706
262.918490098	0.0126690042477
262.836226769	0.0126720012032
262.707958729	0.0126897579541
262.793652732	0.0126784286291
263.143141221	0.0126319444009
262.978557928	0.0126522206797
262.984925983	0.0126515258859
263.24634071	0.0126171488199
262.771125529	0.0126801515712
263.216843909	0.0126193124931
263.026893668	0.0126448216148
263.277989688	0.012615973873
263.159501479	0.0126340687062
263.355232459	0.0126004911845
262.883985494	0.0126646486963
262.884426233	0.0126635415172
263.411772353	0.0125924493638
263.07459637	0.0126377311853
263.431268186	0.0125904261602
263.374488689	0.0125965296612
263.444241237	0.0125915084937
263.424072478	0.0125909060038
263.637107556	0.0125628942665
263.387492566	0.0125945772698
263.678149546	0.0125592164581
263.569703385	0.0125677865239
263.602890094	0.0125634396142
263.335521021	0.0126079556111
263.293713441	0.0126282778952
263.02843695	0.0126706164839
263.200944645	0.0126465148271
263.098331657	0.0126607080601
263.156965463	0.0126505993569
263.157818201	0.0126470489445
263.033304192	0.0126680874353
263.080920122	0.0126564991427
263.068704997	0.0126573820768
263.056313223	0.0126588829682
263.146021834	0.0126501460631
263.182465861	0.0126415773264
263.214265557	0.0126386129066
263.348170685	0.0126209929795
263.236646993	0.0126343263792
263.428478215	0.0126095970343
263.372083178	0.0126176296104
263.469714264	0.0126044542932
263.308819421	0.0126319321274
263.553919079	0.0125935036737
263.570550148	0.0125906226251
263.600919603	0.0125881375827
263.558193942	0.0125951609829
263.463572651	0.0126104391936
263.640668667	0.0125799313997
263.653007272	0.0125816665869
263.717088138	0.0125711812992
263.706950917	0.0125700697806
263.700311263	0.0125769997964
263.543463995	0.0125989246099
263.762884293	0.0125660685568
263.771905811	0.0125640732146
263.803084992	0.0125593668404
263.797720847	0.0125606156534
263.656458205	0.0125829633108
263.773772583	0.0125671043477
263.608071881	0.0125904279113
263.806160127	0.0125610041686
263.831971952	0.0125583271513
263.617398302	0.0125881163437
263.804840092	0.0125602298367
263.715543504	0.0125752459966
263.651322091	0.0125836245949
263.690751215	0.012578427078
263.817358179	0.0125599088307
263.681771438	0.0125790050771
263.850131392	0.0125543655714
263.676180546	0.0125798908768
265.190088246	0.012362542909
266.282330605	0.0122115276312
267.104473801	0.0121019997379
267.94947976	0.0119856009292
268.545393908	0.0119052586899
268.982164538	0.0118462743646
269.399994248	0.0117891516303
269.875112939	0.0117225159853
270.074522826	0.0117040383813
270.398977075	0.0116616707174
270.51776789	0.0116470155983
270.882132547	0.0115981893158
271.197709497	0.0115527979183
271.277070318	0.0115427049199
271.380204718	0.0115310943625
271.509042829	0.0115151170763
271.808306491	0.0114733663257
271.916067456	0.0114597028879
271.999983282	0.0114515313071
271.993878483	0.0114552017234
272.232156814	0.0114200713852
272.306910352	0.0114112146793
272.252933	0.0114215441242
272.420072457	0.0113957552063
272.469156962	0.0113899412997
272.424294053	0.011397857017
272.416073664	0.0113999087835
272.306612904	0.0114155508444
272.451084148	0.0113942750031
272.362783756	0.0114049185588
272.252934854	0.0114219769584
272.058958676	0.0114478264461
272.132633895	0.0114349725964
271.903431145	0.0114673476507
271.80662621	0.0114806833659
271.728360709	0.0114880104393
271.583149402	0.0115054586547
271.409855637	0.0115283914601
271.205071677	0.0115553179281
270.932932236	0.0115926859876
270.879813833	0.0115970111878
270.701838832	0.0116232799623
270.478099687	0.011652322697
270.329908763	0.0116727326472
270.346795887	0.0116666317102
270.067906867	0.0117058682467
269.986062368	0.0117138209381
269.78898308	0.0117390568234
269.500066036	0.0117792082053
269.428377644	0.0117873938522
269.313274473	0.0118024454973
269.096669213	0.011832525199
269.078197868	0.0118358080378
279.109445698	0.0105808623222