100	-0.04429	0.0	0.989111383473	0.0108886165272	0.0
104	-0.03373	1.38200319557e-06	0.747843318369	0.250317305498	0.00183799412916
105	-0.03771	0.0	0.0	1.0	0.0
107	-0.03869	0.0	0.0	1.0	0.0
11	-0.08726	1.0	0.0	0.0	0.0
113	-0.04286	1.0	0.0	0.0	0.0
114	-0.006222	0.0	0.0	1.0	0.0
115	-0.0001263	1.0	0.0	0.0	0.0
116	0.04135	0.00432833874448	0.989822948135	0.00584871312025	0.0
117	0.02098	0.0	1.0	0.0	0.0
118	0.05066	0.0	1.0	0.0	0.0
119	0.07726	0.0	0.946484658487	0.0	0.0535153415128
121	0.08469	0.0	0.0	0.0	1.0
125	0.1762	0.0	0.0	0.0	1.0
126	0.493	0.0	1.0	0.0	0.0
127	0.6311	0.0	0.0	0.0	1.0
128	2.265	0.0	0.936675413775	0.0	0.063324586225
165	-0.0956	0.0	1.0	0.0	0.0
166	-0.08797	0.0	0.48802877767	0.0	0.51197122233
167	-0.112	0.0	0.0	0.0	1.0
168	-0.1086	0.0	0.0	0.0	1.0
17	-0.1276	1.0	0.0	0.0	0.0
170	-0.08056	0.0	0.0	1.0	0.0
172	-0.07342	0.0	1.0	0.0	0.0
175	-0.07977	0.0	1.0	0.0	0.0
176	-0.05717	0.0	0.0	1.0	0.0
178	-0.05745	0.0	0.0	1.0	0.0
189	-0.02443	0.0	0.0	1.0	0.0
190	-0.02231	0.482579892371	0.0	0.517420107629	0.0
191	-0.02436	0.0	0.0	1.0	0.0
192	-0.02113	0.0	0.0	1.0	0.0
193	-0.02562	1.0	0.0	1.53709373683e-14	0.0
194	-0.009404	0.961875401369	0.0	0.0381245986306	0.0
195	-0.00806	1.0	0.0	0.0	0.0
196	0.01506	1.0	0.0	0.0	0.0
197	0.01901	0.034606292169	0.0	0.965393707831	0.0
198	0.05019	0.995377033759	0.0	0.00462296624091	0.0
199	0.06721	1.0	0.0	0.0	0.0
200	0.09896	2.26475033371e-37	0.0	1.0	0.0
201	0.07151	1.0	0.0	9.4302318102e-207	0.0
202	0.02747	0.503950599542	0.0	0.496049400458	0.0
206	-0.005435	0.684412985102	0.0	0.315587014898	0.0
207	0.0008908	1.0	0.0	0.0	0.0
208	-0.01659	0.0219305557135	0.0	0.978069444286	0.0
211	-0.01804	2.06621169827e-15	0.0	1.0	0.0
23	-0.09246	0.563375301698	0.0	0.436624698302	0.0
24	-0.08113	0.0	0.0	1.0	0.0
25	-0.08857	1.0	0.0	0.0	0.0
26	-0.091	0.0	0.0	1.0	0.0
39	-0.0805	0.0	1.0	0.0	0.0
40	-0.06626	0.0	0.103483266541	0.0	0.896516733459
41	-0.03643	0.0	1.0	0.0	0.0
42	-0.007605	0.0	0.691247174443	0.0	0.308752825557
43	-0.02073	0.0	1.0	0.0	0.0
45	-0.03137	0.0	0.481836372609	0.0	0.518163627391
46	-0.03667	0.0	0.99274307281	0.0	0.00725692719021
47	-0.01594	0.0	0.0	0.0	1.0
48	-0.02158	0.0	0.445485449791	0.0	0.554514550209
49	-0.03949	0.0	1.0	0.0	0.0
53	-0.06204	0.0	0.0	0.0	1.0
54	-0.04884	0.0	0.588836864022	0.0	0.411163135978
6	-0.06378	0.0	0.0	1.0	0.0
61	-0.07284	0.0	1.0	0.0	0.0
62	-0.05316	0.0	0.0109611238723	0.0	0.989038876128
63	-0.05424	0.0	0.0	0.0	1.0
64	-0.06591	0.0	0.0	0.0	1.0
65	-0.06089	0.0	1.0	0.0	0.0
66	-0.05785	0.0	1.0	0.0	2.97119319099e-191
67	-0.06254	0.0	0.0	0.0	1.0
68	-0.0672	0.0	1.0	0.0	0.0
69	-0.05752	0.0	1.0	0.0	5.16018397362e-103
7	-0.0795	0.0	1.0	0.0	0.0
70	-0.05552	0.0	0.0	0.0	1.0
72	-0.05967	0.0	0.0	0.0	1.0
73	-0.05325	0.0	0.0	0.0	1.0
74	-0.05425	0.0	0.690695285085	0.0	0.309304714915
76	-0.05818	0.0	0.419015039766	0.0	0.580984960234
79	-0.05314	0.0	0.0	1.0	0.0
80	-0.05323	0.778562261243	0.0	0.221437738757	0.0
84	-0.1183	0.0	0.0	1.0	0.0
86	-0.0968	0.0	1.0	1.47432623091e-49	0.0
90	-0.05502	0.0	1.0	0.0	0.0
91	-0.05397	0.0	0.0	0.328617082594	0.671382917406
92	-0.06147	0.0	0.0158857681546	0.0	0.984114231845
94	-0.04722	0.0	0.991558529773	0.00844147022734	0.0
95	-0.04847	0.0	0.951082468872	0.0	0.0489175311278
97	-0.04442	0.0	0.245422178779	0.754577821221	0.0
98	-0.04044	0.0	0.957566768716	0.00662648261576	0.0358067486684
99	-0.04317	0.0	0.0188809013253	0.981119098675	0.0