-81.6957631313	0.607381170788
-20.0299953516	0.301099618846
-48.2530487536	0.414650411185
-13.2763335955	0.276951113852
-22.3849820809	0.300487489582
-4.59409647887	0.256180702912
-58.5621291779	0.469388167515
-66.4773962191	0.512883559972
-25.7266834087	0.324567833473
-33.1300019916	0.352956934142
-1.16804995322	0.245725829282
-6.77484302266	0.262834030483
-9.3836742208	0.269663162242
-32.7685044507	0.344831958145
7.05119919063	0.224534472652
-64.0273665093	0.498316199308
-28.7766339238	0.334165358629
-28.5398975395	0.33530777855
-57.315527655	0.462786919771
-50.8055898904	0.429819128072
-2.45886185435	0.248172166687
2.04407436626	0.238122275276
-34.6066655806	0.358407327729
-17.0129111728	0.294465548885
-47.1439600917	0.412783203059
-33.611415053	0.354031118093
-33.7804187664	0.355394048764
0.569181987069	0.240844061725
-31.8262409842	0.343128271621
-41.6474696587	0.387478162707
-11.835824999	0.277181456865
-1.90340775318	0.248285752866
-73.4149919059	0.554770062843
37.960186438	0.158344566548
-61.0056258815	0.48284654974
-24.5617769487	0.316100506633
-13.7360621502	0.279863236277
-16.1362402769	0.278652158819
-77.8875852618	0.583937456421
-19.6988289768	0.295245644267
30.4756448627	0.172369338883
-0.369781789897	0.243424955653
14.5633734407	0.20502608111
-46.7179863372	0.411132703639
-12.8774653894	0.278709343485
-36.0441479223	0.359784556694
-3.79250889537	0.253936947114
32.7919643531	0.167161434928
9.09851991333	0.218642540111
-31.3327333695	0.345622343217
-15.8240444321	0.279042381614
-44.9412135816	0.399071624554
-33.7554342141	0.349488320014
27.9627442742	0.176451408655
-20.1084934596	0.301180216012
-7.3848375217	0.260035106245
-19.186426126	0.298224803892
7.35583906339	0.224022265961
-34.5694081953	0.357915156546
-0.00882966362388	0.243479597817
-7.3762071772	0.264208096064
10.0351886551	0.217518988543
-5.7659610667	0.25880012831
5.17021897562	0.228228337886
-49.2245798052	0.422834150929
-60.4565947316	0.479614587031
-5.28178498164	0.257119645342
-11.5092631352	0.277009394509
-24.6846729383	0.321003740001
-12.3117883566	0.278777085062
1.89091289307	0.238056344575
12.6043681263	0.211237031196
45.7776288241	0.144359374307
-29.1010434946	0.335043420811
-8.20445334106	0.265149317786
6.78171667361	0.225573177133
30.6661228136	0.172192888918
-14.2517784607	0.273505792093
7.16265498796	0.220504123701
-36.5155290642	0.364969300436
-6.34973069571	0.253590938884
-6.54753628376	0.260165357081
0.650457208909	0.241590509758
-6.89641134074	0.256281055239
-24.1877141825	0.307824271606
-4.72254251014	0.25314737989
-2.87125398548	0.238876132347
-14.5034844368	0.275371544822
-11.8161380473	0.273616710441
-29.4308555573	0.328001306045
-12.8783869698	0.270836129219
5.1373999011	0.228662679081
20.7124987617	0.192671778343
-4.12053989785	0.243843072158
6.01722524294	0.226432218412
-32.7693548497	0.351170587632
-5.52805776682	0.250366663109
43.4433796224	0.147523372278
-21.8236677764	0.301285141255
15.9297327509	0.20242168074
-16.9876547595	0.294531213356
19.818486264	0.194719841621
-12.4639613654	0.275418940638
-23.1517436584	0.306580429281
-24.5188824067	0.320461691891
-26.5536682359	0.327882698215
-28.9181179487	0.336646373234
-20.9802881503	0.306915535104
-2.81420644762	0.240605881437
-18.7662379257	0.298955165601
-8.60922145155	0.267156675529
-21.1699614861	0.306321920184
27.8558421375	0.176386493161
-46.8555456188	0.408376704917
11.1195560071	0.214564745546
10.4433321937	0.215785719473
-24.004289436	0.310337877908
46.755658779	0.14240851369
-15.5720984894	0.287347987197
3.02918601501	0.235258958473
-13.3712376633	0.28206354243
25.8226188455	0.180397750106
-24.1913743191	0.317391132418
4.79499998767	0.230516766293
-24.6686491904	0.317021426877
33.0465748838	0.167557376421
84.83752936	0.092651853702
66.3985672251	0.11377875409
-1.19743848064	0.246732478377
13.953432413	0.207743057217
80.8398428248	0.0969195230199
2.34776793851	0.232525647369
3.23401751268	0.233513303886
-4.24819416921	0.24384796598
-6.75269965107	0.257938914587
-21.7111689425	0.302547798701
8.10385713938	0.221854278648
0.916916467082	0.240875779174
-0.77869969156	0.235171389465
-4.49890788799	0.246408648536
29.5764473509	0.173438840346
-50.8453789393	0.428086336029
-8.21667540237	0.264267918555
58.0885041614	0.12467444162
-15.5448743846	0.289007927067
23.3094571536	0.187031735138
92.6012527947	0.0847780127483
70.1218473224	0.109880881443
-19.6783009882	0.294848773651
14.8215078959	0.200475654965
-3.05275742682	0.24223980898
-3.88950890303	0.25193750664
-23.097901311	0.30696968296
57.6691320594	0.126713574368
-10.2537756097	0.263889059037
18.9106277669	0.191934311553
25.3568506397	0.179380027062
2.4979872166	0.228923693581
30.5479810211	0.169017410005
54.1271822806	0.130055045677
4.68041495756	0.220695981087
-23.2573910537	0.315686522057
-35.2200205566	0.352493565409
6.40163856462	0.216904450104
14.2476110668	0.200249802469
-39.1169431018	0.373381366924
-6.59910197323	0.261985560542
54.3455059105	0.12995310039
28.5013848219	0.175673691617
51.5676409968	0.134276761021
77.2019015834	0.101004733886
87.5564494084	0.0896285306972
57.5191860426	0.126110063534
15.0368420608	0.204853132211
-26.6484272564	0.327545611835
34.5574370657	0.164061155121
-1.0360968341	0.238492271981
37.3199303633	0.159530011254
-6.83536004581	0.253533417413
82.2788299094	0.0958166177617
2.36010290056	0.22708153274
-0.128631697256	0.23601972201
14.8635075017	0.205280184783
16.0980196864	0.201604293442
14.4387009208	0.198248958616
18.7782141948	0.196255405567
-7.73738045101	0.261412696978
47.6351094304	0.141428336864
27.8018160332	0.177090256243
-9.29222697864	0.269989002915
-4.52880999206	0.248829356479
-11.8360757408	0.273690265369
-6.08605690542	0.249633631869
44.5222288959	0.147009399948
1.02093014092	0.239449774725
80.178448564	0.0976858081262
12.6945974438	0.210677990073
43.1154212714	0.148726235941
43.2752694905	0.14912129059
-9.09006317793	0.263419962307
-14.1807306155	0.285213243449
63.134701659	0.117347611024
101.76483021	0.0764474217082
58.1007455021	0.125082019734
-0.507553471714	0.236907531262
39.6032327271	0.154158518886
9.4666363722	0.21724770075
33.1078733904	0.166754806613
-2.89317791589	0.242923233656
60.5325627548	0.122752693227
53.95006086	0.132148524797
-24.7147273062	0.314208862647
-9.49035240407	0.259916932821
50.3771281203	0.135040863539
2.74668772037	0.227382607101
-7.24124531179	0.255952929081
5.30631107929	0.221497248279
59.9617964898	0.122909103081
99.7366758181	0.0780609940226
-12.8062679579	0.277910772891
-32.1452205396	0.343165820747
2.10519518257	0.229396431721
15.2826546053	0.204454713196
7.90621073951	0.221746651206
-5.7582449404	0.254996112812
20.2037786198	0.189300674694
1.7593268847	0.234650394443
81.3451679735	0.0964950927078
-10.796328041	0.273967652622
108.447309504	0.0710450142146
-3.35546978287	0.251424659249
83.2081721326	0.0952013780586
7.24117644807	0.223670409701
19.5298790226	0.192724311337
9.52873467317	0.209599204215
14.8487016311	0.199851377634
6.99031408325	0.224517526922
32.3701787284	0.1667199613
94.6634663363	0.0836408117772
93.1955167633	0.0838603761792
31.5172022188	0.169000911551
-1.47464610638	0.246244212214
27.6208131901	0.176115576556
0.162826157605	0.235984766118
62.9170075855	0.119282280672
-14.9232940372	0.287563506028
-0.394513066614	0.236814450212
-12.4493371082	0.274626212699
31.536090725	0.165686416861
33.8277205055	0.161614084711
22.1211669427	0.188982653415
33.3970595264	0.165690415039
-13.9638705448	0.277964151115
22.0051037339	0.188092362954
9.09795950201	0.213266574131
-4.39597974463	0.253983558544
19.528960134	0.189467061602
39.2478653938	0.153351964642
69.8673549019	0.110371013262
17.1830405345	0.196854880998
17.757515139	0.197283081897
28.0914838573	0.172605837569
16.1124298491	0.199816727019
2.12164088096	0.230154631026
-0.542634523577	0.237431518501
-2.55776936506	0.243208843308
-3.8901560582	0.246982664738
5.62306182536	0.221329982545
123.782201792	0.0596231099498
32.6993835691	0.164353651041
18.9432883544	0.193912889822
47.4988038	0.140720107312
49.9896928309	0.137910851601
19.4982476932	0.191884012115
-13.1519943072	0.279998153006
5.68107547326	0.220352162942
8.72033506926	0.213283292206
9.44394596327	0.213576687195
6.33228105161	0.21886616351
1.99828214027	0.231322261886
-14.2838295205	0.281330414511
49.540726158	0.136568551545
26.8556649517	0.177742059937
119.502914652	0.0626224516103
-1.10731298515	0.241902145634
17.9844358554	0.191327568784
22.4016520645	0.183371075001
73.6457199834	0.106184113344
43.7705726138	0.145054606496
27.9051141517	0.173290424912
4.24075260169	0.22705371662
6.33052592264	0.219037242366
104.356989159	0.0738538189494
18.2608322684	0.195020008808
39.0103034396	0.155299623463
18.4993620636	0.191994783544
55.4795305061	0.12699437343
37.0769335846	0.156641049339
39.7755340691	0.154110172335
75.3451639343	0.102618717318
94.6928027853	0.0822106293837
11.4141739101	0.207869698683
3.58983596469	0.226710955009
64.493144021	0.117529697047
18.6416478879	0.193924481082
41.9038815243	0.148087125764
81.0282939281	0.095786395951
51.3928815903	0.133195253373
70.5264009918	0.109961340148
66.8742263028	0.112528337465
124.000837422	0.0598889593101
64.0223581703	0.115523487402
16.4083226644	0.198345843244
61.3061078176	0.120122383878
68.6517231305	0.112305613642
27.3830001747	0.174254541959
41.0628685961	0.149221393335
110.495740848	0.0699621320483
28.665116632	0.174502490748
10.2019682384	0.211261778472
-1.37892641444	0.24233519172
129.393901273	0.0562786462426
46.5044559719	0.140580716493
4.03997371117	0.226087273952
19.6190802669	0.192865650766
4.92409434492	0.223086419784
39.6219695176	0.15236953463
94.8288697829	0.0821428433453
10.7760414169	0.210157309605
9.1712069205	0.212190646496
2.65297329121	0.228567148275
25.480921655	0.176398880328
19.4944144201	0.191080478469
32.4986710661	0.163538132244
39.041551356	0.153177020746
42.6611628122	0.14688042299
10.0990172348	0.209708998911
32.1360853274	0.16534879316
27.3343992611	0.175137057481
18.188659348	0.192352741964
14.7986367318	0.203583667975
27.9646411242	0.173407269419
21.7203386853	0.186318635848
39.9378442203	0.152131764311
14.6858936867	0.198904970333
27.4254736966	0.172871778934
5.30485021279	0.223173696965
51.7336036775	0.135082594248
48.6094252665	0.140330273459
31.7117940799	0.168969434838
18.8171965396	0.190413232653
8.162757579	0.217490645086
10.699648332	0.209787255373
49.6225516084	0.136084954105
101.501818123	0.0776490423597
102.044398913	0.0768163385991
52.6249793114	0.13159007782
7.32544166887	0.220718278695
26.5620112786	0.174297475048
47.5336288194	0.140973348124
62.032862016	0.118265073797
83.9258504445	0.0929470808815
25.8434028748	0.17682517719
28.3445133432	0.172494941804
28.8339428134	0.169861992978
61.5992543255	0.121309576757
35.8470887472	0.160671374707
10.2925644855	0.210985686771
61.6404601703	0.120670502626
41.967441731	0.148542408206
64.4142659069	0.115229912994
45.2366497176	0.142569412477
44.0249575538	0.145214702311
102.797351199	0.0765944576772
51.4512247793	0.13558813871
81.4980150568	0.0971158751107
34.4307490012	0.159595514689
60.5910035016	0.121035779444
101.988948734	0.0768287994919
48.0885528273	0.140653105486
60.9318624709	0.121252644005
43.2595581643	0.14688036325
24.8713670985	0.178110809729
64.7020794186	0.11683359192
84.081148268	0.0946195350258
85.7111584258	0.0915110967871
51.7486892479	0.13529899204
32.5457626397	0.163921432394
85.2924015229	0.0917587247528
62.0382898146	0.120214890786
81.1298709987	0.0963463890026
108.105411246	0.071912542662
72.754603306	0.107312928994
48.8764735239	0.139857244576
41.3543599089	0.150558693886
40.7505739021	0.150867257295
15.6083939301	0.197180894148
83.540261611	0.0952079305452
85.9673714634	0.0925027397971
94.2329787962	0.0836559708497
29.9932552425	0.167402491399
60.7307422384	0.12203101908
44.6942909142	0.142915841618
107.55099379	0.0720089464415
103.721579879	0.0755293970043
31.2940041846	0.166866060959
58.9965352827	0.124957610737
13.8118918305	0.203202269737
87.0455613973	0.0901239759049
62.8355117595	0.119788376129
105.314405005	0.0736577944828
47.0281449247	0.142526628975
84.5852801646	0.0925855348563
25.8758121688	0.17887443131
75.3360045856	0.104249276679
73.1075433992	0.106280289553
26.5509765174	0.175620959894
38.658302775	0.152610015726
53.5857304395	0.132757006351
20.587858479	0.187416400129
48.0781321616	0.13791911249
66.9675829782	0.114420542062
18.3103894527	0.194518678984
60.4199889052	0.1205238555
44.1207059402	0.146695808748
24.2128559322	0.178888719434
15.4285836925	0.201087769846
23.8249868243	0.181141989908
33.3170533248	0.163264689559
61.9370480405	0.120791089292
65.0142683591	0.114772491764
63.0697244419	0.11861005025
71.4014125887	0.10636318295
29.5401537732	0.168900254885
61.9355833349	0.11834306932
15.8525097263	0.199585847916
47.7843181511	0.141448754086
20.0172187042	0.188306228542
89.500583587	0.0885078919971
68.1726627101	0.110318312987
31.3914694719	0.167823143877
66.0226703415	0.115541298714
68.4542445115	0.109790905722
23.3520656582	0.181076334915
88.6993132016	0.0896537199563
57.0760260426	0.124591118536
75.1015767596	0.104493541665
38.461278364	0.152903129069
52.0288792418	0.131404269367
30.2091739002	0.168928043635
44.1775226012	0.145841254834
64.7452394398	0.115035902274
45.0953713575	0.145187819023
23.083822909	0.182233199666
21.9857166913	0.183770310544
18.8778233647	0.190465806892
51.9880373691	0.133527354634
58.1550227052	0.125140559889
29.3128647429	0.170517947904
89.4429758446	0.0884950221744
54.0471607737	0.128463298495
78.4832114777	0.100627091283
102.604088663	0.0763222417506
84.7687804989	0.093865866541
40.4346415736	0.15367806405
47.7987061232	0.140812122999
108.086502903	0.072080984509
56.828395384	0.127312278487
69.4599289721	0.10857602037
42.0015893948	0.150611534966
81.8615409289	0.0969202379917
62.894557203	0.117386701455
77.2797801893	0.101914792719
107.087584278	0.0717024337323
92.9733261681	0.0855449596176
109.661962577	0.0706592799609
91.6255456995	0.0852258279931
83.3022838134	0.0953212104266
107.574729577	0.0720799238953
63.1510387593	0.119248442725
94.100758043	0.0836742802911
27.412505835	0.1767848759
67.214412452	0.111540506161
37.0619602073	0.157150300218
58.3078485143	0.123119440178
64.393041848	0.115180711319
55.0024831191	0.128031249789
76.9467993892	0.100108758035
52.2943779024	0.134635401845
105.35081286	0.0733881079945
108.983055422	0.0707438419283
45.218795818	0.143698528438
34.6099483872	0.160551729863
90.706261657	0.0861843732468
94.8788173466	0.0824336276893
107.264636721	0.0719428310314
64.3074152308	0.115489033668
66.4371439977	0.113797260561
62.5443569618	0.11858199685
67.1276746429	0.114105547357
40.1687959385	0.152037055888
100.226483629	0.0782106169176
40.1466625665	0.15213889158
111.6983635	0.0684496187093
40.1974664881	0.151765590286
106.925439717	0.072464893768
67.0609217047	0.11180736436
36.7930405533	0.156734226336
56.4847394794	0.127485973507
64.0836720518	0.117703952962
100.823640621	0.0783450126887
76.5336717059	0.102545565897
81.3144047943	0.0973265625768
88.6920725118	0.0895527346571
101.112739241	0.0767723275924
106.621361746	0.0727394824659
89.4748987325	0.0888587533121
82.8655836503	0.0946340433753
78.121975137	0.0999669841462
79.364478043	0.0996185199406
97.9372304374	0.0797099780599
112.031930903	0.0684523689286
58.5596025863	0.123547370707
59.7516795365	0.123236235205
80.9718327175	0.0972258085348
86.8610547896	0.0910688826796
57.2794676159	0.12498505521
38.9612371711	0.153261499938
137.727302284	0.0512328716976
67.3526129589	0.110992339733
63.738833667	0.11594902677
79.2656776264	0.0980725113192
79.1731272578	0.0976763139874
59.3539645288	0.124377233508
93.8351203935	0.0834129069298
105.505716755	0.0729696431769
41.1595861676	0.150219587436
73.1061336776	0.103953823759
77.6659779748	0.0992364263919
77.4903475541	0.0994041176497
55.9167480025	0.129012620308
63.4990516835	0.116634591424
98.9471286193	0.0797830885148
58.3380438794	0.125732941374
73.673123835	0.104934658317
47.1358689485	0.142338902244
72.3113317322	0.105811186411
106.403896549	0.0733926213095
84.8613106515	0.0935435992557
97.7016255009	0.0809779917241
95.9961199328	0.0825236340598
98.2254040288	0.0805137488215
69.0209912719	0.11109720018
93.7824430862	0.084112934031
78.6875666707	0.100019714494
75.4570041911	0.102315445794
55.1811552772	0.129470047796
61.3293105999	0.119958192917
100.212185748	0.0786873815161
106.277152752	0.073391099675
64.5690611502	0.117311524195
112.227394589	0.0686310016771
68.6045974892	0.111014240086
59.8158603425	0.123583283114
89.8941014107	0.0875272894741
75.3754113112	0.102596637164
102.815452766	0.0764612419905
75.82942611	0.102318221312
74.5945302671	0.105087673015
103.122620674	0.0751831502058
56.4793149943	0.126479283237
83.884429717	0.0940775550529
89.5539386009	0.0887433134658
84.3801355504	0.0921506392437
62.1042539543	0.118850567717
109.262047933	0.0709364162646
61.3285692501	0.119122359844
70.9546494933	0.107403480464
69.4190145716	0.111244295279
90.7915973093	0.0862360607008
102.087377581	0.077055313998
120.770170703	0.0622316693593
76.9781550784	0.101927098971
119.554323506	0.0631796213976
73.774259136	0.105954737361
95.4470807175	0.0831048686256
128.31989072	0.0572359121544
60.2244314419	0.122789597622
114.579248098	0.0662514864873
77.4845276755	0.101764972304
124.239074896	0.0599086178722
80.1879139759	0.0986825211081
78.5514020179	0.100228838152
99.6503450274	0.0792776893251
104.327661197	0.0750286409457
121.781157496	0.0616715953126
92.3432725917	0.08605741048
73.2638438549	0.103595972636
92.3855984416	0.0854835812161
68.183992915	0.109422453702
115.46423068	0.0662735843379
96.2668360136	0.0823016690546
72.5466800367	0.106615430977
105.402227549	0.0735900281872
74.6389478372	0.102494015992
86.7737870926	0.0913489801001
129.296796488	0.0565591956738
57.1859942502	0.126075251622
64.3242689618	0.117050734498
117.793468314	0.0645685459238
119.685933741	0.0624079445531
85.7594042345	0.0908038838874
56.7983693532	0.124829878766
111.895956575	0.0690637197077
55.5797093103	0.125856485273
75.7894491561	0.101322967353
102.038607114	0.0758404025084
85.4365352346	0.0908721148168
101.796557131	0.0774138514443
68.7756717542	0.111806568193
53.8513799345	0.13128450615
68.7616875623	0.110195811342
61.9996066843	0.120868771366
54.1044072522	0.129567797141
74.9407541054	0.102730427644
78.280267737	0.0987189368895
150.854673619	0.0443274975739
72.9865132641	0.106871434162
120.088329887	0.0629044428439
72.1429975937	0.105376564819
125.561533022	0.0587705728932
140.863725823	0.0495207690265
63.3794664734	0.117381731708
135.733876634	0.0524556374432
115.001475165	0.065659670485
118.637432114	0.0632388201723
80.3881531183	0.0965570820115
152.339071144	0.0435934155038
97.0603627979	0.0814491836362
139.878098022	0.0502290144881
58.5924775069	0.123662103253
104.594515211	0.0750161964015
160.8169341	0.0396774643261
115.774258035	0.065898585138
92.3865029521	0.0844356077005
122.846596548	0.0607414821719
87.1582480787	0.089529542324
103.005851422	0.0760301554594
118.906792092	0.062867968268
72.7743486608	0.105291026845
42.6947614892	0.146143189531
104.931182214	0.0744567622247
110.673119869	0.0699334026695
94.3927107425	0.0828610079829
107.153759002	0.0717535439185
106.191905532	0.0730886166656
87.8994549091	0.0886720696345
140.092173718	0.0499504950079
76.7145066347	0.0999245558399
97.5679190907	0.0800225911662
98.6709702343	0.0789689347203
88.5575297832	0.0885949918183
91.5779772104	0.086814823004
105.166847082	0.0743260361168
90.9007463802	0.0861218645085
126.172849568	0.0583290355298
86.4922869187	0.0901988012858
136.80863396	0.0517965203528
108.012192031	0.0715928248559
69.3199444813	0.109864812264
83.5441629756	0.0931091626678
128.320207739	0.0569833790468
123.057112594	0.0603175603734
77.4217132251	0.100205541834
121.555022505	0.0615224439757
122.04004158	0.0614464338231
78.3948865597	0.0986933949829
116.846591896	0.065073588566
131.233345461	0.0553189935898
85.4457625202	0.0912390176986
109.156203875	0.0707033482754
88.7944552436	0.0883682387144
99.6103377867	0.0783962720324
123.905458621	0.0597152551598
138.297017443	0.0510982315199
116.483745699	0.0651124638927
78.9225257962	0.0984575808774
109.049614676	0.0708989009351
85.0284412708	0.0920964884397
94.5889700976	0.0829490280608
111.092178376	0.0692661250632
129.331732141	0.0564600525708
133.680405384	0.0537155688794
117.190538016	0.0647365239181
86.107420472	0.0905233718317
102.615978207	0.0765704039756
112.727257965	0.0679440429228
88.6535737029	0.0886678995343
69.3728448768	0.110025337009
94.6737073811	0.0826246408897
69.078358315	0.110452101373
85.807497227	0.0914789342476
58.4956000574	0.124163669914
98.0608786206	0.0796235011895
107.702161072	0.0717557096761
70.7170345325	0.108470616017
98.4094112922	0.0794832058363
125.936912619	0.0585542623128
89.667755094	0.0874560259982
70.5933875559	0.108446154373
80.4192027899	0.0971170452121
99.0609175992	0.0787909095348
77.4623826095	0.100330458812
126.665635587	0.0579377869989
97.638942058	0.0804067741573
98.5222591586	0.0799034686282
61.7415846605	0.120067332807
134.658391098	0.0531774455556
135.272074341	0.0527931446933
136.547352422	0.0521283490573
93.1643748292	0.0848327560274
115.893798891	0.0654332248583
155.870758367	0.0419967128627
88.6879890441	0.0878123642727
105.690397327	0.0740833479685
140.660028586	0.0497296635377
103.00540415	0.0763364766701
113.335401838	0.0673766572844
104.849609271	0.0741119708111
130.813795519	0.055589027896
130.35609017	0.0559604224384
127.24287929	0.0577686494971
91.2917606933	0.0858684433416
109.233099203	0.0704791951084
132.721400313	0.0543998336262
93.7824199608	0.0834831741212
103.768286135	0.0747691276179
119.903168219	0.0627018707359
88.9688774891	0.0876511378917
145.057661436	0.0474775532487
120.650628103	0.0620331382793
90.1163391973	0.0870445056883
100.472827598	0.077712530406
103.293187206	0.0755564780139
125.45987751	0.0589097033268
88.5824172486	0.0878782307472
136.88583129	0.0519412796612
111.455728173	0.0687630528549
89.1248673291	0.0881064690219
153.189713657	0.0433374316446
85.8681934856	0.0925800065944
131.526795792	0.0552738017085
85.0764566574	0.0934097046479
114.171531435	0.0673438084602
171.015601078	0.035550671494
127.818141334	0.0575068611843
168.920668933	0.0363905153845
158.895691639	0.0406804452251
172.820074723	0.0348327538028
119.843862567	0.0629008285583
119.226778468	0.0633049493002
124.035717327	0.0599478004982
119.361893453	0.0628057436082
122.981868633	0.0605721305862
146.160725884	0.0468553963691
133.240259497	0.0540681165939
135.663763552	0.0526085342691
132.522723815	0.0545004702101
134.418085992	0.0533638909157
136.448788004	0.0522151643349
132.036952626	0.0547993361021
116.754345233	0.064974706512
144.68327965	0.047656154499
148.84039792	0.0455345110726
129.151395109	0.0566654911356
108.532176214	0.0710139940814
130.598838561	0.0557106151229
118.234725117	0.0640577068953
122.511293901	0.060923211677
134.028083801	0.0537435301348
131.480372713	0.0553086817456
117.808766119	0.0642285009635
136.956211341	0.0520625450048
126.306294421	0.0584652783884
109.61632036	0.0704122601466
130.185075722	0.0560646591962
121.525494927	0.0616425207406
120.901259154	0.062042589536
118.772148932	0.0635598573073
114.934467995	0.0663870621845
137.134116021	0.0519883722074
129.39922472	0.0565776110246
134.370336973	0.0535725377241
105.719696027	0.0740420168566
135.900507313	0.0526472485109
139.749634857	0.0502776234072
126.23987833	0.0585197778309
110.443105843	0.0699433413379
143.506182215	0.0485023443173
126.788464388	0.0581983168725
128.249189734	0.057341912307
110.173229935	0.0700975723726
127.556692695	0.0577398175526
148.183987209	0.045975662247
131.089736753	0.0556302018597
135.474231117	0.0528313303758
139.614836877	0.0506325180415
147.151727119	0.0465833303981
129.872653838	0.0563824758799
147.971407421	0.0460900888929
125.873199553	0.0589871974042
138.400249845	0.0511076228387
125.251981673	0.0593970636768
126.922626878	0.0581382786628
130.214749366	0.0561999696966
127.192187908	0.0579380282002
132.185404645	0.0548953636973
156.368577621	0.0419900876737
115.70836222	0.0659979907664
111.266249076	0.0691137735296
147.621205187	0.0462951032809
129.754452902	0.0564396851392
128.232272806	0.0572350940061
131.00650134	0.0554599451536
132.524418757	0.0546990947004
156.87132919	0.041782907325
146.011994057	0.0470178989518
144.348632462	0.0479663143961
146.832639337	0.0467345092371
147.393860251	0.0464086725453
143.758078738	0.0482943227758
139.749150324	0.0505150417286
139.176333789	0.0508213511185
164.011327347	0.0385769552163
148.365506232	0.0458296111569
167.351950618	0.0371928593682
154.521101395	0.0428773939238
136.978174987	0.0521388096014
143.87268526	0.0481839563372
158.820624796	0.0408137231466
173.161301867	0.0347941775869
155.265831816	0.0424255965002
147.186463302	0.0464937113609
150.311103635	0.0448400227939
164.535692262	0.0382725729889
134.65383294	0.0534973764588
142.406336557	0.04904404156
164.615822846	0.0382262750394
153.866956454	0.0431098377613
153.016578331	0.043538234371
151.356594204	0.0443581537573
159.314555425	0.0405622847852
147.578086089	0.0462910606573
157.218183432	0.0415179354488
135.084801056	0.0532385160154
139.397292146	0.0506686784165
138.770571493	0.0510567222178
144.327550678	0.0478858277324
150.656445576	0.0446876382601
131.196496274	0.0556178430162
179.821790871	0.0322376483403
139.529125529	0.0506285519183
162.443824277	0.0391775535235
137.437705188	0.0518484965154
160.78968396	0.0397378973852
133.554824025	0.0541645576888
148.273121858	0.0456748211673
141.977435748	0.0492565102444
152.511260123	0.0437421139193
136.60396346	0.0523639826958
155.163970585	0.0422591462404
151.55362122	0.044237030316
164.243829754	0.0382604426054
133.385767772	0.0542744829251
177.826397162	0.032909607484
136.266435438	0.0525469402884
131.404077791	0.0551204700194
148.190387209	0.0459588775972
173.843784563	0.0344499566011
133.449944016	0.054241859078
165.108637981	0.0378818686277
140.7943394	0.0499676498885
171.293820151	0.0353533887455
129.166607997	0.0569664771834
159.082896988	0.0404503073621
126.4120272	0.0587437033737
183.058627041	0.0310742624424
136.088600062	0.0527056958686
167.43881013	0.036930680246
129.362035063	0.0568522183576
149.376800401	0.0450831092061
142.703160699	0.0488893909133
184.934180157	0.0304285066964
130.451368105	0.0561429433633
180.027714026	0.03216395441
135.617376233	0.0529909877772
171.937966164	0.035112923374
161.983260422	0.0393736711627
152.233418285	0.0438190519877
151.916755192	0.0440952453791
132.613589319	0.0547648669188
120.385559976	0.062911192145
176.40167107	0.0334511053752
134.332608117	0.053762863617
164.643002008	0.0381390119043
124.017140182	0.0604104694057
150.859563484	0.0443824309499
136.355467071	0.0525171886703
185.667165716	0.0301883821756
136.151184469	0.0526620936729
158.956126349	0.0405215246036
142.874703342	0.0488198143042
153.199923279	0.0431355004058
136.060920445	0.052706919656
162.504207267	0.038902651019
162.327276715	0.0392185839802
178.429773286	0.0327091994729
125.517600185	0.0593278724692
159.433157743	0.040266044974
145.298670658	0.0474838283201
162.416110611	0.0391952174889
135.665804927	0.0529349531132
166.964913513	0.0372542917445
161.46808873	0.0396185321303
152.804738645	0.043524751844
132.418499859	0.0548712955296
177.170049272	0.0331903062788
152.72555289	0.043678668156
175.396948202	0.0338549625183
142.80197307	0.048827087732
180.383744774	0.0319849248767
165.197306526	0.0379944359008
158.241507565	0.0408622655191
141.799325964	0.0494013148637
184.264173923	0.0306469595457
164.813393003	0.0381504442538
159.854996951	0.0403425049033
151.740187237	0.0441161995515
182.677743462	0.0312480152624
158.77098752	0.0408062779347
181.680142167	0.0316271288988
164.015038223	0.0385190556237
188.240647652	0.0293776393753
165.696113829	0.0377698158263
144.372887125	0.0479007743142
167.731680723	0.0368830446597
160.288905895	0.0401216506395
159.47533003	0.0405062891195
169.848983153	0.036089411721
164.669775747	0.0382328994997
177.79966255	0.0330416196002
157.315144962	0.0414328130621
147.579414802	0.0461528619353
177.517342219	0.0331243179133
164.996278352	0.03809864684
161.597367187	0.0395756793779
180.444301805	0.0320700174823
179.173229577	0.0325338482567
178.192432163	0.0329052102333
179.942109193	0.0322406671461
183.236544485	0.0310800609951
158.724096909	0.0408278774968
169.506783573	0.0360904740537
149.204389181	0.0452751784911
159.765353752	0.0401884229107
185.770084263	0.030209849202
151.707612014	0.0438739700503
168.861498366	0.0365057201552
157.621637928	0.0412471080139
145.469609204	0.0470347709492
140.342516848	0.049777657227
159.892552527	0.040333851709
157.368654405	0.0414602356618
151.237026424	0.0444461701129
162.942225067	0.0388863330205
173.573069248	0.0346096171145
179.202923963	0.0324233625304
176.990234956	0.0333309684445
175.398514459	0.033758514393
175.422259538	0.0339170927006
170.910732282	0.0354462292431
189.704729662	0.0288766838784
166.44718626	0.0373714350447
187.237767169	0.0296704516315
177.11294172	0.0331161418956
180.526583216	0.0320281826946
163.860459929	0.038515856758
174.639962163	0.0342071866253
159.6602967	0.040316050453
184.858288901	0.0304363670454
173.767779282	0.034343327766
178.758418533	0.0326002407721
180.684498666	0.0318625833878
169.333483789	0.0362846931417
181.184158789	0.0316734882614
187.688141418	0.0295017726234
174.752847412	0.0340974158271
190.707210033	0.0285142575815
168.571188261	0.0364173842249
182.37268426	0.031271754818
179.67506322	0.0322549804788
182.656204634	0.0311706813896
186.652089623	0.0297992383576
189.808840848	0.0287874039494
181.75757396	0.0314529693085
179.473099426	0.0323717966666
176.457160466	0.0333482695597
182.756662291	0.0311893312506
169.937773974	0.0358274360753
192.955221139	0.0278034501506
178.289800615	0.0326462433402
180.903003632	0.0318992381842
180.419892845	0.0318954980735
180.771331536	0.0319472006767
166.740163638	0.0370787529057
190.507151852	0.0285963253842
164.773212492	0.0378725423262
183.455524474	0.0309478429919
172.218084339	0.0348740703156
180.197185815	0.0321019197004
176.234377402	0.0333749017472
174.837824668	0.0340827020949
171.624318075	0.0351603992363
181.102761993	0.0317270475698
161.93241251	0.0390897943081
196.966058787	0.0265946865998
173.984220202	0.0342121640788
179.097286898	0.0325707075892
169.181940286	0.0360947811469
190.216757619	0.0287276141008
169.414344456	0.0359803579082
195.306934875	0.0271300040556
181.367947525	0.0315595470789
184.398912367	0.0306819669674
180.560483299	0.031868668537
179.737799973	0.0323062238419
176.918271748	0.0332116688636
182.405742103	0.0313536058243
171.480083182	0.0352152749883
188.000147914	0.0294584601083
186.360104591	0.0298860361149
190.638045192	0.0286076634811
179.745112835	0.0322168034401
171.59054727	0.0354214555069
187.110057767	0.0296513838918
173.492456607	0.0346532728902
183.98745447	0.0306945634221
186.954546571	0.0298334305845
192.17327409	0.0280482414381
175.954897896	0.0337271825322
188.897399619	0.0291097261288
173.376451054	0.0347099451423
193.11497627	0.0277516305896
177.120298567	0.0333047967048
193.071094813	0.0277761116662
184.391350228	0.0306950070628
188.933153865	0.0291119075302
175.023450438	0.0340917355693
184.20292565	0.030624122889
191.069584738	0.0284725630625
193.601111763	0.0275806464729
191.661059956	0.0282732977244
195.464098852	0.0270328534727
186.754221485	0.029877778701
196.018107054	0.0268745825963
189.389776275	0.0290023349903
186.376121935	0.0299191876114
197.689596597	0.0264272693241
199.774633175	0.0257822811189
193.07605601	0.0278343305037
200.290636347	0.0256377954515
184.094546443	0.0307948194987
190.121765185	0.0287221483195
182.498379803	0.0312811651922
189.86054688	0.0288264325292
187.48768535	0.0296424854808
200.17928977	0.0256558168376
190.333250606	0.0287117728923
200.545984261	0.0255676054936
184.512893574	0.0306585907298
195.388228085	0.0271113473355
185.977863165	0.0301555995136
181.706331603	0.0316331497217
195.241344986	0.0271611901823
180.595226633	0.0320306165199
190.643051397	0.0285941190303
190.334089222	0.0287060450317
192.848903024	0.0279104266095
177.309474883	0.0332502674923
167.196257655	0.0369481240379
179.34153392	0.0324504640911
192.612575126	0.028009966946
183.663107735	0.0309100652658
197.61168084	0.0264406752566
188.835228259	0.0291668992042
199.119110084	0.0259965753564
185.983659166	0.0301043488112
186.364961935	0.0300272795171
184.486008055	0.0306525097264
196.048917575	0.0269150230205
196.621571082	0.0267660076109
197.824148572	0.0263648993873
194.577789955	0.0273790213793
190.477025568	0.0286363858383
188.002223445	0.0294676901867
189.670070076	0.0288505790409
195.592195437	0.0270867217506
192.572562629	0.0279915492901
186.474855943	0.0299857092773
179.776769671	0.0323099056063
181.776293246	0.0316000010906
188.081137897	0.0293780363135
192.692164405	0.0279811169699
199.339553424	0.0259387398379
194.430235641	0.0274447967145
193.989846855	0.0275370303577
189.577451668	0.028972347557
195.863890134	0.026944726551
188.662494816	0.0292579555758
195.164658538	0.027164020298
198.347316071	0.0262519121424
183.231310604	0.0310382845161
191.965573443	0.0281878715123
193.484977965	0.0276749683523
199.085191411	0.0260179722623
190.750171231	0.0285365184066
192.90849662	0.0278816587715
187.903821355	0.0294866580257
195.496132847	0.0270985773382
194.236322208	0.0274776421126
192.366211096	0.0280336959898
197.133202603	0.0265815764489
201.118638502	0.0254058067611
187.97388247	0.0294731848562
192.698480916	0.0279157879747
200.272651233	0.0256691918821
186.946143987	0.0297335688457
186.916834755	0.0298297244197
179.363217531	0.0323492745519
188.641245982	0.029254940594
178.98912628	0.0324784631031
195.575271496	0.0270764663412
172.922998821	0.0346765466329
191.915961166	0.0281902892916
173.021532994	0.0347421209983
190.75353353	0.0285589316932
164.173420137	0.0384439282788
182.415954174	0.0312806235265
181.93554418	0.0315133669174
193.152415321	0.0278056076561
191.944351703	0.0281153009401
190.544360082	0.0286526703183
171.23575427	0.035337937873
183.346515541	0.0309850299804
179.479555253	0.0324127363156
172.351839931	0.0351080445501
181.739382316	0.0315767769295
194.160496204	0.0274970135951
177.189093298	0.0332124761092
182.529260063	0.0313263932342
188.670925887	0.0292391892271
192.452830433	0.0280254657314
189.241669598	0.0290940917567
192.803504758	0.0279548216905
179.903678792	0.0322596636511
187.471842564	0.0296065865833
179.75733387	0.0322999263718
194.03576985	0.0275418228578
199.311302477	0.0259435858123
189.975713342	0.0288475900549
181.049675276	0.0317330037761
174.961679021	0.0340827376649
173.69871174	0.0345961525453
190.886218889	0.0285212601783
185.86463599	0.0301708343489
187.070899666	0.0297594090695
184.081903881	0.0308168107309
198.095718806	0.0262942360884
189.102600132	0.029104524544
179.903284552	0.0322647539954
174.448684663	0.0342729037302
176.058686895	0.0336840013286
187.723621113	0.029592282389
190.331859157	0.0286694821183
190.868986381	0.0285275049311
184.0733245	0.0307925232072
188.907770402	0.0292032382249
196.984666448	0.0266615763266
184.809330143	0.0305010094471
191.633963021	0.0282805275165
186.279221291	0.0299568272424
178.309218498	0.0327114366082
161.166727248	0.0393885439953
203.859706126	0.0246160417662
198.669601699	0.0261470325379
191.709376585	0.0282382043668
186.544622868	0.0299214474381
202.182774414	0.0251019840235
181.109585001	0.0317589639977
195.623832133	0.0270395533129
185.164111588	0.030376893151
196.792841909	0.0266516102754
185.145421879	0.0303507308752
188.474211103	0.029217944958
181.019689851	0.0318130096016
188.706284793	0.029108193972
191.257934342	0.0283883608517
186.283651506	0.0300186222241
181.390221842	0.0317672300937
168.809108542	0.0365171615066
189.097827016	0.0291018302123
188.428955132	0.0293067013658
190.404742515	0.0287010464699
188.528319522	0.0292382205259
190.068275856	0.0288136337211
185.290084231	0.0303895201498
196.260338911	0.0268446768324
189.934057326	0.0288535552776
194.157929273	0.0274956453689
203.471095604	0.0247593703879
197.524215705	0.0264487430043
195.657697423	0.0270160266552
187.00794038	0.0297611611038
188.067007625	0.0293726053751
184.584544829	0.030579355895
192.183544575	0.0281070339165
192.762123011	0.0279057200107
189.60582995	0.0289466739102
188.360051276	0.0293209369244
188.4696402	0.0292923513623
188.502189637	0.029320406467
189.065142277	0.0291196007161
195.492310947	0.0270801533607
191.993091052	0.0281880230163
192.49358422	0.0279917746298
197.705224018	0.0264220076449
194.334040845	0.0274341766458
193.502131973	0.0276876476186
187.467656757	0.0296276092133
206.744652108	0.0238255528054
201.094892748	0.0254476256602
203.251091468	0.024795057103
200.899276664	0.0254973042998
205.37500212	0.0242394356924
197.343058783	0.0265065035142
194.655815188	0.0273046361181
190.789413821	0.028498336971
192.310551253	0.0280739063363
200.114707743	0.0256838456526
200.617795279	0.0255476103154
198.795355135	0.0260598907469
194.041769541	0.027516253295
198.418205224	0.0261806266845
202.441290209	0.0250614967241
200.822881425	0.0255181606835
204.035914502	0.0246065882469
196.71923116	0.0266842062132
197.264472237	0.0265296987054
199.233781561	0.0259671757139
192.697728983	0.0279227639257
200.526286733	0.0255693337555
209.987105387	0.02298825923
202.683287822	0.0249355265681
203.586601168	0.0247089272655
194.975571184	0.0272132783272
196.647124544	0.0267445182932
200.24446853	0.0256610587691
199.155022973	0.025956344222
198.685199606	0.02609641366
202.293506506	0.0250468057879
197.887323204	0.0263323010016
202.637439064	0.0249855449633
199.866295681	0.0257768368777
198.959874048	0.0260452980991
197.691274435	0.0264141678447
204.915294745	0.024324381873
200.155174916	0.0256653731126
196.746643593	0.0266812830677
205.037253862	0.0243189594383
205.969115009	0.0240752730493
205.719130822	0.0241270333625
205.175422045	0.0242638938203
197.811493197	0.0263583679987
195.620762642	0.0270202040992
197.877091728	0.0263753241837
196.70330401	0.0267172186622
203.192852155	0.0248358688675
198.589952711	0.0261582484107
203.991992013	0.0245787841152
205.377300159	0.0242242399502
206.555972765	0.0239135677594
201.193899358	0.0254014897426
202.845673371	0.0249264186961
200.990459682	0.0254220035113
204.07723017	0.0245483314737
199.335047711	0.0259061894657
202.320261843	0.0250749548211
201.284978481	0.0253377880857
200.380664492	0.0256308597801
199.554837096	0.0258342102188
200.657125963	0.0255129198186
195.487625138	0.0270961090299
197.824086334	0.0263796100314
203.234735955	0.024782844549
196.125998656	0.0268613534699
196.941959835	0.0266617131268
211.404718856	0.0226192526309
203.211309293	0.0248356874944
203.629691788	0.0246692482337
198.412785163	0.0262154481298
194.996447328	0.0272540246069
207.829770464	0.0235285792194
198.496462246	0.0261556704054
207.298587935	0.0236547262048
210.657411351	0.0227895802374
210.852465195	0.0227520667359
207.39708082	0.0236634839552
204.92830957	0.0243423160808
207.379644105	0.0236789160329
210.406342768	0.0228709427633
210.001423522	0.0229519873397
207.151280168	0.0237495320364
208.066986775	0.0234674770122
207.677302424	0.0236094530593
206.555538414	0.0238767072081
207.261347799	0.0236744337479
203.847452156	0.0246110039329
208.268702377	0.0234065048019
207.99388434	0.0235066097398
208.599233994	0.0233164650968
207.586300301	0.0235862566732
213.073008734	0.022204954264
210.005160176	0.022969318151
211.66549875	0.0225511665611
209.713124779	0.0230204690525
210.665750431	0.0227754686763
210.272475612	0.0228727540154
213.05908523	0.0221597378374
213.19108173	0.0221291856503
214.772666251	0.0217592105443
213.477124448	0.0220952771417
208.717239992	0.0233019483444
210.309003043	0.0228633610954
212.848312289	0.0222069677001
209.35194548	0.0231167364747
210.315676974	0.0228589724183
213.92441866	0.0219440494222
213.936150011	0.0219726458134
213.969274232	0.0219616544881
209.953206799	0.0229774585399
209.867460787	0.0230055792416
215.216245231	0.0216421266823
213.204133095	0.0221568207572
213.874218832	0.0219535279666
215.336607189	0.0216242399436
215.829555726	0.0215076073757
212.67617281	0.0222834926238
212.614429857	0.0223072618177
215.680294352	0.0215199847564
214.57607438	0.021783462226
214.056632635	0.0219513456792
213.971761937	0.0219328436484
215.693796649	0.0215455331776
213.642620993	0.0220157171641
214.963883162	0.0216884955175
216.501054894	0.0213098169322
216.484140815	0.021315734924
215.547542092	0.0215735564375
217.043973498	0.0211792037776
216.594761225	0.0213195859441
217.024723471	0.0211866558121
218.74469914	0.0207727363572
217.197595019	0.0211466109155
219.350228763	0.0206328512419
218.868596361	0.020777190941
219.503078457	0.0205991624029
219.324728031	0.0206707678594
220.260362761	0.0204339003501
221.083815498	0.0202401603104
217.62986078	0.021050541425
218.259869247	0.0208995040877
220.680269437	0.0203312517893
221.030462149	0.0202777853192
220.306770616	0.0204170436091
219.66936884	0.0205888145159
220.333628988	0.0204136036221
221.224725421	0.0202293524678
219.848284473	0.0205575956084
214.458987561	0.0218389294356
211.058966613	0.0227210301095
202.884157078	0.0249202937813
215.870174386	0.0214619913394
210.2149368	0.0229077897303
206.243514097	0.0239843286713
220.564169707	0.0203825255024
201.387802369	0.0253376292777
206.230474134	0.0239689892233
208.795868524	0.0232871434381
213.214242425	0.0221499475713
215.629682997	0.0215389439184
216.930682	0.0212322913346
216.615256319	0.0213357601527
210.885838245	0.0227213195349
209.936768964	0.0230135991866
217.682359684	0.0210656133639
215.198769486	0.0216685548581
209.919393241	0.0229959349277
215.48270895	0.0216031581134
215.370951445	0.0216198532043
216.973190619	0.0212381999245
217.238960127	0.021130736841
213.584198324	0.0220516741126
212.616565131	0.0222786037553
216.337992889	0.0213993032861
211.425116145	0.0226050175283
211.436587199	0.0226022650764
208.645398438	0.0233109708756
216.400771531	0.0213887260759
216.883929287	0.0212472559845
208.534482214	0.0233507957911
221.227260647	0.0202026381741
218.108758547	0.0209660539747
212.078560225	0.0224189754903
214.156866888	0.0218960941616
212.30632701	0.0223659682236
210.65239822	0.0227964564707
217.594278358	0.0210856916743
215.739062536	0.0215219484248
210.489371933	0.0228605819592
221.805385622	0.020127285687
222.911869675	0.0198319616404
219.048902971	0.0207442422066
219.636145683	0.0205915050543
215.779880184	0.0215463903726
213.800665337	0.0220168235968
221.142786435	0.0202658309354
223.183131383	0.0197750073799
217.343401833	0.0211654985079
214.566709992	0.0218381834042
218.179000504	0.020954480133
205.400901655	0.0242232354075
216.218693099	0.0214345524289
219.522804237	0.0206483004447
220.686061857	0.020370569548
214.09234083	0.0219441921869
220.953933124	0.0203186040394
220.328073043	0.0204499166567
216.257619263	0.0214303124507
221.25091271	0.0202237378186
219.481363953	0.0206503158301
217.441950153	0.0211290900067
223.292483261	0.0197936993629
221.613212592	0.0201635597763
224.499467482	0.0195330413741
220.396261338	0.020452606566
219.968127586	0.0205567471668
226.086056047	0.0191599401878
225.206850593	0.0193681967507
226.055872494	0.0191832649027
226.435814578	0.0190960579434
221.388342302	0.0202076154631
219.258943089	0.020721891346
219.916684614	0.0205545947389
222.474459651	0.0199804594306
225.405432865	0.0193175769059
226.482289379	0.019099070885
228.132359206	0.018729524345
228.723405304	0.0186031796857
225.870492847	0.0192140372593
226.013344914	0.0191957151409
226.406810527	0.0191042383556
226.922562374	0.0190015606312
228.153078	0.018723764249
228.113578644	0.0187448403642
224.901395154	0.0194318611537
223.296741762	0.0197815571353
223.168869342	0.0198047571147
220.840882112	0.020327303545
216.138984678	0.021401012045
215.281559747	0.0216162040922
210.033058	0.02291775832
224.223314854	0.0195570675809
214.631967694	0.0218081939949
220.08582923	0.0205246438192
222.853095513	0.0198527233065
222.260919478	0.020020660154
226.578698764	0.0190577136394
226.437057573	0.0190907113291
212.313919644	0.0224041982164
225.511079366	0.0192990270748
215.820084839	0.0215401747648
224.103634495	0.0196132907936
225.147333707	0.0193703147327
227.718688017	0.018808467699
224.48439893	0.0194927003094
221.550677355	0.0201895362168
228.959432134	0.0185503055189
225.469918262	0.0192903135906
225.633685824	0.0192484948373
226.258822304	0.0191278160633
224.198608925	0.0195784192512
224.234249745	0.0195893648917
222.189899881	0.0200451311067
220.541596733	0.020420890199
219.671617627	0.0206230094204
218.864682036	0.0208106252032
219.351829242	0.0206874398765
221.873381322	0.0201031538453
222.790207633	0.0199020639996
224.000210778	0.0196412002811
224.020226651	0.019616610596
222.778905759	0.0199033968079
228.049294827	0.0187455101528
225.237452109	0.019337682682
222.813900501	0.0198927591503
224.777370461	0.0194503662538
225.520655865	0.0192811465092
226.229867462	0.0191257274536
223.213145637	0.0198044775622
225.907736359	0.0191992791326
221.999621034	0.0200735597792
225.962584425	0.0192007319867
223.919967936	0.0196379097321
224.910156196	0.0194127036396
224.023464456	0.0196115530633
227.213457721	0.0189153762403
223.004119814	0.0198388890564
223.081451278	0.0198326813514
222.701924606	0.0199221268308
221.800857286	0.0201049800459
224.026196854	0.0196049556551
223.177651289	0.0197989802551
224.136318738	0.0195835007612
224.6413812	0.0194735557866
224.066678715	0.01961203003
224.15550112	0.0195933691422
225.149650131	0.019366769457
223.308895161	0.0197932731782
224.384178948	0.0195493711583
226.244568073	0.0191310840585
226.87531817	0.0189759445254
226.141299992	0.0191516255652
226.263352223	0.0191208850016
224.163579058	0.019588408115
224.955426402	0.0194041333803
226.020410161	0.019178034006
226.040288725	0.0191666921147
225.410935567	0.0193176647893
227.049475316	0.0189564473338
225.864253678	0.0192008949279
226.823960883	0.0189925945695
226.890569063	0.0189839854489
225.966439547	0.0191810889162
225.568117029	0.0192888789481
226.063030121	0.0191717287167
226.506777353	0.0190666408823
224.504632331	0.0195146919313
226.771999735	0.0190310333278
225.923112996	0.0191996297162
227.718533592	0.0188058564283
226.154631787	0.019144960276
226.451646704	0.0191022851779
225.40915492	0.0193324454053
225.22778284	0.0193718911752
227.702364242	0.0188093944204
226.52895193	0.0190755604305
227.51150853	0.0188644176222
227.727186636	0.0188047096831
225.975368929	0.0191869125112
227.007156298	0.0189659998767
227.525817202	0.0188529551574
227.415878985	0.0188742607214
227.369030162	0.0188757465281
228.104767252	0.0187254167901
228.147226078	0.0187158268996
227.397785226	0.018887063463
226.755834254	0.0190368303664
226.79744223	0.0190294437895
228.869455115	0.0185673352446
227.471990265	0.0188713963776
227.471507396	0.0188838978839
227.576292669	0.0188637421921
227.134335699	0.0189589705579
228.845427339	0.0185678670644
227.969747434	0.0187509712988
227.976893837	0.018766115891
227.359111867	0.0189099020907
227.472359614	0.0188863859832
228.30247869	0.0186983240092
228.233049504	0.0187065306046
228.83008271	0.0185742781081
228.614229593	0.0186153597166
228.46506931	0.0186496292745
229.209308978	0.0184884231198
228.971132794	0.0185438026063
228.404244396	0.0186640252212
228.837460585	0.018567888154
228.558284337	0.0186284764898
228.73760721	0.0185901734374
228.719151457	0.0186110046693
228.149932688	0.0187429323076
228.140273333	0.018741070751
229.320518151	0.0184788484153
228.854750036	0.0185658795533
228.92495425	0.0185588658772
229.176945614	0.0185012341072
229.018811417	0.0185328871237
228.720797514	0.0185972534492
228.65955628	0.0186252353949
228.647633591	0.0186350561582
228.602744488	0.0186452727116
228.557593751	0.0186566870747
229.146686267	0.0185269829794
228.60952279	0.0186455918893
229.408451768	0.0184689337555
229.01784368	0.018537996491
228.720317297	0.0186133786425
229.510455164	0.0184362658161
229.050760855	0.0185328612856
229.544524307	0.0184293529533
229.547725171	0.018419210879
229.153328299	0.0184994045184
229.457492632	0.0184427467783
229.152732226	0.0185202892982
229.445326172	0.0184653145971
229.089658712	0.0185366075091
229.047782148	0.0185486054565
229.423832896	0.0184677768768
228.757723	0.018607349866
228.730976565	0.0186135638301
229.423627044	0.0184465436811
229.272108133	0.0184706835161
229.119906567	0.0185035571966
228.794865531	0.0185841866791
228.952728848	0.0185462256894
228.570384854	0.0186326164972
228.737129162	0.0186058010705
228.475143467	0.0186460513944
228.15502006	0.01872957393
228.191517225	0.0186977996105
227.613856826	0.0188348840445
227.790408926	0.0187889197828
227.739239852	0.0187894284796
227.892020888	0.0187597570079
227.728799385	0.0187948373124
228.221058718	0.0187008766162
227.872478202	0.018775232399
228.281947286	0.0186852560302
228.358886321	0.0186708144335
228.038957191	0.0187386934177
228.561861018	0.0186412380416
228.184108838	0.0187352647313
227.569791854	0.0188650676794
227.926409075	0.018787719775
227.519372835	0.01887650724
227.510452933	0.0188828786655
227.032813229	0.0189802738304
227.432260114	0.0188990970555
226.915422502	0.0190051373609
227.347302286	0.0189157675869
226.844213015	0.0190208539692
227.375237738	0.0189096094804
227.338834257	0.0189200196663
227.076268014	0.0189673536212
227.327968762	0.0189179678021
227.152681346	0.0189591461131
227.407917377	0.0188995075159
227.122029024	0.0189661266487
227.39824243	0.0189055725719
226.756478538	0.0190428241296
227.354622712	0.0189154090725
227.001105753	0.0189900226117
227.261890597	0.0189319613203
227.116764099	0.0189682185998
227.068558046	0.0189666123498
226.731838078	0.0190308920763
227.421034007	0.0188944508394
226.988342873	0.0189838242308
227.567946071	0.0188668725957
227.653358324	0.0188472820481
227.879251305	0.0188004164738
227.578067751	0.0188547811695
227.697545371	0.018831541414
227.76083719	0.0188269788601
227.827998096	0.0188079537108
227.498761237	0.0188782687901
228.060128996	0.0187555358632
227.462364005	0.0188851441877
228.020751575	0.0187714861541
227.281974995	0.0189165740443
227.728426189	0.0188224300033
227.568517465	0.0188658106192
227.908411838	0.0187940037237
227.425766864	0.0188936906545
227.863937634	0.0188032441875
227.433728968	0.0188900860733
227.871016998	0.0188032715815
227.402013519	0.0188845838333
227.900876725	0.0187920060248
227.430585021	0.0188790077174
227.942946875	0.0187825335986
227.553652899	0.0188675668999
227.996389688	0.0187757585689
227.569929083	0.0188602245113
227.947906996	0.0187873463958
227.59884841	0.0188585532619
227.951528405	0.0187775083839
227.580142637	0.0188590744677
228.061127586	0.0187611038217
227.570103261	0.0188621854308
228.08058194	0.0187572093347
227.553056529	0.0188672717129
228.119011464	0.0187440695551
227.49371442	0.0188738828633
228.176660818	0.0187356676768
227.514416702	0.0188727878215
228.165704817	0.0187355649715
227.437509099	0.0188855140868
228.073631648	0.0187512650727
227.489012439	0.0188805943474
228.138663727	0.018745156505
227.447636567	0.0188898982522
227.730678151	0.0188337113383
231.396860069	0.0180806377389
234.289665945	0.0175054376694
237.227327585	0.0169286991084
239.648901926	0.01646960505
242.175180525	0.0160081382505
244.293058768	0.0156248218844
246.416215093	0.0152625285291
248.194982123	0.0149593095797
250.095514432	0.0146473954927
251.677074446	0.0143860299031
252.841634135	0.0141997941818
254.062177074	0.0140038528572
254.961380384	0.0138626192977
255.799487915	0.0137324020701
256.490333814	0.0136262961012
257.002256883	0.0135502121253
257.697214696	0.0134428129203
258.13924506	0.0133767568718
258.664021694	0.0132994522231
259.05393584	0.0132428289565
259.43694821	0.0131870952884
259.678545965	0.0131527413026
259.795097195	0.0131338723711
259.94702299	0.0131155672866
260.099710292	0.0130895505822
260.448958007	0.0130409462107
260.29107358	0.0130655145276
260.59648164	0.0130189729858
260.4847092	0.0130321010517
260.498743868	0.0130333752706
260.214854301	0.0130761791222
260.498451147	0.0130338417986
260.017011945	0.0130980957921
259.708813355	0.0131417501587
259.585794506	0.0131665237051
259.543851625	0.0131708927951
259.50828316	0.0131616914364
259.670198396	0.0131329289126
259.429995203	0.0131710462025
259.260805739	0.0131951559813
259.130189991	0.0132122971696
258.852535563	0.013252130632
258.798637481	0.0132519943868
258.449000109	0.0133001616863
258.365001849	0.0133133318954
258.214227446	0.0133330483712
258.137230131	0.0133404493058
257.511914183	0.0134322257124
257.208594631	0.0134736744298
256.742982379	0.0135501840824
256.106952257	0.0136473659056
256.156022083	0.0136368925109
257.876526402	0.0133786842715