6	0.0	0.0	1.0	0.0
7	0.0	1.0	0.0	0.0
11	1.0	0.0	0.0	0.0
17	1.0	0.0	0.0	0.0
23	0.398980271966	0.0	0.601019728034	0.0
24	0.0	0.0	1.0	0.0
25	1.0	0.0	0.0	0.0
26	0.0	0.0	1.0	0.0
39	0.0	1.0	0.0	0.0
40	0.0	0.0806718162781	0.0	0.919328183722
41	0.0	1.0	0.0	0.0
42	0.0	0.985823116743	0.0	0.0141768832569
43	0.0	1.0	0.0	0.0
45	0.0	0.464074324335	0.0	0.535925675665
46	0.0	1.0	0.0	7.55065086733e-20
47	0.0	0.0	0.0	1.0
48	0.0	0.499391285828	0.0	0.500608714172
49	0.0	1.0	0.0	0.0
53	0.0	0.0	0.0	1.0
54	0.0	0.502228967152	0.0	0.497771032848
61	0.0	1.0	0.0	0.0
62	0.0	5.22157851482e-05	0.0	0.999947784215
63	0.0	0.0	0.0	1.0
64	0.0	0.0	0.0	1.0
65	0.0	1.0	0.0	0.0
66	0.0	1.0	0.0	4.03276611007e-123
67	0.0	0.0	0.0	1.0
68	0.0	1.0	0.0	0.0
69	0.0	1.0	0.0	7.11130407985e-125
70	0.0	0.0	0.0	1.0
72	0.0	0.0	0.0	1.0
73	0.0	0.0	0.0	1.0
74	0.0	0.703158724184	0.0	0.296841275816
76	0.0	0.454819949019	0.0	0.545180050981
79	0.0	0.0	1.0	0.0
80	0.733509459371	0.0	0.266490540629	0.0
84	0.0	0.0	1.0	0.0
86	0.0	1.0	0.0	0.0
90	0.0	1.0	0.0	0.0
91	0.0	0.0	0.372974873513	0.627025126487
92	0.0	0.0484354637694	0.0	0.951564536231
94	0.0	0.998766914866	0.00123308513408	0.0
95	0.0	0.98968403633	0.0	0.0103159636704
97	0.0	0.401560782398	0.598439217602	0.0
98	0.0	0.952784957936	0.0216240478971	0.0255909941672
99	0.0	0.0046044732958	0.995395526704	0.0
100	0.0	0.997207765515	0.00279223448509	0.0
104	8.39144423792e-07	0.716797471218	0.283188114788	1.35748496788e-05
105	0.0	0.0	1.0	0.0
107	0.0	0.0	1.0	0.0
113	1.0	0.0	0.0	0.0
114	0.0	0.0	1.0	0.0
115	0.999957592339	0.0	4.24076607806e-05	0.0
116	0.0	0.948795909657	0.0512040903426	0.0
117	0.0	1.0	0.0	0.0
118	0.0	1.0	0.0	0.0
119	0.0	0.0109788472006	0.0	0.989021152799
121	0.0	0.0	0.0	1.0
125	0.0	0.0	0.0	1.0
126	0.0	1.0	0.0	0.0
127	0.0	0.0	0.0	1.0
128	0.0	0.011798245501	0.0	0.988201754499
165	0.0	1.0	0.0	0.0
166	0.0	0.503438866257	0.0	0.496561133743
167	0.0	0.0	0.0	1.0
168	0.0	0.0	0.0	1.0
170	0.0	0.0	1.0	0.0
172	0.0	1.0	0.0	0.0
175	0.0	1.0	0.0	0.0
176	0.0	0.0	1.0	0.0
178	0.0	0.0	1.0	0.0
189	0.0	0.0	1.0	0.0
190	0.44601086514	0.0	0.55398913486	0.0
191	0.0	0.0	1.0	0.0
192	0.0	0.0	1.0	0.0
193	1.0	0.0	1.03858099728e-17	0.0
194	0.948042715426	0.0	0.0519572845738	0.0
195	1.0	0.0	0.0	0.0
196	1.0	0.0	0.0	0.0
197	0.0214297619995	0.0	0.978570238	0.0
198	0.999984261926	0.0	1.57380739777e-05	0.0
199	1.0	0.0	0.0	0.0
200	0.0	0.0	1.0	0.0
201	1.0	0.0	0.0	0.0
202	0.467799439361	0.0	0.532200560639	0.0
206	0.877377022619	0.0	0.122622977381	0.0
207	1.0	0.0	0.0	0.0
208	0.00401137711925	0.0	0.995988622881	0.0
211	2.66025949037e-107	0.0	1.0	0.0
