-70.109690574	0.534571596942
1.89882166737	0.236861133181
61.6161863841	0.120781716364
-0.93043060547	0.244360166779
22.4896451042	0.183612663691
40.5621907844	0.147242124482
-5.53609796853	0.251455673162
89.5561030377	0.0890005072808
10.0254781588	0.207028397852
-65.8255588697	0.508164621296
-36.2896191527	0.360141018563
-18.7060699572	0.297078622947
-10.6906209949	0.272718651678
106.342169055	0.0738820125012
-42.7942909838	0.389535244436
76.9055985058	0.100509825102
23.6485325031	0.184745064319
109.062309086	0.0690863204549
11.1331915126	0.212563908289
72.2229733599	0.105355789592
110.060445111	0.0686380663817
39.7941964605	0.152414532538
59.5306863879	0.121515570174
75.3547801663	0.102077668165
42.0934955588	0.147993702199
72.5601280713	0.10520545538
51.5195207883	0.13324255475
48.3852655251	0.138470157386
72.9819906044	0.104417036728
46.650126749	0.140945215113
71.7179153352	0.106275917598
53.1590784475	0.131283097445
53.7617992802	0.130887548779
54.2080126437	0.129349981351
49.73569811	0.136397440187
58.7833339576	0.122631980334
60.1335537609	0.121467412411
50.9716123639	0.134598421364
79.4992597739	0.0973438432918
48.4597414553	0.138784946242
42.2623459692	0.147780652597
63.7848119054	0.116077172792
57.0258364749	0.126255038968
55.3140339953	0.128326277928
46.0762995949	0.141960587333
52.6039363122	0.1321576282
57.0274177466	0.125694678061
47.9311351718	0.139247366155
46.936684471	0.140284116172
58.156994253	0.124207271212
43.571353954	0.14608876209
43.2231435035	0.146245291333
76.9382896128	0.100552406901
45.8286267606	0.143086573223
37.1324713339	0.156819517207
66.4485804396	0.113407366127
54.5540446762	0.129903052823
62.3369792611	0.118749282475
49.308064633	0.137757611725
53.2434346162	0.131694792172
40.3801468481	0.15211725341
48.3024606362	0.13895880385
92.5477780547	0.0836784635996
60.8660016237	0.120826211022
31.0844188609	0.169401049139
44.5425493069	0.146139783873
62.1096194332	0.119710788447
47.6285897981	0.141051359122
62.5417159567	0.118805321576
105.999675132	0.072413927878
90.5879751883	0.086096639459
16.6955890493	0.199344217701
33.0056896955	0.166264459564
72.6378227567	0.10550551585
82.4526594443	0.0943521787933
109.694902672	0.0685142306012
17.8244051181	0.196859690021
69.1067878349	0.110783617819
112.160974132	0.0666360622382
5.7224545864	0.226005552364
32.2097990535	0.167978499985
70.3144762171	0.10941757043
59.0721491977	0.123911484428
18.9946041397	0.194001166114
53.8536531847	0.131548674112
114.050156918	0.0655139044603
14.9124391604	0.203712235444
40.0449552813	0.153657378564
51.7430446942	0.134824855237
81.8925843988	0.095711341378
25.7055185027	0.180752753177
34.6537299631	0.163487098873
46.5410162319	0.14315120902
100.487359249	0.0776553525319
20.1044129736	0.192404697902
16.0122220973	0.201661179427
49.0909752921	0.13857644644
46.6351261774	0.142902459465
39.2350996808	0.154636907759
26.7446117751	0.178530772976
52.7523881523	0.132977967304
40.6099982655	0.152643972725
46.5392010477	0.142188320425
18.3269374865	0.196145030762
26.7189610622	0.178335405714
29.3258320658	0.173294523933
35.1770648834	0.162333030536
37.1797569212	0.158663176405
52.9376585441	0.132437804724
17.1125411052	0.199201388967
32.3069971803	0.167661777749
30.2465225114	0.1719805003
99.6251871953	0.0772474909054
28.8798999873	0.174065620001
6.36408040178	0.225256009711
97.5229658616	0.0789254407459
34.7488764571	0.163087996996
31.7507703608	0.168607823198
24.7446257727	0.182673278576
25.9091061778	0.180329447735
25.2502402951	0.181970653892
90.8568652973	0.0856695350868
26.52877267	0.178977164742
8.29338017989	0.22041506953
66.5257164522	0.113976995832
47.3044124051	0.141538578278
20.2534765264	0.192117829297
19.7523508694	0.193574636976
56.0345270614	0.128223569939
17.9537422339	0.197717025048
85.466570135	0.0912754603539
38.171520571	0.157103986688
0.951135574764	0.23965436817
58.1295107784	0.125421180033
47.3755887795	0.141836867848
63.5733841733	0.117574844918
80.443811398	0.0967057977011
-2.65435455389	0.249564826036
42.2659426434	0.150123526879
31.469248617	0.169979836291
115.245341197	0.0644090945906
64.0936203068	0.11713657202
13.4665136877	0.207996671723
58.5185405769	0.125022812695
31.2121312135	0.170362519218
28.1794954943	0.176234958341
51.317470521	0.135721934203
19.9963092579	0.193391613138
30.471077051	0.171836632859
71.3812100051	0.108607814129
72.1259179757	0.107591814471
99.5143183031	0.0784770229639
111.066849223	0.069028177073
42.2897966819	0.150516578739
6.24829902961	0.226091788405
62.3093233331	0.120542420862
-13.3156859142	0.282321629796
58.5398084157	0.125048134921
45.9902814697	0.14298363391
3.60983198019	0.228175068001
47.2400946081	0.136775490917
58.2900270939	0.122907171673
24.6257644039	0.178455930731
12.0201024369	0.211029513501
82.2496263741	0.0966764862701
80.9682221121	0.0955753515809
41.7570672988	0.145256959546
69.3180837698	0.110502936055
-18.5944446217	0.299570929452
73.1557342808	0.106920380072
67.9547372576	0.112988806428
47.6365967588	0.140449001881
4.39773958833	0.229535607609
80.1682172331	0.0986256973634
56.854033597	0.127840501861
4.33006102129	0.230281415965
-4.10957288121	0.253251137214
3.14752695037	0.228289355736
34.5227777158	0.161015185517
3.74689146565	0.228934309959
36.9095476566	0.154070669357
74.6907392213	0.103092245124
122.373775901	0.0614974801646
33.6747477429	0.165052637655
12.5967670975	0.204867827253
15.398987228	0.198961386421
36.8192310646	0.159860857127
-4.87660453276	0.256624027404
-19.250844318	0.300924845817
51.3638614821	0.133979362804
31.2969770276	0.165048877566
26.2245641133	0.177071327655
54.0202522168	0.132079979174
107.219462872	0.0710016291275
28.1385990065	0.176151967105
39.6418291445	0.154514200314
-16.0049767654	0.281926751919
102.747074806	0.0769213909686
7.6998084181	0.222394933171
87.1831845886	0.0915054922173
34.6422134426	0.163619191937
53.7112208814	0.130798691549
39.5332573886	0.150388593205
48.9983763907	0.135831628876
25.3610892183	0.17681571464
66.7363672996	0.111975009648
21.34076984	0.187733478222
68.8994731693	0.11119347938
104.567655791	0.0753633296713
63.867712482	0.115350255534
21.9600665034	0.18367281689
43.2018828247	0.147880092736
160.074904581	0.0402140106641
38.872454327	0.155589398611
79.0796565011	0.097255113957
60.9671664614	0.120396109628
15.4546691133	0.201599346221
144.890578911	0.0475597208971
95.7733520274	0.0831301501075
38.1545055552	0.153329696691
41.4610491629	0.145993674319
40.2113688527	0.154223037927
144.454363947	0.0474669335248
39.5827442186	0.153117768666
49.0965307991	0.136524919352
57.5464688421	0.123628883168
103.19196356	0.0739325978494
147.856330149	0.0454115555929
55.7898272414	0.129664865654
63.7453663959	0.118473399883
6.88118882703	0.224469014363
44.4284344693	0.146784394128
17.0898324841	0.194688962157
18.3558662229	0.195190046421
117.815029699	0.0649349226275
58.9158679927	0.122274049964
36.245995538	0.160034303861
32.6225309083	0.162833741405
56.5031763262	0.12849881947
97.6229770654	0.0814601931859
16.829492892	0.200200342387
92.3551635233	0.0863822301197
36.7314500028	0.153905299778
34.7570314626	0.157072531434
21.7970621592	0.183878135938
18.0477547302	0.19193474584
39.7232462717	0.154109511819
87.104913993	0.0911918593583
109.197479875	0.0715554736525
42.3625024134	0.149893025241
-1.52016403717	0.242011018166
46.7971435319	0.143318546838
67.8906441562	0.113360061095
10.7567867878	0.213026794858
119.327760448	0.0638194511094
55.8539428038	0.129403705261
29.6408480709	0.172059965327
-11.5236948288	0.270847690422
87.494508812	0.0888304983671
37.1154936512	0.153427681686
12.6778177286	0.207203226961
79.4785417818	0.0996592303317
83.5242618107	0.0952697805224
78.0711888583	0.101241941593
32.3685009093	0.163850168793
37.32352721	0.154900527253
36.5866579499	0.15801054215
44.7687891218	0.140652025658
62.0111198992	0.12094563836
17.1858762555	0.199872630432
39.9192866043	0.154071085723
39.4281630791	0.149475859976
40.1133637277	0.153202167799
31.4703837952	0.164668362962
36.246108954	0.158988552901
116.468013542	0.0638221858739
90.0736146953	0.0868948781097
24.448074536	0.183834633371
21.2721729746	0.185455786918
25.0964420442	0.18122520883
1.54719586707	0.236444544622
76.8271169491	0.101116957262
163.643766462	0.0384019848549
65.1649717668	0.116282528352
40.4535204829	0.153750357389
46.2376240835	0.143248349311
23.9045491914	0.185162439892
34.3344384562	0.163476021723
63.507842497	0.118297053991
89.2146338364	0.0870729278243
38.1900357546	0.153914435222
12.7821647919	0.206390495558
5.82310662638	0.226845549077
54.0730425453	0.131582567592
16.4749078653	0.201448354402
32.3343778063	0.166995730547
36.8979131457	0.156481749351
114.941215095	0.066396907239
29.4333680325	0.174041955323
56.6741299897	0.128150597705
122.395173103	0.060154416238
84.925622373	0.0938411421317
112.07868607	0.0690501601055
39.0485474219	0.155287033603
31.7834510778	0.168375565191
31.9981774639	0.164395054335
61.3660466814	0.119712173965
96.2312669631	0.0827473620953
22.1065227135	0.189104034407
33.8091117671	0.165648366062
158.614022111	0.040495669303
36.9604178717	0.159046164822
63.5261576871	0.118824011092
27.2686866262	0.173146056913
31.0740205819	0.166713284752
53.5210505655	0.128552387596
91.9017211325	0.0868409494595
69.1043786282	0.11172472696
34.6589903421	0.164035435643
33.0925186773	0.161075944878
47.631869861	0.141539039428
97.9374886223	0.0787355347144
46.384406355	0.139946257645
29.8095449178	0.16987756134
88.4572186407	0.0876967222112
35.7776421342	0.159351172798
90.4072606233	0.0860443758947
123.393328694	0.0588437868444
71.3136148581	0.106844986208
106.891656079	0.0734336714673
34.0215276749	0.164795825258
-5.34877623427	0.256544802899
53.5518513735	0.128543650128
134.277208265	0.0536317999388
34.5694553963	0.163091822975
39.9299154995	0.153424957089
36.1928706387	0.156966590429
57.5699575252	0.123434708449
48.7473166504	0.139268821972
85.7998254647	0.0929324718555
36.1567134136	0.158343176659
146.953816275	0.0464832504111
104.280505967	0.0740831877401
61.0119751904	0.119823308644
13.1975220823	0.203773235375
67.2491936522	0.114164104745
55.8975440422	0.129341769805
81.1185945945	0.0950375464673
77.9381513108	0.101363802897
104.680326451	0.0752432546099
94.4345253247	0.0844080192156
55.2122501316	0.130267446153
64.230399373	0.117798307974
61.4418292673	0.118811243809
145.033494489	0.0474026860426
13.1515513268	0.207218155936
85.2367151506	0.090951062973
72.2069227676	0.108068521693
129.556677118	0.0560822680947
20.9226211249	0.186223029492
153.366027158	0.0432892301128
106.798118181	0.0735048953566
68.685190754	0.112252324471
76.5837490431	0.0998559379884
70.3365031266	0.107155060317
32.8279615502	0.163161033977
23.7735323086	0.184145435691
178.667687203	0.0325409304092
102.599796075	0.0770647652984
39.3122896744	0.154984269113
63.4437109978	0.117646952862
100.666815878	0.0783777571163
44.5106203068	0.146932551854
88.7063779426	0.0892348708669
57.1056757702	0.125211104648
48.5178822822	0.135268753042
32.4565322253	0.166267581486
80.0412860764	0.0985708290889
110.482601059	0.0687166269852
128.07518958	0.0577320222038
104.105299295	0.075348123165
87.8548134783	0.0905571883582
100.345398332	0.0772522498957
85.7392747235	0.0929578580011
63.6105025596	0.118808120326
75.4398370416	0.10422511397
127.629769845	0.0579970152484
44.9421486762	0.145768641045
87.1175869695	0.0915532042157
157.060581728	0.0415250691544
115.107755291	0.0668546738054
49.2529632351	0.138965713297
111.197237669	0.0699641514264
156.601130545	0.041816578656
134.750889726	0.0535680236088
122.229963339	0.0617370894737
97.3260904119	0.0817266736466
30.7571973127	0.169397545444
177.446679323	0.0331716056944
31.6511442465	0.165036825119
60.7267101382	0.119739377517
97.6125097273	0.0789486708572
37.4569766752	0.155509324774
74.0081665855	0.1046193251
43.9699354902	0.142008448097
72.3658035355	0.104821719129
84.3174361877	0.0922725142273
66.3540886332	0.115144244343
120.227419466	0.0631393669489
71.9699493144	0.10612955042
86.4956492006	0.0896808172273
72.3806931596	0.1047401268
35.0659560088	0.157898779656
82.7096497191	0.0945818210807
66.0959187428	0.115633274021
80.4188543994	0.0962119936804
30.7259504357	0.168622186682
60.5628943215	0.120666274728
98.8651065021	0.0780452390428
126.328090683	0.058786514085
90.2911084412	0.0871091308482
160.38872763	0.0400805126635
140.649547984	0.0490504727514
32.630074518	0.167754254651
134.877641509	0.0524732496682
92.850321587	0.0836183520023
100.822320951	0.0785411588734
75.0476397171	0.102306067553
51.5961737712	0.134422003784
63.2473886923	0.115900501415
38.2823000999	0.151851061402
57.1736909636	0.124078547412
140.079887513	0.0502090347822
58.6042820712	0.125089145919
78.7037129926	0.1005427313
76.8388933944	0.100360267692
96.3402489788	0.0807866938462
166.611167565	0.037415989176
72.4594898135	0.105182163888
125.825566781	0.0580920305313
73.4246232268	0.103516189459
50.1545278893	0.132767432169
80.6579748484	0.0972048219613
83.245541676	0.0955549286369
93.9400304404	0.0848654868139
63.9680923863	0.115679949994
115.007096161	0.0649127710225
82.8702845991	0.0950055553422
76.5664358124	0.100966779015
112.69153963	0.0664322301063
179.472096196	0.0323428070047
109.020447943	0.0692449079106
189.332803121	0.0288978373021
97.8607533776	0.0786572017078
135.63706206	0.0529097712696
98.4727412087	0.0781467693238
171.295273452	0.035154511355
126.654029147	0.0587330053698
112.084809215	0.0691655804121
85.6602914346	0.0930465865685
71.2424253241	0.10911454802
97.7639090903	0.0788133043003
192.233443895	0.0280720826497
168.2417304	0.0365980532435
177.574704616	0.0326863624297
172.712236527	0.0349566692308
94.9795455642	0.0826911013715
75.2416121055	0.104392991141
94.2783368813	0.0844244740215
85.3244901676	0.0934241736036
102.514414787	0.0752254224113
126.129425064	0.0590968217474
103.114583316	0.0741577375116
118.893208642	0.0641458791241
75.4507424839	0.101252694841
122.616162994	0.0594581818069
79.9220944634	0.0960928093795
113.234859744	0.066888083075
67.4254247296	0.111583921064
165.159158323	0.0377632830315
77.5732968153	0.098607505151
95.5389880743	0.0808389622238
77.8670964207	0.0982779010387
73.0561896564	0.103970201557
64.1368737641	0.115141344332
118.11399766	0.0624426697183
73.6361668702	0.103375141835
135.823610023	0.051707621899
83.2533385993	0.0923871962991
87.2032353886	0.089004806161
82.3413278115	0.0934742289912
114.128722473	0.0665549523886
83.2428696635	0.0926264564826
67.4266120251	0.111186235827
63.6099117891	0.115650824004
74.4704098492	0.102592808826
64.6560611976	0.113916703404
58.0778445141	0.122072703637
115.596291128	0.0650720521193
94.1364923076	0.0821288016773
68.9175754108	0.109302672427
69.7370308722	0.108156676866
89.4327815809	0.0887639921909
99.5794398083	0.0774042804973
92.1427612059	0.0866087925084
155.737861479	0.0422082024527
127.308179646	0.0582960632942
95.7593594362	0.083160918073
95.2801657659	0.0810702249283
97.0728650275	0.0794157314825
136.100611701	0.0527197420274
136.825102278	0.0517920272458
83.176583009	0.0956814420718
121.990127263	0.0598792994406
100.721113016	0.0786915152828
97.9110746979	0.0786976810383
100.878499172	0.0784911195104
109.596483503	0.0689121573301
91.2869639253	0.0874363303691
98.5148540368	0.0783624798195
93.3129470918	0.0854753431559
116.323899466	0.0637698605539
88.2247266999	0.0904373199589
105.57087477	0.0719440205044
93.9439004982	0.0848757641961
108.256905572	0.0698186656978
87.7256146885	0.0909526574138
140.937469944	0.0487942350792
161.576907502	0.0389445920638
117.289378704	0.0652208804592
121.354528197	0.0603609148327
107.66458495	0.0727994833353
120.743635845	0.0609506499204
83.6811209703	0.0951400605168
97.8981095625	0.0812183456138
137.449552522	0.051527422258
96.0098733153	0.0829350986184
152.935858661	0.0431080975689
118.911959557	0.0641270045593
104.314972826	0.073151732712
102.120314638	0.0774718045545
94.2308757958	0.0821053657942
104.165064624	0.0757284964689
124.900383305	0.0585757603869
79.0383843577	0.100176637115
101.154830241	0.0758340601577
106.861184777	0.0733721228078
90.891314858	0.0849382950466
89.361880744	0.0868260364717
152.768605898	0.0436492670543
166.87974342	0.0367692146377
101.783602935	0.075216807757
78.5736737141	0.100379445036
107.413346004	0.0705081346585
141.302892118	0.0496939341649
170.058984297	0.0358378579691
113.886368515	0.0677640514609
85.7048491008	0.0917855882574
145.442795622	0.0474267608089
129.252080213	0.0568731201631
89.2536481184	0.088600683835
101.170266996	0.0783054791081
160.636781518	0.0397611308149
156.971426088	0.0409962488214
131.812072411	0.0553344391068
100.537333081	0.0782050932733
88.6784185645	0.0899902119625
126.496240433	0.0586840493974
112.354116203	0.0687043717987
111.972595506	0.0690994452726
204.655912721	0.0243224303765
104.263148651	0.0755715159551
115.123488693	0.0659327683078
101.45559044	0.0780352247
85.2113949993	0.0935181632455
89.9825975952	0.0856908825209
77.6367803424	0.0985049257084
66.3288996628	0.111793163672
81.9684601274	0.0968943853429
128.780574209	0.0572785168023
104.730433074	0.0752401134796
129.241495382	0.0562437646866
217.019845311	0.0212038238519
122.775758532	0.0601827864501
150.342839668	0.0441851075226
150.600883649	0.0442925716874
143.164141413	0.0480575308844
145.882123338	0.0466083486987
173.145321822	0.0343449876284
117.821080679	0.0648759998162
169.36717707	0.0363027269017
92.1290198828	0.0865960280047
83.751327733	0.0950467737646
85.0914752127	0.0904411679063
73.8861027507	0.102878069314
73.2988389368	0.103501668711
102.727472303	0.074734278267
145.079933454	0.0475903764833
131.003334347	0.0548593676581
171.333791506	0.0350930899835
88.1271422479	0.08754206936
87.9348267845	0.0885982369952
103.442532699	0.0762724787747
94.4088065502	0.0828447754694
102.769850578	0.0768564921222
126.502226316	0.0578150803455
117.148665152	0.0641405991202
119.479303753	0.061659149802
113.982600668	0.0669497891027
108.961338353	0.0695147341145
85.1392052284	0.0906512528671
137.1499292	0.0521380230261
204.025402143	0.0245841145433
72.3675326156	0.107837173366
154.084024795	0.042499907191
189.820653765	0.0288887671651
212.332396928	0.022364915876
116.330704467	0.0657752033572
165.31051983	0.0379845744087
90.1798754553	0.0885135993667
122.601313373	0.0614034543602
134.627084604	0.0536510134335
129.974936769	0.0564373798836
99.5485593175	0.0773477042574
205.20462705	0.0242867066312
94.5049629843	0.0817085886507
103.201652749	0.0765390117381
230.551889697	0.0182275584032
87.1526148159	0.0915499771534
156.218089771	0.0419150970507
101.017313067	0.0784299870766
116.532145296	0.0657902966806
205.90474494	0.0239506464226
180.49861365	0.0320506519947
127.592481971	0.0580104991603
136.129144087	0.0516190330241
200.238401273	0.0257046196219
132.375447557	0.0549337165822
195.304677832	0.027107004949
95.0333986081	0.0812820888769
180.059362235	0.0319867973717
131.117579896	0.0549405591717
88.1730907107	0.0905043598289
138.437784239	0.0503863009084
112.077957452	0.069155186445
142.101510776	0.0491445528435
227.447568874	0.0188213191287
146.061128749	0.0470804988267
97.3514133625	0.0816833121689
104.682252213	0.0736013763657
184.995271651	0.0304547144592
187.617345681	0.0296262669056
164.629624024	0.0382630532366
132.161157995	0.0550705851804
131.282444597	0.0556275066086
222.795088128	0.0198976734941
143.477654039	0.0477724474275
138.683616451	0.051173337372
124.835882307	0.0598132281346
202.938477555	0.0248824308243
140.954182227	0.048940414534
120.783830195	0.0627774667958
121.461518367	0.0621917592577
133.833333622	0.0541161587123
174.712749691	0.0341924791403
90.3369059805	0.0854494885302
101.571200945	0.0754547633836
142.361481469	0.0481601014724
101.571353411	0.0779373716678
118.061186525	0.0647414178211
151.69114791	0.0441876675077
166.474058661	0.0371306255769
193.185761944	0.0277031107057
163.436999016	0.0387578698537
186.700590194	0.0298296431481
215.373103867	0.0216094696808
174.078972502	0.0344140343462
166.147588638	0.0375110760622
111.64973048	0.0696043204518
138.912654514	0.050147794451
115.151481722	0.0668445847257
216.16022741	0.0214597992204
157.697249435	0.0411670851423
181.235743059	0.031750369739
169.5054077	0.0362411478236
167.559631876	0.0365364702594
120.830917395	0.0627558139931
112.036857324	0.0693010358119
219.673917328	0.0206065357424
128.84043713	0.0573093505087
164.753893696	0.0381840410559
165.186299363	0.0379884951451
153.794924533	0.0431032083984
135.882532603	0.0529135871353
172.40538861	0.0350824971844
149.107419595	0.0455646671469
205.794042571	0.0241330918982
110.509505826	0.0704579634521
221.064555216	0.0201946941455
137.671489309	0.0518594872377
165.819900881	0.0377690442018
144.891143056	0.0473482870216
186.79800817	0.0295957700889
213.566970592	0.0220149339052
162.746236924	0.0390180560244
171.676095804	0.0353706780521
200.122336998	0.0256574511223
127.098569552	0.0583103673477
197.171455266	0.0264861164835
121.414207355	0.0623194932336
186.406834428	0.0300094582412
225.926892724	0.0191936662974
173.624917307	0.0345691404909
163.508979333	0.0387484117831
173.499439629	0.0346470218693
199.353843769	0.0259199967308
224.003480402	0.0195503778706
176.173941008	0.0335646513832
186.764876597	0.0297762673957
163.316986418	0.0388518285194
167.332208316	0.0371095982198
210.859079584	0.0227453912165
205.7940118	0.0240621900823
199.987628613	0.0256986981779
155.646234647	0.0422147426066
181.48394857	0.0316677221097
174.435948696	0.0342985179494
219.711304686	0.0205662388303
187.473732215	0.0295959771152
168.287416018	0.0367518357573
172.18598877	0.0351430243838
194.353890422	0.0274404782849
164.549207574	0.0383115775684
185.709471179	0.0302409749041
172.12009084	0.0351696233247
147.016199755	0.0466446710622
166.096841792	0.0376345516058
197.464927	0.0264010284065
224.704935757	0.0194313625827
232.679468365	0.017803846878
174.694920107	0.034152183661
177.744594782	0.0330221247462
186.258357733	0.0300054604421
207.504370318	0.0235745380604
174.619272026	0.0342241984854
214.146266846	0.0218980436742
176.058439155	0.0336606799727
207.743174184	0.0235810377269
156.934768101	0.0417150020997
160.787933182	0.0398447694357
144.136257608	0.0481842568266
213.39124884	0.022093854263
164.442599122	0.0383638901176
164.929077019	0.0380870948205
163.286313626	0.0388257946059
200.718741996	0.0255040939602
166.257260754	0.0375551396662
218.283203154	0.0209048663461
168.832708514	0.0365067249699
213.010679608	0.022200139461
178.991385705	0.0325994882379
175.737134061	0.0335531751637
220.603163411	0.0204092504413
196.959856442	0.0265874110761
174.892770811	0.0340637817514
139.323073097	0.0508996868484
210.673653949	0.0227979314617
174.529935851	0.034227405795
179.084949159	0.0325633366526
191.28064065	0.0283724642006
183.868262837	0.0308148869134
223.793030167	0.0196138318821
159.552526916	0.0405254699518
195.157396836	0.0271801409983
132.345267781	0.0550484405561
127.181593177	0.0583876905529
197.097142848	0.0265296106313
179.892659019	0.0322583794496
195.642747659	0.0269812140057
166.257598161	0.0373299230736
224.970727337	0.0193189985384
169.825435762	0.0360440641153
189.537570375	0.0289047264948
187.773737963	0.0295476123785
161.952712016	0.0394428036588
147.014292302	0.0466722777832
162.950201408	0.03902240511
156.968369818	0.0417019801784
153.119144471	0.0434851118935
140.244925813	0.0503718494213
132.983816895	0.0546640179918
207.997772978	0.0235414001415
222.144183811	0.0200143080986
185.482022975	0.0301104231226
193.253796804	0.0277243144047
171.141937022	0.0351473373147
209.175491821	0.0231694395851
205.339478429	0.0241875017992
155.964564839	0.0419217752362
180.341701859	0.0319719139672
187.552258763	0.0295124770515
172.982416642	0.0346482683923
178.636404169	0.0325110165433
199.604709038	0.0258083740452
186.444937834	0.0298423277808
217.536004355	0.021101901804
180.988362803	0.0317076907959
227.946687223	0.0187584236343
173.71100465	0.0343097613906
197.167972383	0.0265660136598
164.891642048	0.0378049673246
190.219640759	0.02872355722
172.08230689	0.0349798346532
191.004425293	0.0284675712378
183.777812863	0.030776092109
190.237482534	0.0287142486183
191.165373087	0.0283662847171
204.248761446	0.024518149775
206.000264301	0.0240487787748
223.182866177	0.019768978445
177.539523085	0.0330369667094
224.099100034	0.019603124989
187.133469354	0.0297192530363
193.228450709	0.0277833803695
180.332535873	0.0320430431198
205.376098974	0.0242183752169
205.712987762	0.0241060042376
192.066269395	0.0281510981513
217.995382682	0.0210021840056
211.405949804	0.0226082207481
205.376183253	0.0242094890467
213.425791375	0.0220716281568
228.19593527	0.0187037576648
231.799572834	0.0179175981043
212.228941153	0.0224040951903
231.749114477	0.0179230869289
189.470739673	0.0289763692233
223.369279068	0.0197237811353
185.685251831	0.0302352763758
195.616394352	0.0270127492516
201.028270762	0.0254367574031
201.487855019	0.0252768134709
184.447782443	0.0306530017595
206.120185545	0.0239724719849
232.609266868	0.0177817871545
211.59552983	0.0225227717288
204.495613959	0.0244667910266
188.211200602	0.0294030862127
159.938404776	0.0403557176084
178.064107205	0.0328972990448
209.852786986	0.0230115462218
189.972070999	0.0288202092687
221.997271576	0.0200071404516
199.139736505	0.025988343646
183.41017946	0.0310061464984
195.472724371	0.0270423298802
187.401294331	0.0296362969745
199.887980256	0.025763751637
180.999031646	0.0317365521333
188.061429962	0.0294024218704
210.7697113	0.0227446668627
184.598537668	0.030569214964
189.943465248	0.0287893548098
178.523203839	0.0327247189791
168.982339578	0.0360434247128
220.355605482	0.0204494692976
146.625534004	0.0460543783123
179.846036038	0.0320393590091
176.123766061	0.0334495942385
202.222807392	0.0250386795359
191.567459175	0.0281680560668
193.553669806	0.0276813624198
196.720171193	0.0266028931806
198.500383592	0.0261779281426
192.200068548	0.0279570549447
228.069778698	0.018719253518
158.205502146	0.0406426437229
232.221142181	0.0178807836585
180.959283599	0.0317149119871
174.429455558	0.0342749680703
182.166581391	0.0314300853538
174.86626763	0.0341209204561
154.904673161	0.0421277986278
187.450920569	0.0294950781496
204.023934751	0.0245941243258
194.584269206	0.0273627301912
190.511377892	0.0285295522213
181.13267081	0.0317627687954
206.250749754	0.0239752549233
197.309533517	0.026479823934
183.883184967	0.0307166147915
169.74786858	0.0361272521217
200.751148772	0.0254958945154
168.241395778	0.0367093286562
205.430442611	0.0241110586741
228.674819039	0.0186069367811
209.816935158	0.0230177866988
184.346647601	0.0305729733652
191.230654474	0.0283197897329
178.015831838	0.0327377635651
221.266355098	0.0202374212231
231.620996554	0.0180067208593
172.368837013	0.0350994622265
217.855055995	0.0209901430606
154.640633059	0.0428158030279
182.601841503	0.0311904570321
206.437063322	0.0238582886416
204.695155891	0.0243988065015
234.629600781	0.0173571367344
198.624015844	0.026132555016
198.109823659	0.0262812206716
208.078491209	0.0234818623184
181.13856755	0.03181246322
224.139790133	0.0195638963512
176.163249378	0.0336233700622
197.090027801	0.0265894189553
227.465726752	0.0188598463151
216.425276423	0.0213520460715
229.144910761	0.0184938783799
206.030326584	0.0240423099591
234.108390588	0.0174750141202
191.043134136	0.0284459087011
225.291981531	0.0192899040959
192.431173009	0.0280064587495
225.383733239	0.0192511937018
212.525787756	0.0223167101366
205.864271423	0.0240753193828
207.194664662	0.0237249469715
194.599786248	0.0273301706587
241.282186284	0.0161405277326
201.295201261	0.0253299563849
207.36913905	0.0236627079903
228.403996422	0.0186119454069
188.985263398	0.0290983990631
186.712817003	0.0298698972765
205.798744594	0.0240910853221
196.507642499	0.0267626029531
201.318337347	0.0253245603012
208.395408251	0.0233802845563
228.231864287	0.018687654466
201.781853458	0.0252113365035
201.213513674	0.0253727315979
202.311651536	0.0250408850815
204.502903822	0.024430363274
204.285188909	0.0244613326128
220.588637274	0.0203068953643
179.039539717	0.0325483741788
195.783138775	0.0269637714034
208.857487098	0.0232727247413
204.825254128	0.0243607171899
216.811769174	0.0212533719781
214.808644746	0.0217438741775
221.075649373	0.0202273886942
178.797135306	0.0324470595064
184.815347277	0.0303462616633
234.32939357	0.0174159579569
206.417381566	0.0239311003887
212.078994388	0.0224370899479
203.922145046	0.0246200593835
233.057513575	0.0176914255971
213.712613228	0.022039542313
232.092511359	0.0178883413284
227.620140177	0.0188229665818
208.448744713	0.0233861212958
195.516384995	0.0270342956498
178.166850681	0.0328578582046
202.506955667	0.0249522263021
178.921236575	0.0325782014222
204.958162994	0.0243019425539
182.689983526	0.0312221975468
193.270832577	0.0277050268006
185.553922868	0.0302712966227
188.938939845	0.029054192364
207.862288655	0.0235361242368
209.060349421	0.0231462954205
194.45287828	0.0273457291004
217.324966959	0.0211157004972
169.470426276	0.0360963305138
197.447215205	0.0264358157237
202.952497783	0.024844959392
226.669275035	0.0190057791029
238.462510158	0.0166456377026
223.421122129	0.0197276988491
213.803825598	0.0219893473619
219.713000755	0.0205649283009
224.339580783	0.0195183972397
221.196504056	0.0202295976476
228.892930627	0.018542116115
229.595343654	0.0183932772298
231.777762445	0.0179501091636
233.540823253	0.017629193006
216.254963952	0.0213730796968
232.88210265	0.0177401990594
213.896283115	0.0219630304067
212.958574716	0.0222224815624
193.791461529	0.0275475652252
228.400263322	0.0186501810778
227.448004925	0.0188716964503
225.442018536	0.0192780194993
201.066149438	0.0253906813177
220.635818544	0.0203716539186
234.577082299	0.0173652056822
237.343042292	0.0168402169786
211.82207542	0.0225001359688
226.014405688	0.0191686317826
212.832931413	0.0222443655069
225.50113124	0.0192860466194
224.258292965	0.0195437412007
231.494049817	0.0179868847236
205.715602263	0.0240934518872
202.623681717	0.0249712823204
226.193533693	0.0191368664406
200.440016916	0.0255958408287
224.466300892	0.0194668273976
231.202203568	0.0180737914111
218.329240676	0.020904927063
212.579443109	0.0223279145566
199.644000262	0.0258247442896
215.05018797	0.021691307075
195.013290994	0.0272132723373
233.209320811	0.0176501281197
204.975779028	0.0243085006933
218.045817895	0.0209666815406
214.63625054	0.0217936627529
234.647254688	0.0174050534887
210.722267571	0.022782682431
231.92801655	0.0179192341925
223.886279286	0.0196352785391
223.177758493	0.0197757846565
231.797416191	0.0179406264532
222.548906151	0.0199173402661
224.083914677	0.0195872955231
240.182937833	0.0163489015398
229.946159159	0.0183168647301
239.824541405	0.0163800063577
230.954640923	0.0181106647854
227.917051999	0.0187535787656
241.180632883	0.016139767053
220.494517622	0.0203838721856
223.444144827	0.0197241107228
235.151848266	0.0172599463447
230.734108208	0.0181606582648
221.275627408	0.0201952467574
239.843974635	0.0163927106122
226.601873173	0.0190163473675
225.444492629	0.019283098709
226.568682763	0.019043773802
228.611809522	0.0186044696006
219.339651622	0.0206647720328
225.260516865	0.0193204241041
221.667424704	0.0201054809514
217.942662399	0.0209990997717
226.794194098	0.0189519788067
218.497292165	0.020861570825
224.347771832	0.0194941117538
229.759678187	0.0183623912903
221.237611524	0.0202021882718
230.858521984	0.0181534186328
231.681482844	0.0179472613226
224.016617602	0.0196020915983
230.408703014	0.0182139019104
226.3599485	0.0190661308614
192.57688962	0.0279562349633
233.211274807	0.0176645240826
210.055193657	0.0229590299741
229.8307132	0.0183529497247
229.092185312	0.0185189464193
220.317862274	0.0204275836955
231.97242852	0.0178949986657
205.60730891	0.024154332642
226.543677797	0.0190355950326
222.440214969	0.0199612059084
223.993021638	0.0195976149247
217.919399156	0.0210128959447
241.83265413	0.0160250377091
218.265347876	0.0209196509251
237.011877449	0.0169171543477
204.162905352	0.0245436194364
203.50679218	0.0245903608161
184.127977292	0.0305595916035
189.841395224	0.0286715386117
227.350214005	0.0188573344557
230.451510861	0.01824407445
221.676910577	0.0201265335763
237.24862222	0.016871459583
211.159687706	0.0226798011366
239.25643167	0.0165106377856
216.676099054	0.0213014199826
207.491811457	0.0235383631381
228.327502221	0.0186694140078
192.839420818	0.0277826209957
218.428872973	0.0208665328961
231.77051635	0.0179259840083
221.351086322	0.0201213026755
235.960208611	0.0171042403829
235.897333203	0.017113959946
228.844049234	0.0185760676386
230.859198194	0.0181380408992
225.480318714	0.0192761326133
232.471750869	0.0178012874844
229.259753387	0.0184697421309
230.33678676	0.0182215719071
234.415007353	0.0174195729043
232.191209727	0.0178477290338
241.309420375	0.0161372178936
228.983318223	0.0184670288715
234.330752687	0.0174287222542
236.622014462	0.0169933626467
230.742856606	0.0181727598102
239.198844038	0.0164908855699
236.735964177	0.0169792964257
245.334984979	0.0154173276953
228.578418255	0.0186281312345
242.778807366	0.0158819206613
239.778273084	0.0164115291921
240.084585125	0.0163447757445
233.845514276	0.0175217358557
233.830674243	0.0175508421575
243.017556538	0.0158052801521
237.38866373	0.0168579796467
246.543612517	0.0152074449727
246.751799633	0.0151900819684
248.281849236	0.0149244044608
238.917057635	0.016583623208
246.890175616	0.0151609742798
231.013694246	0.0181240052277
240.351688448	0.016299882017
227.702789948	0.018813842922
234.434933311	0.0174103181321
240.152636159	0.0163492660922
241.583466663	0.016067423948
236.394895252	0.0170644593576
243.733290788	0.0156919683327
244.684937804	0.0155089046623
238.826167093	0.0165644648234
245.923097661	0.015299605988
243.684134504	0.0156905150018
239.470441349	0.0164557819297
238.185637014	0.0166912414165
236.801718857	0.0169737162749
244.5328705	0.0155527229599
241.452154441	0.0161266506436
241.273339476	0.0161342077947
243.09130266	0.0158097405162
247.192613675	0.0151055961659
243.866484642	0.0156591758263
238.271007982	0.0166852639933
243.035367391	0.015795709826
242.175052962	0.0159592031998
248.349752305	0.0148853954338
246.431515326	0.0152163602366
240.663000996	0.0162319175321
243.137726292	0.0158026423774
241.835516592	0.0160152667065
243.182827529	0.0158056243384
243.70427793	0.0156827688971
239.331914049	0.0165146987592
242.046822259	0.0159842300158
233.096333021	0.0176906593574
238.795525767	0.0165708417911
242.72673223	0.015850008304
250.175967865	0.0146008508758
240.230816053	0.0163522935312
249.430160749	0.0147200356861
241.171524464	0.0161703711803
249.818363498	0.0146428993644
248.790036499	0.0148330322939
246.66381386	0.0151562858877
246.868271048	0.0151445459354
252.818680526	0.0141732590988
246.9812391	0.015152118412
250.257868216	0.014574303297
250.670371465	0.0145104325395
250.668671415	0.0145066967486
241.796713951	0.0160157761642
248.18366272	0.0149320068607
249.383789624	0.0147472773418
246.911495311	0.0151715311847
247.340150963	0.0150694673364
238.359132775	0.016683648458
244.945458016	0.0154609320595
241.206760951	0.016149746696
244.65548814	0.0155031815041
243.395259747	0.0157786125803
239.536403274	0.0164285232202
241.186501701	0.0161515950693
246.86939526	0.0151423137179
250.588838484	0.0145172075746
248.980539219	0.0147877439844
251.928072924	0.014289996796
244.152869045	0.0156054960453
251.929157583	0.0142934502515
250.022907629	0.0146032517313
250.350080112	0.0145523543968
248.817854749	0.0148078546795
249.783324042	0.0146438269343
247.197149966	0.0150793161336
252.344816442	0.0142320941872
249.381639753	0.014713746787
249.150680773	0.0147528979117
247.58411594	0.015050203339
249.760762655	0.0146568597724
242.845916297	0.0158349212364
251.002977028	0.0144500795865
244.102426253	0.0156083907564
249.201683376	0.0147277451717
247.843412234	0.0149773741504
251.205173601	0.0144126091514
248.004362471	0.0149876159441
251.892436489	0.0143303546304
238.769005425	0.0166151614672
248.556534224	0.0148491590228
247.519093794	0.0150310826741
249.892438493	0.0146372464755
247.91013208	0.0149569553976
249.608569751	0.0146748288202
249.194465184	0.0147410499034
251.758579591	0.0143225024792
247.482877127	0.015077031885
250.062473176	0.0146286221878
243.851891442	0.0156783074017
244.111042869	0.0156203800256
248.707712496	0.0148209081681
253.671578017	0.0140493361003
250.016096429	0.0146216911194
251.005209078	0.0144807860561
244.376630359	0.0155612031213
250.750488899	0.0145173608861
250.450552421	0.0145414659364
249.707849303	0.0146812719899
254.211810245	0.0139501397198
245.082768224	0.015475206988
250.230658157	0.0145739020757
243.264321255	0.0157875643731
251.096092006	0.0144456716821
250.645531606	0.0145614425432
246.536043641	0.0151957526109
251.864125444	0.0143196303911
249.483886578	0.0147084721053
250.948326508	0.0144921636352
247.554992926	0.0150229111964
252.972452372	0.0141446906907
254.350280341	0.013932559549
250.118355469	0.0145920054173
252.41625619	0.0142445580222
255.141643456	0.0138061422317
253.318910214	0.0140813038955
252.866228288	0.0141566913348
248.204941326	0.0149249684505
252.757524308	0.0141674399271
251.897393901	0.0143345709921
254.18712425	0.0139616859757
251.400408764	0.014418089278
253.401034454	0.0140561881263
253.012364048	0.01413634684
250.982653186	0.0144572378367
250.258635612	0.0145959737541
254.184151961	0.0139576600602
252.800346139	0.0142093050243
250.973479913	0.0144536126448
249.995051779	0.0146196414285
255.758645204	0.013707910828
253.667770256	0.0140291499257
255.539022283	0.0137246061973
255.578351292	0.0137643271751
252.150121218	0.0142730586085
254.415811343	0.0139149326281
251.836083049	0.0143282556236
256.242269809	0.0136291274359
254.425553353	0.013930088649
257.009560497	0.0135176760331
252.385082451	0.0142559463173
255.292345399	0.0137788748974
251.919940278	0.0143174028231
250.11904507	0.0145798981582
253.894972305	0.0140317612689
251.07577059	0.0144441441687
256.740336977	0.0135784452276
250.231176024	0.0145891083151
256.198985344	0.0136439690937
256.156709159	0.0136716834456
255.205651959	0.0138220729842
252.175079901	0.0142745297433
256.02398927	0.0136698390032
256.342452499	0.0136236044174
257.801775855	0.0134053625958
253.414464479	0.014072730522
256.224914453	0.0136132150382
257.069709859	0.0135110598348
254.915703462	0.0138425343742
254.997811544	0.0138361868294
253.980138414	0.0139944173117
257.459969191	0.0134715461804
257.338875253	0.0134868867533
255.568049185	0.0137443951077
256.149900135	0.0136374093524
258.023665617	0.0133928235472
255.823453131	0.0137108276846
259.009154546	0.0132392551504
259.810537499	0.0131154997156
255.295416805	0.0137911363619
258.967036849	0.0132473888396
259.578793528	0.0131494240601
258.741203601	0.0132709290572
260.731796516	0.0129899965198
256.820415663	0.0135649349975
259.0063463	0.0132340673522
257.430290718	0.013459673175
260.341798412	0.013023495063
260.26109638	0.013058057219
260.089891095	0.0130858622856
258.523316034	0.0133056150335
258.124417946	0.0133522444273
261.00248951	0.0129526704865
258.578921068	0.0132914946071
257.958500936	0.0133922090255
260.59321635	0.0130062421423
258.960521113	0.0132450997248
259.957344441	0.0130987871013
261.350432937	0.0128985344253
260.309775481	0.0130489508308
261.78648389	0.012831167865
262.059552876	0.0127935993124
261.749222524	0.0128250687951
259.85197311	0.0130952742232
254.263019585	0.0139646069558
243.052260077	0.015829198011
248.969398451	0.0147878776649
246.151475739	0.0152565333118
252.901048185	0.0141619069329
255.545542906	0.0137639999084
246.463573168	0.0152055538842
248.499754174	0.0148659480904
241.865053588	0.0160151897757
252.117816559	0.0142801666151
253.739440317	0.0140293627124
256.565910195	0.0136086247415
250.570659431	0.0145255264565
247.359804169	0.0150277667414
250.302194458	0.0145779777189
253.732830731	0.0140361358325
251.905752375	0.0143025588428
242.67319357	0.0158890488892
261.675761937	0.0128360389527
257.083880868	0.0135087489818
256.618464013	0.0135787041058
255.523221036	0.013749677287
256.581353549	0.0136037217664
247.975141727	0.0149618904216
258.842745091	0.0132441675356
252.45515532	0.0142323283482
260.294360675	0.0130442737513
256.566950306	0.0135795331897
252.142242145	0.014278575081
251.532945102	0.014358856049
258.617136333	0.0132983605991
253.528652898	0.014033871706
256.826675881	0.0135588667599
251.550581466	0.0143434659708
258.574419286	0.0132923249893
256.70831204	0.0135655944397
261.150930597	0.0129311419718
254.083806484	0.0139488408822
262.537326484	0.0127372742679
254.990995034	0.0138205773988
262.456473793	0.0127449680851
255.304913322	0.013789957835
261.914321621	0.0128188575634
254.961971237	0.0138458797415
258.917271714	0.0132500304677
256.759189417	0.0135666016831
262.204267898	0.01278471007
256.160700269	0.0136480754077
260.113971783	0.0130665341865
256.708493366	0.0135880555563
259.79191245	0.0131271808898
256.162682003	0.0136695238641
257.59066455	0.0134552161606
255.252591446	0.0137830225717
256.2158628	0.0136568766098
254.967518367	0.0138594303749
257.063373613	0.0135293007763
257.351243969	0.0134717940388
256.43772903	0.0136185006717
256.106257807	0.0136612792113
259.658330561	0.0131519499456
254.662397803	0.0138822246331
260.070077607	0.0130913390326
256.567528225	0.0135869385964
255.45435289	0.0137742560821
256.871662674	0.0135423206932
257.423333745	0.0134710958669
255.54387813	0.0137580821639
260.493371829	0.0130277557782
253.120502202	0.0141433683564
257.971709495	0.0134097145081
257.486069466	0.0134593362934
258.128173289	0.0133731443906
257.079921541	0.0135157493219
257.916637419	0.0133962142858
255.320266555	0.0138114035089
258.387042891	0.0133367791909
254.954597417	0.013862588769
258.137285435	0.0133779745595
258.135376989	0.0133613282404
254.875393918	0.0138631317386
257.115455987	0.0135167504174
259.766539997	0.0131367338989
255.546329096	0.0137639607819
258.505207415	0.0133209679547
254.947239659	0.013871922497
255.679577631	0.0137494932782
257.097409711	0.0135209264721
258.592820325	0.0133143708432
257.083089276	0.013525343801
259.140797489	0.0132288471445
256.311398889	0.0136418612479
257.56163036	0.0134653346627
255.0401613	0.0138605324239
256.457554149	0.0136339590539
256.523784168	0.0136279742582
256.347227095	0.0136479981877
258.191594642	0.0133501224933
257.121570971	0.0135390019475
255.481026557	0.0137859462053
255.370894446	0.0137969039599
256.107836611	0.0136936152473
254.079104901	0.0140011989068
258.125001851	0.0133686980136
253.713142439	0.0140443745139
256.663597732	0.0135873765782
257.914157531	0.0134117366403
253.677540757	0.0140643638993
254.897119536	0.0138798863772
258.646628835	0.0132877938454
256.243001566	0.0136724585628
255.50895803	0.0137883651037
255.00347098	0.0138553798716
258.468171526	0.0133128433124
254.427549408	0.013928976513
255.751874058	0.0137436823802
254.872790182	0.0138718377883
257.627909987	0.013449699969
255.688900909	0.013740858531
257.667872035	0.0134386944588
256.650808323	0.0136095175834
258.474028602	0.0133135908285
254.026653056	0.0139979432124
257.974997542	0.0133901166556
256.794380404	0.013588457562
256.898952304	0.0135725103374
256.314450787	0.0136572116647
258.076080418	0.0133802369181
257.18083437	0.0135222449442
260.017749146	0.0130831415503
257.186768491	0.0135216858938
258.821231797	0.0132827625105
255.885498358	0.0137067509991
260.453181979	0.0130281119604
256.098344956	0.013674924936
259.092140369	0.0132276200354
257.495537254	0.0134829050367
260.286667407	0.0130471333034
257.331674902	0.0134836315995
258.583974885	0.0133026602075
256.183395144	0.0136639839071
257.819113589	0.0134202527168
257.739424112	0.0134386754976
257.668945332	0.013453508352
257.153376986	0.0135296491624
260.758016494	0.0129824170012
258.059360354	0.0133819659643
260.07240758	0.0130863405841
257.321944536	0.0135120403882
257.318901927	0.0135142015109
257.185838891	0.013527956772
256.801182257	0.0135944335837
257.407129725	0.0134948717364
260.077045554	0.0130802264602
256.900111844	0.0135587121557
259.514809146	0.0131703101369
256.428875796	0.0136312468124
257.372863589	0.013489094264
257.843599676	0.0134098379098
257.725560636	0.0134363360143
257.312448868	0.0134926433066
257.227987513	0.0135128045278
257.502185835	0.0134660465034
257.862011298	0.0134185939131
256.22265233	0.013664082649
258.925704324	0.0132574564795
257.913005859	0.0134039885703
257.793901168	0.0134258513971
256.365188465	0.0136408201599
260.309876216	0.0130537695013
257.37934649	0.0134874651004
258.827468903	0.0132744247106
257.193115142	0.0135172849153
258.712153852	0.013287944396
257.311888943	0.0134898148859
259.462926181	0.0131788277525
258.738354404	0.0132829872119
258.892753665	0.0132640584441
258.60581226	0.0133038658448
258.442079846	0.0133258023736
257.7586043	0.013423961153
258.871733371	0.0132610861504
259.482523257	0.0131684489525
260.059984632	0.0130895010909
258.492618954	0.0133195947237
259.250815761	0.01320901579
258.03546746	0.0133787144969
258.955651435	0.0132467092617
257.264917223	0.0135070897618
259.848174617	0.0131166523618
256.923558625	0.0135497309802
260.195778869	0.0130664519659
256.600992337	0.0135995746465
259.56690242	0.01315781347
257.966782523	0.01339970571
259.620859198	0.0131565106621
257.804837179	0.013423847078
260.473736681	0.0130308650178
258.237799025	0.013353600575
260.168917061	0.0130768933923
258.702274854	0.0132901742644
260.485433239	0.0130304475911
258.349512632	0.0133362628572
260.205772073	0.0130675942164
257.151317734	0.0135157147919
259.929864485	0.0131055224601
257.668744526	0.0134460090775
260.144210562	0.0130801130588
258.354484668	0.0133413873463
260.208468606	0.0130684687338
259.476311347	0.013172082399
259.473858133	0.0131796812461
257.727707774	0.013436563679
260.154642472	0.0130724010251
258.327166497	0.0133452881912
260.758931134	0.0129903698317
258.24790438	0.0133574339756
260.79854591	0.0129841726583
257.881523467	0.0134047066429
260.185248786	0.0130686630326
258.038971461	0.0133785970572
260.09322087	0.0130870414453
258.630234594	0.0133005770738
260.545573329	0.0130200868581
259.184787979	0.0132176897427
259.068411221	0.0132307089337
259.984149105	0.0130917481453
259.256053296	0.0132065337463
259.782409267	0.0131205092192
259.68668731	0.0131383626566
260.672662103	0.0129962156621
259.857705783	0.0131144366784
258.995917162	0.013241716906
260.926329383	0.0129568584935
259.845550555	0.0131145607543
259.723982723	0.0131369266687
260.01932205	0.0130850688206
259.764612703	0.0131300595601
258.599732662	0.0132921704512
259.637613079	0.013144963729
260.749502378	0.0129857271397
260.868586977	0.0129685062154
262.249746406	0.0127640569564
261.912481495	0.0128158691235
263.081536639	0.0126496745696
261.33643242	0.0129021725725
263.245193968	0.0126418656172
261.237475458	0.0129272621969
263.189598307	0.0126408286469
261.134957488	0.0129433502497
263.386098983	0.0126231734512
261.378439417	0.0129037997513
263.148618239	0.0126458473413
261.739869674	0.0128333276439
263.334456883	0.0126131340445
261.796152412	0.0128310277937
263.535201978	0.0125813390659
262.465949999	0.0127343917174
263.610696731	0.0125705909528
262.767768112	0.0126868854822
262.769983523	0.0126875617067
262.762002388	0.0126974893346
263.412413477	0.0126150277532
263.022380271	0.0126659605187
262.953926566	0.0126801004756
262.413129632	0.0127458076109
263.210894066	0.0126430238689
262.79600144	0.0126906774419
262.847855851	0.0126844602685
262.718317237	0.0127062797556
262.799497525	0.0127001787031
262.874957984	0.0126915117884
262.600419668	0.0127219670686
262.567292034	0.0127125130789
263.194444371	0.0126237088232
263.150008639	0.0126327636267
263.191856515	0.0126438416591
263.259129324	0.0126348865953
262.506748004	0.0127399851439
263.05387515	0.0126647975491
262.992452761	0.012673757028
263.181285076	0.0126453007535
263.061928875	0.0126591298328
263.188118079	0.0126446016688
262.968262514	0.0126727828133
263.007362994	0.0126679222707
262.980071251	0.0126588435534
263.096516413	0.0126598625096
262.871851158	0.012681731267
263.129190111	0.0126555816015
263.551073759	0.012592317423
263.101307668	0.012658862405
263.193854064	0.0126388883811
263.551759842	0.012594919496
263.488776652	0.0126037591972
263.326355305	0.0126252764656
263.167251335	0.0126362972649
263.281997959	0.012612052663
263.404903373	0.0125950135256
263.464142118	0.0125997897832
263.414476431	0.0126081321435
263.429065751	0.0126020304713
263.438509333	0.0126119777416
263.958331519	0.0125381076055
263.39590202	0.0126112849096
263.852699041	0.0125531791503
263.816430799	0.0125566902222
263.672581795	0.012578303233
263.75191552	0.0125665315919
263.852475415	0.0125543090274
263.670496496	0.0125758057866
263.927496721	0.0125417532627
263.580098929	0.0125876610459
263.790962189	0.0125623838202
263.475872986	0.0126008355894
263.754934576	0.0125659738111
263.637184975	0.0125814799686
263.876567065	0.0125480581047
263.850444675	0.0125504321751
263.61827282	0.0125825627972
263.770307524	0.0125652951782
263.993714401	0.0125339982679
263.667129294	0.0125767139411
263.971427783	0.0125373476388
263.659580547	0.0125735904736
263.677300806	0.0125733809182
263.678195977	0.0125656086611
264.042844095	0.0125048236255
264.064776484	0.0125048210635
264.091657118	0.0125001514933
264.011788733	0.012510270477
264.045136179	0.0125048510678
263.715031168	0.0125509294387
264.013153957	0.0125091734848
263.607901697	0.0125652844496
263.660150248	0.0125621134305
263.978221647	0.0125135498894
264.053005528	0.0125073042581
264.013169363	0.0125092754915
264.115868291	0.0124977810242
263.82606406	0.0125349790995
263.999526256	0.0125113291888
264.058236597	0.0125059444952
264.208826454	0.0124837742001
264.10954337	0.0124959236657
264.20891522	0.0124846718696
264.203131564	0.0124843096397
264.252764087	0.0124768648659
264.129329595	0.0124968135401
264.169406469	0.0124876737292
264.228048418	0.0124821136361
264.254985039	0.0124775855055
264.210558385	0.0124829517046
264.207545448	0.0124857478384
264.222252797	0.0124813720384
264.286998888	0.0124736367544
264.262633798	0.0124774477338
264.249636263	0.0124773731787
264.309122371	0.0124705347355
264.069799748	0.0125024100215
264.033664868	0.0125067748159
264.10601457	0.0124970071432
264.281176908	0.0124738188244
264.264216352	0.0124751762817
264.236762609	0.0124817452391
264.324732254	0.0124698066343
264.289518541	0.0124734608465
264.376641475	0.0124615022487
264.122541556	0.0124946282642
264.157439609	0.0124895456059
264.072761698	0.0125017918551
264.339218856	0.0124657161906
264.315173556	0.0124709984419
264.322480404	0.0124699221627
264.37143733	0.0124623210737
264.322553382	0.0124671466891
264.341534055	0.0124667027188
264.198168328	0.0124839923505
264.181736527	0.0124867780624
264.380152404	0.0124609616301
264.342646066	0.0124669571228
264.27292321	0.0124737429618
264.324271539	0.012468569305
264.261351912	0.0124749218749
264.305000646	0.0124701949472
264.39683961	0.0124582193209
264.373925462	0.0124617465649
264.37419889	0.0124626295971
264.384395871	0.0124601270062
264.396383484	0.0124578971963
264.319262179	0.0124675581012
264.378338933	0.0124609911284
264.388430966	0.0124604095776
264.373513449	0.0124603019696
264.405516851	0.0124573513005
264.397631911	0.0124571778935
264.320823069	0.0124672771245
264.965879219	0.0123757399898
265.903466689	0.0122466207648
266.605909781	0.0121484558357
267.237674112	0.0120645778968
267.652995858	0.0120060768319
268.153135187	0.0119387069384
268.553936384	0.0118850273994
269.008255111	0.0118258679329
269.389811427	0.0117763445235
269.572385019	0.0117516943783
269.969683485	0.0117012224624
270.120107156	0.0116799777714
270.341669315	0.0116517034384
270.571772665	0.0116223998525
270.829602944	0.0115898399455
270.99047986	0.0115688700638
271.019331991	0.0115641310834
271.256401572	0.0115358491982
271.401286175	0.0115176372397
271.505134361	0.011505326214
271.579102191	0.0114955481113
271.607203536	0.0114916012236
271.674165961	0.0114830781316
271.753242639	0.0114748109064
271.651933768	0.0114852124378
271.60179484	0.0114923071597
271.746013659	0.0114749542935
271.650046282	0.0114863045041
271.700089862	0.0114817463913
271.616190371	0.0114927755536
271.518777471	0.0115048154579
271.433249716	0.011515380233
271.18814065	0.0115463826843
271.186869719	0.0115482358085
271.040695175	0.0115672006305
270.796872547	0.0115964865369
270.685623458	0.0116098911509
270.457480201	0.0116408023925
270.450884444	0.0116417833466
270.243879249	0.0116695540349
270.110180297	0.0116865136942
269.934968547	0.0117081107437
269.804864627	0.0117248195409
269.521071491	0.0117620331223
269.472858674	0.0117696408134
269.211532179	0.011803089165
269.104322674	0.0118179523945
268.890725306	0.0118453070393
268.671542184	0.0118748773578
268.460887741	0.0119025476623
268.239671936	0.0119327627024
267.936719232	0.0119720097517
267.966970465	0.0119672241453
276.342851115	0.0108995210782