100	-0.04392	0.0	0.975414823301	0.0245851766986	0.0
104	-0.0334	1.01667398467e-11	0.676180468645	0.318563482758	0.00525604858645
105	-0.03749	0.0	0.0	1.0	0.0
107	-0.03886	0.0	0.0	1.0	0.0
11	-0.09822	1.0	0.0	0.0	0.0
113	-0.04601	1.0	0.0	0.0	0.0
114	-0.007128	0.0	0.0	1.0	0.0
115	0.001097	1.0	0.0	0.0	0.0
116	0.04206	0.0229321850187	0.967951043469	0.00911677151247	0.0
117	0.02076	0.0	1.0	0.0	0.0
118	0.05146	0.0	1.0	0.0	0.0
119	0.07895	0.0	0.842163951672	0.0	0.157836048328
121	0.08506	0.0	0.0	0.0	1.0
125	0.1691	0.0	0.0	0.0	1.0
126	0.4867	0.0	1.0	0.0	0.0
127	0.6296	0.0	0.0	0.0	1.0
128	2.292	0.0	0.0712731271639	0.0	0.928726872836
165	-0.09846	0.0	1.0	0.0	0.0
166	-0.08838	0.0	0.618251771614	0.0	0.381748228386
167	-0.1106	0.0	0.0	0.0	1.0
168	-0.1103	0.0	0.0	0.0	1.0
17	-0.1369	1.0	0.0	0.0	0.0
170	-0.08065	0.0	0.0	1.0	0.0
172	-0.07572	0.0	1.0	0.0	0.0
175	-0.08063	0.0	1.0	0.0	0.0
176	-0.05861	0.0	0.0	1.0	0.0
178	-0.05821	0.0	0.0	1.0	0.0
189	-0.02452	0.0	0.0	1.0	0.0
190	-0.02247	0.442875628029	0.0	0.557124371971	0.0
191	-0.02463	0.0	0.0	1.0	0.0
192	-0.0215	0.0	0.0	1.0	0.0
193	-0.02648	0.998230871102	0.0	0.00176912889846	0.0
194	-0.009914	0.96668622727	0.0	0.0333137727297	0.0
195	-0.009216	1.0	0.0	0.0	0.0
196	0.01484	1.0	0.0	0.0	0.0
197	0.01805	0.0639557971522	0.0	0.936044202848	0.0
198	0.05111	0.998672448914	0.0	0.00132755108631	0.0
199	0.06836	1.0	0.0	0.0	0.0
200	0.1038	1.11271177128e-96	0.0	1.0	0.0
201	0.06951	0.999999843415	0.0	1.56584690464e-07	0.0
202	0.02231	0.442208096005	0.0	0.557791903995	0.0
206	-0.008594	0.896414896767	0.0	0.103585103233	0.0
207	-0.000974	1.0	0.0	0.0	0.0
208	-0.01946	0.0568205816494	0.0	0.943179418351	0.0
211	-0.01982	0.00153954856595	0.0	0.998460451434	0.0
23	-0.0976	0.550793756308	0.0	0.449206243692	0.0
24	-0.08493	0.0	0.0	1.0	0.0
25	-0.09172	1.0	0.0	0.0	0.0
26	-0.09309	0.0	0.0	1.0	0.0
39	-0.08748	0.0	1.0	0.0	0.0
40	-0.07332	0.0	0.386453083163	0.0	0.613546916837
41	-0.04551	0.0	1.0	0.0	0.0
42	-0.03036	0.0	0.999767243953	0.0	0.000232756046993
43	-0.02944	0.0	1.0	0.0	0.0
45	-0.03411	0.0	0.469772299478	0.0	0.530227700522
46	-0.04078	0.0	0.99890697102	0.0	0.00109302898025
47	-0.02973	0.0	0.0	0.0	1.0
48	-0.03342	0.0	0.480006354851	0.0	0.519993645149
49	-0.04784	0.0	1.0	0.0	0.0
53	-0.07172	0.0	0.0	0.0	1.0
54	-0.06999	0.0	0.632589082659	0.0	0.367410917341
6	-0.06652	0.0	0.0	1.0	0.0
61	-0.06071	0.0	1.0	0.0	0.0
62	-0.05538	0.0	0.0301710561291	0.0	0.969828943871
63	-0.05699	0.0	0.0	0.0	1.0
64	-0.06867	0.0	0.0	0.0	1.0
65	-0.06292	0.0	1.0	0.0	0.0
66	-0.05967	0.0	1.0	0.0	2.94533147743e-54
67	-0.06431	0.0	0.0	0.0	1.0
68	-0.06861	0.0	1.0	0.0	0.0
69	-0.05848	0.0	1.0	0.0	8.26141364902e-146
7	-0.08284	0.0	1.0	0.0	0.0
70	-0.05616	0.0	0.0	0.0	1.0
72	-0.05995	0.0	0.0	0.0	1.0
73	-0.05321	0.0	0.0	0.0	1.0
74	-0.05389	0.0	0.613053703197	0.0	0.386946296803
76	-0.05719	0.0	0.476716581221	0.0	0.523283418779
79	-0.05302	0.0	0.0	1.0	0.0
80	-0.05354	0.800124109976	0.0	0.199875890024	0.0
84	-0.1194	0.0	0.0	1.0	0.0
86	-0.09766	0.0	1.0	9.478482832e-38	0.0
90	-0.05494	0.0	1.0	0.0	0.0
91	-0.05362	0.0	0.0	0.388013874113	0.611986125887
92	-0.06101	0.0	0.00770184948416	0.0	0.992298150516
94	-0.04697	0.0	0.999696633029	0.000303366970665	0.0
95	-0.04804	0.0	0.930389143561	0.0	0.069610856439
97	-0.04416	0.0	0.31623333978	0.68376666022	0.0
98	-0.04009	0.0	0.875516349056	0.00477762512906	0.119706025815
99	-0.0427	0.0	0.0313606580057	0.968639341994	0.0