-79.5182976281	0.591895530167
-16.9727606746	0.290484690232
-42.272222957	0.387143346398
-37.4522672637	0.366464023848
-19.3166561416	0.292818736068
-57.4218447808	0.462839272204
-36.6922759239	0.367339623009
-15.2899563121	0.288373064585
-47.5940825306	0.40794339704
-2.30062014516	0.249715962243
-78.3839679645	0.58690369283
-46.3985241598	0.409549152107
-19.101287656	0.300820659836
-49.0285343991	0.41981306636
-42.5141357767	0.391557065735
-65.2228132334	0.505843015961
-2.94500674128	0.251203732333
-38.5620595514	0.374973470684
-47.3685285727	0.405308934945
0.56245160418	0.24174655099
-14.5680257683	0.286214233795
-40.7127812998	0.379741690348
-34.7597207396	0.347058930948
-12.7707251396	0.280831433501
-9.30805361184	0.268408108512
-15.1152313486	0.274203344804
-26.6751268087	0.328316506674
-27.1393321478	0.327054523176
-39.3186376291	0.37647788089
-39.5412696512	0.379152998277
-28.8494347963	0.324499759136
-33.1687316149	0.353032387882
-37.6074716027	0.37034471388
-8.52921680113	0.264429543558
1.48006182702	0.239189026813
-11.7419280645	0.275279657294
-15.7720950643	0.290420753662
-9.66059053279	0.271220226784
1.21069779267	0.239831078819
-0.674264196276	0.242598705801
25.5168327865	0.18143763486
27.7526567001	0.176985452591
41.6334638054	0.151913410471
-8.25114666165	0.264873464058
8.45476876229	0.221302410016
-28.940454996	0.336707595086
-13.8200399671	0.284171529633
-32.0550398356	0.348664654507
1.5593270848	0.237203740179
-41.8698368503	0.383756785774
-61.1991208627	0.483689334311
-15.7957184259	0.278209004802
-33.6065608738	0.344767491922
13.30713138	0.209524133264
-18.503785213	0.299534064063
-35.6489568197	0.362848274826
-64.6259098263	0.502963248206
-28.1341256179	0.325191591216
-37.8477988288	0.370346203566
-38.9094734152	0.369288908168
-36.4777122168	0.356853382607
-21.261417033	0.306015784141
-54.5851312412	0.449156863373
31.2280480623	0.170714496334
-30.2484973319	0.333304934388
-10.9628327928	0.264428065218
-14.3819297569	0.273713599371
-12.8225358214	0.267454754354
-40.3663310959	0.380889314685
-51.2630596333	0.427270984595
-4.27574092335	0.250259782572
13.4455486668	0.205318634067
22.3806686654	0.186312886295
26.7016216421	0.178392461427
41.2317489459	0.152124630003
42.6785147426	0.149502193697
59.1335511347	0.124180631594
60.9815510401	0.121604867829
52.3246775442	0.134001362484
59.3036611247	0.123841825743
62.1687247168	0.119944989248
50.7643342305	0.136339399105
60.0489009555	0.122754995775
63.1386171317	0.118589621903
49.2505534775	0.138713443572
61.892467652	0.120222789674
67.0238417681	0.113564282416
57.0446052323	0.126968781804
45.1013893105	0.145391331223
60.0554077438	0.122696682635
64.4903715171	0.116782926453
64.829303662	0.11630655702
64.3544750716	0.116921696411
66.686051722	0.113904394373
68.2034958137	0.111996672113
59.5909629314	0.123389319441
59.1146698823	0.124027931471
66.1336363314	0.114602488466
67.0634138998	0.113401013452
63.5220617615	0.118001976859
59.4690162339	0.123521112702
67.9567328228	0.112244175284
68.947014443	0.111025257141
55.5800205728	0.1290396317
61.8121683656	0.120279742975
52.5604599317	0.13344357699
67.0576789076	0.113382141293
58.6102417667	0.124701318226
73.3299103577	0.105758367595
67.9758135898	0.112438618205
67.2434294598	0.113126730175
54.5034584754	0.130483230839
62.1443710954	0.119763499209
53.6772847541	0.13167259197
44.3253585916	0.14645962921
75.5618163522	0.103069182744
55.8888457628	0.128472180659
71.4234955774	0.107937147277
47.4396824707	0.141009035356
54.5398738508	0.130323649859
52.2815366905	0.133915154748
55.4061145624	0.129208930933
55.8629764306	0.128721424009
52.520210656	0.133445863605
59.1181914129	0.124172485624
45.9460907392	0.143050023249
62.2840596744	0.119483205933
32.9610402488	0.165173081888
66.4786092681	0.114159844622
15.398753187	0.199912770149
60.1802315199	0.122944607366
-0.271639867144	0.234301990931
17.6907425046	0.199210212347
6.29441280587	0.219371858934
42.1148455091	0.151238217375
27.2510204261	0.175749764836
41.0596967129	0.151758527032
19.3519441096	0.195539651277
23.6020643093	0.185700499345
50.5238937813	0.137215202439
9.1761835233	0.218583317008
-9.53959308022	0.261396527851
4.12179278022	0.232303122196
81.2904051502	0.0966744652081
5.7412982397	0.224334340541
-15.725794003	0.289386850637
-8.7178975503	0.263349356436
69.0865692478	0.110760848614
83.539225312	0.0939859458219
12.7750276196	0.205418335719
32.8836099851	0.166933080857
-11.4907334823	0.271169294022
-17.8597347301	0.294175480898
43.9657169225	0.147852414211
-3.60245234954	0.244205089644
0.238705573898	0.232147806905
36.6901559318	0.15973813616
10.2331230411	0.211730826048
0.130590120144	0.24166439382
-18.1188431106	0.297051376875
48.9841219452	0.139779716895
-4.98103187357	0.254630009321
55.4258762392	0.129096170391
-4.92463082109	0.247808930072
46.0230167878	0.142677029598
36.857448621	0.157549934657
-9.71686351535	0.270808756626
19.1033975791	0.192337743803
31.2513529501	0.168484407354
12.3939896866	0.210355025029
64.4856440048	0.116603178346
-3.74947726053	0.253510159021
0.479349911359	0.241890203197
-2.87376443981	0.241185223424
45.6669102291	0.142675100302
34.3751711498	0.161969206288
43.129306244	0.147579066902
31.3319493552	0.168436244624
47.8231944776	0.141168038814
12.1187027809	0.207142222166
-22.2356058667	0.310165967019
8.98383026314	0.210785999928
2.77112010267	0.230165873126
-3.5371334237	0.244638623736
-7.66590316311	0.264044528089
1.59773460608	0.23291754307
56.8097534023	0.126682773604
-32.062098149	0.341824097544
31.2824943891	0.170496406399
10.6233860881	0.213893544526
13.4386231338	0.205636506258
84.9656920893	0.0919509677208
20.7505318058	0.191324412099
-23.2673717591	0.306861857327
11.3506694953	0.209305699612
7.35682401146	0.215474730013
3.04410689693	0.229771379026
-4.29084296202	0.251020175055
23.7795223877	0.181604192323
45.2446522605	0.14585120463
6.67063326768	0.21681093965
27.1972262239	0.176769921935
-6.82237189291	0.255436594615
59.6597066643	0.123905695487
16.7209225358	0.199334301204
-12.9637035166	0.280530126021
15.5690473294	0.203327498286
-6.45021737398	0.254245052569
10.303859697	0.216108729688
33.1243222684	0.166185765209
-26.3853013593	0.325786923312
5.34263724876	0.227390928562
-5.6957991574	0.257847614383
48.1600396229	0.141181521533
51.726312515	0.135471138797
30.6784634938	0.170974797488
-15.9159115429	0.290081106881
18.259305102	0.191835207752
80.7689932008	0.0966422389439
27.1999173754	0.178602256492
-1.56942433928	0.247489806819
1.02408335256	0.231683799156
44.4110396421	0.146946141322
77.2212859517	0.102014195712
0.416045483647	0.241306857233
20.1864355039	0.186435504179
68.8266828295	0.111432997689
-6.89519514234	0.260674756204
-18.0093321247	0.297627586608
32.2205116759	0.165379054303
11.9929454187	0.211250999117
-1.39934575156	0.245650835189
13.8345915066	0.206916229513
1.9878590479	0.22894256996
-9.08620787842	0.262382287641
32.3211223026	0.168624993445
45.8328765864	0.144623647484
10.2401815202	0.213256890916
7.76312329855	0.216406118323
10.8127093611	0.206912158308
25.1666318353	0.177975701576
50.4396736392	0.137418373189
-0.679465926767	0.240649079402
103.582067971	0.0747091935884
-5.33986206462	0.250954988847
51.1230223752	0.136343193081
99.2797097707	0.0792000827001
48.8910213293	0.13881298805
44.0930916569	0.147204645596
42.9376776395	0.149046441712
38.0327057853	0.157698852958
15.1170268838	0.204412411095
3.62447867127	0.232515799072
51.1176452238	0.13384352713
40.755246247	0.150033103087
-9.03987540604	0.261288156473
17.0595836608	0.199119491754
16.6355904677	0.197970112409
48.5296204245	0.137615517572
58.7180212002	0.123565532191
86.6680125619	0.0907397848842
12.0208739568	0.208619888163
66.2495215704	0.11530576099
-6.59665180871	0.255300042255
9.35983467683	0.213850298449
-13.4468983758	0.276511973545
45.5062286658	0.142411658057
16.6840743205	0.19440901528
22.109527336	0.188995398607
63.2957813216	0.119143884294
61.0036580148	0.12216986008
19.7131346812	0.187483477784
74.1741677605	0.103375499054
3.41824221266	0.228386066098
38.7801401271	0.153505826034
32.1616515353	0.168217015997
13.2820766952	0.208652683131
6.76593663545	0.219025627479
39.2595961613	0.155850893748
25.8779265357	0.177241794348
48.1347088406	0.140765967738
27.561659302	0.176971209494
19.1699011788	0.188689323834
79.5546385685	0.0975158833909
49.4377322139	0.136328187392
91.3591578109	0.0855141089697
-3.1819969541	0.245388002502
-2.08366208521	0.242984798646
33.1930154253	0.165570476342
13.3818119911	0.207846489736
112.642629437	0.0683433134151
10.3877314893	0.21028603768
16.6341959152	0.199936651678
14.0850101999	0.204406413782
99.0740548704	0.0793458242836
39.7587252107	0.15220079009
18.5320458449	0.194806101693
19.9694594592	0.19365455974
55.5807367013	0.127963076848
-1.46754057261	0.246079738326
33.2647305135	0.166058271423
18.7119210026	0.193168522545
45.0795467804	0.145720392686
-2.54672829694	0.241952063113
11.7015974113	0.209732546261
4.17179722912	0.22472346059
19.7801201274	0.187593290833
70.7436242601	0.109716726406
43.8344620046	0.147823981653
9.65915780965	0.214392519256
35.9642289904	0.158003342524
64.4220796633	0.11577266771
7.2975136206	0.216899777508
20.2107462877	0.187394835455
77.7940826459	0.100798780236
29.1894858478	0.17108403022
8.26731756374	0.215075135645
0.689372914156	0.235155543908
48.5063399929	0.137898137657
17.8762559704	0.194522750819
95.3963808837	0.0830625858909
55.8016046844	0.127198692513
1.40702599228	0.233177535886
45.1466671646	0.145469672776
15.0682618358	0.203082677941
25.3880762622	0.178891655371
11.9292951862	0.208916446381
70.5092154267	0.10917940854
60.0334971441	0.122389542231
11.7542839215	0.209399795598
1.52904163443	0.232970434961
13.2680725065	0.205014333494
32.2942011118	0.163785588304
30.9433154826	0.166462515368
28.0264149144	0.1718473244
-1.53166214487	0.24122328817
117.224264204	0.0647306529708
33.6070961444	0.164636035769
7.02015775434	0.220867439069
89.5918133873	0.0871094800245
26.0054479206	0.178617064476
-2.67730979619	0.245383120711
73.8160422848	0.104290461197
27.1799879141	0.177814864303
-2.62046234962	0.244327271176
78.2029390098	0.101004172558
1.64648592552	0.233922621549
28.8366082788	0.17197716392
0.774230168584	0.234477937337
79.2038538694	0.097808904782
109.468451255	0.0700846765072
65.4188516663	0.114564841171
19.7006118648	0.187930362972
31.677368335	0.168778298786
24.2375295367	0.183529653072
11.6871845915	0.207924695264
7.34860601107	0.21711292519
12.2354805701	0.206632501267
37.8411000984	0.154038559098
10.2910958407	0.210210735278
41.2911549968	0.152205420747
57.4609836721	0.124468959811
71.9386042827	0.106997669655
76.3508587816	0.103053659974
9.15131396905	0.214006154264
86.5501579021	0.090124659641
73.2382969437	0.104395719885
6.71284836076	0.218820945566
52.772472459	0.131158723568
62.2779980414	0.119569603926
27.3551818367	0.17289373121
23.3373896324	0.183506972235
68.7143636198	0.111319417689
-7.5846873061	0.256118071542
42.224826396	0.147948607978
93.7563868458	0.0831566977968
54.6612731958	0.128335642815
40.2479323823	0.152856446362
74.0936788498	0.105693415964
66.6089815179	0.112829615146
50.2231176013	0.13781165342
64.2331029853	0.117772399661
112.06462407	0.0686106813064
74.4370463334	0.104709644533
46.8878207389	0.142337008826
50.1269904809	0.135540521233
58.8035157753	0.123729761777
15.4095918662	0.198750414956
15.3532616712	0.20323084134
47.2268468885	0.139648484333
111.048376857	0.0695082496044
87.3783051186	0.0902337049267
85.648809761	0.0922090128638
42.0859950671	0.147640071928
118.609806647	0.0629087009169
48.3240445874	0.140262558182
84.5402309712	0.091624574923
45.1155301646	0.143493972989
102.716415218	0.0764713846678
65.1157058919	0.116612931168
64.357511545	0.117652805819
84.9416937678	0.0936885033655
124.938219865	0.0587212311419
96.0870382415	0.0817877238533
68.8089103444	0.111523919171
37.2444674105	0.156128532268
115.556699975	0.0652668945416
19.7152129945	0.191760629676
45.7548421785	0.142155641022
124.168009284	0.0599277225121
21.3058725412	0.184704005018
23.0855358269	0.184351084234
21.5947824229	0.187725611851
29.4436198273	0.169637207649
44.6418311715	0.143058514081
22.3279795257	0.182928438055
62.2117374376	0.120488657217
55.4904257016	0.12746163181
63.0605790095	0.116560921836
128.263335202	0.0565919456173
67.794970114	0.111086918591
27.5646126865	0.176666750629
126.14343843	0.0578987094504
24.1738473035	0.181507991704
42.1125871621	0.148459694151
75.2210551728	0.103952982559
129.380375682	0.056194298408
73.6376742199	0.104436782511
65.3058855519	0.113892735736
101.371253117	0.0772478950673
65.1711137648	0.114203438549
74.3181225811	0.103025700011
108.959732679	0.0702946648554
77.4339097585	0.0995473955158
73.6327356501	0.103570778293
82.4307969316	0.0949331150828
91.8696984486	0.0846946886236
83.6081701006	0.0928405888028
72.6250775334	0.104881115338
99.1143593448	0.0782960161516
87.9839683134	0.0887004681978
124.418716697	0.0589324801567
90.5965680559	0.0878105408636
85.060135312	0.0933693623514
101.524233131	0.0772332221155
98.2807109206	0.0798672052448
88.3664348069	0.0877714058219
59.0025966474	0.122839699529
48.193128373	0.139009817648
97.3690514175	0.0797855283991
69.225459921	0.111372055371
43.6867387856	0.147986975698
23.6255273654	0.181869386805
55.4154852818	0.129555506322
59.2063141036	0.121807484401
76.6591927761	0.10271190355
63.0691325092	0.11831691901
75.2710980601	0.101764014061
105.853505917	0.0732684839356
114.179338672	0.0667312706235
95.5097196688	0.0830408765894
61.3056774925	0.121343467709
86.9409253342	0.091396371097
95.407148213	0.0818188347286
97.6063060299	0.0811735263565
94.2720089751	0.0836796123905
78.2753587603	0.100679529821
98.9902393936	0.0781443992061
84.0630994165	0.094611981573
104.983791223	0.0745015958022
127.743710629	0.057348715362
58.8912321913	0.124995691507
114.330783388	0.0661160360334
116.815241767	0.0647482985983
93.064565643	0.0836735701082
123.709297977	0.0600205560792
51.8865143736	0.13526701233
127.324649596	0.0572404917724
114.989745253	0.0657735302859
86.2297949566	0.0923866155396
28.6639341782	0.170780153668
68.4863736635	0.109793367566
57.5466219364	0.123969858723
102.661408141	0.0759240555442
39.7067566312	0.15087231626
42.6361350399	0.146598915318
43.2256401553	0.148691870152
106.922187023	0.0716046851185
91.4469484092	0.0852104479823
102.067314147	0.0765320608094
53.3612028207	0.130880276982
34.8638011007	0.160739198835
45.215389579	0.14289711528
53.0580288306	0.131032365248
53.1430098753	0.130415299441
119.644227295	0.0623284314191
74.4732598085	0.105264394928
93.575827354	0.08505528243
57.1922294564	0.125097588789
64.1208378717	0.115025320074
55.7764752031	0.126996846094
58.4045114812	0.124541335057
61.2133654808	0.119022957914
97.9974060234	0.0790758846338
53.2711850182	0.132901615034
69.2667102613	0.111350022523
84.3390862273	0.0942748941812
138.461073285	0.0508413827511
84.991312268	0.093426726249
104.66045556	0.0750217394449
88.733972261	0.08775388159
71.8757026282	0.108033694335
74.0282410901	0.103527341344
99.6862890011	0.0794243821379
31.7990598687	0.165314430401
87.0350562657	0.0895093812007
67.8144299036	0.113370533919
80.9956202512	0.0978755835041
35.8430639308	0.161203272538
104.037312013	0.0756000506132
56.1541830722	0.128980584579
50.5183079018	0.136945450712
69.102492209	0.111501423383
79.7986838279	0.0990238106887
106.266548421	0.072372695967
40.6131031106	0.151006621862
96.2560921821	0.0805789639739
92.0498766958	0.0853050713474
127.231153441	0.0570737123473
52.7159110051	0.130307643746
50.3939039201	0.134918889411
67.510803068	0.110921043446
127.547324671	0.0577041218692
115.587497476	0.0648422624811
63.5879347728	0.118240177246
50.6141931675	0.135266886281
85.1928365701	0.0914148010499
148.497746008	0.0452216352258
89.9884107135	0.0863690924736
70.3919668614	0.107682884891
74.5838748142	0.102517937086
67.9045241396	0.110521256334
119.328929972	0.0624420996917
88.6197884414	0.0879365361151
79.0988142311	0.0976166325464
73.0363311551	0.104393271851
71.7781762235	0.105588754231
73.6636583463	0.104164299044
52.8792340775	0.13177102103
69.7777097457	0.108127131295
147.93492772	0.0455676683829
80.6518545604	0.0962828746074
83.5321480741	0.0927958776599
74.20606012	0.102923456406
109.903759329	0.0692951627618
65.7193252935	0.114009586268
70.1387711925	0.107753748496
84.9825028106	0.0913153214973
70.5007959067	0.107341896924
134.151622181	0.0530024353226
68.7139272093	0.109518252386
85.881912818	0.0906377044034
66.0942890095	0.112900477285
99.2082256979	0.0779922986096
67.0875077914	0.113797771832
126.391809536	0.0576829945016
47.0802288373	0.141373256502
51.5423020182	0.13238292915
129.225386578	0.0564326117322
61.7396458513	0.120462080445
88.5602240034	0.0897597536209
54.0511651609	0.130942427593
51.0319819566	0.135157189963
65.0831410691	0.115289572946
111.600168407	0.0689660891588
79.4775136967	0.0969704808791
99.079069316	0.0784992539656
39.9672606375	0.152397986992
74.8882497349	0.102052141183
96.4544397917	0.0818326227495
113.504951803	0.0667342823719
70.7569865843	0.107826557661
114.138068272	0.0666019732649
87.8809848785	0.090193066559
143.30903786	0.0479916150653
48.0423469816	0.140524699367
105.629966164	0.0740227962897
124.414814133	0.0595036555628
82.1953132541	0.0947217037288
77.3469446268	0.0992655101726
77.4509293627	0.101276578018
140.030430494	0.0499511085386
150.341110602	0.0445323495641
93.2584658128	0.0831701444693
53.8647100123	0.129435769207
135.008980061	0.0526732096843
48.7705559794	0.137564820096
39.6349788624	0.15067132807
136.405733526	0.0517921475282
89.65886582	0.0885097193211
65.98329668	0.114949106032
104.369433251	0.0742443492145
106.33872769	0.0722668922289
129.841284556	0.0562735003128
87.2469110875	0.0909467465097
150.1936714	0.0443847095215
61.1905883526	0.119736568757
106.610785847	0.0731113773441
126.488220287	0.0585533339682
114.327059857	0.0668023099819
74.4653216229	0.102479916381
49.3857421473	0.135888031035
62.6806133031	0.117087799219
111.660505821	0.0693193462281
106.719288632	0.0732991238177
155.194782056	0.0420996907658
120.229362419	0.0621039162445
155.94337929	0.0419701580582
104.154630947	0.0754784544598
58.7952319642	0.122988187176
105.436540757	0.0729099885359
59.8439437339	0.119940957286
54.0586374035	0.128860132949
107.353388172	0.0728052472385
122.670644083	0.0609921840344
63.7588134116	0.117976772316
67.1279290967	0.111874174439
65.9910509113	0.111980727842
157.177949351	0.0412463926968
80.6185085954	0.0963392588267
71.653485178	0.107010447201
97.8336200856	0.0789620316759
148.118276588	0.045781042186
134.636867135	0.0528946014737
67.1339315774	0.113542893927
96.4986957333	0.0802054043399
94.4824374614	0.0831430173168
140.735724597	0.0495480407055
161.392288167	0.0394892031767
97.2495943596	0.0798982741862
104.418725774	0.0740468151379
73.7025422597	0.103603455906
75.4764105699	0.102137999148
130.839422556	0.0555606204007
105.981563748	0.0728098570994
135.642101679	0.0524183740711
139.319553204	0.0506648516909
80.5088917198	0.095858248921
59.3922717618	0.120982900787
74.8440964459	0.102028907945
81.8991432504	0.0948763890908
61.0472765811	0.120092749837
42.5411764044	0.147237661956
142.956560095	0.048472433431
144.652759384	0.0475631042454
98.3383127351	0.0786119210262
83.2199177148	0.0933076632871
65.6410450291	0.11382463004
145.929218614	0.0469566944948
149.10897476	0.0453259390942
140.792102959	0.0496031118149
174.174438152	0.0342011420691
122.518896521	0.0603859884097
120.729613506	0.0617887838758
70.0741377342	0.108316120667
56.4455916454	0.125454956761
47.6665243275	0.137994188306
157.70120782	0.0411553875367
86.1375428007	0.0903441865417
80.1429478121	0.0967354375636
128.560594167	0.0572277423363
82.8005886774	0.0935642115494
95.5951851541	0.0816385245607
106.44514777	0.0728069276039
128.153992905	0.0573803608721
108.672511243	0.0703523381351
100.785138201	0.0769696764993
151.603060955	0.0440590881361
120.883864558	0.0617767643139
112.640607533	0.0670852084621
146.415258511	0.046515564335
78.2348108045	0.100588362559
151.514070245	0.0440509787834
130.269586106	0.055698343127
119.254870184	0.0636539128396
120.939745366	0.0621001226261
96.1773951371	0.0808882403637
95.997712023	0.0825612201954
117.391535824	0.0649059809683
105.019704985	0.0746913286772
75.5140640049	0.103548677725
161.56212947	0.0393277716708
91.7625884731	0.0852780218831
82.2590159772	0.0939636381648
53.6969699103	0.129003684383
99.3574627578	0.0795782881239
114.868980755	0.0664086680166
91.9481819286	0.0847768779456
87.6204055025	0.0890625220417
123.657747878	0.0595722679014
105.966017217	0.0740132492504
122.843500308	0.0604501646567
99.6825152311	0.0776214917422
100.811740251	0.0783516388168
164.007984712	0.0383540214526
168.177018241	0.0367021246774
87.2330618995	0.0893328711789
102.278827668	0.0756025493836
102.008872267	0.0761034928999
105.268869367	0.0736910435612
161.312657465	0.0395974506696
142.396552065	0.0489699640666
125.279556132	0.0585661366278
151.013206575	0.0443816660392
147.200225005	0.0463403841129
77.8535600801	0.0988191860181
157.857002018	0.0411840634172
151.653918731	0.0441497464594
129.56514221	0.0563442118049
145.120514534	0.0473770429906
152.006886211	0.0439002843408
79.4214566527	0.0970109757942
164.722560845	0.0381682252636
156.550554829	0.0418008195884
123.824206771	0.0595052174263
153.389545574	0.043347159202
112.889110587	0.0683118139455
112.932159788	0.0684041024204
161.071801521	0.0397791167802
123.747733028	0.0596072157636
154.205567979	0.0428904690187
117.168446971	0.0651215845998
114.793897142	0.0669225300727
106.70755041	0.073329263055
163.974175734	0.0383928582198
140.644880806	0.0499742046458
99.6890979712	0.0776905189108
136.622488287	0.0520750666032
164.592126534	0.0382082602797
112.701465922	0.0685874352503
148.072417135	0.0459055575477
135.007628615	0.0532843143754
76.3121748892	0.100805044602
114.39188988	0.0661169959546
106.243748991	0.072247508289
159.87202271	0.0402568797479
122.795280206	0.0604375884462
145.676093626	0.0471741068942
125.539510507	0.0591807505724
88.256635144	0.0883353572902
141.515865929	0.0493983703175
148.603595218	0.0456282337398
160.011795215	0.0402263532919
124.104971838	0.0594669751238
149.3956658	0.0453284854586
124.64305113	0.0590314411303
147.06143708	0.0465641034588
113.620629119	0.0678697774594
106.874120093	0.0717104481968
141.578697578	0.0495262884272
133.455358414	0.0539916130743
150.716909329	0.0446948768589
139.555318925	0.0506529118175
128.259744054	0.0573936258237
134.588923047	0.0534883400261
146.457594539	0.0468220486266
140.315323944	0.0501358380014
113.23035987	0.0667848010971
125.095766929	0.05917776716
143.736261014	0.0482683694221
98.5194926815	0.0789298171594
133.742283139	0.0540100758126
136.95344523	0.0521599348267
155.738358178	0.0422719534918
103.913287811	0.0750538078274
165.388375133	0.0379650059639
147.111409912	0.0464676022589
158.073916516	0.0411624630824
135.261031164	0.0529949304811
128.916175754	0.0569768904651
157.121195601	0.0415712947886
124.96468006	0.0589949428352
113.197172875	0.0670203898221
107.981666171	0.0710431551897
110.227682418	0.069450615063
115.436352965	0.0656914955467
131.965233879	0.0548320964322
134.251267141	0.0534242877546
96.4081403497	0.0808870005502
131.980447208	0.0548165614293
113.517842538	0.0670869892954
137.465430675	0.0516577100965
117.807812648	0.064070087243
108.237477211	0.0708179430462
98.0169687541	0.0792946868247
136.813100867	0.0520409125743
125.987204886	0.0588001968459
100.597649134	0.0769821093384
133.889271967	0.053830020537
144.37378997	0.0479992209054
99.6846254249	0.079424926943
129.620983504	0.0566662216658
156.659466203	0.0417948520688
133.199469201	0.0541830791272
120.660723396	0.0622169381891
152.838037729	0.0436663081222
107.385428933	0.0728079334922
148.584108655	0.0457277480628
114.49554345	0.0672343030384
136.033736766	0.0526701113695
151.800354592	0.0441392670123
135.942390581	0.0525840378617
135.824307083	0.0528120281733
143.790705124	0.0482741637165
132.574613253	0.0547683880965
148.443825121	0.0457793234272
152.905554021	0.0436047961659
156.937780818	0.0416521810826
156.556017812	0.0418569142202
153.421369268	0.0432895494101
153.205319315	0.0434339310577
166.051224922	0.0376237511887
122.769977279	0.0611984484076
149.111208312	0.0454865442408
152.638162745	0.0437176385127
151.730543889	0.0440608774067
161.281378235	0.0396923515986
145.992672388	0.0470768758703
137.822792274	0.0516346380375
139.756312976	0.0505336061869
135.131227019	0.0531423105576
118.678708387	0.064130927998
119.147485827	0.0636694290272
124.365751167	0.060130148307
140.938256649	0.0498130863779
155.947089858	0.0420558871529
108.679786175	0.0706740239557
147.144765905	0.0462171778281
131.568381705	0.0553855654106
119.389971105	0.0636017485417
145.747516189	0.0472288535
140.182759744	0.0500398302625
130.48157196	0.0556676965039
138.95869853	0.0508931721695
154.350286479	0.0428588071152
136.753008132	0.0522432056999
108.666244011	0.0717923146946
152.431804216	0.0436910846633
121.846517546	0.060744036173
148.81226745	0.0454293798267
100.71696977	0.0767065103811
140.475900112	0.0499329384395
152.149928227	0.0439629799431
112.403126583	0.0673045490162
127.479821086	0.0571912709845
165.340573662	0.0378914441953
123.446120251	0.0599953981093
105.913523544	0.0726662718239
135.246922873	0.0525514722493
124.34329892	0.0595715026003
136.911957922	0.0515716761933
121.190782895	0.0615871171695
109.101942564	0.0701315790372
137.637686979	0.0517897654803
150.137588041	0.0449005108099
159.796035434	0.0403926305139
147.498653319	0.0463168783991
149.097723542	0.0454872938192
148.747254829	0.0456273568543
152.441499491	0.0438131567999
120.054717825	0.0623764781723
157.994921448	0.0411741603471
146.625205362	0.0466416021574
145.676940241	0.0471239172329
160.422220335	0.0400580150126
143.303746882	0.0482748624187
146.171773655	0.0469228438734
142.12223601	0.0491878508307
140.013863344	0.0503362001204
153.060028394	0.0434626837215
153.620035538	0.0431907040206
116.040718081	0.0646831288009
134.586411596	0.0533895952635
157.808543897	0.0412467571491
152.131055502	0.0439426209352
164.216519408	0.0384299085659
152.574575945	0.0436851902224
150.006216184	0.0450347335549
156.352082833	0.0418531374817
149.517048757	0.0451505604502
154.09730059	0.0428738339753
137.955346097	0.0516057242565
107.283256328	0.0728696938372
123.807330393	0.0605650121162
144.035163489	0.0481419400052
150.755650914	0.0443904984349
147.472836179	0.0459732511059
173.31946358	0.0346899980981
154.221030603	0.0427556709197
143.721699041	0.0480380360931
164.737575311	0.0381935563321
156.058463013	0.0420933538476
146.233085349	0.0467153331163
152.920547263	0.0436007042717
134.180152155	0.0533129844811
145.645849682	0.0472989081854
157.030124798	0.0413971391231
131.605428775	0.0554140875298
140.299924852	0.0498086343995
130.846913862	0.0558883323686
142.418391665	0.048764992198
115.207205688	0.0667166578483
146.370272954	0.0466030062366
126.007892896	0.0590578576931
155.790190176	0.0419031499711
141.296596045	0.0497195234234
160.46933798	0.039805609063
138.309243369	0.0514199819625
156.850376555	0.0415493652299
123.683716869	0.0606263511325
147.994523921	0.04585706783
118.925874639	0.0639903024263
145.169875105	0.0472488124233
119.624810788	0.0634893169859
155.823663008	0.0418884231464
135.130291263	0.0532789800441
168.484060725	0.0364365590656
131.248143894	0.0556427859346
126.885518511	0.0575855177253
158.377832411	0.0409061588456
139.971591164	0.0504622508753
148.667192882	0.0455945348864
119.427717656	0.0636264652285
158.034146917	0.0410368520074
121.722520121	0.0619924386308
167.082597542	0.0370067778209
131.929978314	0.0552558105539
172.052771259	0.0351159474714
122.333940595	0.0614826068304
148.8845871	0.0454992480384
126.243531616	0.0589005105196
145.602647418	0.0469152501249
162.346537325	0.0391716566586
140.698650498	0.050045552266
164.573180048	0.0382349603952
143.262273759	0.0485890084845
131.683604271	0.0546433198333
167.028617119	0.0372036351982
156.051812098	0.0418682604553
175.08434169	0.033993904911
163.020484953	0.0388615900215
150.469736333	0.0447386795516
164.401795237	0.0382821634544
155.006626036	0.042537048406
172.723712654	0.0348479375415
155.43509381	0.0423363038135
118.255481614	0.0632208014816
124.102929756	0.0603224471797
147.977818209	0.0457974247216
169.625423989	0.0361384997454
150.395679764	0.0444689003434
154.491572059	0.0426846966087
144.306324722	0.0480260010515
132.142924644	0.054480079891
115.505625345	0.0650378820211
121.536367401	0.0611188637804
128.182530507	0.0567404688
146.008116006	0.046823352106
157.630361631	0.0411068669287
155.022660102	0.042437645998
157.376745019	0.041439227492
158.523764817	0.0408794259069
163.642468227	0.0386602228737
152.044234417	0.0440296802102
171.329343522	0.0354794469043
153.155308007	0.0434757771917
136.902849683	0.0522282916861
133.830498745	0.0533024389545
141.578996698	0.0495346689159
149.839706995	0.04487508787
140.196285331	0.0498342934937
134.38567214	0.0537234952541
168.348278552	0.036513598647
165.996482648	0.0376459694338
160.565252529	0.0397825113896
156.02023669	0.0418970995499
158.279156631	0.0408140453571
146.878092093	0.0462725171105
130.098302133	0.0562984053238
172.396433414	0.0349672064008
162.470394023	0.0390256497727
145.557281925	0.0469054658967
151.711832834	0.0441940380361
142.603167631	0.0489744244844
138.40949885	0.0513265354625
141.918336234	0.0488594969062
154.680738826	0.0425550196025
154.055080975	0.0426837315341
165.745541363	0.0377314373789
156.01628716	0.0420829465109
172.910005782	0.0347952689152
161.540393258	0.039493690244
141.421235202	0.0491022663718
156.33369953	0.0416894151128
153.411429629	0.0433385001752
158.687641804	0.0408287051121
173.650932043	0.0344813336191
172.265799785	0.0350685432609
159.198256211	0.0403923677536
157.310730425	0.0414610102926
161.240832124	0.0397025387973
163.248923484	0.0387937399458
175.890766001	0.0336949285847
179.432529591	0.0323668324694
172.119627334	0.0351356731747
161.839813893	0.0394045414485
169.354393977	0.0362554438596
158.268006312	0.0410223863993
151.125944834	0.044496032344
147.144878881	0.0464877445896
162.408899242	0.0391386419856
168.938313341	0.0363804405033
164.762326733	0.0381525647957
169.240982978	0.0362696731886
163.269777143	0.0387800245127
160.086852803	0.0402025730229
155.679675355	0.0422463318318
154.51014275	0.0427974546876
174.506596642	0.0341618716206
158.348676961	0.0410101660971
174.998148316	0.0339729584512
126.715112117	0.0577001225222
156.530141529	0.0416140392766
168.635165517	0.0365381968524
169.52149826	0.0361553256111
172.799298557	0.0348571727771
171.40643686	0.0352911185479
142.865742152	0.048283080328
165.280023939	0.0377062241503
170.909476407	0.0356081599874
155.448285276	0.0421348539333
157.666778292	0.0412932089404
152.497100217	0.0435330674244
139.071230896	0.0509244175492
163.112336076	0.0387476881305
171.974563459	0.0351144877399
174.848864797	0.0340493154265
138.897175451	0.0504580522947
151.694090176	0.0439152891284
162.393820206	0.0390815126209
167.29330751	0.0370776402874
162.104000891	0.0390474487175
168.578712678	0.0365390681277
169.53764511	0.036066956184
174.238938851	0.0342979305308
176.581619352	0.0334185916209
178.836714267	0.0325589274336
166.577747943	0.0372136856611
154.874970161	0.0425901161027
169.728154052	0.0360739553948
170.273568211	0.0358618708602
174.264412043	0.0342886301594
174.089270766	0.0343703150172
170.172162295	0.0358868867966
177.727404319	0.0330083685177
165.405372012	0.0378199234111
178.294601086	0.0327963404769
182.185589492	0.031387436952
166.842486201	0.0372552223
168.795868404	0.0364428609294
171.184056826	0.035503271215
177.154756627	0.033131498561
175.316223906	0.0338502764533
174.566469233	0.0341519019618
172.640198124	0.0347577024018
182.31292293	0.0312758791415
178.68772331	0.0325637089173
167.411902236	0.0369050027395
176.79706409	0.0332314790706
181.37881927	0.0316694667686
177.408268376	0.0330671641378
179.904959759	0.0321633678473
177.094543124	0.0332092653155
157.195740121	0.0414879270771
173.548538373	0.034472597575
181.765703207	0.0314872096287
178.141877652	0.0327843039524
162.901777014	0.038777008175
178.110400341	0.032740212877
179.780506995	0.0322211753116
176.123157927	0.0334506505406
174.763392241	0.0339892971287
173.195230279	0.0346989532343
178.896252963	0.0324776589993
180.860543691	0.0318111032247
158.729089061	0.0405155211156
160.661854793	0.039886240354
186.026138447	0.0300156217389
181.915595854	0.0314801183486
168.816193153	0.0364585661464
177.881287933	0.0328787074183
171.779191561	0.0350807950543
170.294426354	0.0358429748829
176.728297096	0.0333589441208
174.21723706	0.0343186732126
167.753406332	0.0368273449695
172.099236722	0.0349379792222
175.48222093	0.0337857077104
172.623452735	0.0349332164497
169.087995245	0.0363412474121
186.431504644	0.0298820522567
173.295211072	0.0346441035874
168.629671554	0.0362788072643
178.098810033	0.0327973379637
185.316577025	0.0302325329921
175.889029768	0.0336353037306
170.041383535	0.0357461132339
167.497292048	0.0368303229951
180.452606739	0.0318509419069
177.031389317	0.033207839109
167.241523319	0.0371060408538
174.662132256	0.0341127699832
171.632949612	0.0350622536724
180.556728317	0.0318958781492
172.945059916	0.0345392755186
184.5040486	0.0305509101122
173.804452742	0.0342814403784
171.354124541	0.0351601766753
170.655015116	0.0356529119835
164.14515693	0.0381458688895
174.458328881	0.0341658644038
157.205359586	0.0414855640483
174.325276588	0.0342208106191
175.731547524	0.033625417567
173.40696522	0.0346090243256
167.565979654	0.0367397675467
175.270743146	0.0338980743794
185.958122979	0.0300410039163
184.685007705	0.0304872654415
176.086902406	0.0334762344626
177.832023658	0.0327230701848
175.137549622	0.0338450460663
172.981696594	0.0345108074337
185.600260058	0.0301758216729
175.721502867	0.0337228369098
165.056954432	0.0376858495794
187.835276262	0.029384682446
184.664650878	0.0304238276122
185.129100137	0.0303022118151
176.294669887	0.0335106796985
179.679909303	0.0321001911951
172.155103463	0.0351009068249
156.14283535	0.0419823590491
186.676120952	0.0298249890048
177.215336461	0.0331437233914
163.703655578	0.0383881263934
178.79150632	0.0325993401819
185.87806967	0.030086713653
181.034350038	0.0317788567221
175.481949208	0.0337706094659
182.72633179	0.0310650680188
178.841866115	0.0324466246596
183.087547754	0.0310476521156
181.650094189	0.0315821853024
186.774178353	0.0296796096617
191.417560714	0.0282754098039
188.846205449	0.0290446451344
174.981127031	0.0339626935355
169.217220798	0.036278843831
183.706111326	0.0308370270435
179.273009608	0.0323255302215
181.099326387	0.0317731365816
179.667999407	0.0322099746118
178.905806767	0.0325544391016
174.10195409	0.034355991908
188.899158005	0.0290396879309
173.176395722	0.0346978368783
176.458918024	0.0333222668414
183.509076432	0.0308218151673
176.328935975	0.0332981697406
171.662833799	0.0350280632758
172.834251674	0.0346715775962
178.439333764	0.0327146441739
181.7579907	0.0315137147532
184.701851837	0.0305049733883
176.623966951	0.0334074490809
180.814364314	0.0318849497303
178.137630851	0.0328346678411
176.620215278	0.0333932711507
184.329894188	0.0306018563726
176.049737643	0.0336311768861
179.953637347	0.0322013667471
177.834834682	0.032966679464
181.338162326	0.0317028479476
183.850215206	0.0308016370515
184.779512747	0.0305042563114
184.066517113	0.0307143554929
178.38722094	0.0327682446588
181.972467539	0.0314804865849
184.198140146	0.0306956050135
180.233370392	0.0321042801601
188.61769612	0.0291856909197
183.300354059	0.0310074394003
191.62386332	0.0282137254402
191.108365069	0.028386263528
191.267594187	0.0283070173736
185.051904978	0.0303342838223
183.199535543	0.0309422223643
183.885729543	0.0307182195986
186.212040881	0.0299268273066
191.192516144	0.0283197009811
183.371049143	0.0309020448592
186.748571603	0.0297498242614
187.713381259	0.0293989321673
181.494124696	0.0315291887552
183.564275531	0.0307786153322
184.095668563	0.0306279967715
181.685154327	0.0314708381578
184.759575624	0.0303901400576
187.830158579	0.0293337410286
182.560906279	0.031158797855
183.496281159	0.0307903910138
181.444290576	0.0315986278925
184.275618742	0.0305014225543
189.113593507	0.0290028717951
186.606546842	0.0298462842502
183.902689822	0.0307717173798
189.974473857	0.0287209756444
188.438239409	0.0292599874995
186.253691362	0.0299469865437
186.520068137	0.0298867209971
183.526728809	0.0309250555654
189.035667756	0.0290765399895
187.873715895	0.0294595250513
183.574002306	0.0309019714869
184.633753355	0.0305423392322
181.40027803	0.0317071937497
190.662430859	0.028554575477
172.227232774	0.0348348824169
183.939512659	0.030582366612
189.300084597	0.0289664063338
185.736887225	0.0301888165884
185.249770564	0.0302876921364
183.508826843	0.0309639452714
191.698431098	0.0282337310557
188.234404835	0.0292058513739
180.500445673	0.0317842164001
182.8284989	0.0309589643479
168.695393504	0.0361895547872
181.869526624	0.0313278094444
193.072026604	0.0277498648517
193.217979492	0.0276889094427
190.459528021	0.0285768873518
188.471664021	0.0291563466539
191.349119263	0.0282602260794
191.236755996	0.0282675742686
189.436204573	0.02885240932
186.758679028	0.0297282220696
191.959726347	0.0280877540613
191.32187223	0.0282903445609
190.343813417	0.0285972758767
191.597702595	0.0282283381618
191.171560088	0.0283573327063
189.986011787	0.0287472346087
190.652264084	0.0285402456522
189.489037814	0.0289166984855
190.987720135	0.0284486999242
188.889657663	0.0291194410699
186.840984051	0.0298061661489
188.283050871	0.0293265019051
189.189486657	0.0290240811201
186.20731749	0.0300265926786
188.48629593	0.0292688096645
189.012742072	0.0290906156621
186.900915928	0.0297841077373
190.138499828	0.0287138798399
190.275926995	0.0286844052487
190.118634249	0.0287113631925
192.672977695	0.0279096482995
188.484083339	0.0292372899273
192.241169591	0.0280334711697
190.089089743	0.0287025060049
188.087568005	0.0293560830273
191.825853159	0.0281278488274
190.73034633	0.0284999498671
194.882165198	0.0271995086033
189.486957421	0.028923691239
186.389147771	0.029899582142
190.286111317	0.0286312291214
190.60762258	0.028516656657
188.231439631	0.0292290368913
187.655956498	0.0295079761801
190.771857529	0.0284502272148
189.225630056	0.0288830710353
191.670975436	0.0281948216205
190.226934122	0.0285590899907
190.366545822	0.028614041043
187.687395922	0.029462004121
192.1125227	0.0280302830639
191.199015446	0.0283219911648
193.350316794	0.0276501293183
193.39734269	0.0276481650845
193.218157615	0.02771768289
192.36948838	0.0279763667716
191.343565906	0.0283177129832
194.823670788	0.0272074319772
193.461917586	0.0276658413285
193.275031872	0.0277108333944
191.200289567	0.0283846285488
191.651737016	0.0282330526548
190.306462669	0.0286774590915
192.824816691	0.0278641049813
192.301148835	0.0280444111974
191.016771633	0.0284267834854
193.333829437	0.0277034165796
192.84418743	0.0278498969729
192.704448012	0.0278965970364
192.48791293	0.0279503165087
194.052917696	0.0274928982647
194.086345727	0.0274457918465
193.592211723	0.0276212385154
193.213564914	0.0277171603718
193.565563985	0.02762267335
193.89035324	0.027513438036
193.604650243	0.0276068809243
190.521572316	0.0285853338334
194.290212643	0.0273784890887
194.51136728	0.0273151194859
192.847992776	0.0278059450124
193.973053079	0.0275028581384
194.500344695	0.0272918965897
194.002103029	0.0274840767779
189.838684045	0.0287595391168
190.772082048	0.0284933023916
192.204432184	0.0280220013039
193.622851624	0.0275845852833
192.538699305	0.0279018481603
191.099932252	0.0283823425103
191.182185537	0.0283470034064
191.527798998	0.0282219615968
194.26358103	0.0274003868432
193.976489719	0.0274610591944
195.339625503	0.0270638294712
195.481786814	0.0270120748597
192.769124698	0.0278502375298
191.685522557	0.0281985371877
194.384765422	0.027372991761
194.946378433	0.0272082331801
194.64504868	0.0272828760081
194.485704801	0.0273559793277
194.063877087	0.0274687991039
193.373908131	0.027705385871
192.968349901	0.027818975528
193.650621493	0.0276179272533
192.580628011	0.0279374203463
193.960905198	0.0275149053593
193.550533375	0.0276485396565
193.740172948	0.0275752564498
193.53614197	0.0276464086289
195.168742573	0.027148770976
194.509251077	0.0273366378006
194.080564654	0.0274776002314
193.455544373	0.0276503713516
193.270328943	0.0277215759453
193.664140694	0.0275911139112
195.168201132	0.0271316612313
193.254063084	0.0277174633761
195.444343332	0.0270513947417
194.940350874	0.0272120208804
194.828492478	0.0272243185211
194.541184247	0.0273230460934
193.501667835	0.0276354644737
193.764919255	0.027587346515
194.540006484	0.0273014486203
195.125635459	0.0271449794075
194.319576595	0.0273702696081
195.140676982	0.0271475861282
195.24163266	0.0270787835566
195.245223227	0.0270984594788
192.89164132	0.0278054829831
194.78381559	0.0272367186665
195.93071434	0.026887487796
194.942293822	0.0271932249187
194.270906297	0.02739759353
194.722721208	0.0272576007058
196.043406492	0.026844768503
195.972887737	0.0268988957495
196.403391312	0.0267519613442
195.826672968	0.0269473966889
196.087009361	0.0268545375915
195.378093998	0.027069990373
193.919502114	0.0275231527991
196.257729471	0.026807831656
194.832248907	0.0272635412261
195.455358977	0.0270512713383
195.097225637	0.0271807593999
195.956080366	0.0268983346798
194.954961456	0.0272247432404
194.624556907	0.0273220199868
194.583032164	0.0273283011795
196.056654604	0.0268678827478
195.595008892	0.0270047174541
195.865292772	0.0269166454847
197.148765479	0.0265444576097
196.60807064	0.0267026421628
194.972612734	0.0272145447461
193.683920566	0.0275943375189
194.447145883	0.0273717843671
195.645808026	0.0270068018767
195.798841949	0.0269451976208
196.247134147	0.0268261396572
196.800332425	0.026663447915
195.142341528	0.0271595495389
194.199834544	0.0274398053019
195.883724659	0.0269331145845
195.534324733	0.0270369386537
196.276825283	0.0267959514077
196.26734772	0.026818115846
197.089832471	0.0265624433689
196.576845225	0.0267234822467
197.223598151	0.0265160425456
197.153017992	0.0265327058326
196.622191432	0.0267074841253
197.573215387	0.0264086801829
197.748456975	0.0263598750207
197.130086002	0.0265350191897
196.051683431	0.0268612454465
198.104675982	0.0262483985775
196.363299074	0.0267818981442
191.569616259	0.0282559969982
187.658620321	0.0295106157852
190.21630043	0.0286867340684
185.216130536	0.0302963639531
195.091734807	0.0271755752229
189.656846728	0.028903928153
194.875492652	0.027218017575
193.92146121	0.0275233975888
194.717635348	0.0272836788251
196.114405089	0.0268677004469
196.545646221	0.0267045973609
189.883576667	0.0287970166291
192.427175092	0.0280130791703
195.467045995	0.0270697030962
194.152442541	0.0274374404865
192.216817491	0.028047940302
194.048731781	0.0274747845369
193.582518016	0.0276669006566
192.638501502	0.0279281606664
196.931959735	0.0266304783858
192.985826136	0.02784195574
195.007235989	0.0272111254175
193.08370948	0.0278042768606
195.687849087	0.0269889373589
195.180931917	0.0271325354416
193.40203698	0.0276825230032
192.928139888	0.0278292107444
194.970249079	0.027217714311
194.075562833	0.0274629960178
194.349359228	0.0273853408718
195.461488249	0.0270618162009
195.305326819	0.0271015679777
195.782572903	0.0269727522145
196.242841418	0.0268273446544
196.599946966	0.0267111231535
194.317867273	0.0274101318192
195.000335173	0.0272193255878
196.051991584	0.0268770418125
195.00103707	0.0271944124525
196.76222783	0.0266657656864
196.45649747	0.0267733914697
197.326858365	0.0264994089869
196.539707686	0.0267286849514
196.285151761	0.0268094897824
194.927940964	0.0272230370089
196.663069224	0.0267250466535
195.920554479	0.026950336072
197.11569142	0.0265625461868
196.71382115	0.0267053388516
196.325997981	0.0267991800311
195.828462614	0.0269481230595
196.152577119	0.0268543285932
195.759135882	0.0269740072847
194.51337701	0.0273538659535
195.722344095	0.0269946576397
195.250623492	0.0271612200922
195.688927194	0.0270246680954
194.452383423	0.0274028734049
195.059189363	0.0271918043486
194.366631919	0.0274007885935
195.526277037	0.0270670787681
195.840276581	0.026956957699
195.316949703	0.0271359514746
195.972455093	0.0269373034023
194.216074106	0.0274662177791
196.015070979	0.02691995863
195.363691964	0.0271004474242
196.28004295	0.0268366421366
196.141860626	0.0268713094798
196.439771935	0.026792389237
195.157258641	0.0271824096263
194.942615974	0.0272453719733
196.289157284	0.0268359424611
196.729907623	0.0266956775444
197.037783863	0.0266104482266
197.156674797	0.0265716216535
197.022354498	0.0266060959615
196.775519867	0.0266951210231
196.106386909	0.026893095882
197.113264653	0.0265934613963
197.394323207	0.0264980567972
197.011865076	0.0265996076467
197.091602035	0.0265997384874
197.232030807	0.0265590800283
196.114859619	0.0268904063857
197.391909251	0.0264959300657
197.332699808	0.0265103431696
197.696059096	0.0264005507964
197.653592589	0.0264315281505
197.577189118	0.0264563994235
196.79646686	0.0266864588422
198.290486026	0.026243239184
197.432888369	0.0264764289868
198.157386406	0.0262832258183
197.244855926	0.0265329303667
198.572641447	0.0261582352772
198.232289571	0.0262543479501
197.96455378	0.0263207802663
197.051907627	0.0265823303274
198.470474594	0.0261900492203
197.318677876	0.0265140224924
198.059350224	0.0263110791303
196.901046567	0.0266538290346
197.323392782	0.0265271568518
197.761154868	0.0263900222839
198.217105119	0.0262413681068
198.371710307	0.0262181097155
198.329093243	0.0262095813607
198.72944795	0.0260960394484
198.089453921	0.0262731779941
198.717453809	0.0261137150202
198.752923615	0.0261045838772
198.204915338	0.0262667163683
198.680309413	0.0261251548288
198.371649491	0.0261982461532
198.61310357	0.0261474419618
197.989029202	0.0263309342834
198.943380034	0.0260463393492
198.421337845	0.0261882848214
198.971870885	0.0260308028796
198.753153369	0.0260997971792
198.702270665	0.0261196660314
198.289866168	0.0262424471713
198.736829858	0.0260997676914
198.283234544	0.0262173313071
198.776626038	0.0260970839762
198.224967341	0.0262611287108
198.241808633	0.0262563404294
198.832965046	0.0260694880615
198.525536123	0.0261732773481
198.979123215	0.0260329233138
198.120720766	0.0262913843007
198.898317254	0.0260577232421
198.484955745	0.0261822603299
198.700876606	0.0260994493694
198.490135017	0.026175204972
198.867042882	0.0260560099908
197.998784404	0.0263122655602
198.29612543	0.0262144923676
198.600619516	0.0261462311657
198.830499852	0.0260790256903
198.681331384	0.0261200885474
198.59963869	0.0261513912211
198.269310005	0.0262455983362
198.573688989	0.0261563756748
198.78421868	0.0260911036288
198.797585364	0.0260870962019
198.435125275	0.0261751985871
197.919424775	0.0263140408759
198.020159082	0.0262864271113
197.98675022	0.0262927394688
198.404803644	0.0261866522474
198.122024083	0.0262587859936
197.749361346	0.0263611268587
198.800286936	0.0260720236753
199.06259682	0.0259891778819
198.665621869	0.0261351177308
199.500427325	0.0258895630383
198.535047055	0.0261471824089
198.99712469	0.0260345091813
199.291133721	0.0259218573455
199.219405403	0.0259419631921
199.032790076	0.0259876279528
199.460752816	0.0258694343823
199.687342125	0.0258279571574
199.775599209	0.0258030502536
200.408959433	0.0256068305094
199.945716896	0.025728873032
200.185718139	0.0256548225001
199.880971704	0.0257436490432
200.731840734	0.0255174159847
200.438029952	0.0255997721935
200.36919881	0.0256037249871
199.985684358	0.0257115789229
200.066348022	0.0256857614338
200.608856865	0.0255423438693
200.719577945	0.0255257852391
200.933381405	0.0254559076985
201.011405888	0.0254246095796
200.98281915	0.0254469895258
201.045896411	0.0254121725894
200.892966193	0.0254554044856
201.125057926	0.0254088973042
201.011420765	0.0254227161697
201.481710224	0.0252923811252
201.088573169	0.0254171908795
201.501332935	0.0252797693289
201.139103889	0.0254028524117
201.780282912	0.0252203691682
201.066422944	0.0254051858315
201.620781679	0.0252632082706
201.093455662	0.0253985528162
201.653296075	0.0252402024911
200.835512567	0.0254660226621
201.517363979	0.0252953612113
201.146723503	0.0254085855674
201.713107942	0.0252286538633
201.299940022	0.0253461418162
201.643642	0.0252499692674
201.330124552	0.0253330433271
201.532755663	0.0252919196703
201.423973578	0.0253109307666
201.397718243	0.0253105070471
201.182666423	0.0253701570518
201.23792409	0.0253518465816
201.204862549	0.0253644093225
201.471375402	0.0253093549421
201.262773666	0.0253742251487
201.63095294	0.0252519211769
201.196435732	0.0253895512975
201.402031493	0.0253274890396
201.123278339	0.0254118771647
201.359816167	0.0253407426289
201.244849895	0.02535813419
201.182933493	0.0253936773969
201.1996595	0.0253717272812
201.375578443	0.0253220350701
201.152779781	0.0253960692754
201.27948656	0.0253533742979
201.027294635	0.025418937592
201.005189786	0.0254212700403
200.635655742	0.0255216397827
201.025810079	0.0254160368822
201.197653096	0.0253863966341
201.306168963	0.0253466056615
200.955584904	0.0254358457962
201.321802305	0.0253338425801
201.103452177	0.0254110512633
201.632642027	0.0252578113154
201.168182065	0.0253926214294
201.243184357	0.0253788755649
201.171393337	0.0253873554556
201.503581884	0.0252862910216
200.984725942	0.0254299090291
201.167740345	0.0253726951993
201.079920478	0.0254019437392
201.491320296	0.0253002513613
201.027915491	0.0254335186713
201.629168743	0.0252600882599
201.04932495	0.0254330572455
201.364403417	0.0253381164152
200.989780803	0.0254350062766
201.355024481	0.025321494063
200.736845314	0.02549836849
201.586845147	0.0252672051839
200.889235917	0.0254598798902
201.277146819	0.0253621738611
200.847081499	0.0254918013473
200.942170151	0.0254648545892
200.68394304	0.0255393783362
201.196526104	0.0253914798317
200.829577063	0.0254836749854
201.216539308	0.0253657723755
200.784566604	0.0254977535339
201.292094064	0.0253465126581
200.717290726	0.0255243138202
201.052991463	0.0254334210419
200.657556418	0.0255468329968
201.31830603	0.0253491626834
200.644299209	0.0255485570447
201.237558748	0.0253758921004
200.934258747	0.0254612931106
201.025710802	0.0254392366842
200.754342967	0.0255194727674
200.725191739	0.0255283005851
201.06837793	0.0254216231898
200.940831465	0.0254610400223
200.745484977	0.0255209321468
201.131669292	0.0254017805345
200.8345564	0.0254791905545
200.938876404	0.0254597013829
200.929820722	0.0254589434971
200.825531281	0.0254927871775
200.814796204	0.0255018637209
201.011119055	0.0254345309278
200.902555311	0.0254657598472
201.13042278	0.0253939271996
200.953969467	0.0254466909508
201.103340206	0.0253986486997
201.000495707	0.0254389717006
201.04644271	0.0254328232484
200.806340745	0.0255038677999
201.006782115	0.0254322054534
201.00262489	0.0254392280597
201.124106545	0.0253994607661
200.951383233	0.0254419751442
201.127280906	0.0254042084077
200.941170772	0.0254516359634
200.905114868	0.0254661826147
200.968416595	0.0254492307828
200.949481807	0.0254499359774
201.057113048	0.0254266780024
200.890300023	0.0254711458855
203.936345951	0.0246141009954
208.326621879	0.0234210479258
212.725430174	0.0222837219381
216.32040072	0.0214049360654
219.585160414	0.0206329375101
222.449650012	0.0199795543877
225.222751706	0.0193618208697
227.571602256	0.0188511740537
230.142016444	0.0183105013121
232.366802546	0.0178565462457
234.596778929	0.0174123335935
236.640724968	0.0170103995836
238.546035975	0.0166524425844
240.280523983	0.0163329487943
241.761071548	0.0160654822529
243.107070631	0.0158258546872
244.364641624	0.015609903269
245.52662157	0.0154068466457
246.553674431	0.0152326571538
247.64127176	0.0150580725276
248.456008942	0.0149334057459
249.552735497	0.0147511362152
250.209219113	0.0146462644636
250.842362977	0.0145446745691
251.663983254	0.0144086504744
252.090400049	0.0143429319496
252.772676347	0.0142331868535
253.185551991	0.0141623409953
253.478235912	0.0141195598014
253.751208173	0.0140737546334
253.982582729	0.0140383457738
254.088003431	0.0140202162148
254.236753311	0.0139926405298
254.279405854	0.0139877729519
254.45967051	0.013959986484
254.487761493	0.0139538334189
254.561944352	0.013937737714
254.491155723	0.01394580874
254.348477544	0.0139564270738
254.098329239	0.0139896958174
253.971180713	0.014003476598
254.152418862	0.0139758724852
254.278462945	0.0139525603363
254.432343174	0.0139311309395
254.312150527	0.0139491844647
254.039479731	0.0139923468539
253.746052549	0.0140390311211
253.408207819	0.0140880183042
253.282959662	0.0141103961611
252.795822538	0.0141871136501
252.273158668	0.0142704313162
251.201446231	0.0144425744158
251.223789959	0.0144383726976
255.003359559	0.0138564202227