100	-0.04494	0.0	0.999075156913	0.000924843086994	0.0
104	-0.03369	2.85087836108e-64	0.548322634912	0.448455023821	0.00322234126723
105	-0.03774	0.0	0.0	1.0	0.0
107	-0.03924	0.0	0.0	1.0	0.0
11	-0.09883	1.0	0.0	0.0	0.0
113	-0.04543	1.0	0.0	0.0	0.0
114	-0.005512	0.0	0.0	1.0	0.0
115	0.01047	1.0	0.0	1.06876568733e-110	0.0
116	0.04758	5.82213634367e-27	0.982840261094	0.0171597389062	0.0
117	0.02759	0.0	1.0	0.0	0.0
118	0.05919	0.0	1.0	0.0	0.0
119	0.08789	0.0	0.0474141498725	0.0	0.952585850127
121	0.09678	0.0	0.0	0.0	1.0
125	0.1833	0.0	0.0	0.0	1.0
126	0.4949	0.0	1.0	0.0	0.0
127	0.6276	0.0	0.0	0.0	1.0
128	2.266	0.0	0.969927707615	0.0	0.0300722923846
165	-0.08996	0.0	1.0	0.0	0.0
166	-0.08555	0.0	0.44883852791	0.0	0.55116147209
167	-0.1132	0.0	0.0	0.0	1.0
168	-0.1088	0.0	0.0	0.0	1.0
17	-0.1331	1.0	0.0	0.0	0.0
170	-0.0827	0.0	0.0	1.0	0.0
172	-0.07586	0.0	1.0	0.0	0.0
175	-0.08587	0.0	1.0	0.0	0.0
176	-0.06108	0.0	0.0	1.0	0.0
178	-0.06277	0.0	0.0	1.0	0.0
189	-0.02525	0.0	0.0	1.0	0.0
190	-0.02283	0.355951548841	0.0	0.644048451159	0.0
191	-0.02488	0.0	0.0	1.0	0.0
192	-0.02148	0.0	0.0	1.0	0.0
193	-0.02619	1.0	0.0	4.58058919748e-29	0.0
194	-0.009026	0.955238586823	0.0	0.0447614131772	0.0
195	-0.007675	1.0	0.0	0.0	0.0
196	0.01712	1.0	0.0	0.0	0.0
197	0.02157	0.0588851876163	0.0	0.941114812384	0.0
198	0.05567	0.999127217887	0.0	0.0008727821133	0.0
199	0.0731	1.0	0.0	0.0	0.0
200	0.1047	0.0	0.0	1.0	0.0
201	0.07177	1.0	0.0	0.0	0.0
202	0.02443	0.482729984113	0.0	0.517270015887	0.0
206	-0.006127	0.784278834543	0.0	0.215721165457	0.0
207	0.001016	1.0	0.0	0.0	0.0
208	-0.01728	0.0039530138393	0.0	0.996046986161	0.0
211	-0.01826	3.54516221947e-35	0.0	1.0	0.0
23	-0.09191	0.593796047942	0.0	0.406203952058	0.0
24	-0.08041	0.0	0.0	1.0	0.0
25	-0.08714	1.0	0.0	0.0	0.0
26	-0.0896	0.0	0.0	1.0	0.0
39	-0.08394	0.0	1.0	0.0	0.0
40	-0.07053	0.0	0.197081508426	0.0	0.802918491574
41	-0.04223	0.0	1.0	0.0	0.0
42	-0.0111	0.0	0.846470809565	0.0	0.153529190435
43	-0.02314	0.0	1.0	0.0	0.0
45	-0.03314	0.0	0.515171029431	0.0	0.484828970569
46	-0.03843	0.0	0.999999999497	0.0	5.03129081607e-10
47	-0.01546	0.0	0.0	0.0	1.0
48	-0.02115	0.0	0.569530445696	0.0	0.430469554304
49	-0.04049	0.0	1.0	0.0	0.0
53	-0.06546	0.0	0.0	0.0	1.0
54	-0.04454	0.0	0.56313352914	0.0	0.43686647086
6	-0.06733	0.0	0.0	1.0	0.0
61	-0.06515	0.0	1.0	0.0	0.0
62	-0.05573	0.0	0.0138489432202	0.0	0.98615105678
63	-0.05648	0.0	0.0	0.0	1.0
64	-0.06877	0.0	0.0	0.0	1.0
65	-0.06317	0.0	1.0	0.0	0.0
66	-0.05948	0.0	1.0	0.0	1.39888871873e-76
67	-0.06385	0.0	0.0	0.0	1.0
68	-0.06865	0.0	1.0	0.0	0.0
69	-0.05845	0.0	1.0	0.0	1.23002610504e-224
7	-0.08601	0.0	1.0	0.0	0.0
70	-0.0559	0.0	0.0	0.0	1.0
72	-0.05989	0.0	0.0	0.0	1.0
73	-0.05305	0.0	0.0	0.0	1.0
74	-0.05371	0.0	0.828088214829	0.0	0.171911785171
76	-0.05694	0.0	0.49132485723	0.0	0.50867514277
79	-0.05227	0.0	0.0	1.0	0.0
80	-0.05263	0.739099457287	0.0	0.260900542713	0.0
84	-0.1212	0.0	0.0	1.0	0.0
86	-0.102	0.0	1.0	0.0	0.0
90	-0.05903	0.0	1.0	0.0	0.0
91	-0.05751	0.0	0.0	0.519224958042	0.480775041958
92	-0.06507	0.0	0.0681584378056	0.0	0.931841562194
94	-0.0495	0.0	0.997748309902	0.00225169009846	0.0
95	-0.05049	0.0	0.973504187875	0.0	0.0264958121251
97	-0.0458	0.0	0.411412085143	0.588587914857	0.0
98	-0.0415	0.0	0.980757356014	0.0051506243593	0.0140920196268
99	-0.04404	0.0	0.00542908799318	0.994570912007	0.0