-82.0005824524	0.609879387578
-23.774574358	0.314574103544
-75.7884831519	0.566247140755
-71.36321066	0.539461879686
-28.8116858941	0.334058139903
-19.5262141996	0.30305029283
-16.855159743	0.293114204761
-62.0554802418	0.48597519678
-45.9747610736	0.402937855999
-45.0289101113	0.400727179429
-14.0353019553	0.283954987632
-40.9284275999	0.384774259897
-50.3841526534	0.424298239522
-35.9359995937	0.363889393263
-43.3099621144	0.391586775629
-10.4024933413	0.273568340079
-35.5876176417	0.36222548432
-50.451573133	0.427118654409
-41.2795375273	0.386274307405
14.983871391	0.204850767733
-82.9470472005	0.617799314455
-78.9709782662	0.591094342934
-49.9588982833	0.425267284584
30.9785174784	0.170820607923
-2.78828002048	0.248364404745
-26.8435215844	0.328655734798
-20.8442987078	0.294534308508
-10.8875296881	0.274581790146
-29.9048746059	0.333719046074
-43.7202771285	0.392906672362
-49.172857787	0.42124038156
-44.0745908512	0.399019167722
-35.0998817708	0.35926251306
-40.2018042902	0.381805672127
-57.4724225447	0.463982433472
-71.702253165	0.542457814162
-35.7291136815	0.354422781744
-28.8426161602	0.325982223304
-19.124901448	0.297609742691
-54.4928534404	0.445790790366
-14.7667944731	0.286624268486
22.8323752249	0.188067907117
3.63893693168	0.232900160727
30.1694951408	0.17288540847
-5.43191874656	0.258632025867
-30.1550789527	0.340761187832
14.0512155437	0.207881434773
-43.9054909777	0.398501214211
-20.2495760172	0.305341981455
-28.5137459035	0.324057369413
20.5340682268	0.192207952906
-42.8043622423	0.388772551102
-17.2772545169	0.290686606947
-3.13970735315	0.24893203452
-55.656741302	0.454362634813
-17.4036776688	0.283606951464
-53.6936357628	0.443835374125
51.2655639014	0.13581495164
17.1343419198	0.200803016272
1.4989690556	0.235258025676
-46.5104024655	0.410192919877
-11.2750165432	0.268539960492
-41.7407964692	0.387205706153
-47.3674457237	0.41008597955
-13.4273770845	0.272013608579
-15.1101663616	0.281367310767
11.9065953683	0.21304290462
-41.892708715	0.384867484211
-14.7362355828	0.284377739998
5.73063526033	0.224817849524
-47.6058332738	0.411503940992
9.2053736755	0.218814463481
-2.2327590007	0.248419111014
-4.67766800389	0.245180122167
-0.687429651846	0.232421681134
-21.4707951008	0.300209054926
-7.63649969385	0.253665243918
-3.54180985654	0.240900985475
-5.91487467321	0.248824774232
-1.59503938937	0.235921574637
-0.249075178389	0.231742671307
-4.56496758118	0.24453138136
-6.29576346522	0.24996492184
-1.46741258049	0.23555087033
-11.2868978135	0.275507180029
-19.7676602208	0.295325682337
20.4160079871	0.193335117446
-23.7172926035	0.317414852913
25.5383217163	0.181899334577
-49.0350601805	0.42215863129
-21.7247771943	0.310145207885
-39.7286492025	0.380282714588
13.7128901077	0.207317714836
35.7047696602	0.160850522043
69.9544022963	0.109592525764
-35.6584542313	0.360987385492
14.2507011455	0.206266929044
-35.9054163581	0.364205412602
-60.6595599595	0.480987405467
-40.4834643786	0.383548088107
24.5031059807	0.183721701784
-18.5450525824	0.289083911313
16.9408383462	0.200794041737
4.28837868996	0.23080600318
-19.7079599974	0.303546880135
-54.6823326103	0.449838775282
-23.0691938114	0.315171498997
28.9854355596	0.174554007771
52.0492496605	0.134480173244
-39.9781022297	0.373798029788
8.81475958325	0.220441192401
34.0482534832	0.163816019113
-7.45566698765	0.263730997169
84.2423907313	0.0932884869482
-28.78791044	0.333893265552
58.2900747686	0.124786730263
-21.943221967	0.302853594043
-9.12140572161	0.265574057368
-13.9246943443	0.278600879919
-9.40685150832	0.261167646319
27.010175141	0.175686167949
18.4689169179	0.195506695493
34.6640843032	0.163313462592
25.6055238219	0.182473720499
34.876547691	0.163113532777
-7.04087913691	0.255706310532
-10.3691008827	0.271701134847
82.8162156277	0.0945476577945
18.5322873199	0.19604808795
-17.5111815092	0.28754922087
21.9714043436	0.185808290057
7.46882368168	0.213273519401
-9.28541285296	0.269372856166
-0.049355207982	0.243489190056
21.281834591	0.191218628146
-22.8658552025	0.314426128421
-0.144650371655	0.240448439092
4.03657452451	0.228376562408
16.4296535188	0.201318566439
-6.24202976669	0.255642535696
-1.08285418079	0.236368984688
-7.43222595069	0.26188297294
29.5021664539	0.174140574928
-30.7094338187	0.343644877383
-38.4943072219	0.368489379995
69.5839861402	0.109947604344
25.1466075355	0.18268136636
29.8923378605	0.173493901957
16.2384396741	0.201925611692
7.8900733094	0.222724139124
-23.1895897276	0.314308971477
-5.77725612964	0.251103937642
44.468481517	0.147210968752
-1.14075801551	0.235136508004
-38.0506463182	0.364447191309
36.5174001675	0.160578452584
-31.2361199777	0.341829084465
53.6071159591	0.132710145788
-24.9896767775	0.311749152164
52.0331327522	0.135077203737
86.447557145	0.0906282569713
19.3790071591	0.195288108234
-5.4433030974	0.250001438487
6.64974272071	0.222180277464
-17.7332617211	0.289453647508
13.5228542683	0.207081637057
83.4157102984	0.0940689680321
96.9579035097	0.0812556000441
57.4345657639	0.125577474922
-3.14146109969	0.242268283921
10.0150526048	0.215710460912
7.16305507624	0.21436326898
12.4286524283	0.210637349347
-10.8770136804	0.274092098497
19.1254231687	0.19103022237
-3.49752613989	0.244348297259
-2.72855866493	0.242866671263
8.57355624817	0.213235298099
98.5652758975	0.0791532408534
-4.96917934661	0.250695891639
75.2363366888	0.102985116085
100.597346391	0.0773585087041
36.9473894427	0.159336251819
-0.337221235336	0.242465503434
-7.38972724342	0.25400288718
73.9426876537	0.103612600692
22.3927349891	0.18684017259
13.795038749	0.205541866936
3.90039611671	0.223784393943
15.1406574612	0.199066464663
2.29314748019	0.233091673114
-3.02581216942	0.245142858528
3.01624948828	0.233450635085
69.4240482855	0.111158524059
-0.167229972081	0.23394722478
36.5897741159	0.158735472579
35.2324585849	0.160173669873
-5.27608275791	0.250755795865
-13.3996901736	0.274524746235
8.65738649187	0.21785544894
12.7828720976	0.20315396279
9.07641378553	0.21514025494
40.0610220395	0.154056274437
0.599917483974	0.241468527225
69.5281622592	0.111026045405
14.462711152	0.202465143786
-5.11554890916	0.249074725044
14.4555074967	0.200035817063
-11.2874608157	0.267083799887
57.8165013564	0.125844067591
0.656512913425	0.241151333038
25.5831615035	0.177771251522
11.1880538666	0.210960576052
10.5884542606	0.20964773007
-6.85245238366	0.260928836669
-11.2268867771	0.274704618249
5.58337868905	0.227823665348
80.5528673666	0.0970103696157
6.83902125478	0.223263753558
-13.1502634386	0.275814103156
17.3153857602	0.192586104443
22.5756985401	0.188421935529
38.748967901	0.154063936991
-4.95015727431	0.254215425622
4.18196734802	0.227069987291
-4.59158851884	0.249595981785
76.8160446425	0.101964957558
10.5929504072	0.207100546485
29.390143993	0.174265937896
-18.1967320695	0.297231151341
44.3961655356	0.144076192507
19.5288814146	0.191375788366
-12.0725388655	0.273597485199
43.842557492	0.14555297884
110.546253543	0.0693306795463
66.7480432055	0.112959419917
16.5747377707	0.198748877499
108.818426691	0.070819047741
12.6062614543	0.202989341915
32.5722355156	0.167554661429
14.3912174558	0.199499999891
9.70516172894	0.209031642932
19.8057359594	0.193748606614
10.6002328695	0.215037997049
-16.6684002761	0.286168203758
13.9518225302	0.203011964183
6.36157180464	0.222943307153
30.3692468602	0.168745666868
-14.3323174071	0.278368977944
88.5863277237	0.0895792542898
-23.7075078068	0.314822081358
18.2318171709	0.194949370941
-0.373832759202	0.24303430604
30.804110348	0.170646821849
72.190333353	0.107848979031
35.6881989362	0.162341271678
42.4033189245	0.1496443501
0.444043180271	0.234658594742
-23.0820201499	0.315005411802
-15.9061605684	0.285210997443
17.2569413168	0.192504419003
28.5232274018	0.17064043739
27.0049536559	0.174313591305
26.5825317903	0.175687829488
15.2597819145	0.197991953609
39.6303451358	0.152425110312
-17.13922644	0.287924897625
6.94686693289	0.224558770941
16.2077295356	0.198619537946
30.4184518215	0.167600620877
16.8546350053	0.200694456294
-8.79920412854	0.2635296903
-1.15418848749	0.237321725638
3.32253846401	0.22772341501
-0.37850795285	0.238473409867
26.4937754036	0.175710108378
18.9459495375	0.189163098032
61.8510028944	0.12104790459
27.4965973258	0.172406059151
27.7039869134	0.172260121772
6.72441302468	0.218033479714
16.8725624072	0.196992835797
14.9128236574	0.201597620554
18.3128803755	0.192387470574
-6.52758875109	0.25211779286
12.4115255496	0.206939896212
113.592935281	0.0669397919143
10.1078995777	0.208803185716
47.5044281398	0.139091557504
35.1683600429	0.15918217015
47.5499077504	0.138990630626
22.0554611876	0.183034241776
90.360907926	0.0862821168248
78.0789061113	0.101160125062
16.7103976146	0.197470678447
54.8956171717	0.130169836988
17.7357680614	0.192404233943
110.831020809	0.0687066761449
94.3185361322	0.0827576917631
43.8427299333	0.145082175506
23.5411956314	0.18209516041
39.3054424478	0.152595985206
35.6252757546	0.158464423866
-6.4245362438	0.256430208145
37.1605441859	0.158669016914
5.74236615959	0.219270370138
70.11144803	0.110482843293
48.6852027416	0.137311219638
31.3482205971	0.16678620928
35.5701991856	0.161444623573
30.3320444987	0.169554220932
113.156826494	0.0674881750038
29.4407663263	0.171897060802
24.3820055726	0.184025893219
28.9201301412	0.17364571067
29.1715866885	0.170951395278
45.1271916069	0.143162545794
68.328845001	0.111347002401
27.5375562499	0.17259771724
115.777784246	0.0654375545002
22.8832558186	0.184321153771
24.6339836193	0.178035458673
7.80885811775	0.215855842163
4.57261021368	0.223631785099
16.3346940011	0.197791046645
-11.9374388646	0.271966294339
53.3939312871	0.130200766818
104.433325516	0.0748401068624
36.7651240956	0.157189686418
103.379956978	0.0745087883166
101.930193479	0.0759722152217
59.2242949797	0.122783930871
30.3371650257	0.168180514784
13.3049106396	0.202529334364
1.85888348209	0.229515980003
2.88263963266	0.228494464215
84.261997795	0.092417085921
27.2292296498	0.175941551609
79.4215608565	0.0975389804576
14.2315883609	0.20429247527
88.14588911	0.0903210925674
115.085299596	0.0663429353674
4.2017802113	0.224643487982
126.352325275	0.0577874031502
2.45479128502	0.228884453844
7.32025241824	0.21747502234
12.8005446992	0.203236566374
6.86474172006	0.218340544664
38.1843420998	0.156505105138
41.2663408136	0.151825588142
47.5182220185	0.139083135042
12.2575962438	0.204374051773
77.9159363698	0.101318826404
76.9637233839	0.10241527976
11.3449556806	0.208320897147
20.5911276464	0.189716679994
63.0919209135	0.119260013492
7.26657154535	0.21703709839
61.8620640452	0.119465888445
7.90989834298	0.218335399677
97.9276467343	0.0799737832148
40.3662627085	0.15040600576
6.75538043814	0.218112769432
74.0751486689	0.103987939391
32.4610172743	0.167800861357
82.3198100519	0.0964771833597
50.8962663394	0.136333639741
54.7911781981	0.128207934576
-0.751068730599	0.240458371145
50.8830488925	0.134021423261
20.5652354305	0.188039174545
50.7316922253	0.134061422175
19.2457538838	0.191290596028
11.9582585342	0.208854852293
8.37265126171	0.214146251904
40.1459834853	0.150282330318
21.626223973	0.184685994147
98.2249539589	0.0801824771196
88.9970880063	0.0874133830305
92.6633357352	0.0838803354507
36.9264410861	0.158690176508
102.712699782	0.075085509578
34.9076045965	0.162145703269
31.7693136625	0.169331338665
78.2612606915	0.0987232117705
19.3674732991	0.194720398783
67.7562625789	0.111472832346
49.5865513514	0.138085954883
116.150462625	0.0649774066569
58.5764660711	0.122946477428
35.1625518747	0.158629980451
47.2173422634	0.140109166933
51.9337493375	0.132526352272
34.0460943605	0.16092304136
15.2203744173	0.197861915101
18.5395705017	0.190980641905
4.3625309803	0.225921428326
9.80994965917	0.210646637356
131.432417955	0.0547767118247
54.7384421104	0.128449980662
71.7859902809	0.105750877304
9.73735563722	0.211872791303
118.634894889	0.0629930129638
67.9655423341	0.110473349552
80.0173857605	0.0989093156916
94.9081836557	0.0836240916868
86.7204527465	0.0899261109239
96.3160962736	0.0825207431997
87.9722572117	0.0886476349477
115.214471322	0.0664516002253
122.172113166	0.060630621566
98.2752734849	0.0787087966414
102.178388913	0.0770934756462
100.516494402	0.0768720061174
80.4837425645	0.098148998339
67.0903009621	0.111487288753
52.738594545	0.131764930152
10.930184344	0.208733976159
111.950537698	0.0679817031201
46.2418769978	0.140518311519
133.873794981	0.0536771966586
50.053514077	0.135454838781
83.1602780927	0.0935028215062
61.3609352531	0.12071708263
38.3057856555	0.156772333644
104.78539319	0.0750149502821
27.4705755685	0.175854783348
27.8793910443	0.174283830291
60.0918628566	0.120736211979
51.6850713298	0.133086402718
96.8592688127	0.0815191126211
71.8120203313	0.107923703174
138.113088491	0.0506314028146
18.964104452	0.194061390939
102.097245021	0.077309184968
103.098958718	0.0748813194957
84.3809070705	0.0925090497483
68.5186826953	0.10968356263
60.7784456702	0.122243113856
49.7290717433	0.135929991568
36.0779366801	0.159764025808
60.16317255	0.120306152838
23.6101517842	0.182414348638
138.344827767	0.0504173206247
53.6494194375	0.13201812151
65.2023130932	0.116631745769
123.612785073	0.0604761922472
43.2963914519	0.14746859368
56.7770463212	0.126589315026
70.2430412719	0.11007568564
37.7407726794	0.156119175207
81.8518130346	0.0967693788583
57.9318413293	0.124055663634
104.582798762	0.0749314082507
80.4888723226	0.0983776005386
99.7588628273	0.07914228625
68.8743154109	0.10999934585
86.7194672047	0.0917773732591
116.8696617	0.0644772742164
89.4975001849	0.0875094614739
68.9460164113	0.111032646154
144.302943789	0.0472178825871
80.6467902666	0.0982205240376
3.55858734971	0.228552090742
19.9719651594	0.188117551356
89.038661531	0.0875634431929
91.158152557	0.0869599562277
88.4820439418	0.0898878874097
83.5514912816	0.0933482798866
107.368329891	0.0728036008191
57.6121571072	0.125451255121
60.5490359644	0.121003889544
91.2140824771	0.0852101903931
87.4237793764	0.0911588907053
86.7105515111	0.0899284482138
115.907983009	0.0660252094823
70.4448231369	0.107293115829
72.3473503601	0.105607288112
123.509514956	0.0595876421986
109.011548809	0.0712229890732
93.3946062937	0.0846945993165
77.7092321338	0.0991701722397
20.818545492	0.188188759233
71.7739841737	0.105693738395
107.284763621	0.0725341359684
108.07075162	0.0720102783636
89.8705924027	0.0884813234986
31.7629935004	0.168391671414
113.717238625	0.0661449917531
21.0585719148	0.187900470859
32.1214151548	0.164040289025
35.5568073023	0.158612753535
124.426517398	0.0598974956275
141.591969365	0.0487562957286
139.40901212	0.0499464606395
60.2078952346	0.121060293538
95.0834374995	0.0816188162593
94.8969784794	0.0835344806408
50.317532501	0.134951136509
33.5394058224	0.163678762163
46.2124117041	0.140346447886
44.4804456352	0.14253106475
94.5651224802	0.0820936559044
79.9255279733	0.0966114705928
82.6963506708	0.0960526303057
121.493646836	0.0619451432191
148.007570644	0.0457657607147
113.325807301	0.0672156784665
99.510429571	0.0782667707754
99.7402025278	0.0788212172892
63.6342009613	0.118251729931
68.1676976222	0.11030507407
96.6482034978	0.0818734163573
43.859171102	0.143844577817
60.5733114933	0.120519627597
113.11883836	0.0681706755068
66.0740324976	0.112983826346
57.4073330274	0.12714980404
64.6928210525	0.114649380373
127.307787253	0.0570061605111
86.876757008	0.0915215070016
20.6801023294	0.187370126521
30.0683242499	0.169902066211
106.021351537	0.0724897990814
137.404356702	0.0514967913737
72.7046273501	0.104328204867
69.5230942071	0.108168346209
90.4764578649	0.0859997868243
65.9244953748	0.113184012064
70.2357241637	0.110340126106
79.4341546728	0.0967642345531
124.676121602	0.0597657565386
71.1240235858	0.10775567419
123.008260904	0.0606216383083
107.444828339	0.0726156429597
130.139099144	0.0562268392596
82.9274881499	0.093693801781
127.813022177	0.0569100974275
81.3757948486	0.0950305267826
127.88463638	0.0570427944527
82.2004745615	0.0939235123392
121.947704988	0.0613971997302
39.2276431121	0.154118855923
90.9111044896	0.0872149989926
86.3983574905	0.0899865190417
57.5527995721	0.123761818176
80.5969874781	0.0954816848718
135.089685422	0.0527872591359
77.3188311302	0.101563974506
92.2917495901	0.085857843733
154.617386315	0.0424796624811
105.772133694	0.0726374312918
46.0085427836	0.142822823259
94.7665763942	0.0824748301318
78.1886455255	0.0990954704906
78.7881421393	0.0979269977293
114.19597586	0.0671386554185
79.4417144401	0.0970011498284
111.870086853	0.0675560402037
135.208899219	0.0530108294145
67.3652987177	0.110800868687
100.474282189	0.0785503025966
77.7543115013	0.0986781549633
117.981490826	0.0642569937635
61.5424758804	0.119184513985
66.9458288325	0.111862245513
50.3027629938	0.135339821373
144.473086363	0.0472543556806
76.2451729831	0.100367387255
73.2952054448	0.103801826608
111.651765823	0.0688883266087
61.7550611192	0.11901290391
57.3792889291	0.12494454065
122.799666073	0.0598313374285
68.2221049517	0.110143535829
81.8111670681	0.0943473106773
71.6659622882	0.105723098745
90.5999162911	0.0860690646917
88.6071036116	0.0878247972265
58.1837053152	0.123679087301
98.5639645137	0.0786089557938
106.023279379	0.0733038086413
70.9058290097	0.107102029238
60.2689386059	0.121232602705
73.8635468523	0.103067341486
84.6028398325	0.0916164576119
76.7465029323	0.100036688718
76.9097182395	0.0999160966211
76.19592368	0.100813482463
68.9715310248	0.109671130105
77.3093369493	0.099255148094
142.308212148	0.0485603032666
81.5228349201	0.0950753464962
82.4282791812	0.0937958050612
76.3690382917	0.100431566084
74.1818435582	0.103469297883
66.6361984168	0.111641178794
100.430113719	0.0778298827613
104.582884788	0.0733773788682
131.633655957	0.0546095039863
104.447792145	0.0739834919479
53.4103160963	0.130759338543
76.5478567555	0.100201454226
106.58082842	0.0724944814774
97.6121885962	0.0793754562471
87.0742597419	0.0895067415174
72.983697839	0.104236638271
112.073461789	0.0678627757751
74.5999301149	0.1023684702
72.2082742402	0.105368430704
100.371323286	0.07711869518
78.1897407727	0.0991241771619
82.3027465312	0.0939832561875
75.3573719268	0.102288419878
57.9339946295	0.124946506103
66.3824042641	0.113332105729
71.257880213	0.105972765933
128.223013053	0.05693333051
132.710322225	0.0540062911356
63.0182184683	0.118602551244
124.15363758	0.059346641306
72.9184746246	0.105065724687
77.6361928386	0.0991780931195
78.5078806929	0.0980507590502
82.3088579635	0.0940173182592
71.7180137383	0.10571174503
89.6063764879	0.0870602094757
78.4798945577	0.0982890275886
73.6314932026	0.103965995267
85.7009275433	0.0906537910115
73.8055488696	0.103524545373
88.9390328589	0.087782367095
71.7784330675	0.105962196927
67.9993696522	0.111000941204
85.7092733975	0.0907811994278
106.22632007	0.0732256252309
105.010560246	0.0730743571243
129.742661346	0.0557043744677
79.9737251544	0.0968793073166
59.367647696	0.120609788041
109.853306144	0.0694264571006
100.122283359	0.0777593248785
100.109158203	0.0778184841027
135.433891472	0.0525953729043
107.787881787	0.0716134876203
89.5245548156	0.087513097957
134.111769784	0.0531438596657
46.2318559733	0.143177662962
105.18361046	0.0744145323638
108.633782308	0.0702865501058
68.4022606459	0.110900990477
130.695377989	0.0557205722184
102.41936082	0.0765379272159
78.2356281748	0.0982620002217
125.228624902	0.0585563343207
79.1486310745	0.0971586837396
66.2425679059	0.112688751272
107.131566971	0.0717024536587
80.7355548139	0.0955441238003
120.275646611	0.0624307162523
87.7866967386	0.0905702506198
115.36412436	0.066229699775
95.4574677286	0.0814638054683
82.5516056601	0.0945036826276
76.3293689742	0.101020920862
98.340127439	0.0794856238173
146.848687545	0.0461234706753
100.232391462	0.077153558142
101.737612532	0.0764945317128
84.1150891574	0.0931029394102
89.308913182	0.0873980186573
112.003649532	0.0681621097165
116.584311743	0.0646726777411
97.125012857	0.0815200811649
64.7879669487	0.116499682302
119.696721863	0.062228622074
159.709390523	0.0401680173757
74.5137616656	0.102487784599
74.8687054018	0.101762108561
113.428694125	0.0677438841983
114.12320522	0.0669804353054
94.728293406	0.0820642177876
76.9916684214	0.0998937097007
61.5819772668	0.119063155822
77.9215836407	0.0987104778283
89.5012589021	0.0871112354921
149.685445026	0.0449229191231
96.2647786878	0.0806893372975
123.241237906	0.0598285695638
95.2976713162	0.0816120791636
139.625245654	0.0503112012744
130.771314217	0.055542689347
89.6826034867	0.0870474981332
148.588638907	0.0456094289967
144.809296877	0.0476192026284
114.348113765	0.0660199107486
117.205138061	0.0640284454542
72.0225421429	0.105851032655
73.4447490753	0.10378956926
150.86998235	0.0442374768977
139.700908182	0.0504707826883
116.926416676	0.0644269228572
100.497479951	0.0785291587901
96.9264903728	0.0813979749799
72.2347202922	0.105809437014
153.156162152	0.04312517513
105.202204963	0.0730611433268
139.571721343	0.0502908196745
135.42762945	0.0528742286617
100.528615352	0.0777213689659
120.571046882	0.0626232581514
92.487739812	0.0841934235398
126.5947024	0.0584503095704
168.2245115	0.0366019804863
135.879654276	0.0522700401138
80.1290670496	0.0970253397814
154.372472496	0.0426142280129
98.6723445797	0.0786066838093
115.551601338	0.0652634260142
121.060754164	0.0612875472311
83.6203874045	0.093209570153
130.825611379	0.0556685278233
159.874923878	0.0402760618673
112.700656735	0.067422599212
109.373646727	0.070779759603
149.839543284	0.0448517074916
104.429950858	0.0739297109724
122.114550338	0.0614397091958
152.950462646	0.0433975703658
90.9125068388	0.0858625755002
112.351448683	0.0687424859087
150.76079604	0.0444612069505
111.964036372	0.067814285372
101.149785741	0.0779787247639
115.340252112	0.0652538943738
99.3350765531	0.0780736520306
117.864442328	0.0645545042836
100.222690758	0.0772342152803
100.960346265	0.0766494869135
149.631468437	0.0452451142586
105.437332187	0.0734302070534
138.901547221	0.0507723210389
149.287976965	0.0453405103335
94.6652205301	0.08224163991
110.909626764	0.0687465619013
112.275127717	0.0678544762815
140.219853318	0.0502340548474
86.2841391082	0.0902730784673
134.2672368	0.0533450310166
106.460620835	0.0721555689906
101.654532634	0.0765920980206
139.962503091	0.0503122516886
130.656200912	0.055764010711
144.328628511	0.0480301515234
85.8681846592	0.0909060684472
131.219271397	0.0552477037779
112.603207011	0.0675998077784
120.784711108	0.0626501027171
92.4292010696	0.0845282018067
126.046956758	0.0586300493623
101.556338025	0.0762816085261
125.586659906	0.0588736327945
106.239640522	0.072772431379
123.651395439	0.0601731962693
129.160324848	0.0566557633377
125.61228734	0.058967975945
137.068851477	0.0519945828989
115.365906306	0.0665639626219
98.6790236129	0.0789589730527
133.81920734	0.0540996059345
131.958144501	0.0551604555215
150.187295365	0.0450024517638
146.627475928	0.0468386471046
125.59368055	0.0591805835668
159.685558883	0.040475930422
138.436979227	0.0513095725454
96.873631265	0.0803131804239
127.837051594	0.0578381437335
145.872225325	0.047074227723
143.343130136	0.0484950870886
153.037314002	0.0436000533985
152.790058821	0.0437182176576
93.8362832697	0.083501697001
146.554471724	0.0467320458814
124.973849909	0.0594197927002
118.863359899	0.0640522790747
137.916732744	0.0515858797643
138.283469609	0.0511608618779
157.4348582	0.0415150844309
131.52551893	0.0554727045316
150.348926161	0.044939946224
148.133807777	0.0459770588364
138.443044416	0.051105101388
138.807475691	0.0508030062435
151.271362766	0.0444209005615
144.717457869	0.0476331224077
121.869609183	0.0615057201266
124.523808831	0.0598321198459
140.284142115	0.0499750938181
150.345056042	0.0449710182877
143.916612894	0.0480939861646
145.081664559	0.047556197195
151.279137341	0.0444619067997
128.992969758	0.0569180980307
136.140867618	0.0525063812118
133.76320936	0.0541460814645
142.439284395	0.0490993011612
146.531290966	0.0466946593136
118.126380526	0.0635153318622
131.546289457	0.0551928656842
92.0350475346	0.0846552790474
141.495525907	0.049327642145
128.707430807	0.057176205534
135.231585754	0.0532350471383
129.661364978	0.0566560323009
127.737364395	0.0573859712037
138.884244794	0.0509308017253
145.432866689	0.0473895817745
129.622057743	0.0567208469559
145.136080599	0.0475787199905
172.173216154	0.0352019985381
131.926789228	0.0552343178184
161.399089479	0.0395730038506
143.289091195	0.0486067943194
135.074843322	0.0527981764585
131.111773807	0.0552770657226
150.106161542	0.0449057834939
140.447857028	0.0501981646649
117.84611575	0.0647418760883
125.575494922	0.0592831202805
138.697091636	0.0511875939502
152.75099942	0.0437068711257
167.791117376	0.0369127500714
137.978000373	0.0515942103317
172.461356651	0.034969802819
154.339905861	0.0429365652164
151.291697147	0.0442464681495
174.705545349	0.0341465555886
140.009654014	0.0502348031492
164.721238147	0.0381655004074
140.879354773	0.0495967800613
173.865704011	0.0344333762004
148.738834753	0.0455783103636
167.152755319	0.0371676941947
175.494824122	0.0338368709953
145.499259981	0.0473621894926
145.379673427	0.0473343243761
162.26563663	0.0392461299836
160.733276365	0.0398496434737
166.704038167	0.0373779746096
157.941092302	0.0411739116681
139.321132732	0.0508383735231
157.94380112	0.0411690044253
137.730155347	0.0517574425116
171.430918109	0.0353790901977
152.906299003	0.0436404346433
154.059877914	0.0429399398588
170.782211577	0.0357076497901
153.440748508	0.0432307038174
163.840072945	0.0385964659831
161.492684781	0.0395293243918
143.77473516	0.0483135203197
157.909464296	0.0412168623769
125.401155213	0.0594795977128
156.798009716	0.0416987550846
130.8527336	0.0558572168362
156.495566153	0.0418577096621
161.009394179	0.0398249477687
157.834089395	0.0412671171674
106.726964663	0.0718116981596
98.936971489	0.0783319735091
128.241359963	0.0576048795694
162.765461637	0.0390418054403
141.396606449	0.0496513154114
155.840570528	0.0421318973145
138.303206814	0.0509859774355
164.824198867	0.0381763914606
171.938470145	0.0352497336209
109.248859228	0.0713870479999
132.454991477	0.05435019598
112.647358809	0.0672918805206
115.093275484	0.0656211010743
117.874106864	0.0636849280697
140.510213861	0.0497746255621
140.049952946	0.0503575035706
139.739110418	0.0503175581841
142.083182635	0.0491079291071
155.198230294	0.0425412136736
163.761340859	0.0386531774842
153.104963999	0.0433831299953
139.013385432	0.0506475896054
150.669912568	0.0446632114882
147.21931274	0.0462428685135
159.23725945	0.0406329224227
140.980186648	0.0498971572884
144.769697567	0.0477899525998
172.950979534	0.0348301234523
151.639360646	0.0442447196091
147.025950693	0.0464604288723
155.988559606	0.0421442587868
146.858072016	0.046403524885
161.511036973	0.0396164683943
147.963175431	0.045854047749
151.785334434	0.0441837536823
157.503892365	0.0411611417582
136.655165103	0.0523638821743
170.277215099	0.0358257642589
138.254310174	0.0514223677068
168.381553585	0.0364806275338
136.468631918	0.0524879885887
141.703198368	0.0491686315514
126.98937797	0.058400970293
157.889282459	0.040963638369
141.208687336	0.0497779706128
161.718832963	0.03931107811
144.19232045	0.0481225105042
168.94970325	0.0362746456891
126.083609516	0.059024492463
153.081176079	0.0431922340287
132.405766804	0.0549166069125
167.720761979	0.0367125908447
130.338109808	0.0562580606232
157.26382523	0.0412031998769
140.532045569	0.0501214549959
166.242303315	0.0373765425689
134.938503827	0.0534080283352
144.62013761	0.0476318950145
133.621414611	0.0542202042655
160.792203856	0.0396658943666
135.271120851	0.053181521551
150.833106294	0.0443892901852
132.890823583	0.0546665499604
152.150565867	0.0436766417382
128.981528201	0.0570541199976
172.17848966	0.0349962145633
131.589764506	0.0554322978986
171.231368763	0.0354689284588
126.553555112	0.0586146178273
172.73976358	0.0347860526206
124.52824097	0.0599454126436
161.7862529	0.0394696511484
120.810487642	0.0626466820884
164.091951417	0.0383715774112
135.804247563	0.0528554067764
168.796185027	0.0363636314125
129.259641007	0.0569401474011
174.330291396	0.0342685654704
126.833239024	0.0585301934144
158.682008293	0.0406603317338
129.879817237	0.0565510274819
171.052350382	0.0354006631893
139.457467154	0.0507482947377
156.754602722	0.0417720339296
137.870339573	0.051662396177
169.25251436	0.0362977154284
143.743857873	0.0483559454732
157.766499585	0.0412740912763
143.387191228	0.0485412108352
148.461606325	0.0455746582372
146.23358266	0.0470178543395
176.455118796	0.0334243561656
152.474071786	0.0438335560559
156.14767504	0.0417887337229
159.848340313	0.0403496011358
161.518046948	0.0395775232551
165.615312604	0.0378221574451
177.09024926	0.0331300985451
176.621534253	0.033431019328
156.593312707	0.0418194680603
158.901697242	0.0407834116081
175.630369574	0.0336613136977
156.88562321	0.0416509135602
159.866669611	0.0401157552153
169.14832226	0.0363398860211
166.691557738	0.0372301906471
168.429510487	0.0366197261567
180.182117889	0.0320420578688
169.650680035	0.036064877721
160.462242891	0.0398508619131
178.837892408	0.032578719362
162.152578226	0.0390921730597
174.834881333	0.0340863334593
178.144882079	0.0327947408124
174.820622819	0.0340360837915
170.913688293	0.0355284546674
178.975665382	0.0325044037423
166.180400154	0.0374773543201
182.15509128	0.0313408531724
183.702840603	0.0307992329924
179.557905505	0.0322629191874
162.152476579	0.0393269322179
178.642130701	0.0326262718163
173.41591675	0.034527028486
171.372654924	0.0354079645719
160.494633276	0.0399850192669
184.924328045	0.0303790148777
162.518329312	0.039056842144
174.458247812	0.0341328006114
178.689006532	0.0325273654425
172.166492993	0.035091169293
177.88991343	0.0328232402639
175.832011281	0.0336052089487
162.922001196	0.0388778422491
170.646854247	0.0356990186826
177.090774407	0.0330987014577
179.88969167	0.0321299961311
175.916428176	0.0335664592033
185.336008697	0.0302853486862
182.691547942	0.0312094440661
167.206319176	0.0371413971858
139.811791707	0.0505561067838
167.893366228	0.0368108360755
166.223596036	0.0375234100056
172.050228913	0.0351852308716
150.405375253	0.0445111332771
166.331915599	0.03741195955
158.434002379	0.0409623857215
172.754338355	0.0348661695387
179.260213309	0.0324517923043
150.035291655	0.0450445777462
169.199256453	0.0363324524272
181.745602275	0.0315488557471
177.087762089	0.0331188001277
171.324119151	0.0354936467291
141.606957862	0.049524248722
168.008780908	0.0368250798049
173.729076699	0.034435279914
171.550962468	0.0353405422685
170.770631455	0.0355331831394
158.48405961	0.040947878298
166.694750604	0.0373820964183
166.962172469	0.0372673203426
185.084546023	0.0304094054182
160.028397097	0.0400344327565
153.804113721	0.0428220115944
183.190800035	0.0310208288562
173.274378293	0.0346413651336
164.257443819	0.0384067710725
164.139666175	0.0383199633527
152.361231133	0.0438873468162
166.129686695	0.0374967139353
161.270111128	0.0396849425878
169.257524155	0.0361646856383
158.585919345	0.0408920499501
153.868993421	0.0427595400035
153.490739247	0.0428678543467
178.464058983	0.0327265366353
150.20036366	0.0445028133959
186.298243062	0.0299137533385
165.947671919	0.0375301422593
156.34832339	0.0419305107345
171.961230895	0.0352338439398
174.666287417	0.0341295789338
175.8217183	0.0337448122933
171.199307993	0.0355447520571
160.666898438	0.0396598657728
156.762394653	0.0414229872162
183.124372738	0.031036737726
185.033467411	0.0304194988268
169.294670539	0.0362281205703
156.798380781	0.0414003146679
167.79710039	0.0368115064548
181.400875937	0.0316623955773
187.453147742	0.0295112084233
181.946126548	0.0314743257499
169.880635558	0.0358279377488
153.114163293	0.0431726581704
173.209461252	0.0347235209023
166.286588097	0.0375343172098
172.620980797	0.0348968455161
186.971986372	0.0297524417744
184.808973192	0.0304779094327
174.957315195	0.0339835548889
177.996476898	0.0328998430722
173.619512118	0.0344759373838
191.124299084	0.0283531197229
164.210878635	0.0383251147108
174.113083137	0.0341984924504
167.636862444	0.0368451053979
174.358393575	0.0341012273594
169.83631099	0.0359296869161
173.173871305	0.0345875576313
159.536679287	0.0403363173982
160.830859039	0.0397239857327
162.01022159	0.0392278412156
170.502329271	0.0355332758231
168.93238326	0.0363149944815
172.26646286	0.035030463391
163.769400874	0.038362654673
174.141402276	0.0343990062854
180.159391887	0.0320090529199
187.594741533	0.0294613011566
171.325536286	0.0353847480324
179.005918705	0.0325738651685
172.374286802	0.0349991491061
172.805634827	0.034894141138
183.657019004	0.0308794858937
169.228058973	0.0361361761067
184.580057666	0.0305779644242
187.357411997	0.0296325814428
183.454758179	0.0309359828135
178.339983004	0.0327686685667
182.009129878	0.0314534218601
177.392054005	0.0331442632726
178.311444739	0.0327620674663
171.118403693	0.0354130562309
176.016844269	0.033619788853
173.239613718	0.0344707180199
174.708302759	0.0340455969534
181.058574415	0.0318279208457
176.192705516	0.0335837791288
185.690102916	0.0301400484159
172.884602623	0.0348415902015
181.446106165	0.0316816612046
176.850893934	0.033362939139
187.748249651	0.0294692119967
177.648574487	0.0329061654136
179.662219687	0.0322340241944
184.741249983	0.0305092603548
183.602966788	0.0309339069354
177.970372947	0.0329208979814
175.170723375	0.0339774131405
181.569348068	0.0316200182517
193.239806643	0.0277686886263
174.123006805	0.0342188427098
171.550800357	0.0351473141913
170.779849098	0.0354905374009
181.700872026	0.0315376175092
164.163902531	0.0380620587488
184.952576838	0.0304248072454
192.191265021	0.0279885518915
184.809178525	0.0304392987907
177.739254226	0.0329238533772
180.449599727	0.0320290884927
175.962706886	0.0336843749742
179.382022674	0.0323550794552
194.432924124	0.0273331007382
187.50480501	0.0295219387571
186.698569563	0.02981536884
187.040693178	0.0297121312551
181.814376709	0.0314794923157
170.923504146	0.0356234352543
182.369110445	0.0313597906378
184.650815195	0.0305515925063
178.84973397	0.0326088593216
174.350879338	0.0341245273191
165.308635379	0.0376106507311
183.648906885	0.0308995842542
185.482439203	0.030299407967
188.23636675	0.0293742985082
162.951508977	0.0385925184493
190.573727927	0.0285923168488
184.769905684	0.0304845099524
185.51714722	0.0302507760713
180.017254605	0.032126402072
190.588312714	0.0285965542518
182.161283144	0.0314164148886
166.503954344	0.037200540419
196.41534242	0.026768429038
185.941353151	0.0301270002374
177.369359489	0.0331060668895
178.795444051	0.0325686801086
182.584545637	0.031273258575
184.889762547	0.030489330937
181.628018476	0.0315600525813
180.972467325	0.0316991975685
177.691826752	0.0329600628253
185.448641216	0.0302377169623
188.15425996	0.0293813922728
176.858945366	0.0332396255779
166.994146485	0.0372102746362
180.04927299	0.0320847229865
189.130316296	0.0289994545
174.712413733	0.0340287423737
189.8255601	0.0288027677908
184.260826601	0.0306574920085
187.359354	0.0295851029502
181.382036121	0.0316307116785
191.00190878	0.0284549815033
192.338487165	0.0280305545198
194.916237712	0.0271652311666
195.917432474	0.0269077182344
187.404435503	0.0294809390929
188.503161586	0.0292417606545
183.656966946	0.0306989480455
193.720441411	0.02759555641
181.809350681	0.0314193247727
188.164468227	0.0293610096431
176.153168533	0.0333938221322
187.339939858	0.0296289928057
181.111758739	0.031680451842
188.782340773	0.0291430573547
186.706911026	0.0298796558523
188.63096746	0.0292178568376
187.244757347	0.0296927484668
176.298092012	0.0335426832499
181.846275599	0.0315338884474
187.864846798	0.0295047501646
195.05502795	0.0271762969451
187.55647593	0.029603776835
175.811566336	0.0335814347915
185.355019848	0.0303195262419
196.012998931	0.0268853560529
186.704207708	0.0298245778953
193.123475597	0.0277876231102
196.033855924	0.0269004289904
195.43112034	0.0271008261122
195.878643377	0.0269393480996
193.163143731	0.0277765611374
192.146895319	0.0280875815538
199.239286786	0.0259601158199
190.789281893	0.0285130399709
193.030928612	0.0278138022645
192.020769629	0.0281208838997
194.631058958	0.0273074055425
194.034647867	0.0275102921425
192.863659682	0.0278357473817
190.807111571	0.0285112013836
193.199345318	0.0277669685514
184.272316408	0.0306680434459
195.633280222	0.0270533392563
181.860460803	0.0314608554416
190.722534587	0.0285684094246
191.503128786	0.0282991984402
192.199233405	0.0280754927568
189.221262751	0.0290414023418
184.653138561	0.0305017549784
191.486117509	0.0281670597446
200.18198341	0.0256863643363
190.306130592	0.0286773806913
199.798978597	0.0257682969944
185.915244043	0.0301153071204
194.300855527	0.0274649371288
198.472176052	0.0261754994289
187.874259277	0.0294765669214
187.218150738	0.0296934507804
195.512939637	0.0270613041585
179.138558584	0.0324931833213
195.972865473	0.0268391504167
195.018260468	0.0272072947459
187.005385149	0.0297058665118
187.530591255	0.0296168637552
196.636686491	0.0266910029565
181.437612755	0.0317145399357
189.703918035	0.0287826257596
182.923197079	0.0311893983417
192.652232332	0.027917673034
187.500596638	0.0296341963975
197.811163788	0.0263628241272
188.778494721	0.0292261080886
198.979978836	0.0260486576274
194.229892633	0.0274611831759
194.688865611	0.0273083405995
194.507274724	0.0274038950533
198.939376462	0.026049155555
189.013149957	0.0291359550122
201.771580845	0.0252334556247
193.573652086	0.0276817864714
196.42834013	0.0267721251662
194.944312414	0.0272498086384
202.531217446	0.0250134670779
195.267845866	0.0271401350719
200.350787024	0.0256382651961
204.434343403	0.0244809601213
200.101164542	0.0256959296137
200.249976143	0.0256838869226
202.307229101	0.0250832016479
203.996821501	0.0246006146099
197.94849964	0.0263472729258
205.893246891	0.0240957276176
197.212301895	0.0265438502059
204.777851209	0.0243741427114
194.726679508	0.027305114624
203.14964684	0.0248465313479
193.48169583	0.0276822289604
202.277242179	0.0250867123354
191.782789222	0.028215573181
201.530511995	0.0252774473793
188.315897781	0.0293378475661
197.662322425	0.026413341185
185.248259553	0.0303622337564
197.817741774	0.0263458970557
185.13343752	0.0303952435856
183.512424738	0.0308508165672
197.41879919	0.0265048193728
183.003473751	0.0310236206844
195.832137686	0.0269519577525
186.618902192	0.0298622804537
206.506530158	0.023918875047
201.661354359	0.0252387718416
198.016425784	0.026305698334
194.547931004	0.0273512609193
198.486392274	0.0261940436785
198.769571093	0.0261116547994
198.125695994	0.0262740108618
200.591229672	0.0255391470997
193.791542732	0.0275848904831
199.404030743	0.0259057860077
202.99841101	0.0248664355953
197.90723373	0.0263297892615
206.779140036	0.0238379643192
198.013343714	0.0262954502273
201.299406092	0.0253428360984
199.826851485	0.0258084912611
204.574127443	0.0244458238012
198.15429358	0.0262870655482
195.37943824	0.0270719774285
197.349942235	0.0265256779043
199.366157558	0.0258839282371
197.787461367	0.0263636001441
198.027613891	0.02628707507
202.209470087	0.0251191067567
206.08996933	0.0240360399075
208.075334704	0.0235130643572
209.14580511	0.023196553731
208.436674678	0.0233599716698
204.864924709	0.0243315162598
210.499344725	0.0228162381047
211.843240126	0.0224838245314
208.856555892	0.0232435796912
207.584851325	0.023625688306
209.061511563	0.0232018169587
208.838904272	0.0232740880358
206.67181262	0.0238228495371
201.209034368	0.0253520034882
207.489350948	0.023606314118
205.522235506	0.0241795718
204.95958275	0.0242970647547
205.551233398	0.0241802300541
207.527791426	0.0236345961956
205.922472307	0.0240832252987
204.182979675	0.0245556562385
203.688950634	0.0246910386123
206.814244504	0.023802068343
207.970377731	0.0234844003729
207.776017051	0.0235852461072
208.268013978	0.0234056734849
207.9712797	0.0235276911759
207.960626343	0.0234826074481
209.908508612	0.023023158279
209.255396515	0.0231885725816
208.859898508	0.0232901928681
210.403895084	0.0228423679597
209.697671894	0.0230299620291
211.921142754	0.0225021182566
212.93154888	0.0221872003285
213.305835216	0.0221470794114
213.890023916	0.0219432794314
214.702944857	0.0217923494622
215.306695209	0.0215998921697
215.510099433	0.021547934724
214.503877895	0.0218304252387
214.606963017	0.0217638552572
214.191427912	0.0219123339354
214.446688645	0.0218041181742
215.960788821	0.0214313217075
211.720114124	0.0224957175051
214.036187307	0.0219566730845
212.018211777	0.0224644323543
217.073906142	0.0212153675779
213.016114654	0.0222095013756
217.226405233	0.0211289690208
218.8050309	0.020803689158
217.979649433	0.0209471541664
212.932235553	0.0221935650788
218.362305679	0.0209035296986
217.452770693	0.0211310439802
218.180976792	0.0209009952282
217.3574643	0.021149522504
217.42465801	0.0210808027454
217.84508813	0.0210319208979
219.1987012	0.0206672086949
218.75123444	0.0208219327739
219.899576709	0.0205286863632
218.693442112	0.0207832828568
219.919771713	0.0205427851716
217.503774123	0.0210610052372
220.463313007	0.0204159331891
220.316240207	0.0204291956916
218.14168875	0.0209490685113
218.152015865	0.0209071001446
216.897819302	0.0212176221368
217.491742953	0.0210692744464
221.153445621	0.0202488463378
221.781167114	0.020092485453
222.846709204	0.0198502411979
220.011445125	0.0204761686133
219.924515466	0.0204984261252
221.797839162	0.0200611201017
222.035632377	0.0200440014932
222.31212445	0.0199792861537
223.202334726	0.0197840140474
218.966733283	0.0207322643443
218.128403277	0.0209341586512
216.335235224	0.0213635691013
219.285968544	0.0206979638468
203.575813171	0.0247398488965
224.678705031	0.0194469787609
213.056361665	0.0222146327576
209.358859272	0.0231712900505
211.766725535	0.0225282245524
214.330185023	0.0218844088195
215.873914075	0.0214925346453
214.091441004	0.0219305003997
217.831551645	0.0210249878729
223.856266014	0.0196408969375
214.430182804	0.0218596194184
217.626614599	0.0211037728917
225.122946454	0.0193318170044
225.022965176	0.0193845096895
219.634424676	0.0206034732101
215.213497183	0.0216511805626
221.940537115	0.0200754956018
225.59950152	0.0192615215675
225.649691688	0.0192434049256
222.638919472	0.0199126732953
227.92175223	0.0187653239814
218.614720885	0.0208354821122
225.658681132	0.0192622756245
224.722949149	0.0194523209241
223.059988473	0.0198045793016
223.683627027	0.0196909569472
222.51956139	0.0199362206498
225.724293669	0.0192286329135
227.663611819	0.0187901508417
227.832742286	0.0187852394391
225.363550429	0.0193029101176
227.626013331	0.0188032089029
224.248895281	0.0195459917196
224.719049822	0.0194435035497
228.303780619	0.0186596165724
227.68411213	0.018823902543
230.998288776	0.0181341800026
225.119702027	0.0193628685223
229.415657638	0.018452095197
229.292159108	0.0184906943707
230.068644062	0.0183394984596
231.304237868	0.0180640681882
229.060182281	0.0185205860494
228.774309272	0.0185740365518
229.784036366	0.0183594420023
230.150193507	0.0182862669265
232.459852392	0.0178389256065
231.721023787	0.0179837257785
231.624867334	0.0179907428442
231.977694362	0.0179089449729
232.896207131	0.0177505370606
233.427297876	0.0176420996645
229.36041888	0.0184550164569
230.30936913	0.0182598963477
232.122372462	0.0178904962615
232.40926636	0.0178232045751
231.011503389	0.0181049268368
233.797450839	0.0175452144079
231.575449107	0.0180066807936
233.784015822	0.0175750396538
233.631028585	0.0176119896421
232.17649159	0.0178787440831
229.667984167	0.0183924415103
231.275052217	0.0180613188771
233.830088233	0.0175549181272
232.54208355	0.0178158572688
233.968002388	0.0175393516052
231.650997072	0.017996809714
231.098452195	0.0180999410743
233.61202566	0.0176216667166
231.762911655	0.0179771021511
234.60620772	0.0174177063967
231.64033416	0.0179984150781
233.994376469	0.0175211918156
233.770996671	0.0175877579402
233.16521645	0.0176934101508
230.44612705	0.0182409120058
232.44113822	0.0178252232508
233.600735145	0.0176142165478
232.086287449	0.0179029542055
232.548930794	0.0178040073421
235.292605924	0.0172788782464
233.62048683	0.0175972440941
235.890238832	0.0171689031282
233.461939793	0.0176340045581
232.735566002	0.0177725513078
234.250282644	0.0174780769554
234.170949906	0.0174970376636
236.063758131	0.0171419018897
235.28747342	0.0172996509196
234.144150076	0.0175215490328
232.836039816	0.0177613511881
233.875469892	0.0175572372844
233.307415041	0.0176750301942
235.055314787	0.0173313733191
234.247861285	0.0174908975078
234.87690082	0.0173685919413
232.912150237	0.0177662649363
235.332717591	0.0172914027725
234.469832347	0.017463431434
233.658445468	0.0176259489801
233.401682236	0.0176532494682
233.750150856	0.0175884299303
233.299175463	0.0176965754332
231.199002802	0.0181084356564
231.450148006	0.0180447449984
231.267913541	0.018083459609
230.639413633	0.0182156944885
232.963915785	0.0177646655363
231.276516628	0.0181141225952
232.089938039	0.0179261666948
230.119317083	0.0183233147514
230.720600972	0.0182251967503
229.630656509	0.0184446432007
231.4987791	0.0180462967656
231.08641807	0.0181343235071
230.784710688	0.0182198880978
228.968486662	0.018592488308
231.832281404	0.0180051161876
230.911736409	0.0181795864075
229.31286243	0.0185001720292
228.932498959	0.0186028633792
229.330734781	0.0185158916064
228.626388947	0.0186626463838
230.789257195	0.0182079465131
230.127397368	0.0183398327439
230.198005559	0.0183205732056
228.55480333	0.0186642652844
229.609640392	0.0184670953662
228.472053482	0.018703252733
229.279499524	0.0185380864044
230.020937267	0.0183692635219
229.212984512	0.018529051689
227.846190123	0.0188125332352
230.486438108	0.0182663179343
229.186014872	0.0185491463734
228.737655338	0.0186319732437
231.110811504	0.0181481741877
230.326014854	0.0182892964204
229.248485463	0.0185048748794
228.714898287	0.0186167599206
230.847314924	0.0181919801119
231.066618896	0.0181394101929
230.166515044	0.0183174818412
231.417121724	0.0180804194687
231.169987704	0.0181294904934
231.020714404	0.0181425066997
232.133628976	0.0179329259266
231.207445613	0.0181039685185
232.498376999	0.017863810395
230.972406821	0.0181619928466
232.395396242	0.0178695600591
231.681080745	0.0180331601192
231.537822507	0.0180504574224
232.942144474	0.0177737754026
232.079380373	0.0179473401724
233.233129307	0.0177094454101
232.70971341	0.0178249015437
232.064049597	0.017951910733
230.825187744	0.0181932005768
231.050279109	0.0181354265168
232.018778824	0.0179463669071
230.950466634	0.0181533741589
233.303850187	0.0177003128635
232.131692986	0.0179416349932
231.752915865	0.0179955599015
232.458690208	0.0178652570635
231.516589888	0.0180483716824
230.520183704	0.0182450598826
230.818454361	0.0181834517612
232.078569444	0.0179497185633
232.242595438	0.0179155705951
230.930405058	0.0181676863076
231.860024641	0.0179802685636
232.733586911	0.0178146378227
231.523043783	0.0180431985785
233.463410403	0.0176638677935
233.273609733	0.0176938536256
231.708711796	0.0180071501992
232.996974393	0.0177454964516
234.097788849	0.0175285226881
235.933189918	0.0171597166813
236.062148514	0.0171472224056
234.395747602	0.0174684906592
235.233165295	0.0172718463009
234.728386049	0.0173712469501
234.052491491	0.0175013402195
235.178386914	0.0173107194902
235.652183229	0.0172286997079
235.316657259	0.0172851006762
234.72060497	0.0173911080713
234.05492884	0.0175255053541
235.274343831	0.0172764709561
234.447629587	0.0174580197352
235.630237041	0.0172282072117
234.781980296	0.0173741622258
235.313914772	0.0172844409133
234.29399136	0.0174909971424
235.378756709	0.0172676438207
234.531300202	0.0174291411548
235.905056999	0.0171736976007
234.833905057	0.0173695476399
234.933187969	0.017328520278
235.264067046	0.0172878715058
235.694347115	0.0172145811506
235.206954171	0.0172879022559
235.855652929	0.0171733080148
235.648506739	0.0172166529333
236.045121078	0.0171476031976
235.308231694	0.0172844670312
236.213429983	0.0171093681268
235.648578826	0.0172148649965
235.609337176	0.017201233736
235.65312593	0.0172112050436
235.132525446	0.0173031387803
235.490685508	0.017217429528
234.997884265	0.0173158847305
235.765811309	0.0171782092521
235.680782595	0.0172067595977
235.950201187	0.0171418724372
236.267241404	0.0171002011027
235.915157106	0.0171654949206
236.109010401	0.017128108513
235.792585611	0.0171897769255
235.754205027	0.0171902011965
235.853558149	0.0171575581225
235.837649079	0.0171557951294
236.183151696	0.0171128006451
236.067628122	0.0171334031196
235.920289381	0.0171498162611
235.808110176	0.0171568480268
236.140884228	0.0171194057778
236.120490397	0.0171262176703
236.066235002	0.0171386723192
236.31111577	0.0170890383971
236.2494386	0.017090294948
236.332444383	0.0170821737936
235.853028081	0.017175179388
236.154934914	0.0171180612486
236.300385286	0.0170689136883
235.699861248	0.0171733985869
236.50006875	0.0170436756215
236.118660635	0.0171227772409
236.628426555	0.0170078105958
236.138394268	0.0171095311732
236.647720231	0.017023308968
236.125524061	0.0171206795384
236.800633452	0.0169824006196
236.288066868	0.017091400987
236.803506285	0.0169944391142
235.763581592	0.0171812504378
236.66602446	0.0170182787055
235.583148907	0.0172177020476
236.912724021	0.0169514583293
235.641285739	0.0171935012722
236.880598541	0.0169736829132
235.713110403	0.0171945337376
237.016240035	0.0169299972807
236.119330317	0.0171183027963
236.641179288	0.0170238884915
235.94347124	0.0171551677931
236.717668475	0.017009453483
235.793585197	0.0171872321206
236.982518825	0.0169353627278
235.223543328	0.0172677795206
236.851239014	0.0169725636773
235.91630475	0.0171622405404
236.593746006	0.0170344326519
235.511414547	0.0172348338661
236.861472658	0.0169775511129
235.153844703	0.0172987928596
236.699591362	0.0170017401674
235.622875367	0.0172174539926
236.741299063	0.0169971886987
235.204775897	0.0172861363174
236.682352265	0.0170069540006
235.628254681	0.0172161845128
236.781096031	0.0169756692742
235.338708229	0.0172577175692
236.801997209	0.0169761100973
235.390174866	0.0172461509969
236.705526415	0.0169826464741
235.367960435	0.0172404180971
236.569988246	0.0170254272063
235.351436233	0.0172447427883
236.387058378	0.0170566506775
235.318325604	0.0172583260108
236.642023383	0.0169854204361
235.36940106	0.0172460416788
236.583141782	0.0170000085889
235.344657261	0.017244534059
236.452289334	0.0170522176456
235.63817398	0.0172072996328
236.482736988	0.0170501015702
235.620909976	0.0172115787206
236.394753035	0.0170635553955
235.529453122	0.0172300443203
236.629539584	0.0170224321915
235.4156185	0.0172492215984
236.387403352	0.0170676381742
235.459296991	0.0172434676532
236.720089543	0.0170014614617
235.482341734	0.0172259002369
236.575702074	0.0170038983745
235.7910076	0.0171599242726
236.527399282	0.0170169520028
235.852598387	0.0171517608656
236.44604918	0.0170514898466
236.029668065	0.0171214571149
236.155763417	0.0170881591647
236.082577244	0.0171045435279
236.104120246	0.0171068658015
236.460076493	0.017035478174
235.924972035	0.0171413572447
236.306490993	0.0170555800837
236.017573081	0.0171179534243
236.276462403	0.017057366582
236.108371752	0.0171046664265
236.25980255	0.0170760932604
235.938994193	0.0171298012424
236.215259571	0.0170726972397
236.052312054	0.0171129815615
236.026275553	0.017117198816
236.014964792	0.0171113312677
236.196301004	0.0170962299719
236.175990766	0.0171054582386
237.73593754	0.0168038075263
242.205407966	0.0159845719562
245.792157185	0.0153711326114
248.556377474	0.014906432253
250.619997033	0.0145762318318
253.489061807	0.0141158967699
255.054354382	0.0138774585575
256.203905908	0.0136884897325
257.225646854	0.0135285828672
258.069068942	0.0133936479259
258.907866288	0.0132769258676
259.395827341	0.0132081361095
260.233352556	0.0130902655337
260.28432032	0.0130870643176
261.164421103	0.0129678643833
261.827285512	0.0128721558304
261.642051425	0.0129003252591
261.85931089	0.012866666478
262.07355846	0.0128314798772
262.60183458	0.0127579360243
262.620695868	0.0127481534564
262.572612489	0.012763618778
262.836755194	0.0127250661576
262.730726223	0.0127377814214
262.759767249	0.0127341792994
262.129532124	0.0128300105065
262.396323313	0.0127907760631
262.091009433	0.0128279350822
262.252916339	0.0128068954082
262.41525911	0.0127813849876
261.913677333	0.0128416526256
261.754407709	0.0128598738774
261.54471406	0.0128783243288
261.696569893	0.0128520525331
261.552461483	0.0128652258794
261.573666118	0.0128625606927
261.675242157	0.0128443992089
261.736131441	0.0128361706091
261.745902533	0.012834970759
261.739287714	0.0128367383424
261.692133497	0.0128418474356
261.741518186	0.0128324559757
261.591321282	0.0128531971963
261.842225804	0.0128196683354
261.684974538	0.0128407313868
261.803076448	0.0128308780109
261.814279645	0.012832784815
262.159895304	0.0127897284359
262.104837054	0.0127962045998
261.874501502	0.0128297063951
261.732045014	0.0128521344843
261.68548056	0.0128565566403
261.870818792	0.0128284862774
263.27647413	0.0126325526379