100	-0.04541	0.0	0.999882902271	0.000117097728954	0.0
104	-0.03381	0.0	0.675160125326	0.3248398688	5.87441012792e-09
105	-0.03783	0.0	0.0	1.0	0.0
107	-0.03937	0.0	0.0	1.0	0.0
11	-0.1003	1.0	0.0	0.0	0.0
113	-0.04623	1.0	0.0	0.0	0.0
114	-0.007488	0.0	0.0	1.0	0.0
115	0.005245	1.0	0.0	0.0	0.0
116	0.04783	3.78407110199e-81	0.994527865612	0.00547213438819	0.0
117	0.03735	0.0	1.0	0.0	0.0
118	0.06481	0.0	1.0	0.0	0.0
119	0.09587	0.0	0.0	0.0	1.0
121	0.1033	0.0	0.0	0.0	1.0
125	0.1875	0.0	0.0	0.0	1.0
126	0.4883	0.0	1.0	0.0	0.0
127	0.6307	0.0	0.0	0.0	1.0
128	2.29	0.0	0.000853030253328	0.0	0.999146969747
165	-0.08989	0.0	1.0	0.0	0.0
166	-0.1096	0.0	0.999916320117	0.0	8.3679882722e-05
167	-0.1583	0.0	1.0	0.0	0.0
168	-0.1241	0.0	0.0	0.0	1.0
17	-0.1313	1.0	0.0	0.0	0.0
170	-0.1073	0.0	0.0	1.0	0.0
172	-0.07996	0.0	1.0	0.0	0.0
175	-0.09702	0.0	1.0	0.0	0.0
176	-0.06422	0.0	0.0	1.0	0.0
178	-0.0665	0.0	0.0	1.0	0.0
189	-0.02585	0.0	0.0	1.0	0.0
190	-0.02328	0.414245407425	0.0	0.585754592575	0.0
191	-0.02529	0.0	0.0	1.0	0.0
192	-0.02187	0.0	0.0	1.0	0.0
193	-0.0266	1.0	0.0	1.73610253973e-155	0.0
194	-0.009419	0.984848252839	0.0	0.0151517471614	0.0
195	-0.008078	1.0	0.0	0.0	0.0
196	0.01665	1.0	0.0	0.0	0.0
197	0.02138	0.00553952494209	0.0	0.994460475058	0.0
198	0.05525	0.999999999356	0.0	6.43896812696e-10	0.0
199	0.07237	1.0	0.0	0.0	0.0
200	0.1034	0.0	0.0	1.0	0.0
201	0.07205	1.0	0.0	0.0	0.0
202	0.02495	0.578956419123	0.0	0.421043580877	0.0
206	-0.005314	0.871949412013	0.0	0.128050587987	0.0
207	0.001377	1.0	0.0	0.0	0.0
208	-0.01687	0.00687515616342	0.0	0.993124843837	0.0
211	-0.01817	0.0	0.0	1.0	0.0
23	-0.08929	0.601192764147	0.0	0.398807235853	0.0
24	-0.07818	0.0	0.0	1.0	0.0
25	-0.08485	1.0	0.0	0.0	0.0
26	-0.08765	0.0	0.0	1.0	0.0
39	-0.07869	0.0	1.0	0.0	0.0
40	-0.06581	0.0	0.0456786310074	0.0	0.954321368993
41	-0.04366	0.0	1.0	0.0	0.0
42	-0.01592	0.0	0.975011270133	0.0	0.0249887298669
43	-0.02594	0.0	1.0	0.0	0.0
45	-0.03505	0.0	0.595519810935	0.0	0.404480189065
46	-0.03927	0.0	1.0	0.0	6.88223640996e-36
47	-0.01915	0.0	0.0	0.0	1.0
48	-0.02435	0.0	0.534136307673	0.0	0.465863692327
49	-0.04106	0.0	1.0	0.0	0.0
53	-0.06097	0.0	0.0	0.0	1.0
54	-0.03912	0.0	0.415365657702	0.0	0.584634342298
6	-0.06809	0.0	0.0	1.0	0.0
61	-0.06718	0.0	1.0	0.0	0.0
62	-0.05038	0.0	2.58182204228e-15	0.0	1.0
63	-0.04961	0.0	0.0	0.0	1.0
64	-0.06194	0.0	0.0	0.0	1.0
65	-0.05764	0.0	1.0	0.0	0.0
66	-0.05439	0.0	1.0	0.0	0.0
67	-0.05828	0.0	0.0	0.0	1.0
68	-0.06364	0.0	1.0	0.0	0.0
69	-0.05458	0.0	1.0	0.0	0.0
7	-0.0878	0.0	1.0	0.0	0.0
70	-0.05226	0.0	0.0	0.0	1.0
72	-0.05709	0.0	0.0	0.0	1.0
73	-0.05081	0.0	0.0	0.0	1.0
74	-0.05177	0.0	0.636784691406	0.0	0.363215308594
76	-0.05605	0.0	0.479159835627	0.0	0.520840164373
79	-0.05191	0.0	0.0	1.0	0.0
80	-0.05225	0.798405725859	0.0	0.201594274141	0.0
84	-0.1215	0.0	0.0	1.0	0.0
86	-0.1037	0.0	1.0	0.0	0.0
90	-0.06098	0.0	1.0	0.0	0.0
91	-0.05937	0.0	0.0	0.680459774061	0.319540225939
92	-0.06702	0.0	0.0567743465793	0.0	0.943225653421
94	-0.05074	0.0	0.999999521289	4.78710515602e-07	0.0
95	-0.05168	0.0	0.997659054815	0.0	0.00234094518544
97	-0.04662	0.0	0.409147801445	0.590852198555	0.0
98	-0.04218	0.0	0.999476865315	1.97629473835e-05	0.000503371737496
99	-0.04467	0.0	2.61850656114e-08	0.999999973815	0.0