-70.2228337009	0.535274399646
2.53565411236	0.235608939773
54.3127592137	0.131789574287
110.193478401	0.0706212723798
-10.6426654959	0.269431590231
-51.5209592557	0.434100786023
62.421851426	0.120413740492
35.79038994	0.161341349044
-29.0446451659	0.336441799681
48.588352504	0.140430902399
-61.2045477642	0.483239615494
28.9250376057	0.17445149024
1.33338246858	0.239151938904
26.4431233899	0.179983460408
8.51290780395	0.220251814829
36.2485806895	0.160451598085
68.7104427114	0.111086890838
106.836959849	0.0711868321017
35.5096643042	0.159507075285
86.3426175948	0.0901567866841
103.524135337	0.0741513050727
18.784940658	0.193738875784
81.0755845341	0.0961106474428
94.8593499331	0.0820344024253
21.9173759807	0.187049733534
71.4284851126	0.107323371186
58.035723096	0.124671654434
30.2708905719	0.169194240115
66.1111128632	0.113958070147
45.6153703735	0.143070235156
29.070710573	0.171671857358
69.4651210327	0.110567157135
48.535620608	0.138464065124
34.1672284651	0.162642135897
87.4034162345	0.0890291994516
39.5295518599	0.153250187527
49.3264836145	0.13773796007
39.2338275628	0.155107225563
33.1721828954	0.16521889163
89.1946266467	0.0874357933638
55.8874082085	0.128296198264
26.405885091	0.177289752125
94.4190365666	0.0827227112549
56.1486263885	0.127580535195
22.6602263664	0.185936297183
82.3391442346	0.0949239317639
28.0545305967	0.175571844103
46.3087889672	0.142138036739
52.4536333755	0.133658514336
45.5056090805	0.144000365262
59.6449848103	0.122654609684
47.6247423684	0.140601920155
39.3955800371	0.153626034677
57.6891706801	0.12573809343
41.7039159586	0.149291425686
96.7268861302	0.0801065299433
59.0107761627	0.124267855366
26.4413130043	0.17851215732
87.551543573	0.0899070646862
64.4792675368	0.116335814638
10.0289607362	0.215128244882
51.2792558456	0.135476820559
52.0362645544	0.133995822269
91.6893886227	0.0849082400378
79.9122519143	0.0978411470165
22.5095754904	0.186870530754
85.460992699	0.0924376128133
97.9069418952	0.0790231793275
6.00073870663	0.225358937222
35.8189624062	0.161158862803
74.5400985125	0.103533227251
46.8913353242	0.141806134656
65.2029011286	0.115679283522
22.488285538	0.18711203457
49.8580200542	0.138005638278
86.2871322398	0.0908710597031
57.7767567139	0.125785597093
114.177152386	0.0656116979879
23.6481294803	0.185553427442
12.8409581454	0.209715809494
63.6174846356	0.118044460553
44.1045517746	0.147139480842
33.2886660686	0.165592648363
24.6899048483	0.182869013486
44.890505822	0.144839081109
71.1876991031	0.108583761197
117.833351658	0.0628373598664
25.2639489943	0.181318839283
21.3265991793	0.190204669578
101.547296216	0.0763785384218
33.8126998057	0.16486122643
82.3807429181	0.0948785774657
20.0172780112	0.192638479279
34.9582804943	0.163255731296
98.4862673202	0.0791992815453
53.8454462738	0.131666211
107.276227537	0.0716280949473
31.3081154336	0.169394259403
28.7979316216	0.174961603251
75.0859095636	0.104223464107
47.3668348047	0.141412989704
10.4187240546	0.215447268191
108.966246448	0.0694473035784
52.0102735097	0.134597149084
119.329141047	0.0624014686484
36.0373456688	0.1607626159
16.7504387932	0.200550188465
80.9841667926	0.0969904590698
83.0850013382	0.0940522664747
49.8816343163	0.137454785258
28.0009038996	0.175873256724
11.7200188556	0.212219495361
84.7802686758	0.0929750939766
49.0139732101	0.138059130866
10.8347905065	0.213849552508
24.5943284369	0.183037462401
52.5160912753	0.133339461401
15.8816391623	0.201707906699
4.90838511535	0.228732196943
29.2557517821	0.173790407731
63.8982687961	0.1173398386
19.6583779933	0.193189796376
9.41652854024	0.217408293551
38.9312814662	0.155309151258
13.0864681084	0.208748847386
72.4292193948	0.106137940843
24.6171016274	0.182968322916
1.73827280775	0.23745755805
64.9475760984	0.115555761671
15.9498517133	0.202044185328
70.8899658219	0.108023732681
44.1587011768	0.146693711264
-7.24227701336	0.262893013678
52.0360417917	0.134282052167
34.4957203922	0.163710273445
17.5684278929	0.198219778752
40.0745364275	0.153493068857
9.86519835383	0.216465667092
13.0083245354	0.209030214563
26.3291261057	0.179897937875
48.7191868108	0.139556848758
50.1311281428	0.137074178903
33.6233338268	0.165391879963
35.0264714014	0.162787551123
58.0970927486	0.125547406217
17.466643994	0.1987088204
42.0423583142	0.150523572188
33.9284459293	0.164948630035
55.979970194	0.128605913019
73.4681500727	0.105601209346
38.2476578159	0.157199922529
85.3900756662	0.0921576387703
81.0292823228	0.0968876374723
108.423336684	0.0701928369893
95.3810097012	0.0821135643248
56.3128117837	0.127811331062
47.7314880492	0.141415795036
76.8503826423	0.101254937912
30.4119863689	0.172014047905
109.645114751	0.0692586644956
92.6897976696	0.0848705041826
45.2925435965	0.144262106981
127.374379792	0.0573102486903
54.8498044606	0.1296636941
115.301088096	0.0653376203964
52.9892698276	0.132740022289
134.968033449	0.0529345637222
54.9446462699	0.129543198087
86.6778521323	0.0905593173356
45.3464080039	0.143998637445
122.74330721	0.060402144025
47.4744844007	0.140548465114
85.0452846426	0.0924566815504
52.2071068887	0.133145208235
83.6364893482	0.094136242689
53.1683418749	0.131635700618
55.8739770811	0.128520731846
61.2343458838	0.120122288926
76.198422172	0.102178813135
60.3214557398	0.12186590543
43.8368072543	0.146904692826
63.2117395283	0.117678882687
47.6322698113	0.14066531375
62.9230210344	0.117948023218
47.2771968507	0.140768001304
77.2170720645	0.100565370475
53.484544207	0.131321159538
48.6409042812	0.138569091344
63.9028300386	0.11641689126
77.6755356618	0.100006738194
59.0283591408	0.123584881814
55.4922156683	0.128666283117
57.5811190886	0.124927848728
68.6429995125	0.110541393485
71.5276244508	0.106275571424
66.4877615868	0.112906910928
70.8153157898	0.107890370662
69.5803493092	0.108605180862
68.9403928034	0.110122664372
72.12807122	0.105586430916
76.5046310571	0.100869369341
75.3943443126	0.102313844712
73.4229222319	0.104807380227
78.485802079	0.0989153306161
79.7287375809	0.096953725218
82.4634015883	0.0941582215079
85.0216326933	0.0916783750863
79.0921591902	0.0978472197149
74.1815681811	0.102900460871
75.3607475383	0.101432366769
84.1474582804	0.0926933500751
84.6884623172	0.092041022856
78.9110946983	0.0977327869025
92.9910589801	0.0836764748085
92.5017434227	0.084042428212
80.7415948047	0.0962619705986
75.2969310098	0.10281331992
94.653482661	0.0821283077846
80.5539621442	0.0966678960465
68.1093461696	0.111663953259
93.7288929327	0.0829230740408
92.6611983058	0.0838848148225
70.7898463546	0.10826889651
94.4197172943	0.0824231493895
96.6286680478	0.0802349017816
80.3422517623	0.0971944878501
84.1990294506	0.0932469210493
95.3165594692	0.0815355863935
86.4585012523	0.0903902941254
66.9729666439	0.113333393297
92.0966061504	0.0844454705207
70.06332907	0.10908727424
67.3422321806	0.112864609155
88.9121363957	0.0875766016077
76.7308349318	0.101397821053
45.7817336337	0.144150860769
79.2426742486	0.0975218853983
67.8802914412	0.111989340239
60.0247684874	0.12269332452
82.62897693	0.094456053398
67.2636168803	0.113078684502
56.9388164381	0.127174042501
71.9303263294	0.106906746006
48.6092524649	0.139704437418
63.4962621968	0.117926540518
49.6243173776	0.138202126365
59.8587017541	0.122895926598
47.8944861291	0.141132428377
97.419459541	0.0795117397759
49.1493531517	0.139243358202
82.8175122499	0.0952236877752
31.5893851852	0.169637769329
82.5460309155	0.0956369658735
30.3966400573	0.172121619229
100.617945576	0.0775703119718
89.9632627208	0.0882651880961
109.590561372	0.0704828783388
101.393508975	0.0777738114073
51.9079744474	0.131956803101
46.5377922479	0.138965526084
55.1105869226	0.128605005635
77.7618233866	0.100732589107
11.6938973068	0.210476292906
32.7047929832	0.167654007766
37.7191461609	0.154476509495
21.054108501	0.187625554331
39.2185158831	0.155196981124
81.496678052	0.0972684304169
69.2200792836	0.111026063999
81.4284936046	0.0970515972711
24.4239733743	0.184154133478
99.1592796371	0.0794799169158
23.7197242366	0.183799478543
46.5429408469	0.141127489447
53.9865392723	0.127928058541
65.855387054	0.112418713151
35.0145742105	0.159482678616
44.0622886698	0.143183177307
9.97149453906	0.215318231317
35.3691627831	0.157764165271
51.549545136	0.135274357284
40.2560680038	0.150878800036
25.5135701636	0.179857834026
29.2689266229	0.171970952143
79.7133465506	0.0965236851723
58.6716061323	0.125329271015
74.5702947812	0.104844937337
38.4029914351	0.156179495922
29.3234176896	0.173763584461
38.4465442864	0.154293305495
61.7953950559	0.118331915436
73.9269314701	0.102848129847
117.874262923	0.0639713661171
36.1084800223	0.160733546461
51.0623589561	0.13418601623
18.4359365799	0.194325115365
38.7750171845	0.156556610622
78.2773164544	0.0979325397273
32.7408562335	0.166786838446
32.830439635	0.163213379719
31.8078957942	0.164248599546
52.5474463568	0.131707070287
54.4152459895	0.131534234842
87.8064243508	0.0899391746983
40.3229160876	0.153361186931
57.4277600989	0.126775667998
81.1065728264	0.0977207934882
18.3328311724	0.195344612531
38.3841883471	0.153882913915
48.7072241951	0.135688037905
50.5576633926	0.136723917131
27.953490197	0.171386490835
37.4022540995	0.156715313594
18.35340771	0.195902414374
73.6630591682	0.10328350091
4.41584579817	0.228369546924
57.2408632388	0.124974067951
85.3265016113	0.091244570042
90.0533944216	0.0869792535482
38.8128852818	0.152861218115
28.659367755	0.172454763279
18.7755079356	0.192958668206
120.982537045	0.062092345792
23.3746305675	0.186224558427
110.913128909	0.0699538010247
55.4709458221	0.130030241215
91.0138525894	0.0857228858066
110.507260521	0.0702722984836
54.9973028262	0.130205565322
30.7440295027	0.169978136628
38.6305654504	0.153233090435
73.5397076194	0.104526149822
48.2131055819	0.136554590252
17.7221090978	0.194559706916
54.0139440648	0.131569452757
40.027714712	0.151409887393
43.9607342952	0.146887729381
36.9004460203	0.155823652616
46.0149045893	0.141411709647
49.8453262232	0.135904699727
35.4466861324	0.157905064809
42.7850138954	0.148854267177
40.603170859	0.151582462434
39.5595629811	0.152354517151
60.8679305112	0.119765202059
37.506691956	0.157589790679
54.6629167383	0.126907850426
34.9349387206	0.160527269331
110.229059895	0.0686232461531
122.169959774	0.061517041979
39.2422879604	0.154574979497
27.5886179173	0.176732473516
35.0478928156	0.158495141553
44.9966783747	0.145276605728
37.4462799406	0.154956981485
34.0692413609	0.162280742368
34.5660225248	0.159674375738
99.6555126085	0.0790294927138
91.727253429	0.0863326952511
35.7025116872	0.160398602038
54.6201203275	0.129229990809
37.8199208271	0.154527075673
23.6186369076	0.181624455952
72.4470408757	0.106762394513
31.0451747532	0.167179280314
94.875995736	0.0838304597659
51.2122310113	0.136093421067
77.1358522647	0.10013313266
48.8099445916	0.136219722895
135.674337471	0.0526006879821
110.38581079	0.070367778787
114.159598577	0.0671776401706
36.6655636463	0.1604650919
52.5905445158	0.131828795108
84.1306717432	0.0915604343735
26.3675728257	0.174459131163
72.7163905703	0.104366515844
78.0056883755	0.0981786872838
70.4427066942	0.109151298747
31.7633498655	0.167975818906
62.7289434066	0.11603544559
43.2563439592	0.14411143387
65.5596937405	0.113190042233
64.3087634902	0.114963194295
38.2734795887	0.153932034962
35.9452280014	0.157326970944
26.2789628679	0.176662865434
53.7544697125	0.129922988507
22.6095274686	0.183864501361
24.0482307768	0.180188949173
104.049026602	0.075314859404
21.8024632054	0.188872884467
93.117712792	0.0848899199896
132.562405428	0.0546754344016
33.7557796764	0.165783782937
80.6320316672	0.098156003703
30.6446139411	0.169448425814
121.115929502	0.0615589439795
38.9079680903	0.154117994595
136.590052259	0.0522902762481
31.8965433578	0.166747837427
38.2127996018	0.1557536269
56.813634038	0.127667373425
84.1942855476	0.0927230804338
33.2247707265	0.163067605724
38.4739523294	0.155515702086
59.8922366582	0.120577439071
43.1726428226	0.145972071317
61.066584365	0.120428457242
70.7219393857	0.109593522644
121.656383255	0.0619738178503
44.3079984716	0.146240400206
90.9138279296	0.0851677756008
70.1831388223	0.110212081616
134.784039386	0.0533249164098
89.7523340819	0.0888192836645
94.7036357522	0.0839930399882
79.2033135741	0.0998506743488
129.76322698	0.0557270761378
111.490730943	0.0684384629696
60.9143044269	0.12197047135
65.3354464741	0.115719125923
67.5255405211	0.113408917109
58.3168076308	0.123554256962
122.969038826	0.0602354183589
43.1001438015	0.14818634583
37.5683563841	0.155177139654
78.7622337977	0.0983490764445
117.705156722	0.0638931398091
75.2218208234	0.101244896152
34.5650218476	0.159806210046
91.892421874	0.0855435803507
84.4116858283	0.0941931166322
120.36795927	0.0629195248735
100.659525393	0.0782132780739
70.5333437776	0.109725496337
105.906568757	0.0740791808192
92.3567494767	0.0841396211727
65.7984108328	0.11308119011
61.7219658675	0.117445533673
79.812732989	0.0961130497663
63.9329508246	0.11479672879
37.5433151522	0.155163523369
103.353531668	0.0751484781091
96.6369995496	0.0800071232184
77.9833471561	0.0986940563947
81.8288816457	0.0969469654487
70.6259314962	0.107812685969
156.090847839	0.0418676603292
72.4139318191	0.104794346751
40.7510039968	0.148133018725
43.5703833566	0.145568479289
76.2095829059	0.100138234528
79.968979092	0.0959288864717
51.9789779154	0.132239819865
83.0462187985	0.0931844110426
59.4560294166	0.121694093437
68.3575191149	0.110650296571
54.1121761691	0.129434573971
65.1532228975	0.112873037334
60.9632229478	0.120178540391
90.6787304094	0.0872290231148
82.5897897419	0.0931595132994
50.1757974804	0.134071321751
140.958314191	0.0494709421045
73.5919175443	0.106140971347
73.7431410915	0.103165542278
37.2399265059	0.154249927554
103.623304529	0.0742328383447
79.1279312657	0.100032740882
117.288505795	0.0646169955114
102.290994435	0.0770518568848
72.9733247474	0.104143228125
45.7732863599	0.140205746981
25.9004080386	0.178961801152
118.555064094	0.064234927565
77.4281930941	0.101732321898
78.4539557017	0.100595723313
92.5008411044	0.084962337653
146.364914933	0.0467549914171
73.4615613484	0.103067160896
35.2877751155	0.158780984362
99.2834941396	0.0776203276544
81.0490895355	0.0961960798555
82.0093284335	0.0964411749061
95.4366106149	0.0833652911991
129.0112541	0.0557367559771
111.240587757	0.0698293629706
91.6532944062	0.0847870546859
97.6661834133	0.0791893313829
165.471779708	0.0377287201868
163.582719564	0.0385450356156
155.718992531	0.0421062661389
72.7166663378	0.107217758723
124.423846265	0.0598024445108
123.628113478	0.0605020441302
110.273519378	0.0701317749016
153.923314376	0.0429749078585
127.040433074	0.0570355961482
101.187371389	0.0782352303791
138.986542527	0.0503775372304
99.9043900706	0.0792417022029
107.168522352	0.071241741997
109.776450289	0.0704181419892
98.6563549493	0.0789212855579
93.8742663961	0.084291336615
109.117776406	0.0695981506952
91.5526357466	0.0851016086652
84.1989719111	0.09175307745
78.0910257891	0.0982941258443
71.8711664066	0.104959457458
46.7733229477	0.13926381642
69.4614270468	0.107835261789
57.4382296429	0.12308662335
75.5916465263	0.101279463922
97.4442141877	0.0799133239435
118.127762276	0.0634691921116
53.6784717393	0.132379271983
116.909650501	0.0653832948355
126.775707298	0.0584904736777
132.745762442	0.0539970706892
75.0189226258	0.104544080223
89.9255345128	0.088264231795
142.17857995	0.0488539445566
142.532676928	0.0484366930965
135.923503334	0.0521812733179
144.679975623	0.0472361919885
143.460422057	0.0481434700325
153.563988303	0.0429153528371
190.879473104	0.0283626364385
114.936193267	0.0661406401813
122.289012044	0.0612540944778
102.880063571	0.0759579163111
89.1450399081	0.0893078784388
97.3901775898	0.0814654098609
104.303769334	0.0739334004027
145.362808049	0.0466639578037
115.270394816	0.0662032173272
102.561125736	0.0770191207957
109.589454665	0.0698529397972
136.217130377	0.0526361879216
137.57972415	0.0514649576184
121.978284368	0.0605885121018
112.782304952	0.0678895960207
116.562261831	0.0645752832775
103.338804587	0.0744395315221
99.4901539051	0.0775926428345
112.421524585	0.0685388979136
134.974225992	0.0528891372562
190.502934902	0.0286558610472
82.4771607551	0.0940289580637
88.5265156867	0.0877394876496
135.091059478	0.0533359627489
96.1917470889	0.0827559730388
91.6003513835	0.087106896445
78.6616276189	0.100516749475
90.3485149578	0.086018369759
172.895609459	0.0348508019528
97.4585412683	0.0806476674928
152.54690102	0.0437873139489
107.652707562	0.0719321315983
127.717463205	0.0580016438502
94.7280372263	0.0840116424172
119.268905842	0.0638264985664
148.338364228	0.0457815899208
110.07316418	0.0708137914714
140.230837489	0.0502702460677
113.203446178	0.0682508826454
134.633348465	0.0536000265991
80.5171931557	0.0985385232421
205.717016335	0.0241401961238
215.459112948	0.0216107736414
179.322837985	0.0324546089501
121.681523871	0.0621072669239
114.308899582	0.0674564480222
83.7893860383	0.094995404559
200.23905628	0.0256934271145
120.471732416	0.0615342327681
135.5055427	0.0521218905623
101.704314963	0.0767967204789
104.987722681	0.0743594236209
151.509123915	0.0438618183302
112.205055288	0.0674210134321
116.456227195	0.065896858352
97.4228559441	0.0793876812258
86.8100349361	0.0919014830554
142.870546896	0.0482508144562
115.259061942	0.0666870792697
174.357033772	0.0343340930008
90.8656781951	0.0876768640527
118.707426297	0.0628141681367
98.7146197581	0.0804550193737
175.19166904	0.0339939058243
103.329636202	0.076306269568
107.240351386	0.0722288752488
94.6898537861	0.0841228211447
186.811237677	0.0297591403899
99.3750516207	0.0798083309607
175.138962635	0.0338213761744
109.737319832	0.071049518491
109.341897562	0.0714023525129
91.33573098	0.0873429385557
123.127162563	0.0608259008358
115.473494737	0.0666222121556
143.735708907	0.0479876472512
181.78173365	0.0315950749889
140.966015997	0.0492277952991
118.199910907	0.0645616738773
135.434893157	0.0522498622071
132.733966995	0.0547662257893
155.179753807	0.0421556515595
118.676229873	0.0642464957089
200.094594271	0.025567631649
103.079684866	0.0765934422057
143.568287857	0.0477871452898
97.3232011859	0.0816796589041
127.668520506	0.0574649999955
105.247662108	0.0747084719029
153.631886517	0.0428027871893
120.339927053	0.0630038390253
200.978627549	0.025443494432
112.984140432	0.0684679215997
109.670294259	0.0692507299226
113.945521118	0.0677517055043
147.17311495	0.0464682918695
108.204188523	0.0722432147179
122.54245313	0.0602291885305
118.161722767	0.0639455547621
115.183628947	0.0651961474295
123.937374175	0.0596359221312
165.457830299	0.0375937758968
97.0710130986	0.0798527180594
81.5083883309	0.0953594250193
208.322614422	0.0234226861594
104.300648983	0.0755439626235
123.384463951	0.060901206107
96.5980136334	0.080430344624
143.055819814	0.0479615117349
113.080649877	0.0684147380441
196.386343872	0.0267833413655
107.758820278	0.0726591534356
191.956710003	0.0281698316467
151.349130347	0.0440968487714
212.192937346	0.0224340207023
218.056655201	0.0209627115147
150.780184718	0.0443412192608
191.782566894	0.0282194143103
172.083822172	0.0351132628755
119.708062591	0.0634956963717
156.49268103	0.0416522038447
145.979178456	0.0471371275111
185.465216062	0.0302954738139
131.919233026	0.0553048164257
189.704129278	0.0288221744384
127.108452071	0.0584100478616
219.281552199	0.0206284263438
140.790014749	0.0500271668471
217.608104585	0.021060704042
129.310564695	0.0569495421014
173.886400156	0.0345098960429
129.791062134	0.0566391881919
153.991031898	0.0430922057732
130.022876764	0.0564937661564
215.123265855	0.0216803531629
148.996190282	0.0456144556674
179.370135826	0.0324632312817
129.688683242	0.0566662093915
175.754393079	0.033798694934
155.597124119	0.0423433207576
162.712989247	0.0390869209752
124.885863693	0.059850721495
187.598662927	0.0295965249827
141.786723569	0.0494587051061
154.841619446	0.0426729064833
144.657128309	0.0478914183696
148.086377964	0.0460186862072
162.726111933	0.0390820695813
162.016947996	0.0393416807619
159.666350725	0.0404389380393
182.608172311	0.0313134876669
160.428277355	0.0401281253219
195.411078236	0.0271110369486
150.679593597	0.0447557486934
210.351644343	0.0228488131113
141.239891982	0.0497487909594
205.551309257	0.0241512464934
144.2798009	0.0480716565407
204.107678524	0.0245221581969
192.336897947	0.0280242150124
208.106917902	0.0234840596938
157.901453472	0.0412456740089
168.839530898	0.0365120556127
195.617150191	0.0270096913757
188.423075405	0.02932921815
207.999994425	0.0234774428848
165.141148702	0.0380537921212
165.859034905	0.0377491230517
172.271447613	0.0351366208372
174.864887946	0.0341149019173
181.388888923	0.0316794526921
170.237902577	0.0359287121092
230.177695425	0.0182577783229
208.376841812	0.0233260872857
196.874580093	0.0266212294275
224.868648271	0.0194272499255
225.587885229	0.0192367774374
221.921866693	0.0200465314172
158.349936575	0.040795158302
163.081624193	0.0387161260563
195.421697403	0.0270083114016
152.95714731	0.0435825473352
174.369678377	0.0342550074213
162.602500152	0.0389250257847
219.257892141	0.0206909239451
177.468838328	0.0331363554169
163.128494961	0.0389199870367
200.477934144	0.0255169716126
186.654906108	0.0298817934319
162.385363789	0.0389813393747
207.347276553	0.0236470186456
176.475347459	0.0334424174667
157.526966392	0.0414535364718
165.255316216	0.03775115453
214.104173672	0.0218813517378
227.78931208	0.0187220221813
141.596133482	0.049560573008
171.402737323	0.0354390269149
160.586387548	0.0399626738297
178.932560829	0.0325147255265
220.196866792	0.020443529747
182.231324337	0.0314426473762
134.804755217	0.0534824227647
141.17312374	0.0492936711672
186.35144542	0.0300231954893
139.605689114	0.0499605780432
192.413823896	0.0279599367061
199.292557597	0.0258720691198
154.196889298	0.0429760469249
188.552035692	0.0292250978853
184.947473814	0.0304128684487
157.199834458	0.0416078559406
148.337930854	0.0457703417523
168.826937862	0.0365032050734
156.646946441	0.0415322982734
212.40095801	0.0223605774531
187.961263554	0.0293986277206
166.547489065	0.0374389179851
138.421619151	0.0507843308525
174.26046721	0.0343534504701
165.615107543	0.0377580970021
180.584830833	0.0318861041291
175.178299932	0.03398035305
152.244914176	0.0439314271444
177.326732061	0.0331316651292
219.513429704	0.0206258281305
143.079654471	0.0487422871321
171.602204854	0.0353895321044
210.090190908	0.0229188787383
187.170936051	0.0296985677658
198.334781214	0.0261688158806
213.653312365	0.0219628053409
188.188421429	0.029383922909
155.665724058	0.0419197153583
203.937241385	0.0245795005523
167.740224701	0.0367043822957
208.986896769	0.0231919950657
155.959979177	0.0418537873498
216.819768437	0.0212246250371
188.87770379	0.029161946235
195.592005226	0.0269701881239
168.972742098	0.0364130781172
158.099031623	0.0410890366391
212.010303526	0.0224216319419
224.032039285	0.0195212209313
208.306213716	0.0233883685426
160.515881676	0.0398901648895
162.796616011	0.0389131508886
169.625887229	0.0360009258405
162.693429844	0.0388586780237
226.82465957	0.018967584611
147.302011602	0.0460432573064
176.543760928	0.0333227148663
134.022550535	0.0532005465915
164.608586655	0.0380879099795
166.165116137	0.0373939611494
163.687553582	0.0384449246117
164.641410717	0.038022833381
187.426957375	0.0295748946163
203.579322019	0.0246099935988
162.765180127	0.0388224133279
169.572470483	0.0361410226644
178.484300541	0.0326386875237
156.538216009	0.041554030249
165.950585224	0.0375874483984
158.563615021	0.0407786375017
209.498193491	0.0230808243355
184.182391992	0.0306681222696
200.694242758	0.0255296796707
181.937060012	0.0315341922581
197.010058831	0.0265599410006
211.850435709	0.022474375327
189.995744363	0.0288040503864
207.160053399	0.0237019390761
215.450987371	0.0215281573008
219.953516294	0.0205094181305
214.025588697	0.0218733292257
211.586459726	0.022493246866
230.12773626	0.0182470821424
186.599575894	0.0299273515612
158.033345148	0.0411441446304
216.891936156	0.0212316866809
210.502726709	0.0227972814848
164.210838783	0.0384144484748
235.912369479	0.0171037194116
195.829004044	0.0268875640178
194.916065157	0.0272559255341
164.817913312	0.0381987894966
213.542672811	0.0219983234506
224.05805709	0.0195385476922
206.287500537	0.0238653495653
181.533144176	0.0315201193347
226.566205966	0.0190330783415
224.539302281	0.0194564127885
217.206872485	0.0211303406487
172.449462715	0.0350146710292
183.568475705	0.0308552329923
184.039732993	0.030699376382
200.64765169	0.0254850232124
171.28536992	0.0352939397892
198.473918893	0.0261594448187
183.877543274	0.0308184661476
176.282069759	0.0334894813867
166.68354628	0.0371074286717
203.890018049	0.0245223320253
160.694240787	0.0396365891061
226.026634008	0.019128996501
183.695763774	0.0308025917936
187.842463036	0.0294554512101
217.981754931	0.020973365979
193.69281285	0.0275388549386
220.027344555	0.0204320254463
169.265121619	0.0361264529943
199.941341693	0.0256799341347
161.731487478	0.0392238979772
224.375511141	0.019539398861
177.094416188	0.0331521052421
184.377956801	0.0306410042353
202.70229027	0.0248691605466
157.238540127	0.0412884604747
187.574800933	0.0295944459424
227.107347173	0.0188965329367
170.814509312	0.0356753529114
191.525460015	0.0282333281898
201.776997326	0.0252134815693
186.366295992	0.030007005791
178.127617783	0.0328736479019
177.453523772	0.0331224343347
200.016058055	0.0256914325068
187.163469748	0.0297376060917
173.783012137	0.0344412198111
164.103996017	0.0385079603302
174.820947723	0.0341174567979
150.074280475	0.0450570184452
141.421183754	0.0496079412544
174.134532526	0.0342250572565
156.486309711	0.041542203339
223.872417537	0.0195598366777
221.449646491	0.0201068195641
219.656571431	0.0205672833241
183.121612388	0.0310818330986
200.112415971	0.0256828265378
213.94714298	0.0219637404278
204.820858134	0.0243180594289
222.628735483	0.0198850516647
214.086137329	0.0219064725813
224.954042924	0.0193829142916
170.894992838	0.0356825711972
147.705914751	0.0462891428543
161.073170213	0.0398414866099
232.770998908	0.017742477531
216.686504082	0.0212885877358
219.923834324	0.0204750476082
179.939017292	0.0322315891657
220.741987429	0.020249622154
179.078216932	0.0325398837467
202.745750758	0.0248299244592
206.152018598	0.0239627469965
170.264851596	0.0358575600376
191.412855442	0.0283197792329
212.052291424	0.0223593671138
222.320088792	0.0199662768981
212.338217558	0.0222814220206
205.738814048	0.0240727606066
224.122755309	0.0195060837166
201.717329396	0.0251988157684
215.250161925	0.0215582868657
228.507608437	0.0186238010728
213.73984475	0.021956820777
215.016797036	0.0216471475927
223.380908241	0.0197100460634
218.263884403	0.0209238634213
199.516594901	0.0258113165047
202.011083887	0.0251219857875
190.668137789	0.0284877742731
202.068258914	0.0250883193284
222.06155531	0.0199964412892
220.508353776	0.0203726509157
237.401825753	0.0168674903347
225.240605063	0.0193403851204
207.467894829	0.0236204409332
218.628971141	0.0208383118924
230.167724021	0.0182586959957
228.430282062	0.0186433728662
214.541405659	0.0218054187543
203.695544331	0.0246354076826
230.822578969	0.018157981179
209.444787267	0.0230640318109
231.122763144	0.0180848893446
226.209991128	0.0191040803167
206.54283603	0.0238627545252
214.644771341	0.0217636896342
201.854869899	0.0251640968013
220.898969472	0.0202628091243
225.721203248	0.0191946052692
209.12249472	0.0231422345384
200.708590544	0.0255219363459
180.335137242	0.0321132670449
228.137335412	0.0187012281485
212.685768325	0.022199182242
201.930236004	0.0251453313696
230.561912622	0.0181523726902
209.954429606	0.0229539634626
204.50391922	0.0244255275004
208.033351651	0.0234669180418
212.654407959	0.0222409761168
219.564909728	0.0205765959789
221.16709924	0.0201951447543
192.379015439	0.0280115509826
214.433913848	0.0217987532151
222.383952803	0.0199485021113
235.503030789	0.0172439837462
214.383223891	0.0218674810726
199.23199371	0.025918806386
207.667830013	0.0235943096209
190.667886506	0.0284875324048
234.405822447	0.0174163051914
228.338230308	0.0186564094576
230.551070105	0.0182159053451
223.21961931	0.019795010445
229.119634843	0.0185475047774
204.313813662	0.0244587175468
229.739482419	0.0183848930548
209.825871541	0.0229651216851
207.870795079	0.0235254043933
202.785589085	0.0248695601655
224.670842789	0.019484733012
200.851275168	0.0254532286677
219.274773878	0.0206994414809
214.723800116	0.0217387494244
210.400695795	0.0228174708578
230.5485059	0.018200751689
211.775323542	0.0224465335262
206.010685834	0.0240172669718
203.685061034	0.0246515311278
217.39336132	0.0211086203175
205.630316872	0.0241210723027
205.911871149	0.0239817066469
212.557766253	0.0223076702437
230.102001329	0.0182346096169
218.360024874	0.0208447450376
234.599358428	0.017377817856
227.796907436	0.0188065487532
213.085121605	0.0221660410625
202.849516748	0.0248966667177
230.993526533	0.0180551041095
211.470793918	0.0225531609419
232.766539966	0.0177365307905
231.068286611	0.0181324816355
239.296043651	0.0165141841043
220.459082351	0.0203959001768
224.954930699	0.0194123275368
207.365082823	0.0236588622583
218.793559946	0.020784896072
216.818037693	0.0212684124667
226.552356371	0.0190396675071
234.313599188	0.0174831706849
229.190217028	0.0184655409241
217.484566807	0.021099184081
212.621098715	0.022299744087
206.936094584	0.0237798485364
208.060938025	0.0234859289194
214.077349405	0.0219319614981
232.181529941	0.0178913724606
219.353021301	0.0206409943735
220.446778829	0.0203837404629
220.076502503	0.0204943561185
219.268271973	0.0206660870631
221.056749412	0.0202656868467
205.373234341	0.0241802175292
228.549435178	0.018608430368
191.646820173	0.0282368922045
237.671215414	0.0167572981376
232.361274372	0.0178812691511
219.67180716	0.0206015122345
201.53393163	0.0252196895144
206.251573113	0.0239356809036
224.197863311	0.0195197124302
215.471720505	0.0215694937469
197.723459892	0.0263888376872
225.974807351	0.0191861053868
230.751098596	0.0181691128439
222.345039988	0.0199755241802
220.881878998	0.0202803809886
197.398765316	0.0264228801871
219.835768506	0.0205258615231
201.337522749	0.0252618669031
216.030499801	0.0214281260524
227.678250424	0.0188196376038
217.256916139	0.0211144612185
216.417441254	0.0213794996266
212.548559526	0.0223019398521
227.038438588	0.0189646683422
222.033863817	0.0200289976697
227.019744715	0.0189650719567
225.11901413	0.019346711403
228.333166714	0.0186687030522
218.600352881	0.0208386439773
227.172361845	0.018909783983
214.911737499	0.0217282790312
221.913665925	0.0200654199474
217.875239832	0.0210074008365
228.75001571	0.0185860943922
235.182294068	0.0172886098422
235.34380668	0.0172609956337
224.304471395	0.0195393251665
226.117445454	0.0191493945032
224.789449616	0.0194385959144
228.209849488	0.0186982669154
238.203129477	0.0167219495736
230.492147688	0.0182185651565
234.371433367	0.0174377299692
238.361579178	0.0166711980807
221.158132658	0.0202402663678
235.547791613	0.0172305841506
228.842650432	0.0185468720562
234.248603352	0.0174811546671
231.51557803	0.0179692997594
231.817388073	0.0179636410077
236.14476515	0.0170449699974
230.498707642	0.0182326127576
235.934244755	0.0171281874044
214.858271228	0.0217414345124
222.407028035	0.0199322958254
225.334818113	0.0192924067399
217.747729618	0.0210326311674
229.997131629	0.0183010919464
218.691632336	0.0208109893926
223.333190913	0.019770957191
219.525450852	0.020544633252
224.38998058	0.0195273149947
219.37037247	0.0205902674736
227.793667387	0.0187979263931
221.654150895	0.0200636168422
228.676480247	0.0185873438595
230.542603087	0.0182174722468
232.927201476	0.0177540909289
227.302446711	0.0188970598828
231.752804892	0.0179919132423
224.021781778	0.0196129864353
225.322138179	0.019331751117
230.70920222	0.0181922456892
232.260316947	0.0179056819045
218.404103936	0.0208958717539
227.891796476	0.0187734095683
224.638456328	0.0194774894747
223.431850677	0.0197453510633
229.671018748	0.0184083841003
231.201804818	0.0181119320653
229.574878257	0.018420677165
231.219018254	0.0180879558205
217.955365882	0.0209257155293
228.439590378	0.0186679730832
233.97884476	0.0174510268113
240.091070094	0.016362339391
245.427289546	0.0154029322242
230.797454963	0.0181602573096
234.790628084	0.0173599929848
231.109618008	0.0181084578668
242.482984337	0.0159070207519
230.819034975	0.0181603540066
229.707598302	0.0183822504777
224.659121564	0.0194630451536
224.752963509	0.0194354540477
234.445119429	0.017419538692
225.981856578	0.019159229719
226.943637256	0.0189712936829
231.288985535	0.0180383480244
227.583760657	0.0188323102571
223.553430819	0.019688039395
230.701174237	0.0181965998381
230.197286894	0.018260601065
227.029124847	0.0189527848976
226.408246951	0.019082530515
218.989512082	0.0207445913597
222.371613033	0.0199700187812
235.004619881	0.0173197319209
228.502402361	0.0186164001309
236.320583532	0.0170890957271
235.036265572	0.017297506249
230.364969679	0.018249163394
230.607101827	0.0181831560743
228.517179002	0.0186379783501
235.861256297	0.0171527958776
233.957683065	0.0175530993598
227.247733903	0.0188999012124
229.143902996	0.0185114862915
228.898570724	0.0185233557065
236.470393036	0.0170369368463
236.288086857	0.0170512353341
234.983558348	0.0173373885583
236.605668415	0.0170016209903
239.472745099	0.0164934901989
240.174063763	0.0163418063262
234.73797032	0.0173760863419
245.467896216	0.0153885323391
234.387660627	0.0174400723325
235.186167202	0.0172865581067
243.746483071	0.0156904375733
234.244724002	0.0174686893585
241.867309129	0.0160204450529
241.375569906	0.0161249773577
235.977418806	0.017134942351
240.484257923	0.0162799338617
241.65307818	0.0160603062467
239.653321622	0.0164341046029
228.140210026	0.0187023841637
241.084310114	0.0161987091561
233.030190511	0.0176975336356
238.951726705	0.0165987904466
236.924720689	0.0169360084606
231.618590724	0.0180064095141
232.280654879	0.0178713646275
237.473662135	0.0168443394316
237.436411207	0.0168743218576
233.207591019	0.0176827475999
232.410604848	0.0178432812186
239.898955051	0.0163931386122
235.399773353	0.0172566250791
236.912124674	0.0169594074353
232.372512019	0.0178425302299
228.929874691	0.0185517461666
234.541358432	0.0174038102137
215.355393151	0.0215268534959
227.873345184	0.0187839243729
245.585955659	0.0153762137644
216.097434224	0.0214533775305
240.702490238	0.0162532066486
221.023517087	0.0202078705111
210.772662131	0.0227531296465
225.355025473	0.0193262409393
216.666060275	0.0212821039792
223.729716285	0.019571070307
225.832982038	0.0191231053686
240.62802004	0.0162093227355
236.284506877	0.017062066416
243.316581801	0.0157942830666
239.646566089	0.0164115116194
247.132747083	0.0150659969968
229.03368509	0.0184769652952
238.401228337	0.0166872266872
240.640323171	0.0162573835887
235.581919534	0.0172114417131
234.393970398	0.017421141381
228.22123211	0.0186962239492
234.257017118	0.0174923452461
229.904956364	0.0183494778357
242.801442616	0.0158638202019
250.241908708	0.0145974376509
250.0193479	0.0146341704469
238.365954584	0.0166450825724
241.453888258	0.0160896173519
243.991082226	0.0156517771636
246.41945778	0.0152029820606
240.329158845	0.0162660840127
241.568982831	0.0160725240915
239.995319367	0.016349667621
237.021978434	0.0169209921964
246.17719395	0.0152428436172
242.176035368	0.016003491768
245.78356038	0.0153413980045
240.474287233	0.0162903507154
240.568901136	0.0162049881063
247.514751207	0.0150404518889
239.535446839	0.0164167939196
238.289285187	0.0166810993768
243.63292394	0.0156992569106
244.898001158	0.0154896802751
245.167431659	0.0154181810955
244.564486457	0.0155101481085
246.891011329	0.0151399937653
243.7023645	0.0156420551662
241.600830759	0.0160488216538
241.356455756	0.016063236963
242.081734753	0.0159669298742
241.566655981	0.0160448628624
242.347280957	0.0159189867018
242.235200543	0.0159286374194
242.202249322	0.0159054595656
249.080926951	0.0147463016665
241.809144448	0.0160081714615
246.542486867	0.0151702042805
243.158446514	0.0157782922317
240.99892152	0.0161587634751
237.704711968	0.0167502930567
243.475356564	0.0157080258321
247.159354337	0.0150661345575
242.63165273	0.0158623580576
242.410026408	0.0158747011103
249.750309401	0.0146334409791
242.9731229	0.0158156970022
244.450277848	0.0155340673805
244.67173651	0.015506860555
245.776044143	0.0153167710784
244.922264291	0.0154807633493
244.318374663	0.0155630067709
245.646147671	0.0153384238035
249.770080069	0.0146556954258
240.818099873	0.0161812622537
245.463707188	0.0153598602136
244.289592287	0.0155761484767
250.359517174	0.0145758946609
244.044063328	0.0156333385118
251.070403938	0.014453790108
249.065140963	0.0147636925806
253.110861994	0.0141287744727
243.889755957	0.0156358460323
252.756290969	0.0141577270042
250.715396491	0.0145127744388
254.359508999	0.013950397785
246.602841631	0.0151807730139
251.319368423	0.0144172465205
252.135185819	0.0142718235541
252.929408724	0.0141709711489
250.784356634	0.0144926433092
253.917131172	0.0140007728149
253.834802553	0.0140256668869
250.037955015	0.0146252971046
251.155988197	0.0144273714678
246.04870088	0.0152826673718
249.997851163	0.014615546798
252.548941737	0.0142370564275
247.028397529	0.0151074905812
253.495053657	0.0140518791114
252.993473549	0.0141604890279
253.234204943	0.014130996569
248.346300294	0.01488702262
254.127980128	0.0139858941364
254.0564293	0.0139968779805
254.684513855	0.0138823910297
247.547445552	0.0150226105744
255.210621818	0.0138071295834
251.415875908	0.0143954455589
255.946813301	0.0137115932355
250.550835071	0.0145302630729
250.88459815	0.0144681057009
248.215646401	0.0149030649545
252.698010317	0.0141801235501
252.960510174	0.0141647230121
251.570691713	0.0143498968115
250.440297517	0.0145425759107
252.229600545	0.0142436661438
253.05811634	0.0141504051076
248.587376456	0.0148538913797
247.586451849	0.015013901036
252.852212318	0.0141677832298
253.184829519	0.0141163299449
255.425024374	0.0137847411251
247.947455551	0.014952427156
252.975632373	0.0141309148353
253.308948755	0.014101321704
251.036398096	0.0144463998132
249.591516986	0.0146853839258
250.886074763	0.0144697991619
249.210277284	0.0147431653286
254.144111742	0.0139615488489
250.775773485	0.0144928165327
254.884865637	0.0138421520725
254.942626312	0.0138397034153
256.699946998	0.0135782442333
251.810540396	0.0143265148238
252.836987455	0.0141666326984
253.909816178	0.0139939022943
255.499559625	0.0137607444379
250.387448777	0.0145668870663
252.085248257	0.0142969820649
256.169424442	0.0136779338645
256.59452513	0.0136092191455
252.074351883	0.0142876108619
257.44707216	0.0134584552977
257.761633088	0.0134380415128
253.599149328	0.0140464917618
256.378600919	0.013615273261
258.573453555	0.0132852869251
252.723547803	0.0141897668363
254.822390758	0.0138522677782
239.633664847	0.0164216556614
256.517468684	0.0136120865087
248.04556359	0.014936512239
257.154038911	0.0134886188696
251.731182131	0.0143286689369
254.050711069	0.0139712650101
253.470575256	0.0140786994913
253.901738075	0.0139891192257
252.831676934	0.014164106607
250.324382614	0.0145571346301
254.41829153	0.013928058063
252.187954668	0.0142647632622
252.614303256	0.0142019055504
254.513431263	0.0139059617794
254.65737833	0.0138901304283
250.767325127	0.0144856646329
255.244078656	0.0138062234336
252.167303603	0.0142844830279
255.928082805	0.0136938591032
251.998353844	0.0143128810199
255.868277304	0.0136962564375
252.499469046	0.0141972973271
255.83196955	0.0136969920326
252.357085802	0.01423898305
254.87769376	0.0138530569016
253.652126708	0.0140588453686
254.521750271	0.0139213689853
253.666390982	0.0140400614057
255.215865212	0.013796425251
253.564495652	0.0140482230579
256.856687842	0.0135464915005
254.039937795	0.0139598922766
255.11150925	0.0138262865186
253.009816324	0.0141382896042
255.869978132	0.0136791919892
253.729693749	0.0140138406363
255.716563106	0.0137223589191
255.44445801	0.0137733990671
257.651204531	0.0134336249504
254.738941647	0.0138769488307
257.118189118	0.0135127292674
255.783973795	0.0137261065658
257.608511805	0.0134499041833
254.853939345	0.0138496545823
255.068867923	0.0138224486338
253.122576514	0.0141175639754
256.78617135	0.0135486745709
257.520229649	0.0134577403434
258.130822817	0.0133678589996
255.906142746	0.0136869336127
256.980826917	0.0135420542431
254.223553356	0.0139554250558
254.580070612	0.0138891305612
254.10966265	0.0139837867948
258.700036684	0.0132658669358
257.298907673	0.0135056358415
257.082245573	0.0135137135069
255.412119569	0.0137686836257
258.882919209	0.0132349305553
257.314030561	0.0135043523533
258.56295975	0.0132937792199
255.65933311	0.013735736182
258.341187084	0.0133283328801
257.695499938	0.0134170731399
259.142459261	0.0131972947793
256.256630139	0.0136437238391
257.94054494	0.013392255958
255.585996383	0.0137460341503
258.786560047	0.0132485808317
255.797352313	0.0137067390648
257.369835973	0.0134690569772
257.746171495	0.013441758422
257.539553644	0.0134381424204
255.531168917	0.013747092671
256.644577235	0.0135635848741
255.956256593	0.0136915625263
257.49106687	0.0134507423993
254.8721354	0.013881138969
255.914846148	0.0136798935951
253.707208248	0.0140316525183
259.179695024	0.0131924222449
258.694662245	0.0132942472955
258.523632966	0.0133023531674
256.475176213	0.0136072287352
257.716156889	0.0134194455288
255.524006752	0.0137730684889
257.10209841	0.0135012264626
256.737680168	0.0135849594344
258.254136421	0.0133134848874
258.460514836	0.013333545317
258.263888257	0.0133401252051
257.208167284	0.013514147882
257.792844596	0.0133945711081
258.283134958	0.0133300094801
258.116207825	0.0133330203805
258.246892218	0.0133596249093
257.105339184	0.0135111951164
256.817063289	0.0135618236973
257.265303471	0.013493953604
257.883873038	0.0134165218556
257.683993174	0.0134269682324
257.28464346	0.013479846717
258.34179756	0.0132935893707
257.650693632	0.0134167083777
257.65760756	0.0134036632268
257.760981182	0.0134006692033
257.143131431	0.0134821897979
257.818417621	0.0134144530322
255.232987638	0.0137697248123
258.253773791	0.0133521815618
255.829735995	0.0136821414395
257.779609105	0.0134234555855
257.347757181	0.0134528631216
257.317333473	0.0134663740508
256.878121675	0.0135271285754
256.294538073	0.0136301318419
257.222925663	0.0134865423425
256.536329558	0.0135835172413
257.502530671	0.0134109893994
256.34183984	0.0136131536313
257.608742749	0.0133927660635
256.109619497	0.0136562294385
257.724338977	0.0133789776397
257.265549701	0.0134933015682
257.853106944	0.0133938566226
256.472533104	0.0135999882957
257.340746372	0.0134588096689
257.017780763	0.01350047209
256.490273011	0.0135905416847
255.132862898	0.0137944833457
257.576527636	0.0133937817309
256.537707951	0.0135816028846
257.654681696	0.0133873861577
256.823046587	0.0135295288982
256.689999418	0.0135456683369
256.838683531	0.0135487438897
256.156950901	0.0136269278901
256.424023317	0.0136067013478
257.014018052	0.0135143766241
256.318231202	0.0136096792566
256.678134277	0.0135591713142
256.582876256	0.0135814325549
257.629639604	0.0133951517105
257.497049943	0.0134553914074
255.57814312	0.0137146536218
257.30370057	0.0134843231635
257.089383495	0.0134747759797
257.116770094	0.0134949956498
255.56914896	0.0137209264027
256.922370292	0.0135398034542
255.877972632	0.0136725110912
254.617575872	0.0138699586116
256.368021391	0.013591525841
257.158870665	0.0134733665553
256.830215242	0.0135353368389
256.02900457	0.0136633102326
255.749818267	0.0136881779721
254.377705672	0.0138990220571
256.520731991	0.0135705948173
256.843327465	0.0135515018641
256.373470478	0.0135879744095
257.921243654	0.0133818675677
256.916913996	0.0135232136282
256.530244873	0.0135940452266
257.337023163	0.0134610952898
257.889862857	0.0133555730997
256.846499226	0.0135237490439
257.241725921	0.0134626887239
258.187715712	0.0133155738999
258.082011518	0.0133313745284
255.958093125	0.0136694048366
255.178590269	0.0137866868097
256.710360241	0.0135401981651
255.489605181	0.0137353388685
256.161101663	0.0136553936606
257.081677746	0.0134772965422
257.393097264	0.0134428248202
256.720457814	0.0135373016365
256.034025048	0.0136521225572
257.478964694	0.0134407993135
257.290067471	0.0134471395942
256.737446175	0.0135437403642
257.037593989	0.0135034152444
256.39407623	0.0136018311338
255.532463758	0.0137213921745
256.613826987	0.0135257746787
255.216989585	0.0137600296088
255.877323126	0.0136485226371
257.07059534	0.0134631271564
256.617726019	0.0135573616361
256.003349764	0.0136434139841
256.585818767	0.0135508572681
256.451030953	0.0135835506993
256.507722738	0.0135517238701
256.613979621	0.0135643626428
256.070391109	0.0136311117071
256.455945787	0.0135732598185
256.71331027	0.0135408607544
256.482960872	0.0135428671871
256.602765385	0.0135494296867
257.23970407	0.0134264936952
256.762001875	0.0135096564973
256.936826086	0.0135036803125
257.236300588	0.0134255424588
257.088287861	0.0134609817451
257.811513942	0.0133394141758
257.183464363	0.0134487996287
257.681852775	0.0133971745018
257.972818435	0.0133223864508
258.261875923	0.0132752865419
258.496580633	0.0132449283867
257.492891784	0.0134082481131
258.646150571	0.0132255260161
258.160900632	0.0133189116655
258.596871708	0.013262883238
258.146128349	0.0132988124559
258.376222279	0.0132819174996
258.58712738	0.0132608548877
258.054191444	0.0133319794042
258.530243886	0.0132534574589
259.023838296	0.013200332807
259.020914844	0.0132000385087
258.552203345	0.0132591743891
259.185800396	0.0131734404395
259.046673887	0.0131888655756
258.8993577	0.0132047852243
259.396894355	0.0131434247143
258.983320344	0.0132028969062
259.81200545	0.0130918933964
259.552130864	0.0131297905131
259.841081065	0.0130748319796
260.406113849	0.0130141450868
260.4864036	0.0130004097024
260.858445882	0.0129562868525
261.338955574	0.0128855284745
260.702928196	0.0129609169782
261.698812818	0.0128351270482
260.978153096	0.0129262482336
261.502540089	0.0128538494402
261.900892983	0.0128087868892
261.382262036	0.0128659304217
262.246003958	0.0127572177178
261.538756394	0.0128468531705
261.850179342	0.0127958317918
262.225366701	0.0127560240203
262.216755217	0.0127614172819
262.768392278	0.0126826944771
262.163296819	0.0127670741308
262.18371474	0.0127511040602
262.103576193	0.0127461356358
262.907974463	0.0126565562696
262.199964395	0.0127448363054
262.952658665	0.0126250961392
262.487677517	0.0126907096742
262.552501926	0.0126850636461
262.980506918	0.0126451186235
263.214972653	0.0126205723652
263.189066262	0.012622035137
262.982051172	0.0126403042003
262.36127549	0.0127415757836
262.498947623	0.0127198269958
262.674128162	0.0126983710508
263.346898903	0.0125899615788
262.676749474	0.012698483349
262.632791348	0.0127039543644
263.604183174	0.0125604740208
263.373791943	0.0125849505876
263.630861671	0.0125546219056
262.888535837	0.0126687740373
263.643795975	0.0125495215813
263.440192344	0.0125749423913
263.762622202	0.012534699187
263.871053177	0.0125164973126
263.421343854	0.0125777186399
263.466171172	0.0125860513808
263.177734244	0.0126286925602
263.921253377	0.012517013779
263.573245019	0.0125564850381
263.738969385	0.0125339615625
263.606963306	0.0125516666403
263.211540279	0.0126233305006
263.559322036	0.0125735442721
263.407302257	0.0125948692144
263.725776017	0.0125479256719
263.669903405	0.0125431582064
263.784539719	0.0125371203974
263.253508115	0.0126179127256
263.856294482	0.0125254883142
263.691353908	0.0125398171421
263.668401071	0.0125439317467
263.758729567	0.0125304695795
263.63265327	0.0125487061978
263.703689197	0.0125377184706
263.71597247	0.0125422487437
263.316965271	0.0126079072322
263.373717412	0.0125842109523
263.545523892	0.0125599710289
263.399087798	0.0125948913978
263.70210879	0.0125390078907
263.716400457	0.0125369444571
263.823473359	0.0125246082835
263.115165286	0.0126359467229
263.764221895	0.0125317315504
263.561983968	0.01255736912
263.750751284	0.0125342555217
263.447201572	0.0125866218091
263.675323826	0.0125478276755
263.697053877	0.0125387248933
263.778276709	0.0125308745522
263.159708536	0.0126289616815
263.476638412	0.0125684668319
263.250398504	0.0126147741497
263.493835667	0.0125773283864
263.163885973	0.0126280274279
263.120461174	0.0126333074636
263.639399466	0.0125457854736
263.584402218	0.0125537839719
263.661907266	0.0125421717402
263.043018	0.0126441178735
263.477809256	0.0125820477691
263.415455964	0.012589080777
263.243715188	0.0126153486424
263.74615803	0.0125356251604
263.656838294	0.0125423419152
263.592820979	0.0125517879492
263.478905822	0.0125821401771
263.782440518	0.0125253564668
264.002143052	0.0124960744678
264.123726366	0.0124798516981
264.27770537	0.0124573900404
263.882323055	0.0125254265262
264.445283976	0.0124354965101
264.322368071	0.0124505552055
264.531254219	0.0124256129149
264.215742812	0.0124772332138
264.498991486	0.0124306446212
264.351236433	0.0124463410453
264.190422774	0.0124824596442
264.621053227	0.0124123898799
264.450953904	0.0124448826448
264.528798575	0.0124315085314
264.395593937	0.0124529780752
264.70890748	0.0124002850018
264.548469506	0.0124313801705
264.272841676	0.0124689346467
264.585547297	0.0124265870346
264.520512067	0.012431435208
265.060727534	0.0123584941143
265.203490782	0.012334727146
265.265735979	0.012328428793
264.940435266	0.0123761066302
265.088302077	0.0123524255576
264.930788931	0.0123685690187
265.348869809	0.0123160727839
264.74887878	0.012393678755
265.160437367	0.0123409323273
264.921371837	0.0123780242421
265.157081618	0.0123438407141
265.002681986	0.0123621045532
265.234207791	0.0123267610096
264.883239459	0.0123829087217
265.212242723	0.0123350707274
264.763939027	0.0123984421418
264.866602672	0.0123828560166
264.615009822	0.012419715473
265.368064807	0.0123142997697
264.872248285	0.0123773021252
265.175144123	0.0123431845857
264.670978941	0.0124101321235
265.22678747	0.0123351411676
265.019787933	0.012362599068
265.302095854	0.0123214510911
265.018724511	0.0123639797906
265.371815177	0.0123153939309
264.899313095	0.0123813307293
265.189835967	0.0123400806985
265.131980518	0.0123441282088
265.20625968	0.0123375307928
264.832363258	0.0123864533699
265.043515802	0.0123483158488
265.032514996	0.012362000501
265.178854549	0.0123384961907
265.043457637	0.0123590967496
265.333553833	0.0123213110502
265.022315188	0.0123611652335
265.205227881	0.012334491297
265.308885002	0.0123224673658
265.373912657	0.0123159403521
265.158048262	0.0123444292157
265.458304873	0.0123042473914
265.213176868	0.0123372665099
265.455764933	0.0123044982323
265.402165174	0.0123082981935
265.482718574	0.0122999380307
265.209070648	0.0123378407762
265.539439303	0.0122902618853
265.357648849	0.0123166122741
265.598395824	0.0122815355981
265.420478513	0.0123050580973
265.531005409	0.0122937681659
265.205984191	0.0123383361624
265.605263487	0.0122816613284
265.465631932	0.0123019437168
265.655768249	0.0122732728349
265.465655247	0.0123017097963
265.641508954	0.0122769330018
265.318347656	0.01232354246
265.669463293	0.0122733216411
265.48548067	0.012297641785
265.607051801	0.0122792450676
265.391606325	0.0123134112538
265.686983546	0.0122697640034
265.388012043	0.012314210255
265.660280157	0.0122750221975
265.519466011	0.0122947331584
265.734296447	0.0122623202734
265.560888167	0.0122885291888
267.970035578	0.0119639035064
269.72283581	0.0117355725607
271.427580502	0.0115182828866
272.756342268	0.0113525918426
273.95714949	0.0112018108266
275.006901199	0.0110746702812
275.951435351	0.0109580474208
276.804465466	0.0108545793747
277.561206569	0.010763818193
278.254797403	0.0106818879971
278.73930377	0.0106253322703
279.475601123	0.0105359578546
279.993054469	0.0104763660742
280.61459466	0.0104016166403
281.038743027	0.010354548555
281.52120947	0.0102990556347
282.03565914	0.0102385836588
282.561913337	0.0101789501289
282.969332321	0.0101323582205
283.525636392	0.0100673405668
283.930856558	0.0100235300448
284.316704089	0.00998121167662
285.026223478	0.0098957780338
285.229930454	0.00987879232425
285.47867573	0.0098502106214
286.033797921	0.00978603507096
286.317746987	0.00975162174567
286.541659923	0.00972827496794
286.643691192	0.00971825278348
286.605514752	0.00972596303524
286.647970116	0.00971846342736
286.535370772	0.00973125390104
286.326626432	0.00975324406864
285.98830753	0.00979097939402
285.5801974	0.00983425823768
284.941713091	0.00990932697339
284.354805582	0.00997303955895
283.620644719	0.0100568745075
282.924408	0.0101352993773
282.314269407	0.0102069294725
281.750918257	0.0102660716626
281.219543402	0.0103292948597
280.610429114	0.0103999265209
280.079017638	0.0104619225848
279.542766283	0.0105257152537
279.058268395	0.0105829893467
278.594138964	0.0106386284547
278.022075664	0.0107071926385
277.497811694	0.0107710459001
277.037804149	0.0108260806644
276.603557592	0.0108803951583
276.267436382	0.0109214240837
276.297243248	0.0109171400447
286.968225376	0.0096969157845