-80.3652536576	0.598613756075
-18.4417901427	0.296856715651
-64.9011223744	0.500508842676
-50.7206358449	0.424532053634
-29.3490191896	0.337711114177
-49.2501388649	0.422685373706
-11.5369140093	0.27726396936
2.11988233108	0.237256168234
-50.4711825783	0.424103609921
-25.9915983942	0.325313489068
-15.2784838195	0.289141713839
-9.31815079389	0.267267626521
-22.1902412551	0.297886079768
-8.18699403114	0.266667866004
-31.8742978031	0.346216815859
-21.739706767	0.300240438359
-10.544600748	0.272645370686
-50.5544462794	0.423334726725
5.68794673401	0.228249552255
-17.8131085817	0.296648050956
-12.4032940449	0.279432620438
-16.7695034097	0.29365998868
-15.8919459141	0.290792793615
1.36713578076	0.238671724511
-19.9742387706	0.304203192476
-51.8849216564	0.42852453769
4.41533720391	0.231805371223
-4.48519544154	0.254920378842
-23.5414176474	0.309709382754
25.4992087979	0.18228809874
-32.112562173	0.348548411841
-34.9320534626	0.359630689164
25.1966549918	0.182983341548
-11.0661879326	0.275411721593
-50.9480557661	0.422925006156
0.191415520135	0.239633739539
20.8460363781	0.19168985919
-18.4474872351	0.298067314342
-29.0524450867	0.337185351283
-33.9465181967	0.356072627107
-60.2919149443	0.478841697835
-62.4070396872	0.48894150664
-2.64993743222	0.250595463487
-3.89450691601	0.25396468617
-56.3873188166	0.456785867093
-13.0030713717	0.281532232174
-19.4512132911	0.30253297054
14.4554660093	0.206749609581
42.1602391045	0.150930997352
-73.7800064124	0.55622667971
-38.9211654708	0.374987429146
-22.8954495871	0.313712273044
-43.3776758109	0.391322658002
-16.7526915754	0.292373253089
23.2679327776	0.187389461165
-35.9025777391	0.362085616447
16.7080848932	0.20155218798
-17.4311988162	0.289454048093
-38.9670899028	0.369338190539
-42.1192033358	0.390277305204
31.6408462396	0.169342064279
-34.6814534976	0.357558565479
-50.4563405645	0.425184817188
10.0089250287	0.217381161679
-18.0225981056	0.289974500749
-20.1062553679	0.305025875332
-21.6945757412	0.297693340114
-22.8195201628	0.312250917674
-11.6569128593	0.273644513926
-58.2960867538	0.466934123439
-32.3548471508	0.343027564659
22.7946988894	0.185895720705
-16.709627826	0.293507368892
8.73430873518	0.219935872086
-40.1496853736	0.38067512045
44.7242508295	0.14615428398
4.41249975141	0.229325465675
-43.4829636363	0.395124670953
30.1298108924	0.17308827714
19.4518032392	0.195281873984
51.5973128222	0.135139931074
-17.0655906699	0.285784379994
-22.0583213845	0.307284570297
-20.1202291629	0.292383352153
-21.5190646891	0.299038738516
-23.0881279061	0.304779531411
-29.5076216458	0.329387044353
-6.37649716328	0.259796562628
-8.28474062293	0.264615954361
26.1501664312	0.180787397136
-36.5939349526	0.366785844067
-12.7917736188	0.275018193039
-7.10607891809	0.260428538941
-21.4801812671	0.302958700211
-28.4449638025	0.333810552058
-14.6612045166	0.286840599584
6.34702340166	0.225066908773
-9.78000615781	0.259849419706
15.8164337075	0.203664582253
-24.8354222657	0.321699844742
-18.1525018442	0.297342609052
-19.2648940579	0.301601242548
-29.7149792459	0.33880140075
66.3797795278	0.114598810306
21.8204948968	0.190275905957
-30.1471918113	0.341486826724
-43.4617109311	0.391454377952
-29.674799674	0.331488992133
-26.5985090236	0.319725843396
24.214274404	0.185303313542
77.9620021248	0.100251919951
-43.0265321586	0.394460326168
-25.5307731103	0.314836238675
38.4360100238	0.157625813268
19.384695836	0.195684867056
-21.5743248991	0.300797786882
11.2535053154	0.214284385777
-19.4450415806	0.302097978938
-10.4076540588	0.263786694385
-7.22724464132	0.255734332692
24.0293051158	0.185493842078
50.5941149935	0.136915081358
69.6106478961	0.110091297369
21.1236245481	0.191760504946
61.7378641896	0.120975893106
8.34476297849	0.221360909305
-0.728919007725	0.238474438939
-40.6998140842	0.37847346402
11.7618965166	0.212656633248
10.9481331531	0.211109646922
1.47920355867	0.233629399093
76.0765785412	0.102208641029
3.97662016372	0.232154148106
-6.29765023928	0.251310871913
-3.84624182917	0.243848044024
-13.1515056258	0.274590453881
-12.9264670468	0.271226281674
-5.4058075396	0.248398977245
-21.5581887259	0.301493941346
12.4626706702	0.210809548441
50.7519209613	0.136813213909
-14.4593510984	0.279744824755
0.0642382910496	0.237277261621
-10.7472545116	0.268808640205
-38.7759784318	0.37587325398
2.20519988633	0.236547453174
-20.2507783585	0.305198339738
-13.8689584889	0.282482354165
12.521556205	0.210968924247
-9.73933214637	0.271584053121
-4.14913918923	0.252093166044
-11.645888197	0.265580211388
-12.9471977199	0.281545072048
-30.0546319675	0.332431562335
-16.3870478977	0.291312551765
75.803604092	0.103211740567
-7.34327605888	0.263909982177
-11.9188726427	0.27695668946
-17.2278144973	0.291991289399
-36.3157703641	0.36588916389
41.8640691873	0.150002897246
-12.3083500036	0.275360340489
1.05607993191	0.230475010016
16.6303712805	0.197870796568
53.1520353928	0.132890485894
-29.8329126722	0.331368800582
32.5013216234	0.16747990715
24.202307401	0.185197335788
-2.36819409507	0.239190869896
24.1154157076	0.181719050634
69.7929070999	0.110358575269
-17.7289434471	0.2933886036
9.58094418395	0.213837068188
21.3103326892	0.190006471332
-18.9032687617	0.290762166091
97.1655456616	0.0809523486581
-3.60275028482	0.243556314194
-1.94807736305	0.23709087625
-7.01458584735	0.252254374938
-20.9092825253	0.307880246979
5.79666105968	0.225842152077
-26.1394483932	0.318891038748
-8.64017753997	0.262010937012
-2.29035261899	0.238230798448
80.7382230615	0.0967948851365
12.2592870893	0.210604562788
0.589355646582	0.240040913609
4.61211361345	0.228508041177
13.9300260174	0.207436698129
-0.930342450589	0.238409552383
-6.27946203005	0.25287977071
3.17056124647	0.233150290615
67.3797388503	0.112988386867
-26.0166627474	0.325264854405
30.4718057969	0.172366978265
87.1914993975	0.0902073729668
0.754276833018	0.231706833007
3.63210508382	0.221851263195
41.6464069363	0.149621383561
22.5666033861	0.188418338664
-7.07193951072	0.254812038632
6.47144935564	0.222323275534
50.0664520258	0.137377027058
-4.29534306736	0.245355891081
-5.9588364154	0.2549442278
-27.1892349639	0.322380118516
3.11460901454	0.224392695522
28.5021867944	0.176195175293
-7.28170903437	0.253584249808
92.8054079343	0.0844865251563
37.7249735294	0.158083054854
-19.0974968946	0.297685471403
-4.29084019346	0.255320650951
15.5599261887	0.20371363937
45.1119302975	0.145496290746
24.4939357923	0.184050821998
3.27236687106	0.22248420614
10.1599831963	0.213667370676
1.93761730268	0.227146922595
-15.4620678017	0.280003135444
14.4651256521	0.206404366422
6.49186799504	0.216042887813
-19.5538148364	0.299953053521
-1.5046327771	0.24247172089
62.2351995775	0.120020886911
43.8885028387	0.147752459837
10.2206474148	0.206823467428
32.068578735	0.169266082124
23.8238261532	0.185130837951
-31.8729365489	0.347934699542
22.8000888735	0.183952524756
69.0857750592	0.111003319283
7.90582541529	0.219897701577
-9.62710606986	0.261336795701
40.7553972404	0.152901002177
33.1944313367	0.167010948821
26.6629653506	0.177175011526
47.7918746711	0.140809667869
17.8684923121	0.19862697217
22.5468613782	0.187725669448
18.6819765734	0.195436736826
65.5568904905	0.115968971148
20.0383406228	0.18931239183
20.640259972	0.187570723564
57.103801949	0.126181880658
4.26376523217	0.22179460626
37.6075464236	0.157258766489
-6.97593779429	0.25392449329
73.0694430079	0.106476670416
85.5187921427	0.0922999733468
5.01739161252	0.229696455278
-5.25850216306	0.246927972574
25.6238802854	0.181198954763
9.07664817769	0.212818792476
33.2670832005	0.163908453231
6.48451823602	0.214778227811
62.4120904253	0.120145179242
36.0027427345	0.161054343696
62.0041513992	0.120357875473
1.16561154958	0.229107092141
13.5686359207	0.207720082805
1.73018094495	0.23382613794
56.1110108336	0.128790263032
12.0749459015	0.20214830026
1.27042543096	0.234533263811
-13.0716603679	0.277132277666
88.5112652368	0.089407478547
-8.64623367051	0.262059046178
38.0830411541	0.157363119562
40.1113761906	0.154305388272
13.2234083526	0.206803450049
24.8144970747	0.183134088197
4.34267537883	0.227483236072
45.7821849254	0.145026755601
105.319475586	0.073679189014
24.8223586115	0.182166652068
20.298648476	0.186980176002
83.5933221483	0.093852670605
65.6466366576	0.115135490746
5.98597059269	0.216435996114
116.61335053	0.0648542593399
1.60810751417	0.238466462035
92.6258299107	0.0848427427455
43.7755905551	0.147680465726
51.9286324503	0.134723602169
23.5859271447	0.184319278292
13.8466991211	0.207462858408
22.9768169555	0.183035172078
17.098319818	0.19221154178
23.0005949088	0.186159429945
58.1972571728	0.125978063508
15.7343729023	0.202901420317
2.38337362318	0.229247800566
14.1033689914	0.19869454927
23.9117691734	0.179395539246
73.8234154096	0.105659633837
22.1336161788	0.187292083769
49.3609492971	0.136566406238
51.3214198352	0.135955921484
103.14593495	0.0752181343029
27.3600177427	0.175395391822
25.8254509706	0.17532173817
18.8092342696	0.188325584852
8.89898712181	0.21138699435
-16.9864945152	0.287659623226
15.1555317148	0.204418340283
-0.246284664746	0.235865872301
28.22612722	0.175936055997
58.9499935761	0.125040621188
13.4219849321	0.202450558878
79.7983228059	0.0989969438816
87.5514282234	0.0906028603938
95.7173036836	0.0821822406478
53.2294954128	0.133163405596
20.4351906424	0.191006423985
-8.40596173182	0.265797933808
68.6214813927	0.110395888257
30.2322427584	0.172229208233
36.6374911451	0.160311277159
13.9276784348	0.205950679012
16.0501292671	0.194802644128
9.88494134386	0.211291585991
27.2759052445	0.172644315116
19.3341244012	0.191894607915
44.6555293991	0.143633741782
78.7805960247	0.0987982329146
7.02120034981	0.215753411823
6.16735322834	0.217534445732
34.1185823408	0.163631257683
34.6366355691	0.159744202241
31.5871347577	0.16496562054
31.3433884223	0.168892074856
51.8498374696	0.134217619956
88.9667812007	0.0889950050164
10.1409600313	0.212035463631
132.737440225	0.0538793295723
96.6943988533	0.082160660306
37.8862867044	0.1543210595
83.3496403388	0.0951848770278
10.6183534223	0.213626023634
15.2948794785	0.199919911076
45.3931767103	0.142397815223
75.3562423744	0.104160631113
20.787499612	0.186083782168
15.6906577313	0.197399149406
29.1193745434	0.174401798361
33.8885659852	0.161279610293
3.03477289083	0.227816583878
47.4187152906	0.139234484389
24.5246404099	0.18158219264
80.7811644097	0.0981556855499
86.2572011941	0.0908394178612
2.70374986261	0.22764329395
15.4670151573	0.196314667832
64.4407638691	0.116719300078
89.5748365779	0.0866986984754
35.5310331201	0.160967533163
134.6478152	0.0532038860608
4.58825127318	0.223316243306
64.2596902293	0.117830534427
1.98954339171	0.234309546156
41.2344368361	0.148778064931
114.260435847	0.0662065519758
70.8472576429	0.109473106909
9.19587638222	0.212189546415
27.7792661304	0.171561508982
23.5729417786	0.179556595557
41.4589241764	0.148602383029
49.2604089364	0.136568990488
63.072458544	0.11706796589
33.0299691655	0.167079226336
37.118421062	0.155726184693
73.7038065196	0.104603625078
69.9884767906	0.110692169101
52.4937498756	0.131847184669
-4.73579337001	0.251332752407
37.4310195478	0.155632550524
81.2880829266	0.0972780908169
68.4554721587	0.110282716904
19.8590148415	0.190586166809
36.9791027924	0.159669947209
34.1035907912	0.163835309796
29.462513184	0.171205450203
71.9910563444	0.108162816009
30.6710905352	0.167723871327
78.9836050817	0.0996530373751
54.900809872	0.128012065879
34.0467485803	0.161946409914
99.7728821136	0.078672211325
20.6838095361	0.19204543664
40.274625022	0.153882229405
38.4966170545	0.155130265771
46.1426366443	0.143977354675
133.969005142	0.0536519948679
58.7458136994	0.122728354697
29.5339673038	0.170574268415
55.4209763477	0.130049780867
80.9604238444	0.097180394458
109.355808381	0.071186248925
108.806249615	0.0709220025341
65.7745683083	0.11566243129
24.5608765518	0.181697822073
73.1748386449	0.106568496871
49.3190496912	0.138494553562
43.6190915031	0.144865157664
14.9860183144	0.198158352978
12.1956933673	0.20852764931
105.957370435	0.0730651831016
52.4787669486	0.132079220832
10.8864175151	0.208117286132
14.0937150286	0.200906312062
32.3868012373	0.166494801402
16.5958216556	0.194542303288
127.533701824	0.0569697470673
103.492797233	0.0760448283743
66.2325201399	0.112855162106
101.14959758	0.0773141471733
43.4768802903	0.148099417723
106.356257382	0.0721809426175
97.1134814009	0.0816856448499
75.7946938247	0.102475164062
120.952302682	0.0623587086155
112.313023653	0.0675087856275
75.8559365866	0.101398998518
71.2071988944	0.109049973073
69.2663036207	0.108993240658
35.5973258923	0.159746508297
59.7306210419	0.121211267285
101.225844578	0.0763330930889
66.5786247868	0.114623242806
102.895634683	0.0751009035494
124.605024213	0.0596645634173
18.5195032404	0.193160080075
63.6531982516	0.11588159521
98.5261000995	0.0786806133322
44.3675874112	0.144593443363
64.3667731885	0.115584193218
74.9576963972	0.10465057097
50.3819672298	0.135683063661
101.27040235	0.0780712598857
35.994026462	0.160704460835
89.7143170255	0.0888517290216
63.4427094676	0.118965519033
106.748742787	0.0729520481832
81.5947051819	0.0963974226168
125.400066943	0.0583244322897
37.9879461082	0.15374504256
5.3446695021	0.221004189212
18.674344055	0.190025550207
101.676808855	0.0759741627376
28.4580314245	0.171032920619
30.810005159	0.166389451059
41.1589334717	0.149151931887
117.489905825	0.0644979326526
128.011142269	0.057383501353
67.2503936815	0.111434421562
18.8604870206	0.190311287516
82.195821487	0.096572456686
73.0703043117	0.106767664469
66.7719461456	0.11185326468
47.6134382458	0.139356059746
153.446170053	0.0427766684426
132.240404959	0.0541242866312
140.861426152	0.0493744749471
146.497930554	0.0461651562348
54.4983396244	0.128136259089
79.0698024801	0.0999159983854
92.1154590389	0.0845209306351
84.9077884854	0.0918883692161
111.79548066	0.0681028522039
125.610663601	0.0585522226084
97.6798038729	0.0802432412602
54.491978409	0.128820053625
60.5116861794	0.119948547
46.3623259702	0.141823791801
58.0829238976	0.123384454836
119.624911574	0.0621961745013
85.4796838477	0.0909627528447
36.3595511941	0.156445351765
73.4770207978	0.10629858536
98.4353927551	0.0803707885471
92.9251127484	0.0841750486031
70.6102882221	0.107074492348
80.1375850145	0.0986641925334
127.173323705	0.0571368297563
92.2154518072	0.0841597527261
56.2126975826	0.125630451035
85.9323226798	0.0924617427791
85.0658632742	0.0933224245642
90.5642900521	0.0864788058276
155.166173563	0.0419412311197
59.4763511708	0.123883709622
84.292005756	0.092342842796
55.8501869871	0.129267246429
86.3056657831	0.0920803560588
130.247834892	0.0551806453183
43.9601054984	0.146594925852
40.1235183989	0.151764016124
135.915047362	0.0524074518491
50.4180916717	0.137170809896
83.5332899624	0.0951917270213
61.4153771355	0.121201451626
65.2285949638	0.115993546048
87.5565990595	0.0909295433549
40.2556349197	0.153507655535
126.453758629	0.0576209800062
48.5691895802	0.139003209011
71.1149495323	0.109139333596
62.6175383372	0.119819201955
51.9634182901	0.132451360654
59.9689369708	0.120719139814
102.707532505	0.0767676969859
66.2173516688	0.114910076776
50.8011825138	0.136211681056
97.4298007511	0.0813500748888
73.6433028577	0.103401319075
87.8012379724	0.0890051477738
59.3945764025	0.121368460981
118.154964051	0.0644566545184
67.0116212815	0.111610955794
51.1562565561	0.13320433126
46.468803689	0.142986439008
116.512541459	0.065359536757
45.3918835575	0.143250733664
94.8591922058	0.0837450166126
66.2917627413	0.112671573191
83.8061109239	0.0924545731796
64.0372843424	0.115612551468
109.964752043	0.0694838274223
53.4080439078	0.130794156131
52.8054387347	0.131358931565
133.361724153	0.0534663608232
56.877737002	0.125640464927
85.9931741867	0.090357908312
73.1747202718	0.103994990734
62.0048671183	0.1183876332
65.5022973837	0.113391049025
83.2742953937	0.093184052945
62.7304084517	0.11714261987
103.902803293	0.0737352765944
69.5045436647	0.109706990909
65.7978340501	0.113198697409
74.6562441533	0.102356589232
62.6744637785	0.117731386435
107.337080931	0.0721904719468
63.877418116	0.115642985166
89.5379386219	0.0868760925017
135.669656169	0.0520465334624
33.1221620224	0.164155402222
84.7868436654	0.0936303915509
100.25295321	0.0775682373871
76.812868905	0.0999656191957
65.228804435	0.114626374032
65.5542995095	0.113742768472
122.316897804	0.0613281986459
73.446762855	0.105964565881
56.9603234165	0.12752389617
49.7661363131	0.137316890486
108.471515244	0.0702460881811
72.9629200201	0.104349889615
73.6070042912	0.103839683029
62.7989727828	0.117133044438
98.2412886827	0.0787626306697
40.2209386661	0.153776894099
70.1258738797	0.108348030133
61.390086527	0.118441620082
113.16804676	0.0669830377948
85.0590621757	0.0913408627024
34.4467198592	0.162018387694
56.0093309158	0.12724991835
104.090829575	0.0740439145842
74.1412783863	0.105406387074
77.5552954858	0.09903708443
102.344116996	0.0769239528456
147.96210487	0.0458106794818
129.11506009	0.0563863845425
60.190431993	0.121124531245
141.823590235	0.048655819377
90.5095922793	0.0879514028309
70.9348248754	0.106852934504
106.267246327	0.0736101383492
100.531986346	0.0769711878284
67.2041843151	0.111156533538
107.029938163	0.0717611792182
56.8663219014	0.125708140804
76.2177185784	0.100670615563
83.798464662	0.0926416864105
93.302129526	0.0836066732382
59.953134862	0.121590054475
96.7262693789	0.0804765004526
54.751963146	0.127626131329
25.7514648689	0.17727386712
116.075825807	0.0649107162662
108.925576798	0.0713749546562
45.7330533498	0.143761240169
121.050658253	0.0612547993116
69.9670060024	0.107860334696
90.2075200234	0.0861968642023
109.283493121	0.0708396099399
127.610281631	0.0572752299919
119.512145721	0.0632437187226
145.555093009	0.0467300494841
62.6023169625	0.117601633984
64.3416107771	0.114474557466
126.601690209	0.0584474163922
115.453330245	0.0663570816249
148.439837038	0.0453025577528
84.4279481837	0.0918191435784
85.475467474	0.0910870583675
99.2250055498	0.0780842507805
122.875150526	0.0609687153894
124.946442823	0.0595422989934
140.741320978	0.0493471589089
147.713253572	0.0457294035844
150.193191124	0.0444089084268
129.998568072	0.055520465928
92.4954304426	0.0846366960414
110.712521221	0.0690381493343
116.660599283	0.0655309012623
114.707077998	0.0669163569368
130.003019779	0.055919114206
104.877226633	0.0736378033269
172.815439096	0.0346666021849
139.410160313	0.0501885656967
156.474697544	0.041439439112
163.251426036	0.0386156718162
124.258162323	0.0591449729918
122.428684594	0.0613356734644
137.424227626	0.0515683550374
114.618335444	0.0664859687023
93.5734678146	0.0832080651631
150.667481608	0.0442742176729
111.319955508	0.0685220366352
151.750421084	0.0437270980998
115.659656656	0.0657373320321
104.693720714	0.0748842839837
133.454967892	0.0534929710195
125.418743366	0.0593708398563
149.716230308	0.0450318243487
125.823197153	0.0580080588827
107.354733142	0.0725303646553
87.4584349553	0.0890263907276
100.798960814	0.0775725760242
76.782051285	0.0999418262348
74.8926755419	0.102174087548
81.0365174199	0.0951878078856
90.2432160163	0.0865800859239
93.7574730568	0.0831440070111
72.6054975916	0.104979061079
91.2111345826	0.085373891351
126.186559247	0.0582939028225
91.9730811836	0.0865867195834
126.246705034	0.0585612243994
100.290675364	0.0771282321275
121.902527011	0.0605677304285
165.640688102	0.037578318673
136.383155217	0.0516477349182
148.658222037	0.0452733852187
88.9186353942	0.087602362579
108.548193009	0.0701301319092
134.971561466	0.0525567684154
77.4877478273	0.0991236642083
161.836623183	0.0391964123083
144.571088973	0.0474473601819
76.6041531924	0.100344819516
72.9589471988	0.104233059591
80.9505962573	0.0953029685503
60.2479723423	0.120010743031
76.0025019857	0.100863512173
60.1958598464	0.120237547092
59.6923324362	0.120334934236
53.9544084579	0.12892091931
77.8481680452	0.0991250832365
121.625268288	0.0614280773689
164.184682552	0.0381022882918
88.0704364546	0.0883619453877
124.348715804	0.0596250138346
89.686784854	0.0868254779983
100.30729253	0.0774475515178
121.148325213	0.0615817377447
60.0122031621	0.121484797415
169.521724124	0.0358931652933
157.437186032	0.0411176213517
121.136487001	0.0611950017085
115.125742497	0.0665454399872
125.678902774	0.0590237606516
94.6462148177	0.082050746731
108.745116574	0.0713689775199
90.9661972133	0.0856258650947
133.190734314	0.0540114677406
138.322562708	0.0513045524367
91.67820165	0.0847915754885
129.068736992	0.0563118388708
118.577731385	0.064185432117
152.166316377	0.043627281315
96.2606249721	0.0809406352342
141.123042836	0.0496677453911
112.192280103	0.0681647814826
91.6404094456	0.0848411406459
127.784992056	0.0571821931657
84.2359246298	0.0938934099362
153.52433813	0.0429100627314
113.793824379	0.0671967176508
107.01051359	0.0731367119656
75.7133113318	0.101337498654
96.2104091803	0.0806278056713
110.978976833	0.0693528402145
82.1359222695	0.0947077300374
125.140998259	0.059573888654
132.571114593	0.054582605197
155.722654277	0.0420642586457
79.2990860336	0.0968877426365
159.368624294	0.0404557131736
110.506044854	0.0703434516436
119.291300725	0.0635889389533
92.4072728338	0.084200809689
143.112687745	0.0486170590379
124.994766549	0.0596871442397
126.81699207	0.0577438512686
172.771598983	0.0348001072768
152.991619965	0.0431700942645
73.0545158722	0.104342502155
181.002057544	0.0317025390587
90.2431562024	0.0861954948221
115.29543801	0.0665723345277
111.638781685	0.0684731902289
97.6288243145	0.0813317522436
133.406500363	0.0535110537192
169.976480369	0.0358795898418
126.628506134	0.058597700464
161.693757874	0.039332250542
133.591585276	0.0535672003212
131.352055385	0.0555763564937
102.027301952	0.0757344603783
126.68087099	0.0583605730352
157.172642162	0.0415386474705
164.250020187	0.0382029563773
92.7026927253	0.0856427793988
139.715436622	0.0501088774591
116.424745122	0.0657336127867
159.742876644	0.0402304523141
125.770451558	0.0589976339641
178.783956387	0.0325981077369
174.684556429	0.0341240793606
135.33184627	0.0528019249973
157.350409943	0.0414642794915
146.66197883	0.0467631333567
130.305636308	0.0560452977985
128.090843297	0.0576658105722
158.647382949	0.0408599530518
136.990821991	0.0515980831538
142.622735276	0.0489249791998
146.303701052	0.0468047231104
119.8913313	0.0626464208157
117.648455748	0.0636255547077
163.487929786	0.0387116949497
152.668733986	0.0435538259996
154.964356635	0.0423568046763
148.43373957	0.045548609962
177.692405738	0.0330525313093
135.103434053	0.0527142897882
138.552226812	0.0512348129144
134.133128938	0.053397646323
136.558538373	0.0524336932329
165.385881819	0.037871979307
119.371645369	0.0629507034292
155.532082547	0.042328480706
158.82329974	0.0407213655924
134.46917009	0.0535593522757
125.561332349	0.0584241170544
128.779478023	0.0564190721321
124.921886477	0.0595581153993
151.802616086	0.0440534587601
116.610591359	0.0656784426984
110.017977998	0.0707389188243
169.509312716	0.0361995481858
172.385076078	0.0350695852062
121.559919306	0.0609786963484
104.840105134	0.0733112477754
97.0493649342	0.0797471352993
151.002421118	0.0444924908676
129.668957428	0.0559123518952
103.792352067	0.0739609677047
110.45340777	0.0688001866857
125.908354915	0.0581334826329
135.170384629	0.0527324395941
181.590065656	0.0316731141114
141.428093506	0.0492872245746
127.237644632	0.0575063679982
171.62109873	0.0354042724471
162.942838213	0.0389936369974
161.929997396	0.0393284950183
130.494428364	0.0561602827371
155.712525544	0.0421740549328
152.921769476	0.0433560423373
140.406212868	0.0497504591314
104.723543632	0.0733231366283
159.347326402	0.0405003715826
167.829887554	0.0369144405324
136.306766244	0.0524953521401
135.64431149	0.0529441211488
113.895819194	0.0676206655269
138.526530817	0.0512568423374
180.305340958	0.0320584836433
167.62166149	0.0369773472429
156.36406224	0.0419193882365
157.97624528	0.0411119935538
178.238911628	0.0328451447026
186.609901724	0.0299128010708
153.70639858	0.0432083506775
168.924771699	0.0364540979141
142.613929179	0.0489490554753
153.727601862	0.0431892832348
147.387824604	0.0463791897091
136.783987471	0.0522592790897
174.67076954	0.034154312325
153.23024306	0.0433687123788
165.313837747	0.0379276118586
158.20131985	0.0410367649865
165.393989177	0.0378781392878
161.814470505	0.0394621356572
156.802198618	0.0417162158691
139.381942343	0.0507214225242
136.685838093	0.0523068285651
166.457039705	0.0374613828845
146.712864768	0.046716982327
141.099859056	0.0497869775636
144.079584892	0.0481508149204
160.302590646	0.0401300218748
191.541468735	0.0282380404226
185.727540812	0.0301465566187
143.809608055	0.0482302489254
161.799455442	0.0392761981018
146.897701243	0.0465934987945
152.755478182	0.0436429652027
172.097467412	0.0351748644845
149.024069888	0.0454417664328
150.46252781	0.0447713245866
174.225513801	0.0343371059708
168.586517301	0.0365782424583
179.103800233	0.0325315530025
138.191505662	0.0513997825061
163.882219099	0.038443142614
168.532323361	0.0365912685302
183.392333591	0.0310088723468
174.382114467	0.0342789914741
173.139930317	0.034769008045
171.155849667	0.0355463944179
172.291116757	0.0350229267866
152.853888379	0.0435998465184
166.493209928	0.0373421695247
156.316683194	0.0419301993012
168.748982947	0.0363017773401
143.264753449	0.0485396314552
178.041251842	0.0328293996822
149.94055559	0.0450380859246
181.941404744	0.0315060387122
152.21196602	0.0439420949557
142.122513283	0.0488546806481
152.6700584	0.04369327451
137.62417057	0.051237550069
149.179455436	0.0454374180361
148.562120229	0.0454048487864
150.568729577	0.0447418590455
163.030580201	0.038679167434
166.241083343	0.0375269843328
154.278539161	0.0427826414848
149.342072308	0.0453690044074
136.493546226	0.0518489402141
135.856923477	0.0527330418776
148.99170984	0.0451391850982
167.97016237	0.0366950499847
149.322333384	0.0450151317948
164.808830355	0.0381548943363
136.77317108	0.0517680256956
159.744860281	0.0403600177377
162.463279849	0.039029410796
142.210663211	0.0491942954163
165.066159576	0.0378785045483
161.973124074	0.0393666962996
145.780149405	0.0468436128537
149.245446724	0.045415266713
159.055517803	0.040395684125
155.190049789	0.0424815535237
148.441233558	0.0454501473828
182.540799414	0.031303886343
148.284961	0.0455709686521
186.281958491	0.0300112469216
180.731190282	0.0319333484508
143.695688302	0.0479051243259
126.739565329	0.0584460526073
147.905849094	0.0461014975637
135.133059165	0.0532867074019
130.367840753	0.0562624052843
132.790866198	0.0547215017762
116.222038104	0.0659360815173
132.28907581	0.0544635939564
172.627597036	0.0347508007664
124.320559353	0.0591947147494
114.039832639	0.0660181203781
179.375512466	0.0323806977855
148.265287241	0.0454685933446
147.753688171	0.0461958596176
145.26666948	0.0474837095379
120.07150805	0.0631312427819
165.815587502	0.0376703357797
170.33472603	0.0358476034409
172.986454432	0.0348091833872
186.874045937	0.0296897785305
131.507015927	0.0555091713579
185.128062824	0.0303045586256
128.32641894	0.0575258105964
135.763765531	0.0522918237029
179.640125057	0.0323038482548
129.236607892	0.0569637833926
167.108183015	0.0369369085024
164.413672546	0.0383030845875
130.922719765	0.0558365947078
143.962654484	0.0478322853769
135.280221795	0.0531816831981
144.488761325	0.0474023239176
158.958797338	0.0406439082392
132.330692477	0.0543733173469
139.823968016	0.0505298545073
152.169037433	0.043767394419
180.914694397	0.0318898669514
114.511528701	0.0672921266443
152.864274669	0.0432493739175
174.993546808	0.03405726543
157.725381333	0.0410392082735
154.057631317	0.042988049973
148.87751927	0.0451770413177
153.100722081	0.043494401036
153.491784965	0.0431339898456
173.203250347	0.0347393361552
184.249379085	0.0306886628167
144.230209654	0.0476443918824
170.301039954	0.0358086539409
119.966851102	0.061979808856
167.091115126	0.0371923852095
143.424478853	0.0484328051444
129.14005193	0.0570253734114
154.758053776	0.042602922089
186.216607857	0.0300474328661
157.47133998	0.0413301916058
181.520018498	0.0316757071362
146.73873044	0.0467317119917
181.958382905	0.0314373505972
159.303521347	0.0405748556959
151.937754166	0.0440933698132
170.07536593	0.0359545862372
156.318448825	0.0419355980109
136.136376268	0.0526316850229
165.785714161	0.0377358652892
143.7173658	0.0483038911251
164.896467378	0.0379492798651
189.429251502	0.0289378924167
161.031819793	0.0397832914826
143.544289994	0.0483824729289
123.362967344	0.0597249605129
146.112946316	0.0466141747226
182.25579338	0.0313696039658
186.625000327	0.0298862225213
156.096750665	0.0420314874082
154.070223276	0.0430167535655
153.664924411	0.0432024762257
163.3448043	0.038745212268
146.058964205	0.0470401195182
152.447545815	0.0437811626178
150.700085613	0.0446798926636
150.204115539	0.0449307778713
128.214401182	0.0576188717204
158.245458716	0.0409329115025
162.891312408	0.0389561342672
144.429208303	0.0474608329456
140.884200517	0.0493383926705
154.308556236	0.0425435986896
175.626449318	0.0336641797582
169.716275646	0.0360028354472
172.378857255	0.0348270914097
149.378220253	0.0453206358627
163.238398872	0.0385467775009
160.302208023	0.0397871978259
167.366219322	0.0370256426319
165.753256262	0.0377187050018
183.836692624	0.0308079652146
176.400142062	0.0333348649516
168.166142388	0.036557485625
162.230328838	0.0392100230111
159.865121686	0.0400574172532
137.339304397	0.0519566628377
149.875877519	0.0451217005741
173.735595387	0.0344778320047
180.764668001	0.0318891738997
182.816682977	0.0310834758255
156.268997573	0.0419491367927
175.841240402	0.0336878233269
171.90434877	0.035119362163
175.043776875	0.033881307736
181.701163912	0.0314947098933
169.208773812	0.036280090426
170.141204774	0.0359281072552
185.914381706	0.0300800149716
162.965260518	0.0388998301427
182.049442453	0.0314299132628
189.639031754	0.0288228487509
156.199228957	0.0419614227107
183.472088349	0.0309152231455
183.999044677	0.0307018181213
159.920004101	0.040263457669
165.53565167	0.0378229564119
175.24264222	0.0338212564875
150.769612221	0.0442386311134
152.792352956	0.0432982116934
170.124065215	0.0359426541762
188.880566506	0.0291049525502
156.123735135	0.042029211228
160.34333291	0.0400779202838
130.013149099	0.0557087427311
171.24753264	0.035382855847
168.6954345	0.0364305690666
152.755780717	0.0436071071632
156.451816026	0.0418823238694
172.92072037	0.0348073836681
168.336958001	0.0366287307812
172.511669917	0.0349306728406
140.002441904	0.050444301102
140.336566801	0.0502091105754
147.952082275	0.0460890193987
186.249733032	0.0298898613759
167.568388782	0.036908604627
170.843058851	0.0354174871954
151.76777421	0.0437163261084
171.6511833	0.0350163602829
162.945144361	0.0387187241829
158.17595931	0.0410554474298
157.722073209	0.0410591264767
173.412523147	0.0346272859175
179.726032928	0.0322098130544
164.209279883	0.0382062357931
162.075370296	0.0392484222476
156.35625218	0.0415129702528
168.287781588	0.0365658662486
189.544570534	0.0288029048176
176.918915458	0.0332833211462
174.69781781	0.034138474
172.056033207	0.0351116665477
187.579141826	0.0294519766712
180.288126321	0.0320324923752
181.326443383	0.0316056064139
187.685680013	0.0294835630719
173.939700286	0.0343450949221
179.185181246	0.0324702012424
170.498324539	0.0356727146962
162.86235789	0.0389719593897
174.167104805	0.034314461625
188.648591634	0.0291429162035
180.325347473	0.0320558691378
175.993236506	0.0336482276054
168.49105147	0.0365856661508
180.647165822	0.0319401226413
179.753512755	0.0321785214901
164.051791144	0.0381492648385
175.651963191	0.0335836485947
164.478103422	0.0382669078642
169.690678052	0.0360552385203
172.787999442	0.0348687198786
173.014509777	0.0347893711181
168.281094336	0.0366699232552
156.146581914	0.0417254847393
162.965578674	0.0386750548048
189.753807844	0.0287922666693
181.831227863	0.0315278029229
181.995222331	0.0314518530937
183.016476337	0.0310525976793
185.328468161	0.0302841407313
178.596613117	0.0326220147551
181.243217455	0.0316977192952
178.548181817	0.0326221555254
175.077513203	0.0339706316031
174.423433128	0.0341823304102
165.201580364	0.037959309946
170.672218625	0.0356349779658
156.525847551	0.0418039429079
182.743172806	0.0312098430555
164.217689594	0.0383809859873
176.315366131	0.0334086937442
181.468617749	0.0316188064644
155.806960983	0.0418187774835
168.536973233	0.036584251125
174.111345008	0.0342911058544
187.585703181	0.0294506718822
171.542472976	0.0353062092827
186.519992241	0.0297829595717
165.71622893	0.037753256367
172.74656922	0.0348435506194
179.120081557	0.0324856651412
177.065020382	0.0331529115344
180.092431391	0.0321535914269
176.600647746	0.0332281013286
184.17210271	0.0307057915689
178.498255608	0.0326382546072
167.964448747	0.0367991503439
181.383395789	0.0316128176267
180.896742102	0.0318566248068
177.763726548	0.0330052160867
159.058546027	0.0406630237404
183.766305714	0.0308571159205
167.052992142	0.0369832929784
178.412318044	0.0327125661081
174.618650333	0.0341472885294
179.76842792	0.032241307002
161.518563967	0.0395320596212
179.290002092	0.0324009290929
167.252431462	0.0371108930883
181.901362589	0.031473779185
164.711678508	0.0381902555379
184.199126849	0.0307076513079
182.625534874	0.0312572770732
175.926335679	0.0334986171279
178.551320339	0.0327126629266
177.920471668	0.0329411651791
169.935087031	0.0360064605945
176.965549253	0.0331517838651
169.568204421	0.0359375142908
174.363985502	0.0342356723541
170.836501493	0.0354180854097
171.790722244	0.0351868071129
162.38608378	0.0389178648837
177.939742792	0.032895327678
176.655210062	0.0333808504502
182.158138223	0.0313070296146
177.419867427	0.033008129435
184.433782627	0.0305281356829
186.829097642	0.0297422140525
187.490907796	0.0295419080704
186.25635863	0.0299466799245
186.448494094	0.0299014890044
178.320025493	0.0327430735138
187.501205471	0.0295634572947
188.861590003	0.0291118816062
187.886657371	0.0294327591348
180.939550526	0.0317880207694
180.486645069	0.0319862578613
186.079075485	0.030032048348
174.684219997	0.0341377439195
177.378076622	0.0330835697403
181.697193772	0.0315554296856
177.579448489	0.0330433158195
174.371823978	0.0342719384596
176.16826993	0.0335819318717
170.535120872	0.0357544095254
174.134286436	0.0343481158704
177.863881576	0.0329446558882
178.202932275	0.0328396728774
179.500459858	0.0323725609518
175.169816222	0.0339435232402
184.4139449	0.0305582141464
174.38830384	0.034265042101
165.433043507	0.0377117817905
167.83516797	0.0365923105066
176.812554865	0.0333544245185
164.913362462	0.038070076179
176.06229286	0.0336359547522
179.168594783	0.0324400948724
181.516391073	0.0315533925741
179.498275799	0.0323369734285
177.557897564	0.0329799662211
182.429409327	0.0311389147408
174.883086405	0.0339329945738
184.208520824	0.0306600153819
187.635587027	0.0295478444335
179.476701372	0.0323139572545
184.854822681	0.0304451997458
183.175488553	0.0310609455523
174.478906896	0.0339921045464
185.316874704	0.0302281179928
189.541557569	0.0288809424516
182.608685913	0.0311847974541
187.699736831	0.0294707478413
189.318414317	0.028943143459
192.442485633	0.0279081972256
187.09616459	0.0296553053334
180.460579185	0.0318255882541
181.82826167	0.0314512426386
185.040960097	0.0302476856766
195.455331978	0.0270270606324
179.039551794	0.0324053385146
188.959326884	0.0290340474025
179.491484657	0.0321738187668
185.362525523	0.0302150955337
185.819323043	0.0299691709043
188.856883957	0.0291119323034
181.917552682	0.0314231367131
183.874864006	0.0305956843065
182.315251927	0.0312642917178
179.751143032	0.0320179020432
183.530716421	0.0308582045185
190.239293915	0.028573192947
188.79521725	0.0290691095473
193.215288033	0.0276677949082
192.402197361	0.0279566983701
196.787486023	0.0266245598192
197.590154905	0.026407946742
192.078329749	0.0280993902338
186.345899887	0.0299723108046
197.917221604	0.0263204176131
195.101597307	0.0271683137185
189.084039816	0.0290680736782
187.654343035	0.0295411731171
195.829456101	0.0269536645027
195.565765133	0.027037492774
188.27122474	0.029325959386
191.056368147	0.0284371670086
185.003486939	0.0304101472658
190.767974332	0.0285451952046
188.865224777	0.0291529384115
189.806625032	0.0288355303152
188.697836224	0.0292080842116
189.985597289	0.0288060976259
185.058991727	0.0304141148005
182.38172905	0.0313479354314
189.493511816	0.0289596215534
189.88147721	0.0288190140822
192.789142615	0.0278954154485
185.032061677	0.0304416889959
190.441134427	0.0286325370777
184.311963169	0.0306922105148
191.907798046	0.0281729241091
190.969818273	0.0284847766279
189.169715804	0.0290467336739
189.280811777	0.0290085560858
191.629666702	0.0282248877602
192.847811129	0.0278752379318
182.998665318	0.0309797828566
200.051900048	0.0256744994566
195.802034787	0.0269724842784
187.162561996	0.0296984396659
190.205969403	0.0287241398075
189.461736683	0.0289409633303
192.564789597	0.0279525003318
195.183291968	0.027151245787
198.35310299	0.0261676862623
188.645885193	0.0291469268557
191.153530408	0.0283005364849
189.457227091	0.0289092847966
191.822753547	0.0281100076189
189.991880767	0.0287798320931
186.194644834	0.0299201734525
191.376249934	0.028337378884
175.952021141	0.0336656517362
197.839334764	0.026347318053
196.797924953	0.0266548610089
195.85689647	0.0269412648391
194.356870462	0.0272993369097
198.676010003	0.0260678999145
193.277019475	0.0276273025886
198.081394719	0.0262556540383
197.441364439	0.0264016722524
196.807208526	0.0266350028803
196.297909934	0.0267845804115
196.73707826	0.0266722307132
197.289749109	0.0265015005555
194.474100103	0.0273622765576
196.523385991	0.0267424104113
195.585535952	0.0270314035192
195.259324115	0.027136465892
194.462617013	0.0273654015163
194.805000407	0.0272586533184
189.408335227	0.0289668064406
195.100250112	0.0271931026605
195.086658161	0.0271702475059
199.406292485	0.0258908561004
192.637865966	0.0279274427136
197.37769584	0.0264979682014
194.480157514	0.0273465468179
198.816842237	0.0260667533521
195.115518325	0.02715887497
199.399154188	0.0258777206683
197.358414575	0.0264960808418
195.974613299	0.0268877510427
196.540731875	0.0267103473944
191.8930206	0.0281766568289
198.565196018	0.0261137859794
197.099653137	0.0265757675805
194.81069748	0.027221592926
194.134626918	0.0274922910368
190.833526172	0.0284677991158
190.563243905	0.0286050445007
200.351450316	0.0255977468912
191.758689078	0.0282445089709
190.323566932	0.0286772255233
188.949301504	0.0291463066515
195.894290133	0.0268814380342
194.490055201	0.027371364155
192.459678246	0.0280156939178
188.846484409	0.0291783487245
192.711755915	0.0279168134042
192.348773349	0.0280439598056
192.583675434	0.0279579039476
196.262715384	0.0268548438707
192.823777953	0.0278740730273
191.608090224	0.0282638504012
194.972984058	0.0272293933905
197.837298317	0.0263479188621
197.051075662	0.0266119539056
198.181676033	0.0262651277447
194.280347767	0.027441383309
195.609374783	0.0270188263368
200.012750938	0.0257107750053
199.235970337	0.0259446112124
199.67302962	0.0258181685161
195.00988213	0.0271691993275
196.155588339	0.026831965976
195.815847787	0.0269390843345
197.054968058	0.026557546679
199.145763869	0.0259491276184
198.129672009	0.0262311129549
199.722635784	0.0257644773011
197.332650242	0.0264584345276
196.037613516	0.0268609294523
195.948159423	0.0268961755264
196.972807764	0.0266162520089
196.112110904	0.0268185599403
199.279013406	0.0259195158821
198.647337918	0.0260992056725
198.209370757	0.0262344782887
199.756099881	0.0258016069141
199.453755286	0.0258751532531
198.177014194	0.0262622395278
197.868645106	0.0263363679757
197.314551682	0.0265110420698
198.557402851	0.0261329318989
202.890770316	0.0249163965209
202.802463758	0.0249174004851
199.977830407	0.0257301462571
198.127747129	0.026260905335
199.696248949	0.0258116823355
199.568208824	0.0258532416349
197.618624174	0.0264409294954
197.860916704	0.0263562430673
196.587151207	0.02674908111
196.016788393	0.0268988250811
197.999772497	0.0263360095257
198.531743739	0.0261556427115
195.362724278	0.0271105360348
194.817544967	0.0272782216947
197.889803585	0.0263437773426
198.193554068	0.0262513806447
199.328578484	0.0259475074371
199.728053416	0.0258256953781
201.875732981	0.0251988279028
199.94394717	0.0257395765187
197.768929873	0.0263808191642
200.830367502	0.0255045209906
200.539826847	0.0255865954795
201.559094439	0.025275515541
200.706808619	0.0255348237525
201.110837813	0.025418265084
203.007929613	0.0248725463235
200.890234414	0.0254565219281
198.302021012	0.0262111656991
200.356923019	0.025625144122
200.281950805	0.0256392929313
199.57906727	0.0258310259404
198.524407366	0.0261400739693
197.219838899	0.0265303658254
199.935237638	0.0257485352698
200.351022885	0.0256119975398
198.232226188	0.0262342384868
200.320998415	0.025620641414
200.50272258	0.025586337788
201.067092618	0.0254235064158
197.483746544	0.0264712671368
201.525321717	0.0253069658498
201.502258178	0.0253112417568
201.597868296	0.0252591433602
198.666903075	0.026107379089
200.437944734	0.0255913565999
200.808057349	0.025516017157
201.211482772	0.0253800010086
201.70100586	0.0252612471895
201.981586023	0.0251620508934
200.103896856	0.0256930927415
198.841446556	0.0260591063074
201.51598553	0.0253038079391
202.248245467	0.0250932821863
200.44549175	0.0256215703453
201.461445187	0.0253288618476
203.335481622	0.0247850263086
200.578208832	0.0255503468416
198.931263609	0.0260312727669
200.086959694	0.0257243863072
200.034760979	0.0257380060543
202.327980537	0.0250532910699
201.660458782	0.0252741289081
203.164651545	0.02483762587
202.059086666	0.0251296519238
200.505115919	0.0255755909557
202.40160065	0.0250331970493
203.157556557	0.024819222149
202.689904067	0.0249823141194
204.285198414	0.0245296236184
204.987174757	0.0243362531371
204.622470141	0.0244136384491
203.913176816	0.0246070632965
205.326671891	0.0242239785825
205.185342881	0.0242891992429
204.825344116	0.0243568642629
205.115921	0.0243079079988
204.917281659	0.0243333273186
205.265486007	0.0242340854802
204.115100972	0.0245492924711
205.536832295	0.0241831619644
202.344172172	0.025045223098
199.738072507	0.0258182197698
192.62227292	0.0279573905365
193.815853976	0.0275578393895
194.280966841	0.0274077037831
194.433816305	0.027356992233
203.226134646	0.024803859482
196.07027962	0.026901146052
201.189532184	0.0253952140634
200.601025877	0.0255824628585
203.031502369	0.0248612390837
200.911182458	0.0254582072656
202.251099541	0.025112227515
200.381515455	0.0256364748745
201.15681665	0.0254249504769
199.395526645	0.0259186991481
198.757024945	0.0261067016756
199.656903485	0.0258469724815
203.196878759	0.0248380833612
199.266497354	0.0259659962171
201.411202839	0.025353872362
201.397275285	0.0253508300155
199.890298538	0.0257944970498
201.015216728	0.0254333127957
202.918150412	0.024920402451
202.035689561	0.0251687787786
200.587251604	0.0255794664783
199.634061526	0.0258523657311
204.112308421	0.0245571210143
203.159581479	0.0248516337242
206.624087985	0.0238983582181
203.245078646	0.0248020116735
205.736471693	0.0241425425127
202.763294726	0.0249649459323
205.923139228	0.0240943767439
199.885980455	0.0257842273523
203.854919364	0.0246620696608
203.532599912	0.0247445630973
201.574849316	0.0252978606047
202.338519361	0.0250660062368
204.402418902	0.0245078289779
201.893473999	0.0252066855797
205.761976638	0.0241199888763
202.649506154	0.0249653934909
205.270751365	0.0242674737447
204.029252229	0.0246047834207
204.05572826	0.0245967585021
204.652336632	0.0244073443317
203.727836615	0.0246642435606
202.576671562	0.0249855454436
205.519384732	0.0241873335133
204.985126768	0.0243440152165
203.047354428	0.0248817655342
201.980316932	0.0251798714608
204.668203714	0.0244148166964
203.267384296	0.0247917694188
205.095877752	0.0243101669634
203.504447635	0.0247282075232
202.69118204	0.0249555814924
202.519932176	0.0250019435317
205.076148551	0.0243051707316
204.863688127	0.0243767225692
205.056842767	0.0243177398489
205.326524589	0.0242427333111
203.884192702	0.0246240090786
205.143349943	0.0242785090032
205.254824324	0.0242703622375
205.677164377	0.024147047735
204.128417181	0.0245757585972
205.798189528	0.0241104435106
205.938361562	0.0240787076875
205.140227722	0.024272191782
204.249234687	0.0245169286487
206.294810639	0.0239819076629
205.856673587	0.0240991658166
205.330914075	0.0242373044293
205.977375047	0.0240654928561
206.673907417	0.0238754501467
205.313841493	0.0242284794712
206.302300741	0.0239594502977
206.316566864	0.0239744296062
206.953413791	0.0237922697228
207.016922166	0.023785911631
207.59438986	0.0236281422653
206.77189078	0.0238339993918
206.425139527	0.0239151182448
206.213156716	0.023971133047
208.080589809	0.0234964521589
207.845408561	0.0235493709407
208.356113866	0.0234239603585
207.791529115	0.0235557640692
209.005600798	0.0232462610006
209.142738319	0.0232174702424
209.421103074	0.0231422407305
208.124627167	0.0234806847332
209.432652756	0.0231335127725
209.38198398	0.0231432115561
208.623814036	0.0233275997648
208.465417151	0.0233629347081
209.698399396	0.0230689381456
209.490147722	0.0231035820786
209.837205021	0.0230321186055
210.617305202	0.0228327839841
209.378878397	0.0231499234328
210.095872943	0.0229649273504
209.944614663	0.0230035319552
211.5102569	0.0226031121827
211.643706413	0.0225693626752
210.510891481	0.0228584849936
211.416358352	0.0226288052943
212.17843689	0.0224049336048
211.183476842	0.0226861309119
212.369809784	0.0223545960545
210.585656686	0.0228070128816
212.200426546	0.0224172939285
211.497329621	0.0226069235377
211.182624219	0.0226883239299
211.658199613	0.0225651382765
212.980926673	0.0222048815757
211.863748737	0.0224777838389
211.367687891	0.0226087770765
211.197726944	0.0226513643775
211.931531547	0.0224635132913
211.966177359	0.0224510790925
212.708229081	0.0222629375268
212.282847541	0.0223740021792
211.616088694	0.0225662426207
212.530418877	0.0223276112089
212.481579279	0.0223168395039
212.076698442	0.0224228384389
212.490452231	0.0223271947395
211.406537023	0.0226276459044
212.669334466	0.0222878794869
211.701415253	0.0225189468789
211.388290676	0.0225991998729
211.296845179	0.022622530861
211.431648393	0.0226098949623
211.75208835	0.0225264802444
211.70602232	0.0225177456535
210.865155668	0.0227341280302
211.48241456	0.0225750623129
210.556630265	0.0228141678097
211.542853614	0.0225610774505
211.658163266	0.0225348521917
211.413162228	0.0225935606334
211.497276831	0.0225665239477
211.869858212	0.022488920499
212.469159414	0.0223216192602
212.040842505	0.0224491143177
212.778614784	0.0222482156295
212.107967406	0.0224107128858
212.393013268	0.0223414319498
212.235147889	0.0224023316039
212.024114699	0.0224696341248
212.20163096	0.022392852534
211.804440913	0.022491886576
212.040394491	0.0224330992884
211.514668911	0.0225906476639
211.64522646	0.0225653169205
212.113330015	0.0224163971684
211.104737043	0.0226715031595
210.96678045	0.0227085927728
211.209590527	0.0226686741757
211.661094488	0.022553453415
210.394793792	0.0228886262708
211.121249809	0.0226822816537
210.454755114	0.0228579589526
210.75173538	0.0227861816519
210.787654915	0.0227552797087
210.799332623	0.0227523305072
211.861470152	0.0224865949731
211.521044346	0.0225755062835
211.33080692	0.0226464938754
210.930364304	0.0227521254198
211.712039224	0.0225481588978
211.796625635	0.022509978937
212.18511587	0.0224197147981
212.397950585	0.0223759850662
212.663702942	0.0223099500785
211.889615334	0.0225077261303
211.274715828	0.0226420118978
211.915684255	0.0224955615363
211.827742479	0.0225248265224
211.938287871	0.0224935825788
211.884357073	0.0224971083174
212.095636315	0.022451361968
211.731768559	0.0225470420608
211.461201999	0.0226162450197
212.420850564	0.022373450414
212.569761907	0.0223133038631
212.654834312	0.0223021238583
212.875196695	0.0222542853067
212.740271512	0.0222808417776
213.043298734	0.022193325912
212.579298397	0.02230907051
212.782799416	0.022251473239
212.798104169	0.0222642783868
212.711038228	0.0222997310527
212.279738468	0.0224058473244
213.306156772	0.0221401561701
212.675020405	0.0223062083452
213.400985038	0.0221084877
212.867579132	0.022256242063
213.521755888	0.0220927160835
213.066416295	0.0221916664958
213.138148586	0.0221897989062
212.877666203	0.0222438953811
213.27350664	0.0221478822621
212.885950625	0.0222534723907
213.537401675	0.0220802235222
213.059839255	0.0222057108347
213.654017322	0.0220551418898
212.757244892	0.0222646508694
213.654652852	0.0220418785462
213.017402911	0.0222202439214
213.596241401	0.0220746199144
212.857202038	0.0222469345868
213.752320146	0.0220123612143
213.191969401	0.0221732151619
213.821430106	0.0220209987774
212.980191676	0.0222184575293
214.023776117	0.0219463129982
213.013597991	0.0222034838358
214.040630159	0.0219399256792
213.165981164	0.0221746283862
214.306071342	0.0218854342828
212.709372275	0.0222713548088
214.342240308	0.0218794599765
212.762266944	0.0222659020747
214.287013942	0.0218818356491
212.545534883	0.0223141059969
214.384044517	0.0218645216433
212.988255507	0.0222187192952
214.503762308	0.0218293355238
212.57713012	0.0223052289112
214.607010548	0.0218107868323
213.010196966	0.0222140513262
214.597909212	0.0218133882878
212.96556292	0.0222248462424
214.665856782	0.021809974787
212.827762442	0.0222573901772
214.702608128	0.0217985014607
212.826045058	0.0222596150222
214.607730662	0.021826058628
212.916869961	0.0222321032139
214.688547226	0.0218076069919
213.033011676	0.0222134616833
214.838064463	0.0217571309167
212.609291216	0.0222980570352
214.72446981	0.0217871729338
213.136867279	0.0221883831759
214.697724071	0.0217985189591
213.060574963	0.022205037368
214.692788379	0.0218067808284
212.859435568	0.0222580325009
214.597481055	0.0218254226862
213.014841646	0.0222178915462
214.448452543	0.0218564525015
213.274641083	0.0221505152047
214.365265681	0.021890611784
213.288814442	0.0221441851722
214.367766375	0.0218744455815
213.466905122	0.022104563734
214.264464256	0.0219099336435
213.51950641	0.0220847743525
214.192547023	0.0219177004729
213.613097153	0.0220693693676
214.281990983	0.0219048277629
213.773693772	0.0220226957199
214.136247363	0.0219276126162
213.795618167	0.022008245313
213.946115848	0.0219666007006
213.997738502	0.0219703740562
214.160354221	0.0219377141533
213.94795653	0.021982332982
213.807382704	0.022025287293
213.9246682	0.0219848217121
213.885924635	0.0219893574456
213.881584348	0.0219958732954
213.881990047	0.0219933246131
213.890543624	0.0219903116787
213.765460905	0.0220202783575
214.029322894	0.0219590952464
213.768174376	0.0220297619968
214.068656497	0.021952784762
213.424286913	0.0221185514705
214.068940669	0.021956767854
213.526527383	0.0220924296275
213.858518956	0.0220110715515
213.691033076	0.0220515313514
214.081801563	0.0219496589409
213.732761487	0.0220309841964
214.024027592	0.0219694801049
213.646966263	0.0220600359362
214.117348462	0.0219403918179
213.676580943	0.0220561424572
213.860869219	0.0220104700126
213.491548924	0.0221036353897
213.869322485	0.0220062973931
213.482574524	0.0221044694559
213.899760115	0.0219965724741
213.597796755	0.0220681226499
213.913543513	0.0219954902436
213.508556542	0.0220947864377
213.864446054	0.0220091672999
213.685407581	0.0220474187284
213.954687271	0.0219835978533
213.720625067	0.0220400245907
217.493650695	0.0211216654412
222.462571439	0.0199720179951
226.480057439	0.0190949471336
229.748847903	0.0184177385746
232.699203638	0.0178175084186
235.551691903	0.0172568340865
237.927524576	0.016811017793
240.498578436	0.0163360038776
242.80989643	0.0159159946175
244.882671168	0.0155493922701
246.569599235	0.0152543788412
247.855846541	0.0150397970909
249.069515716	0.0148340899548
250.104797785	0.014665262265
251.234417729	0.0144746257875
252.048411803	0.0143429573456
252.686018126	0.0142356563738
253.390893883	0.014127562201
253.935362208	0.0140371041805
254.540610678	0.0139428768878
254.986343371	0.013876870952
255.441242507	0.0138056844589
255.699671922	0.0137697454804
255.754702146	0.0137687158821
256.212112665	0.0136950739119
256.366777151	0.0136766709408
256.615451743	0.013635865828
256.956541599	0.0135798481517
257.099869687	0.0135565990963
257.283466564	0.0135268840372
257.312735096	0.0135312795835
257.336983456	0.0135202691952
257.269910311	0.0135366431618
257.029974606	0.0135738082516
256.995451641	0.0135783042488
257.214365609	0.0135361378371
257.039040505	0.0135557824784
257.044873325	0.0135552775756
256.700100061	0.013603424276
256.909658567	0.0135599331571
256.852233555	0.0135594914069
256.876908347	0.0135549758428
256.79711814	0.0135650756293
256.520294103	0.0136158772211
256.528700021	0.0136091474893
256.747700102	0.0135730334943
256.290527424	0.0136451019178
255.703920827	0.0137332769378
255.575874613	0.0137521179495
255.453111418	0.0137737725901
255.087455493	0.0138303320952
254.483254556	0.0139254806402
254.574375828	0.0139118135247
256.802408861	0.0135716805553