100	-0.04491	0.0	1.0	1.01048636265e-60	0.0
104	-0.03388	0.0	0.835944116615	0.164055883385	1.21125034272e-15
105	-0.03785	0.0	0.0	1.0	0.0
107	-0.03905	0.0	0.0	1.0	0.0
11	-0.1	1.0	0.0	0.0	0.0
113	-0.04581	1.0	0.0	0.0	0.0
114	-0.007173	0.0	0.0	1.0	0.0
115	0.003987	1.0	0.0	0.0	0.0
116	0.04693	0.0	0.999613704144	0.000386295856424	0.0
117	0.04109	0.0	1.0	0.0	5.83286626779e-25
118	0.06958	0.0	1.0	0.0	0.0
119	0.1011	0.0	0.0	0.0	1.0
121	0.112	0.0	0.0	0.0	1.0
125	0.1945	0.0	0.0	0.0	1.0
126	0.4871	0.0	1.0	0.0	0.0
127	0.6296	0.0	0.0	0.0	1.0
128	2.289	0.0	8.01515421342e-05	0.0	0.999919848458
165	-0.08043	0.0	1.0	0.0	0.0
166	-0.1039	0.0	0.995847084153	0.0	0.0041529158467
167	-0.1667	0.0	1.0	0.0	0.0
168	-0.1391	0.0	0.0	0.0	1.0
17	-0.1303	1.0	0.0	0.0	0.0
170	-0.1015	0.0	0.0	1.0	0.0
172	-0.08475	0.0	1.0	0.0	0.0
175	-0.09723	0.0	1.0	0.0	0.0
176	-0.06647	0.0	0.0	1.0	0.0
178	-0.06587	0.0	0.0	1.0	0.0
189	-0.02538	0.0	0.0	1.0	0.0
190	-0.02292	0.273494591296	0.0	0.726505408704	0.0
191	-0.02492	0.0	0.0	1.0	0.0
192	-0.02156	0.0	0.0	1.0	0.0
193	-0.02624	1.0	0.0	0.0	0.0
194	-0.009286	0.999423358442	0.0	0.000576641558277	0.0
195	-0.008141	1.0	0.0	0.0	0.0
196	0.01664	1.0	0.0	0.0	0.0
197	0.02048	0.00216081233189	0.0	0.997839187668	0.0
198	0.05404	0.999930266121	0.0	6.97338787378e-05	0.0
199	0.07211	1.0	0.0	0.0	0.0
200	0.104	0.0	0.0	1.0	0.0
201	0.07174	1.0	0.0	0.0	0.0
202	0.02631	0.489994758248	0.0	0.510005241752	0.0
206	-0.00449	0.856026013441	0.0	0.143973986559	0.0
207	0.002177	1.0	0.0	0.0	0.0
208	-0.01588	0.00368354404941	0.0	0.996316455951	0.0
211	-0.01728	0.0	0.0	1.0	0.0
23	-0.08975	0.474747117056	0.0	0.525252882944	0.0
24	-0.07872	0.0	0.0	1.0	0.0
25	-0.08593	1.0	0.0	0.0	0.0
26	-0.08887	0.0	0.0	1.0	0.0
39	-0.07514	0.0	1.0	0.0	0.0
40	-0.06253	0.0	0.00127600785694	0.0	0.998723992143
41	-0.04114	0.0	1.0	0.0	0.0
42	-0.01283	0.0	0.927144098494	0.0	0.0728559015057
43	-0.02554	0.0	1.0	0.0	0.0
45	-0.03643	0.0	0.496070550915	0.0	0.503929449085
46	-0.04048	0.0	1.0	0.0	0.0
47	-0.01963	0.0	0.0	0.0	1.0
48	-0.02471	0.0	0.558237694868	0.0	0.441762305132
49	-0.04101	0.0	1.0	0.0	0.0
53	-0.05812	0.0	0.0	0.0	1.0
54	-0.03774	0.0	0.401702568262	0.0	0.598297431738
6	-0.06707	0.0	0.0	1.0	0.0
61	-0.06683	0.0	1.0	0.0	0.0
62	-0.0491	0.0	7.1201769058e-135	0.0	1.0
63	-0.04836	0.0	0.0	0.0	1.0
64	-0.06082	0.0	0.0	0.0	1.0
65	-0.05703	0.0	1.0	0.0	0.0
66	-0.05424	0.0	1.0	0.0	0.0
67	-0.05866	0.0	0.0	0.0	1.0
68	-0.0642	0.0	1.0	0.0	0.0
69	-0.05528	0.0	1.0	0.0	0.0
7	-0.08605	0.0	1.0	0.0	0.0
70	-0.0535	0.0	0.0	0.0	1.0
72	-0.05857	0.0	0.0	0.0	1.0
73	-0.05253	0.0	0.0	0.0	1.0
74	-0.05391	0.0	0.870575789096	0.0	0.129424210904
76	-0.05879	0.0	0.508837101444	0.0	0.491162898556
79	-0.05326	0.0	0.0	1.0	0.0
80	-0.05308	0.850568892499	0.0	0.149431107501	0.0
84	-0.1204	0.0	0.0	1.0	0.0
86	-0.1011	0.0	1.0	0.0	0.0
90	-0.05875	0.0	1.0	0.0	0.0
91	-0.05704	0.0	0.0	0.389195410655	0.610804589345
92	-0.06449	0.0	0.00314313248501	0.0	0.996856867515
94	-0.0492	0.0	1.0	3.12323318875e-73	0.0
95	-0.05012	0.0	0.986503785258	0.0	0.0134962147424
97	-0.04563	0.0	0.37133626758	0.62866373242	0.0
98	-0.04133	0.0	0.999995836407	2.49662647708e-28	4.16359293343e-06
99	-0.04392	0.0	2.58619489181e-25	1.0	0.0