-67.5783724799	0.519547998843
4.35358592449	0.230979480455
35.2684231707	0.155128803005
-9.47420992696	0.262509048077
22.9865576314	0.178845702044
12.9517800684	0.207764789693
-52.8654176476	0.440546703366
-35.9167995616	0.363996113618
-67.5888867186	0.51851355037
-36.7457537882	0.364284959877
-29.1254377715	0.334510388659
-25.9531359671	0.325324651056
21.4738967181	0.190602028359
3.25554454369	0.234106269182
79.2419801188	0.0980135664069
-43.9625445494	0.396960003856
8.11359711009	0.219607228099
-14.4454870777	0.285708719249
-3.60614649091	0.25238866908
-14.1677057779	0.283143572413
24.746557225	0.178325424789
26.2461543993	0.176680328917
-37.2591201149	0.369419867282
13.704041655	0.20780393548
30.9556806133	0.164688201978
29.1069121586	0.170835658718
4.31266543557	0.224109123194
-23.774496538	0.313062449099
15.5694775165	0.200486513003
-0.434104551423	0.237310478515
-47.5703570924	0.413808337647
-32.4215243709	0.350180992127
-23.7968508394	0.312466607154
-18.8608426431	0.296277291281
-25.4568740704	0.317647298741
23.7793879584	0.178341529531
30.6350259034	0.168903220448
19.1475524693	0.188223343773
10.9539387078	0.206676167468
75.6997469055	0.103052672843
-10.7754001687	0.272677206914
-19.1274301115	0.298491821242
-7.1696516624	0.263277048013
148.778018809	0.0456191150922
-2.10642507328	0.247818757611
-14.5337242562	0.284098790596
6.94358285137	0.21782506975
-56.9368227203	0.459039481933
-41.0813373225	0.385674533398
-17.4084882741	0.286054494652
28.9830869693	0.168514483934
-59.9995022628	0.475092450818
26.3028450746	0.176453780718
-29.2622492925	0.336469153232
40.6099410358	0.153328403814
-28.4956877439	0.33447778166
102.155380865	0.0769455461548
-2.96040714959	0.250971061407
21.2136413113	0.187784986944
-7.46630850421	0.262619367655
119.600573419	0.0633733693294
16.5812426575	0.192946452726
142.78312233	0.0482178481483
22.0681657049	0.188831812888
-43.0679111865	0.391864339062
28.708012922	0.167380479744
13.0303753144	0.201774835221
-9.83390970513	0.262289510717
61.4914673397	0.121719732059
13.5555104995	0.206782759307
45.5430898123	0.139052986578
-0.987317656262	0.244710313158
-39.6038963279	0.379440158007
1.24641036027	0.235705680324
80.2542720487	0.0984631794475
98.0426194951	0.0810095361002
36.7831406412	0.160426255783
21.3801842019	0.186961326336
34.7088072579	0.16392572405
-0.96594318384	0.243397388443
68.6489216618	0.112276746214
-28.1286976583	0.332926072154
150.110327381	0.0448120222099
-13.5241322838	0.281438922242
76.003746401	0.103460514615
-16.3541693225	0.291547265399
30.996930987	0.164505790508
45.6115100809	0.138936068446
-2.15338778887	0.247401554387
25.3086495331	0.181322146999
-19.872104784	0.299974827983
-8.23971460418	0.263881656274
36.0220315226	0.161687144864
46.5229638491	0.142494084388
2.10151823955	0.236584343813
1.50072636374	0.234385079661
13.8603903235	0.206195564634
-38.8607514481	0.375634304971
23.851471438	0.181096904981
17.6110502666	0.194998170484
3.59832069995	0.228739104975
32.2930676638	0.16257754907
24.3694996293	0.179397758232
37.618509948	0.151716978278
26.7077174427	0.175585999544
-19.9165224908	0.303821487152
35.4719887929	0.162585310859
-19.5222661513	0.296673317151
10.7936978527	0.208932019398
-2.68686077761	0.249959907771
98.0893472896	0.0809673774928
11.3220493539	0.212943612765
83.6404130028	0.0927880718343
73.7361254605	0.104636270858
49.4057516888	0.137752065736
72.115662459	0.105331063704
52.6462619802	0.130349273761
31.2169992605	0.16362751482
17.0730669165	0.193859963172
46.6385815633	0.138182285852
-1.32132612923	0.244988634156
28.0704664072	0.171149306457
50.7080279952	0.135362148109
34.1577156745	0.164751909457
25.3157137041	0.182058249999
104.822455332	0.0751431079061
39.3756849925	0.155502550826
4.17059566626	0.229244030436
-10.4749161282	0.267679550634
25.5649401803	0.181535520876
30.003037074	0.169772397837
37.3727680253	0.156256832959
18.072260426	0.195933656539
45.5334277092	0.141596197563
2.94699544439	0.234605366715
14.9754418076	0.199648170884
31.1306246822	0.166874952712
10.6053651354	0.2101769897
92.5229336088	0.0856274695693
-21.7671802243	0.308778982625
-13.5758850071	0.281609948597
37.3496288164	0.158406086692
28.028552325	0.173998805002
18.0084752181	0.195193674473
25.6569019266	0.179137054213
-18.5673340864	0.29374412932
25.4306416777	0.174729777397
79.123289226	0.0979050592376
27.1229835463	0.172243985557
80.2627261263	0.0988000770912
31.399343791	0.164906734473
82.0400683788	0.096864117108
19.346470124	0.187578286267
137.171957196	0.0520858221084
22.7630755441	0.186258668824
31.7273156938	0.165262168603
12.7862857663	0.209162542519
88.7420415742	0.0899279342509
34.3382313842	0.164867630143
28.6761199007	0.175368390085
20.2840893638	0.191598221432
31.4887231124	0.166790901177
19.1581974724	0.187174347703
63.7550631407	0.11568537009
-9.57777291336	0.261067543132
25.2371008514	0.179717060837
52.9965396177	0.13342052666
-14.8077349841	0.278674316472
-4.94815427256	0.250938965719
53.1082590838	0.13364184744
52.9963737922	0.130259287776
16.7950805318	0.200294671628
13.1409063468	0.205007937987
99.9945734789	0.0792290127334
26.509726092	0.174777029057
37.408131763	0.152436144386
52.9971585978	0.133498201559
27.5266684473	0.174238697914
33.5732770608	0.160645838569
9.58406423278	0.214984183786
22.4641850275	0.187315968406
14.4916169724	0.203885090237
28.0051781386	0.173471812801
23.1872062414	0.184241861455
29.7911843239	0.170623218133
22.0500906156	0.186196039808
41.8926351616	0.145891539544
-5.4009441139	0.258054962196
96.1825482041	0.0827382604237
8.95785791364	0.216704948789
24.9278729407	0.181825721715
24.9210580818	0.181468348441
24.6747324229	0.181856097583
49.784704205	0.138334789461
38.4430747884	0.150915338723
33.9128057611	0.159634785789
33.7545829585	0.16524927081
-7.05697577371	0.257534731694
18.5872074776	0.196874947233
-16.2580457105	0.291579508076
35.6094392106	0.157720397145
42.8579419467	0.149673312943
20.0487293597	0.190958302031
99.3271638973	0.077649015263
29.9910935932	0.168302878024
-20.0298377922	0.30281564319
53.2011514927	0.1332930329
40.1005635868	0.148441779434
14.1884905402	0.203362088877
22.8952467207	0.18599056465
27.6712190401	0.175354324772
32.2933074771	0.162630379311
29.2651356537	0.168794129656
-12.7920173965	0.276822697906
-2.87953235339	0.249741223393
91.0735853723	0.0861769261673
2.209963838	0.232746120167
76.2878231792	0.102746545556
59.7623893829	0.120789404085
10.9500273906	0.205749425026
26.5499765299	0.177782386122
24.4642658211	0.182849789285
1.43672334129	0.232973817214
63.5615094283	0.118751610936
46.9880266937	0.139195358393
34.9300710432	0.156802134289
16.7301483099	0.201013264844
49.0982684024	0.139727192135
73.6014597709	0.103395868421
33.3094173272	0.160946504996
28.0199836216	0.173857203444
-10.4078852926	0.270753964488
-7.8790575781	0.264445824172
44.6211621586	0.140810161683
69.7499883175	0.109451769804
24.5837449025	0.18201729317
43.0318872958	0.14401613734
47.9665140384	0.141274655651
63.7218779255	0.1156316594
82.1944980502	0.0967755099361
34.5261245547	0.163781937926
22.089345249	0.188714080244
26.5234211006	0.17808856607
27.2919472956	0.177212039652
26.12754728	0.17843843436
24.1365702933	0.182374759042
42.7502587996	0.149413515226
132.372497909	0.0549007624333
15.6743138103	0.201966532882
64.0351960634	0.115103784831
120.367129376	0.0630131228489
24.7320125432	0.181992082221
43.1410924999	0.148821354087
36.9745337074	0.159375415741
41.9669366628	0.150820051905
37.9641011823	0.15765465377
41.358380809	0.15219319436
24.3345494459	0.182569740979
76.0416756651	0.103514433979
12.1838539352	0.209339994891
33.4750911139	0.163257709302
57.6216059431	0.124099376848
106.332982159	0.0734415332224
21.2478602259	0.189873883531
14.2396281414	0.203199850665
26.2896988302	0.17307866961
97.3072929405	0.0817571757802
20.4535793718	0.192490351234
113.122659712	0.0669995452407
52.1219198006	0.130671048465
35.4959597514	0.157383124927
15.7193235834	0.197418356576
35.1223442693	0.158763178102
91.5949639507	0.0868984655844
22.3070171769	0.18875121126
92.9253847213	0.0841589469736
123.713757977	0.0605465909246
30.0598629876	0.17278529952
19.4197901191	0.193871562063
34.2175530939	0.164238674194
25.5355572669	0.178945928513
23.5529552141	0.184103295165
38.455345866	0.151483842388
38.5819505077	0.15088079296
20.2837200965	0.185079937604
28.2385108125	0.169634278842
32.7573090131	0.161094508445
34.0488933053	0.159364444178
50.8425320206	0.13325274359
26.7809698288	0.175621534722
41.6593370813	0.146258335993
27.5689960359	0.17561096371
7.60737293599	0.216767674692
31.880303975	0.164462126993
86.7255792328	0.0897653760554
107.860030986	0.0707770567797
20.6433783825	0.185863151309
33.6760121503	0.166066003304
32.6060817609	0.163545574337
25.2662367564	0.178902163974
101.874667806	0.0761478278636
41.8603021583	0.148650985007
27.8812273846	0.171864815108
42.8192100357	0.149680418884
175.447528214	0.0336569280878
29.8797531448	0.169518003425
23.3116151958	0.184314357601
25.6106671775	0.179818635213
27.7101363611	0.175590545963
-0.751818228088	0.244560165313
16.2010212589	0.201192499998
42.2637459773	0.144535734511
132.794661458	0.0536390469951
32.3803041887	0.168330272756
122.892410032	0.0611809778034
70.7972501765	0.106780415291
67.2496549914	0.111768967799
-0.301198465916	0.24197660255
59.2968139487	0.123768471657
83.6454603753	0.0941892058087
90.8729586161	0.0874349053108
30.9472004754	0.165296625227
140.640970989	0.0501051805311
33.8761773752	0.159666531403
152.969986632	0.043461434408
89.0915947834	0.0895900691194
21.7403577441	0.188073971902
41.4893914093	0.146048198626
95.0458644952	0.0818056015886
53.2140389774	0.128526195081
29.5623343677	0.171099362327
46.7459022971	0.138632854345
57.2926364227	0.12390714313
176.050604937	0.0336434950904
28.4094480498	0.173959088056
23.4707967369	0.184175435947
24.341996925	0.18194291352
44.9695986596	0.145908246231
16.1113807004	0.196414398031
74.8060073187	0.105022476131
110.630596592	0.0702893280613
40.339064105	0.15029622711
33.9048095671	0.160174008979
55.9598917409	0.125387546326
92.3474715391	0.0852651167906
139.242904621	0.0509173840132
35.0199466801	0.16294758347
68.7939692258	0.112074163024
73.0465007562	0.106968942737
71.5353795506	0.108885975958
35.8484201802	0.156527275805
38.2102791715	0.157091477286
73.5859159656	0.106388804233
54.9887634185	0.129930371065
16.5412113722	0.201198889888
116.997872873	0.0652433957676
83.528125371	0.0952605838627
70.5183219948	0.108227402255
23.5363550233	0.181969900114
111.981652199	0.0680791894125
121.436108927	0.0613313476481
75.9645303951	0.103557653531
41.0331283649	0.152282278712
93.5970541223	0.0851426058081
33.2496542148	0.164388885399
155.623563521	0.0422279051234
33.0322662873	0.164745626017
27.0035041447	0.176738111056
20.6552010656	0.190746714804
112.494126098	0.0687218098828
33.2058916427	0.162835448437
63.4912371481	0.115414891085
48.6923524764	0.137941173811
134.867966882	0.052825654793
99.8443454431	0.0794862447306
48.9218158931	0.139550628065
172.506098707	0.0349778129659
34.7964499316	0.16145907568
28.2086867282	0.176473124143
63.9658934147	0.11738560249
128.828470225	0.0569428214978
89.8037195068	0.0888265264659
71.3161715236	0.108776663014
131.574554656	0.0554656657962
61.8725465439	0.117429963841
36.9146723658	0.154256575329
34.9326813702	0.158117335493
49.1828945993	0.138342643402
33.2176665131	0.162869541525
123.533372599	0.060291559761
136.93600766	0.0521092993508
79.6808029341	0.0964274780353
57.5674694957	0.123963200523
55.865382781	0.1253792686
36.347774023	0.16034262332
35.5155608381	0.161890162202
26.4596291622	0.178064099401
93.2343056266	0.0855643101072
83.3322269177	0.0954971859539
86.5319516541	0.0894298148255
90.4983596595	0.0881063658954
101.985399963	0.0775314939222
33.468315365	0.16110002716
166.957969949	0.0371355429177
127.995025276	0.0578395956232
70.5745751717	0.106876252523
36.483378448	0.156399024114
37.1734300925	0.154006323853
60.4869131016	0.122836789809
52.2398595573	0.134828461894
51.20446605	0.13179917672
35.5772228435	0.156962980868
104.13968402	0.0736519904029
147.132602088	0.046144692282
108.335261309	0.0700264487176
116.023200045	0.0654171579579
134.395736381	0.0537661553611
134.420711251	0.0535912724099
81.0127583818	0.0960354416074
129.995676375	0.0564084051573
165.576315634	0.0377158673313
120.439955585	0.0613324848073
63.4840985647	0.115548988295
66.088164893	0.112143784825
67.0006975139	0.112763518037
79.9685383935	0.0990760555687
139.054838284	0.0503877456899
81.0519360193	0.0978932314643
71.8773209594	0.108318556093
55.9764369046	0.129059313081
88.3917819244	0.0881452124598
48.1034874686	0.140788028433
90.0758108111	0.0860554451495
115.227409633	0.0664145539371
30.3336249296	0.170969101396
31.937448394	0.167901558762
34.925486376	0.16271391119
90.9020717977	0.0853122244408
52.940370623	0.1299722273
39.3169573462	0.149868227324
39.2252600972	0.15008481005
37.3630082899	0.154501347574
129.815692358	0.0556106770818
78.9735676725	0.0982693234307
84.3153360198	0.0929882021981
56.7214330833	0.123912810007
87.8868896002	0.0898170604221
75.9509049049	0.103618293965
82.1114085698	0.0955058064123
67.9815675838	0.110478277825
77.789971626	0.0986312255341
162.052865793	0.0392117823128
89.7065298568	0.0889486756894
133.230704415	0.0545012420696
78.5709622214	0.100641569146
47.6018640065	0.141710395287
136.111350893	0.0527438461989
128.501019301	0.0574227501802
54.6743200235	0.126599556635
60.0224342457	0.119463198468
96.1898171421	0.0807501576532
71.2683442378	0.105776099932
75.2056806354	0.101521769812
44.4823110987	0.141656401202
40.0039914902	0.153909800336
106.760467527	0.073541614217
129.404828238	0.0568971645463
67.7361182938	0.110043910133
51.2542261025	0.131457288548
92.3331041767	0.084401977542
93.5303073704	0.0852394884038
48.1277938641	0.140775272241
53.7709288854	0.13243618976
75.3977813576	0.104351610662
54.7158322622	0.128765190464
106.965720213	0.0721469239169
129.726400709	0.0559103656108
104.489790548	0.0754346194449
69.3435632548	0.111399519524
104.475638734	0.0754539840759
59.3644604487	0.124310271069
81.2502157407	0.0977360054283
88.8862189062	0.0874949537647
76.9208674102	0.102579537391
85.4428198012	0.0905509938654
121.640224904	0.0619382318105
83.2481799226	0.0924899225552
71.9387573303	0.108272000721
84.9284003174	0.0907103585339
72.6186369554	0.104397741946
90.3911660539	0.0882103573328
112.29968312	0.0671181245034
59.9549069084	0.123500870455
152.486011705	0.0437484609489
48.096079701	0.140785432249
84.7403102271	0.0908335672799
73.4592349058	0.106423553422
114.50855122	0.0654427039821
60.4175595012	0.122864441418
102.856811091	0.0746971769176
128.17024296	0.0574618400282
94.357902157	0.0844755866807
137.922525131	0.0516615070044
101.955903027	0.0756696121089
78.9277943743	0.0972669063639
80.0076328252	0.0959316294114
61.4627011409	0.118077588014
63.8476296712	0.114717288679
37.7350469761	0.15286687143
97.9069010687	0.0793258879436
70.2804931585	0.107499502426
58.7066570493	0.122612228344
91.8310227297	0.0868349603343
72.9286708696	0.104197844322
96.5966021808	0.0823983010236
80.1935126959	0.095781589103
83.0069769181	0.0932616025856
67.3080132324	0.110431363555
132.707232853	0.054701268378
66.1899002639	0.112799012559
91.5406977458	0.0872030372974
96.4286209419	0.0801776550476
112.869128604	0.0674170373139
156.809563269	0.0417139029265
41.9567376142	0.150900931271
125.950588039	0.0580275820743
83.1870421225	0.092464689126
69.6065687131	0.108613297778
48.1241211463	0.136090385196
104.054179044	0.0734025690652
112.556815662	0.0669544422697
79.6174835829	0.0963988174515
58.7576745572	0.12108377697
153.832702817	0.0425264709732
61.348811292	0.117946597363
169.028302031	0.0362985436051
148.610634981	0.0451163945991
49.8277671469	0.13811926357
140.22424367	0.0503142697039
99.6020391066	0.077461886115
120.342669615	0.0619868226019
90.3571675275	0.0882887901141
116.807072059	0.0656168439181
170.533541939	0.0355006722537
75.9433081105	0.101021391699
52.4219195729	0.129843722143
80.7260185677	0.0955881691577
136.929128571	0.0521507180205
152.88038962	0.0435596537468
165.866543371	0.0373741023422
70.3874571768	0.107469016683
84.5083901355	0.0917408261306
95.40020461	0.0834918796712
177.138503108	0.0331780549686
77.4749794144	0.101829263557
90.1213953474	0.0863397138044
97.644766587	0.0796569200851
138.969222426	0.05107379379
112.260159361	0.0689122987773
151.663714364	0.0441812770024
76.7085913763	0.102806662754
107.591568414	0.0707472456158
147.679026121	0.0460217416374
97.928622751	0.0811672820186
72.7241213278	0.10727966148
104.80081153	0.0750769792652
99.1128639569	0.080107553459
137.197485435	0.0521017598284
71.0445248653	0.10945118285
140.095125837	0.0503031298421
108.776312488	0.0704247721412
182.682247047	0.0312684713198
140.894958611	0.0491339148574
73.7257330905	0.103423401534
139.15184768	0.0502293032389
185.583557341	0.0301727858588
156.78551496	0.0417910349363
145.773853672	0.0467978263065
133.074010125	0.0535923430629
84.8756208052	0.0906965453794
109.358470789	0.0695277300151
164.427105379	0.0381863047353
141.140773143	0.0498067704363
185.056182842	0.0302912958045
114.452276224	0.065625600786
62.8820034805	0.117232930394
69.7507366884	0.108308688516
161.06474096	0.0395229595265
138.409650572	0.0509569096465
99.3005239339	0.0799565156828
157.15152211	0.0415007713343
129.488848856	0.0568221911846
119.746950062	0.0622202779689
94.0037197574	0.0847636782507
108.716002511	0.0699763231693
156.247166658	0.0416129626319
135.422635769	0.0530551300076
122.846658765	0.0602804119694
145.274319112	0.047440329114
163.733854035	0.0386510466324
175.540200622	0.0338788574819
112.719426508	0.0670592865927
109.908946231	0.0693211271173
174.149974913	0.0344117284375
198.903002007	0.0260308664652
114.940948974	0.0670383851621
128.196719235	0.0566394046247
142.865191178	0.0485829072653
175.129135434	0.0338792102313
131.244221528	0.0556791236003
129.253840657	0.056519522592
141.562261723	0.0488035417171
143.53461055	0.0479795735474
131.320974085	0.0545825549597
108.940804459	0.0700558992844
126.17525877	0.059033668505
138.663363253	0.0505788111063
75.7321785599	0.103813696506
121.452448243	0.0622919672556
142.118291202	0.0488414706798
97.8929915734	0.0811889198786
163.580433012	0.0383718630809
120.828168309	0.0627324868544
153.777936911	0.0430251020694
94.2123034313	0.0845536133894
116.910147323	0.0642117124269
112.633963561	0.0688222171003
139.164589448	0.0502023763745
99.1772743911	0.079995716434
134.104012685	0.0531843486351
121.776081482	0.0620768755018
106.680056632	0.0726330635327
113.792987422	0.0679300090258
151.877837428	0.0438110987613
104.956307447	0.0750282660427
114.199189553	0.0660561177119
124.789079575	0.0589781228573
124.966228211	0.0598682376939
136.198563701	0.0518254502965
148.301367912	0.0454645349305
112.813832811	0.0678220133461
119.422086868	0.062580924863
148.090636354	0.0454731915981
144.660478593	0.0472342431385
167.521646846	0.0367344199773
155.319907527	0.0422014064466
129.121150568	0.0560198266842
93.354195866	0.083148912152
127.657880259	0.0570322434444
149.215921964	0.0449046563972
148.644754282	0.0455043703183
92.0821599115	0.086648374336
124.821950114	0.0589303125134
131.787326655	0.0548521178627
91.3252505383	0.0874075999754
112.455419331	0.0674060491672
214.269734732	0.0218731284844
139.778914103	0.0498053485339
172.163531296	0.0351643938782
92.7131174332	0.0860147604437
103.117963423	0.0744784830709
115.892149034	0.0660299773834
176.425159757	0.0334707602444
194.360841607	0.0273853849129
139.361812673	0.0507733373256
99.6470287491	0.0776344150914
121.022492036	0.0613792939805
165.718951495	0.0377782279871
146.089737555	0.0466531544736
160.512678248	0.0400754332723
115.761847897	0.0649655654617
150.794621743	0.0446251542356
125.894204018	0.0592330741207
173.949445771	0.0343826957595
149.775309988	0.0447724005246
120.690182087	0.0616014502827
95.0493947267	0.0813312385012
164.804871797	0.0381593089603
192.275342377	0.0280679092371
202.916938101	0.024802440504
98.6269435063	0.0805084873984
150.809947058	0.0444757017291
110.249837378	0.0706976266308
108.246539117	0.0722632464352
160.521587776	0.0397636536632
216.796814876	0.0211945481427
101.883410661	0.0754307066468
113.537342652	0.0680410219866
94.4775334264	0.084371857152
108.731608672	0.0703759123671
131.234997741	0.0556596139184
162.193852068	0.0391925327191
209.172278893	0.0231643826503
122.409914403	0.0615017949231
118.355606575	0.0633114351992
115.398166847	0.0651973137369
191.417288466	0.0283358480235
132.201639823	0.0544637784394
142.349105797	0.0491685220523
150.548817639	0.0443320008402
184.974426058	0.0304486877623
206.656099488	0.0237965442324
134.478632164	0.0531068439885
208.724860198	0.0232426705794
143.325006432	0.0481430891872
187.065309122	0.0297655295903
132.571733344	0.0540653006917
206.129654829	0.0239723197209
142.146671619	0.0486134966285
176.742344082	0.033388960913
139.293251877	0.050270124774
192.188707181	0.0280455213738
134.669453844	0.0529387638324
211.730475604	0.0224977802531
146.315280395	0.0464515128003
209.034858741	0.0231581338577
178.167843311	0.032829038564
211.836552378	0.0224353688339
162.421272142	0.0390033338916
217.008011313	0.021153044006
153.944089723	0.0428489781534
149.349736131	0.0453315443063
155.810135351	0.041939201187
175.631828692	0.0338066978851
182.631882406	0.0312671175527
210.512550692	0.0227788196238
157.268523501	0.0414031963178
172.012851321	0.0351906624001
166.099953589	0.0374989694144
219.28870277	0.0206540797461
161.773086869	0.0394184842983
159.598241886	0.0404289849828
167.30187612	0.0370378921293
189.745010946	0.0288759831139
192.416223072	0.0280346631006
201.83094994	0.0251909027282
180.182929966	0.0321140413609
199.635167818	0.0258430716651
171.892411596	0.0352061337183
185.429863636	0.030306472933
155.395571874	0.0422940387251
187.829632815	0.0295055920812
161.07336157	0.0397163463681
166.865225447	0.0372326594383
182.172582781	0.0314381871438
150.634372772	0.0444922407708
207.81266057	0.0235178848177
156.485536315	0.04169260012
209.816071962	0.0229654067581
172.1019286	0.0351028115292
213.16703981	0.0221531554984
174.010569249	0.0343812707591
207.135651177	0.0236772775713
167.009228753	0.0371780503534
204.6297769	0.0243717882539
170.663459567	0.0356713497999
201.251369905	0.0252927521698
156.644499692	0.041751612476
211.443054964	0.0225360853619
163.084258752	0.0388484663993
147.485281825	0.0460638842122
174.301658462	0.0343533089582
202.931151214	0.024855271908
154.509532083	0.0425025554034
167.282328167	0.0370481531658
150.929905702	0.0443508763374
205.328929382	0.0241718619277
212.95352081	0.0221693413994
176.287586161	0.0335747793305
167.353334626	0.0371458856579
193.545008248	0.0276747475537
198.663322916	0.0260970242535
170.279616723	0.0358496567782
194.986659146	0.0271515129345
167.617845671	0.0368723080133
213.123534409	0.0220862395301
197.961820911	0.0262800656313
195.705495736	0.0269350517424
176.595186149	0.0334551269348
201.404283923	0.0252446428073
156.465241089	0.0418657810305
188.315849642	0.0292799168873
173.392417667	0.0346243070112
172.667093491	0.0349491230323
183.741667882	0.0308715147471
176.706525614	0.0333987097721
150.832613213	0.0442678748511
215.621267734	0.0215223964632
151.486653276	0.0441288908826
158.938134516	0.0407810723606
142.792292222	0.0484861548703
204.25163186	0.024528414238
176.856956325	0.0333779796931
217.517361347	0.0210266896715
196.058331438	0.0268612058122
137.795911379	0.0517712913764
189.901765225	0.0287792808431
189.165118252	0.0290767953964
200.005906652	0.0256964240987
161.414622313	0.0397056313192
180.465448363	0.0320230087857
145.640666148	0.0473446201753
146.834332274	0.0467189037573
192.519743863	0.0279393902025
202.611540317	0.0249101823989
169.340035355	0.0362871253703
164.337120786	0.038211032501
150.442177819	0.0444889428739
167.481437537	0.037080844293
211.367065633	0.0225976516189
175.394589664	0.0339682942415
187.965958115	0.0294321044131
189.794151679	0.0287967823319
196.099443899	0.0268191505823
189.143891914	0.0290834095831
177.148113633	0.0332654481105
159.607843155	0.0405431142517
219.131668704	0.020659886177
166.803259435	0.0373738381358
192.962815525	0.0277888501145
152.873188625	0.0436561836907
207.45162431	0.0235961367244
164.120227194	0.0384964471237
204.511726152	0.0244272618495
171.242348067	0.0355813003854
195.638050751	0.0270116534527
178.341173825	0.0328647847625
198.218916246	0.0261964887996
175.569111603	0.0338377591717
219.90475687	0.0205158403819
196.236424432	0.0267888883846
213.22003519	0.0221168308222
185.290550221	0.0303117144219
197.327749795	0.02648083804
164.70251123	0.0382253814818
221.216834458	0.0201812417432
203.812524849	0.0245641441367
180.558366017	0.0320176773682
219.496717808	0.0205683969098
170.072889585	0.0360087087015
217.851348251	0.0209470550397
168.801022136	0.0364996711336
186.614385325	0.0298769044588
179.280801577	0.0324631034163
185.2933343	0.0303220377148
200.997910848	0.0254281657467
201.274296119	0.0253277644644
198.257606649	0.0262443712762
223.04496414	0.0198016899402
183.50530464	0.0309231034773
194.599175683	0.0273238916985
184.712616071	0.0305277805272
191.49882864	0.0282755669116
162.332815137	0.0390762734628
211.150237925	0.0226379865532
178.440203718	0.0327060856187
222.403240796	0.0199243869899
168.818072321	0.0364076587361
221.750192504	0.0201034803789
174.15480746	0.0342612955729
185.884589734	0.0301170782483
155.12002875	0.0422868836759
211.396609972	0.0225469722225
154.225624994	0.0426918233277
197.456358372	0.0264301032117
153.93246465	0.0428572524823
212.522505186	0.0222920081309
153.826754209	0.0428313449529
206.389689151	0.0239295554253
166.709846652	0.0371889053257
188.787571877	0.0291841162712
169.179365882	0.0361521926698
186.531580927	0.0299408098267
156.283528572	0.0415934815538
205.024111474	0.0242588056787
161.883292488	0.039148934983
214.843455406	0.0217133233944
153.751748805	0.0427717285941
204.684612321	0.0243628163015
154.851012038	0.0422560993351
187.332463861	0.0296604103026
154.463330929	0.0424406640616
189.96736345	0.0287912253892
146.236356713	0.0465264337444
213.267721752	0.0220985974115
169.278109564	0.0361683387312
178.547230332	0.0327390376461
167.799899731	0.0369238078207
187.939738777	0.0294922991597
146.669897777	0.0468307903853
163.365844064	0.0388601310293
167.335880715	0.0371405130031
188.180379508	0.0294270683132
197.89048305	0.0263026907742
161.27729492	0.0393959148303
213.61927302	0.0220328023004
171.019900627	0.0355357876696
210.968577561	0.0226614389871
156.016033821	0.0417107927737
171.299640599	0.0353239781991
191.935133098	0.028164958251
165.472959232	0.0376363575145
185.792520164	0.0301981112439
162.301611578	0.038959912438
190.690217179	0.0285694516673
157.062216128	0.0413979334824
192.494799518	0.0280199645237
158.833061234	0.0406102611025
206.635364158	0.0238504473162
181.723530507	0.0315370484208
200.241099492	0.025654447141
187.566809782	0.0295822656993
212.88232376	0.0221678361272
174.851665144	0.0341047888866
203.552932099	0.0246715594893
173.332001979	0.0346957729209
198.299343768	0.0261766347343
192.585517662	0.027928908526
205.814448254	0.0240460810212
213.300050619	0.0221179807932
203.921979558	0.0245467441703
211.82681288	0.0224596436877
201.673437214	0.0252271176504
219.711782603	0.0205576026151
215.236271334	0.0215904909441
193.086739769	0.0277716351831
219.905645554	0.0205009029063
204.225465684	0.0244687439579
224.687605157	0.0193802950372
218.386263485	0.0208379610056
198.746608407	0.0260339492715
229.285895812	0.0184632257379
216.047218951	0.0213981041602
224.477828446	0.0194677949043
224.228753192	0.0195337894883
212.862190374	0.022183733874
228.230264347	0.0186385215874
204.323926357	0.0244374700123
216.659757035	0.0212495543757
211.859105776	0.022435740005
209.458665124	0.0230658048693
227.515157525	0.0187815925401
202.152678374	0.0250575278446
199.348575963	0.0258518608773
223.378416779	0.0197213995906
204.949475039	0.0242616054774
214.569698523	0.0217674147114
216.665439929	0.0212380336113
203.103397688	0.0247855453567
219.636356112	0.0205691443645
202.322053504	0.0250027521396
203.226668936	0.0247768447962
213.584020408	0.021989586416
203.237205222	0.0247396557821
195.404387581	0.0270503716906
216.348688434	0.0213245135183
196.514781359	0.026711588462
200.586003928	0.0254855258931
220.548505643	0.0203733149997
201.455869413	0.0252365232981
205.399044162	0.0241499423141
201.753377268	0.02515874706
203.746922117	0.0246071743341
207.218394257	0.023649700477
216.718209863	0.0212554248518
216.6034456	0.0212887059671
217.23308469	0.0211289873228
197.853739182	0.0263356194302
208.276421931	0.0233607108325
199.003956986	0.0260318096642
222.947838911	0.0197596047765
220.281723322	0.0204150931484
218.567591375	0.0208038405595
217.473837528	0.0210285285608
220.693191122	0.0203092700408
210.616021873	0.0227340184002
207.250502142	0.0236559231258
219.713147227	0.0205438578832
202.556908965	0.0249737159259
221.317041487	0.020167090688
208.321641784	0.0233937566693
215.767171756	0.0214936426815
217.154857533	0.0211136380006
222.83489746	0.019850915835
214.829811529	0.0216905315852
227.11233866	0.01886357237
197.367190775	0.0264417575772
215.848464457	0.0214594059581
209.841502809	0.0229867749884
223.033323237	0.0197593640151
226.144066957	0.0190819878412
229.628277856	0.0183485745025
207.651111186	0.0235189066312
225.60330237	0.019207568944
214.534890913	0.0217629595872
230.306953356	0.0182387267405
214.604860867	0.0217422265912
213.309894595	0.022076661449
226.116429824	0.019079725923
211.090558134	0.0226378528861
229.154493963	0.0184742838821
220.163636361	0.0204091791335
214.848933046	0.0216887294487
216.755475323	0.0212332259199
217.459152122	0.0210554709312
213.834673364	0.0219275858578
218.072807746	0.0209116250845
217.377371062	0.0210831857403
217.84137615	0.0209647438238
213.941811672	0.0219461021569
210.527922152	0.0227709936039
206.811422325	0.0237467595231
229.287992965	0.0184574899946
192.43895215	0.0279546130651
212.842397561	0.0221845364644
204.561032235	0.0243829416007
223.465841867	0.0196581125413
202.893769974	0.0248727513002
213.526418683	0.0220090930318
207.892511655	0.0235136439586
222.790432373	0.0198439415371
191.445640188	0.0282595524778
211.298556924	0.022576494314
195.71262526	0.0269491042459
210.74442993	0.0227179370476
195.503111894	0.0270359436576
227.047975531	0.0189248829225
191.471932433	0.028263349018
230.573882063	0.018187574876
215.830922046	0.0214580309895
204.788242561	0.024346585255
217.67720504	0.0210057476468
210.365153127	0.0228598041183
211.045039086	0.0226358812167
203.032333484	0.0248393268604
225.320106649	0.0192507415888
198.689160789	0.0260784563296
225.179449345	0.0193247317459
217.666963116	0.0210374932495
233.819656335	0.0175315054915
228.931083447	0.0185045791167
229.481351669	0.0183905508625
237.393167879	0.0168228519048
220.420292806	0.0203716017137
236.460954041	0.017025713084
233.199000657	0.0176303698649
230.070301207	0.0182703185131
230.565711433	0.0181810213366
228.034710242	0.0186879919088
225.874350311	0.0191566139004
229.69246486	0.0183359529684
225.289367625	0.0192830689557
226.657526165	0.0189808164835
236.266991627	0.0170681210135
223.312170921	0.0197077684486
222.931856049	0.0197992814992
233.455215716	0.0176072441595
230.377924498	0.0182281262336
217.523137551	0.0210326409416
234.539078609	0.017397341306
215.405238188	0.0215415035692
229.102756744	0.0184795193451
227.072613465	0.0189107907787
230.107704197	0.0182538546612
224.399352262	0.0194647113466
216.61160444	0.0212867669452
221.97816549	0.0199971697917
217.51462992	0.0210556933551
222.940208299	0.0197861987686
223.443320088	0.0196836011383
229.036210516	0.0184889881851
225.419117763	0.0192825310553
227.406569284	0.0188307832224
215.947838989	0.021451147576
220.542795926	0.0203340491104
221.670607968	0.0201461124904
227.228001691	0.0188598601994
222.918240468	0.0198436262972
232.443221694	0.0177965462475
220.932749776	0.0203105014434
220.922316006	0.020250854065
224.558773355	0.0194769518065
229.760050154	0.0183511931963
223.816542602	0.0196248946227
229.267358423	0.0184079590524
215.864350503	0.0215168827295
224.240163095	0.0195071590009
222.275586779	0.0200016169577
216.605331895	0.0212987956149
216.926086548	0.0212472604639
221.113360082	0.0202437955041
225.411527093	0.0193050792177
224.965987872	0.0193847505158
234.936548344	0.0172952789176
226.435289263	0.0190530033372
237.311074674	0.0168623947721
235.001081665	0.017303739134
230.905154624	0.0181059491294
230.445693888	0.018176713429
234.410813445	0.0174099060264
238.515303112	0.0166338754731
227.419122282	0.0188090107596
233.754349366	0.0175321553901
229.207115153	0.0184430442744
229.520384903	0.0183804716437
233.375536317	0.0175839810109
231.956232359	0.0178847266788
227.212437825	0.0188535431562
238.015504233	0.0167239947227
218.577099965	0.0207760279518
239.174951257	0.0165166179233
223.372810901	0.019688228597
233.175436137	0.0176360583254
229.203386551	0.0184475361706
238.951738895	0.0165532079793
230.694435367	0.0181536915168
231.806706618	0.0179212159256
224.486837618	0.0194317552278
224.801747789	0.0194133885699
230.290842117	0.0182402107622
219.306621789	0.0206108533886
226.517624484	0.0190005072628
236.036997623	0.0170876284278
237.971392799	0.0167168222343
236.818028735	0.0169266241745
235.520455272	0.0171731043567
241.011116574	0.0161545262466
243.262782807	0.0157715648239
241.779154561	0.0160267676774
240.964793061	0.0161823893175
245.146521663	0.0154391496421
240.382761172	0.0162910789088
242.99163615	0.0158272403159
239.539714831	0.0164452937658
244.38874087	0.015564598501
244.415517901	0.0155959637989
242.661394381	0.0158895017597
232.77461672	0.0177287240684
236.002431423	0.0170948194687
239.580736358	0.016438944826
235.981843178	0.0171070560925
231.580647907	0.0179784905296
239.419452638	0.0164539498102
238.850319147	0.0165716308457
240.174899328	0.0163183534046
241.367979412	0.0161037645839
241.414944693	0.0160942814446
231.254183804	0.0180414610565
234.752857637	0.0173251342817
231.607419823	0.0179699922636
236.579684621	0.0169698875854
231.524588752	0.0179884021417
241.351490561	0.016105777802
235.977364835	0.0171112975245
233.205709862	0.0176346331722
235.527487063	0.0171969122731
244.410232842	0.0155775767229
238.344482592	0.0166638517208
241.730942046	0.0160156669523
240.212261644	0.0163118836831
241.646486181	0.0160400838469
238.349285936	0.0166655714478
243.871356813	0.0156682566883
236.021200404	0.017098917433
242.432398974	0.0158915654026
240.811177658	0.0162293079136
237.614216081	0.016790304353
241.644050794	0.0160786427016
241.342151319	0.0160929354574
246.832188841	0.0151461786128
243.09148805	0.0158088888594
247.633578187	0.0150401096342
235.979684256	0.0171034481079
244.727620785	0.0155134379143
245.054032276	0.0154763072998
246.205370349	0.0152634891468
245.302784086	0.0153986729198
247.580807483	0.0150126902785
239.719378812	0.0164025441578
244.561171127	0.0155262614938
239.14640718	0.016493818147
241.867387211	0.0160229073164
235.92376308	0.0170952662618
234.22450004	0.0174152619921
238.594771578	0.0166167825084
237.537172201	0.0167827946919
237.649582967	0.0168118501632
240.105370528	0.0163222109474
239.92728119	0.0163994959487
242.45168185	0.0159006719436
244.932375387	0.0154740699706
242.892395871	0.0158206904536
243.246780056	0.015794936328
244.544904237	0.0155286769626
241.149063632	0.0161741472655
244.026144052	0.0156357315716
242.291017669	0.0159551010074
246.851618745	0.0151552458691
247.104069752	0.0151201318649
251.025249847	0.0144728557783
248.161026161	0.0149282844381
251.077918321	0.0144514076134
250.446835767	0.0145731901649
248.477492931	0.0148948092925
247.117864573	0.0151148575746
248.339931834	0.0149165019107
247.994426735	0.0149730330456
246.026875783	0.0153123350774
251.141740746	0.0144711627577
247.899740299	0.0149883774248
251.599509997	0.0143734811654
248.249255544	0.0149527898813
249.094644652	0.0147727875561
240.744095907	0.0162333054545
248.527208506	0.0148765064839
247.058363124	0.0151436448956
249.046572463	0.0147999834027
248.493239953	0.014897964046
242.258170778	0.0159614210016
250.219076617	0.0146012830703
251.185548684	0.0144621474073
250.544853042	0.0145508838597
248.915651	0.0148109771452
248.568460705	0.0148797253306
249.504033768	0.0147115240404
248.964006316	0.0148091842857
250.416550842	0.0145638212306
250.664269792	0.0145260000039
250.382542948	0.0145691915837
252.019109003	0.0143087096336
253.100997672	0.0141436856247
249.643925164	0.0146762159776
252.072597277	0.0143338082271
246.880351844	0.0151348633835
253.19030253	0.0141301759411
249.093876033	0.0147649912575
247.909025369	0.0149912069215
243.528247711	0.0157245150125
252.621617559	0.0142123683355
247.679738583	0.015019713973
247.921369333	0.014999406486
245.63244488	0.0153492318824
245.529798358	0.0153822905104
251.40162962	0.0144036732173
251.25528692	0.0144565526657
254.654467118	0.0139181066226
250.71211833	0.0145449554991
247.910370922	0.0149874318988
252.955490777	0.0141790674894
250.744429765	0.0145223208204
251.338537783	0.0144414842436
249.659034983	0.0147026272228
250.210105949	0.0146216799041
253.250615641	0.0141494823955
254.748719785	0.0138920595621
254.757478771	0.013910137803
253.964355766	0.0140044615046
249.543170618	0.0147340503849
254.225613557	0.0139639748923
253.192485955	0.0141418885154
254.798689776	0.0138877950739
253.522579603	0.0140852685259
255.02394027	0.0138399187838
249.393726716	0.0147645202389
255.733966311	0.0137327656954
249.042039502	0.0148069273026
254.107473263	0.013996909112
252.051193894	0.0143149687491
255.29284985	0.0138224156512
254.899844496	0.0138680105819
251.97627254	0.0143336119508
251.838248475	0.0143606733938
254.677020594	0.0138946113898
254.367579731	0.0139514712751
253.808567712	0.0140339647931
253.372552473	0.0140973990836
254.26763865	0.0139557382276
250.703640218	0.014524830706
256.082491153	0.0136772528038
248.039183402	0.0149643644818
254.864803673	0.0138727802187
254.990354023	0.0138619878157
252.152233001	0.0142967830525
251.150150839	0.0144457253374
250.793644641	0.0145119791002
254.270242831	0.0139738290142
255.586728438	0.0137607050709
249.65673711	0.0147039314265
249.284312347	0.0147800676217
254.840930873	0.0138851471389
255.183736183	0.0138376958914
251.894202617	0.0143366449452
253.924997272	0.0140254056679
254.727850825	0.0139000673645
254.520244166	0.0139342365263
256.674376131	0.0135923060365
256.023415329	0.0136964820659
253.119121396	0.0141546661214
256.912299532	0.0135612929085
256.765775075	0.0135746550705
254.465391086	0.0139213505039
257.577235361	0.0134634084695
256.0113293	0.0137115761008
255.417643415	0.0137942265039
251.895714313	0.014349506988
254.060686152	0.0140078665141
257.435127325	0.01347199447
255.868657454	0.0137150145255
257.99649953	0.0133889248555
253.742922956	0.0140478627458
258.26496916	0.0133542259346
252.276416072	0.0142817216568
257.525934508	0.0134590666584
254.009041268	0.0140065643067
254.826470706	0.0138537904865
250.341919663	0.0145802980215
257.1588154	0.0135030614451
256.26477865	0.0136587735707
260.276038486	0.0130514423356
255.294402297	0.0138084426158
257.11399023	0.0135341947934
252.449756049	0.0142635955989
257.502818595	0.0134651252325
256.749633418	0.0135961238734
257.757218367	0.0134377067922
259.490414682	0.0131861335092
257.919450158	0.0134097104153
254.93904482	0.0138683907968
258.231123901	0.01335660504
256.90553944	0.0135645447407
255.464273646	0.013790969644
260.390909181	0.0130414420324
259.013072442	0.0132450230545
261.107960606	0.0129259279863
256.257269956	0.0136693081642
258.518209081	0.0133238080979
261.029080655	0.0129621903081
259.433747435	0.0131777985146
260.901628326	0.0129572380797
256.424327654	0.0136324678853
260.498705519	0.0129880166485
257.760805916	0.013447891436
262.042700869	0.0127737483442
260.903128414	0.012967291838
262.475964925	0.0127171561235
258.07165304	0.013369825811
260.711069152	0.0129274105123
252.645256562	0.0141718413391
253.004430985	0.0141141323605
247.031187299	0.0150773958715
243.29108361	0.0157107802806
242.909245027	0.0158224574163
253.754569523	0.0140202694352
248.980707931	0.0148442701507
245.178200436	0.0154253262874
252.678227624	0.0141567176187
256.629923949	0.0135948293515
243.155997189	0.0157741233544
244.818803593	0.0154776928174
245.243624485	0.0154031725036
251.177490031	0.0143838942766
258.255093695	0.0133168221365
257.693041429	0.0134506494153
246.523839314	0.015159064444
248.570530698	0.0148412844491
254.266509602	0.0139291986777
250.042705443	0.0145788786737
258.097364489	0.0134077267895
250.562052464	0.0145031783214
254.423103823	0.0139266777629
253.546547815	0.0140191747779
258.532686762	0.0133126514969
250.180975535	0.0145570708478
254.993024343	0.0138274061843
252.198632374	0.0142357545321
255.410214804	0.0137915894285
253.055499676	0.0140938901427
255.802566711	0.0137024243499
254.040893984	0.0139642562929
258.414183585	0.01335807668
251.226952682	0.0144128442707
255.36598733	0.0138108498664
256.249504784	0.0136316623312
255.787964736	0.0137389355679
251.853594297	0.0143226378189
257.824102849	0.0134353057076
256.894974576	0.0135179413366
261.514995797	0.0128731847025
253.358481966	0.0140498953535
255.737269869	0.013716930943
256.41070233	0.0135759377771
257.899353759	0.013419585864
257.11649272	0.0135066443781
256.449828976	0.0136439090487
253.049843393	0.0141369532071
256.935130902	0.0135616085826
257.118588092	0.0135101864804
259.018120746	0.0132565343584
257.443050597	0.0134729157808
257.163847895	0.0135243946551
254.056729636	0.0139963179403
260.43547346	0.0130440871074
256.376777333	0.0136280814209
255.718903386	0.0137388280846
257.497696355	0.0134673113097
258.336689643	0.0133425536469
258.173319068	0.0133597863003
258.607636797	0.0133202155699
257.257786272	0.0135128668682
260.232575691	0.0130812048581
256.555896532	0.0136027768842
259.150255798	0.0132244977599
255.139050731	0.0138344316831
259.215376058	0.0132307555386
252.990370033	0.0141599148685
261.509064813	0.0128942028634
260.150778975	0.0130505519014
257.921150132	0.0133784629594
258.621092863	0.0132885998424
260.053435274	0.0130929561685
258.020144165	0.0133860917532
260.27586112	0.0130733105512
256.869066879	0.0135338507712
260.258772143	0.0130782147364
257.843658434	0.0134054218912
258.450771973	0.0133301475183
257.387377419	0.0134796518946
259.685629166	0.0131579156601
255.499051824	0.0137402312529
257.704324786	0.0134329170048
255.823292626	0.0136918350246
257.963145575	0.0133920744421
257.798925815	0.0134097243289
258.98089672	0.013254361636
257.998763196	0.0133812981754
258.118488656	0.0133877204987
258.380475927	0.0133129891134
258.599878692	0.0133084054223
258.520523925	0.0133076617693
258.623740842	0.0133110431289
257.700324981	0.0134240754247
261.203353041	0.0129250898817
256.736309191	0.0135715286008
259.908313614	0.0131251770909
259.150514229	0.0132173777694
259.354187466	0.0131928547764
259.044685311	0.0132197070284
260.196327288	0.0130544665959
258.427215625	0.0132842181654
260.388570285	0.0130294999316
258.917083876	0.0132384598536
260.458478087	0.0130351906517
258.289610553	0.0133462357327
259.903003956	0.0131245537578
258.550831548	0.0132969675683
258.927152644	0.0132476408563
258.212803865	0.0133421894861
259.154611796	0.0132166569143
259.037786761	0.0132086197604
258.610795926	0.0133034725049
257.372127535	0.0134760015108
259.446600973	0.0131788744718
257.971575855	0.0133653101263
259.934896153	0.0131099784324
257.677793179	0.0134203160564
260.316540768	0.0130566137332
257.67537018	0.0134126156202
259.810444742	0.0131164416739
259.364655182	0.0131770046082
260.008174783	0.0131037986817
259.542972993	0.0131615671135
258.219908199	0.0133530043108
259.603000726	0.013147496004
260.660309864	0.0130038060688
259.854181352	0.013109801534
260.12447972	0.0130697205596
259.687827376	0.0131216830911
260.419136456	0.0130278411617
258.220649226	0.0133276243878
258.903343559	0.0132416390116
259.768926668	0.0130958162041
260.348207187	0.0130432489181
259.391539974	0.0131760979015
260.822900798	0.0129628695282
260.120300877	0.0130524120853
259.385973303	0.0131808514153
260.017033452	0.0130702739928
260.474878872	0.0130059683564
259.81294187	0.0130977386879
260.76606356	0.0129772925157
259.883746891	0.0130829186292
260.641925508	0.0129983787572
259.74466635	0.0131296812926
260.500645013	0.0130269264652
258.602766371	0.0132915634432
260.323108881	0.0130388513034
259.62803436	0.0131217719765
260.198145976	0.0130557005541
259.288241937	0.0131763659649
260.483619478	0.0130032024274
260.317403946	0.013041313149
260.617714558	0.0129836287975
260.563238429	0.0129968753233
260.868160325	0.0129431062226
260.864213194	0.0129445569056
259.851805468	0.0130992976454
260.132274466	0.0130669270088
261.309054262	0.0128756567429
259.967352391	0.0130853089325
261.381249223	0.0128657857551
260.6514204	0.0130020855754
261.400240974	0.0128734382259
261.829603114	0.0128374764959
261.833523109	0.0128435470552
262.722009902	0.0127165476813
261.721809699	0.0128585152127
262.830291721	0.0126867693308
262.200775881	0.0127723753685
262.026804181	0.0128021838324
262.27620177	0.0127620628543
263.325730057	0.0126127137569
262.370649174	0.012771963128
263.997318801	0.012516844089
261.899190503	0.0128364216704
263.932858221	0.012544436225
262.661621818	0.0127316799168
264.445805058	0.0124524220732
262.891607132	0.0126792962347
264.115640814	0.0125092008886
263.015385396	0.0126629676023
264.169984316	0.0124979220358
263.795915233	0.0125529586356
264.246713194	0.0124932860758
264.083212832	0.0125092987209
263.056983151	0.0126622109589
263.765936494	0.0125581831505
263.405402692	0.0126079177189
264.597810842	0.0124401938982
263.943139873	0.0125319904102
263.574415896	0.0125746927873
263.965117872	0.0125289591784
265.319445321	0.0123381315791
265.189363968	0.0123578343458
263.356002262	0.0126341723928
265.564113225	0.0123202709594
263.817532342	0.0125623786939
265.54813121	0.0123194807791
264.537278454	0.0124654070331
265.963598993	0.0122582679087
264.669097746	0.0124430836552
266.10637577	0.0122400733509
266.1125854	0.0122349985996
265.6928	0.0122890791857
265.297131322	0.0123410796954
265.651155553	0.0122986757286
264.927398489	0.0124093380951
265.749020711	0.0122805808885
264.282890646	0.0124879966948
265.954334121	0.0122551758295
266.225808303	0.0122064772334
266.657305146	0.0121516518946
265.33645682	0.0123413680879
266.366839503	0.0121975235999
265.161557979	0.0123666223945
266.261169693	0.0122049326093
265.622262232	0.0123015667041
266.11686023	0.0122229638825
264.486237869	0.0124496416838
265.939542329	0.0122580236369
264.907486797	0.0124010625017
266.435578665	0.0121821670352
265.518935455	0.0123152688077
265.913078002	0.0122494366884
264.603102011	0.0124337343462
266.097898385	0.0122242411614
265.156555426	0.012365358989
265.921239643	0.0122497045437
264.874943637	0.0124041381997
265.620694359	0.0123012627778
264.286671392	0.0124768886222
266.060572217	0.0122301673002
265.440920403	0.0123168044818
266.217720306	0.0122169100003
265.243497031	0.0123531160783
265.246341269	0.0123417912686
265.703119687	0.0122876230746
265.798935911	0.0122701265988
265.550038032	0.0123083712886
265.775743504	0.0122779181976
265.529143907	0.0123109528181
266.280951227	0.0122042426811
265.481672881	0.0123118675044
266.504643987	0.0121738850923
265.354026353	0.0123353284264
266.164605914	0.0122231624958
265.772609442	0.0122771080145
266.4425867	0.0121841204116
265.587346515	0.0123029938794
265.899832512	0.0122471835285
266.142438377	0.0122195327009
266.253068525	0.0122078285553
266.288480459	0.0122021787408
266.661445562	0.0121506558425
266.398120179	0.0121849599633
266.874940822	0.0121209669694
266.079822032	0.0122302102422
266.379125871	0.0121783730942
266.188023171	0.0122153603791
266.969061892	0.0121024241585
266.334353337	0.0121819768173
266.676997697	0.0121433994355
266.405247492	0.0121815397519
266.762442971	0.0121301615234
266.163555661	0.0122027304135
266.81655019	0.0121227837854
266.61109688	0.0121427302207
266.554402688	0.0121436775904
266.552661849	0.012146418506
267.204218356	0.0120588749445
266.364029499	0.0121686530753
267.314678253	0.012045884237
266.983582509	0.0120896376824
266.721725029	0.0121163060523
267.044911201	0.0120836938702
267.535988553	0.0120151096284
266.545330167	0.0121536010365
267.029924819	0.0120756990416
266.951055536	0.0120972523087
267.16784936	0.0120687681132
267.147401642	0.0120682634451
267.497495012	0.0120152724048
266.850827915	0.0121088729947
267.460768332	0.0120176588693
266.925848655	0.0120974969192
267.799780664	0.0119780139535
266.778495753	0.0121164157057
267.643678474	0.0119983440737
266.986990762	0.0120809499409
267.769287035	0.0119829955129
266.655527745	0.0121232566226
267.751174606	0.0119854999168
266.795514884	0.0121142892574
267.5341744	0.0120151216932
266.675698076	0.0121239202637
267.708562062	0.0119891848743
266.540960912	0.0121393945347
267.554672055	0.012005881202
266.515582555	0.012141530674
267.614223419	0.0120028962024
266.704676561	0.0121153086555
267.666483797	0.0119956437455
266.932319864	0.0120928402924
267.690055913	0.0119917010504
266.795091196	0.0121002829004
267.614276228	0.0119919008554
267.052715694	0.0120672054507
267.725715121	0.0119847622982
267.320590126	0.0120325672527
267.906334729	0.0119578979163
267.409710975	0.0120293866477
267.780068838	0.011970852089
267.619680166	0.0120022181081
268.603580922	0.0118814275695
268.573558444	0.0118853393115
268.310057261	0.0119060388417
268.937778212	0.0118305754788
268.246705428	0.0119119617942
268.50420654	0.0118830790888
268.359013878	0.0119091317696
268.392731777	0.0119064284103
267.892505369	0.0119756659797
268.379995962	0.0119256004383
268.900808803	0.0118524445114
268.724520853	0.0118756574757
268.647356109	0.0118961250576
268.876054228	0.0118597762322
268.812810639	0.0118719279148
268.947262882	0.0118490033928
268.722730804	0.0118843291168
268.880683455	0.0118557922041
268.938298385	0.0118519100781
268.955609738	0.0118473613244
268.964597796	0.0118456522928
268.902208291	0.0118531390038
268.707319635	0.0118872388823
268.774108128	0.0118780424416
268.979519627	0.0118446497794
269.008390396	0.0118398151504
269.092258448	0.0118288576409
269.075974099	0.0118320836396
268.937728749	0.0118556477757
269.072871148	0.0118317871431
268.908179245	0.0118601123519
269.080869357	0.0118326113706
269.19996677	0.0118145231993
269.088158135	0.0118307739757
269.224038535	0.0118132494514
268.869642819	0.0118655039344
269.260116706	0.0118088245155
269.153086845	0.0118235647912
269.232223547	0.011811037056
269.112655092	0.0118257736107
269.02313798	0.0118449848198
269.020361037	0.0118451025285
269.267967975	0.0118091947497
269.009168544	0.0118471034594
269.198289931	0.0118210724098
269.136360405	0.0118296992415
269.232767672	0.0118120658213
269.105336063	0.0118342973041
269.266138747	0.0118093559988
269.111165259	0.0118340401099
269.284382467	0.0118069321929
269.261152212	0.0118088087322
269.313586932	0.011802929153
269.276328691	0.0118075075802
269.312529279	0.0118023373939
269.193222019	0.0118223873778
269.323265818	0.0118010266973
269.26279999	0.0118129021628
269.291838452	0.0118093629203
269.317744535	0.0118021313864
270.782889836	0.0116093322599
272.538605056	0.0113823033513
273.877381273	0.0112120325499
275.038185061	0.0110666455936
276.153674672	0.0109295641452
277.220029372	0.010799244597
278.239692945	0.0106747071548
279.180889461	0.0105627807807
280.073765273	0.0104562192842
281.012955372	0.0103490564937
281.971359278	0.0102360671523
282.506983928	0.0101723562241
283.018961315	0.0101171560859
283.79992884	0.0100305068359
284.516674074	0.00995264685974
285.126660933	0.00988223425315
285.630125286	0.00982770249923
286.410841877	0.00974058030958
286.979860428	0.00968095985767
287.164307025	0.00966033074377
287.682003227	0.00959899314695
288.162943003	0.00955291994449
288.693088144	0.00949429757419
288.785939706	0.0094894635893
289.192009282	0.00944027706424
289.383283564	0.00941996842514
289.461732952	0.00941678291053
289.638708557	0.00939317637087
289.614960133	0.00939379313498
289.618379102	0.00939203714592
289.517004901	0.00940637315695
289.441972685	0.00941511070264
289.147911208	0.0094492533391
288.905599468	0.00947204147612
288.630632604	0.009500374941
288.320222872	0.00953451614784
288.034170922	0.00956625879497
287.712314506	0.00960113114446
287.512661346	0.00962304073842
287.404506315	0.0096323944646
287.310877579	0.00964434180375
287.279403943	0.0096453272216
287.338564581	0.00963990829857
287.406773941	0.00963708839913
287.506155336	0.00962337400288
287.286931165	0.00965063152606
287.204678044	0.00965529783777
287.039913935	0.0096756648584
286.788152979	0.00970085792663
286.392067358	0.00974889487985
286.15744352	0.00976938624095
285.912034486	0.00979722933868
285.973716375	0.00978922448089
300.897333735	0.00827633679792