-81.910269515	0.608739337898
-17.2721681318	0.291175182544
-73.1141607004	0.551883675664
-69.966897939	0.532783050353
-67.2560444484	0.516952093683
-65.8051440922	0.508348285243
-80.0885570662	0.5952818763
-70.1729284928	0.534137882761
-75.6191958684	0.568276529871
-69.3055375287	0.528076952693
-69.6699683263	0.531351768998
-77.0588894231	0.577944175206
-58.0669432804	0.466714852746
-42.4138250873	0.391356431019
-44.2171185133	0.398717015502
-24.677437837	0.31833660902
-57.0365234287	0.4567669564
-43.5753430428	0.390776634415
-25.1392008868	0.310994557298
-33.7290190431	0.355200488476
-29.3917472866	0.337632471881
-11.5485706685	0.277162708294
-10.4013721428	0.273829191401
-15.1044777963	0.288261562169
-8.32784090824	0.263559422771
-16.0562618283	0.291591180086
-53.9676950415	0.445909271879
-19.4617046888	0.300975744191
-34.2739845604	0.35249222326
-52.8486167887	0.439989353796
-56.8932179985	0.460516718666
-61.5442600265	0.485287816247
-13.9882901138	0.284736232138
-0.000951333692294	0.23980417266
-43.5191143118	0.391174437343
-37.0557684605	0.367029034679
-4.2254639697	0.252606818783
-26.4324831557	0.326802463649
11.2196175689	0.214216089311
-32.4855679008	0.350265444491
-31.0995092368	0.341858496533
1.78709030479	0.23866474937
-36.3882109777	0.365979802406
-50.5746933178	0.425850539364
-40.3665648801	0.382318621989
-10.6700376635	0.274439124849
-36.0036686623	0.362576147527
-58.9492260265	0.46934838171
-32.3748943033	0.347874757342
-42.424383899	0.391114002292
-8.24242479355	0.262518900609
16.948346273	0.2009395685
-20.5916144284	0.298054035614
-10.8331205086	0.274597715086
-58.3865932775	0.465980009078
-35.6777600642	0.359396065042
-39.8709172929	0.380765112474
-3.32181216696	0.251628962918
1.55881432936	0.235927736881
12.3382222538	0.21205740949
-18.6569572748	0.298417405967
-63.4341256921	0.495343923238
25.4764166739	0.181961123429
-12.9436057774	0.281493703494
-21.3986886341	0.309317271724
7.11243289019	0.222284897851
-22.0930805873	0.311468914712
16.7491733829	0.201254106608
3.85264166268	0.229341280258
25.9763114831	0.180624008528
-59.1589292397	0.470207471805
-17.1202297371	0.285329752944
13.1596596775	0.20980520369
-20.0609184385	0.304872839612
31.0437699345	0.170929619599
-26.8698275604	0.324243078205
-1.94242840167	0.24852324194
-41.6823869634	0.388028675357
-11.0675638664	0.262665368545
-19.4669470605	0.301429061712
-7.86397625359	0.253452738175
23.9512909778	0.184808137551
-28.8306687602	0.333052617136
-18.3199628615	0.298743318741
-12.2946925217	0.276401017765
-35.4686738988	0.362342027642
42.1538262236	0.150312702042
17.5653170761	0.197683062135
-13.4251758867	0.277806807685
8.96933818098	0.216109946694
1.3767419466	0.239644109184
-36.9928938272	0.368572665318
44.3325505693	0.146904041955
-4.30482023295	0.254920618815
-14.6347569272	0.286370210057
-4.95495731949	0.245266582737
-2.86012464574	0.245519552526
-11.4139896039	0.273997939832
-59.3006815969	0.472522211043
16.3610463294	0.202317569813
-46.6075453369	0.407323049465
13.3259479054	0.205535810609
-11.3811782224	0.267374168657
31.9770101388	0.168728391492
-8.23117608912	0.266900619318
-22.8517011529	0.312332415902
-0.487580270717	0.233459938031
31.6410094622	0.169047184505
24.2468811834	0.184787040833
-15.5915912249	0.281901647666
-8.16775357615	0.258871094081
-10.4368897924	0.270117898463
-41.0254983009	0.382558862708
15.5171854364	0.204157386226
7.35593331459	0.22184436365
-7.88490718242	0.265381814132
14.4438616434	0.202467520689
1.49017771486	0.234380970318
0.371709106832	0.229853823294
-32.0473483122	0.348164467302
-9.28699155783	0.263723192496
-8.04706510745	0.255716323618
-21.9195605571	0.310089754648
-3.4356629112	0.242557934605
32.6096849415	0.168134975281
11.170759282	0.214221872434
-5.02699607382	0.256951088453
11.4280526862	0.212560015678
31.7389806883	0.168483978264
40.1866021867	0.153157928229
-4.77374525862	0.246902312274
-45.6514504297	0.406372754542
22.2083850996	0.18940421122
-14.9885090437	0.286647057003
-21.8821174002	0.308178400566
-39.9115250346	0.380805267414
-17.7189046863	0.29605149212
64.1024977924	0.11697359227
-33.4911889069	0.350471496601
-10.5392406954	0.266563060901
2.42261650259	0.225248091198
4.43502083599	0.230572468708
-12.1117012514	0.27249902451
-7.88181780795	0.257185288742
25.9004784133	0.180635887891
16.7600323368	0.196521067665
-0.438716611215	0.243434693713
1.56832243152	0.228537506485
-8.69926110975	0.26458110675
-24.7526979931	0.312634886832
-38.9260966311	0.370312926098
44.3958350419	0.146093527296
17.0048785048	0.200887623024
29.8596966129	0.173530377901
-5.00634610913	0.254181268621
-10.7512633693	0.273784557275
-13.0700166898	0.275200089485
3.40725878381	0.232183957462
-4.81966634671	0.250897619877
23.2707390132	0.186272689443
4.87445578112	0.227354866822
-8.63791553591	0.261784314504
-24.1228118194	0.310755645845
-0.126460769779	0.233373038766
-2.49774465343	0.248502506502
12.5105479748	0.2044280253
13.9485902103	0.206878778815
35.7404850886	0.162362874251
27.8282551714	0.17630510565
29.0558963313	0.173649683648
-2.58352657786	0.240446100228
11.5716912484	0.206474594957
7.67602966682	0.220377560691
29.4142491642	0.171407668215
-1.49134379619	0.242984308237
77.8440020433	0.0998586586675
-6.21447561646	0.2561156514
19.9402198678	0.193617557823
56.428974961	0.127965475358
41.2825107821	0.151651031857
59.7644729125	0.122888423437
-4.30525768106	0.244129606053
-3.33356976018	0.245975654352
1.59252460199	0.238407667522
29.6679444191	0.173376738555
70.2696055216	0.109225480917
72.8455051938	0.105985964066
33.0033045047	0.167452311043
7.74236639056	0.220954343147
51.5442845972	0.134492815291
71.9741461665	0.107347816525
-10.6350538911	0.273751189246
-5.94674232213	0.256857288557
6.22463155812	0.225541143356
23.666162668	0.181683926185
4.22854775872	0.222124267897
-0.0584088843298	0.236492976302
28.4535666759	0.176144639022
-14.8900117791	0.281227830292
11.6497151114	0.204145846594
-0.235847642895	0.23903908053
39.8249802454	0.154841765288
-5.61919530754	0.25784084279
-2.06940172969	0.241710384807
25.8101125977	0.177482927007
76.7415785867	0.101254150975
8.37068513541	0.216674554159
18.5861683641	0.19532383636
1.46806002314	0.231486891875
-8.56832256502	0.267440749025
50.0667436668	0.138035560528
22.0493359163	0.189325553915
-7.18689643438	0.25688337065
19.4182225246	0.192785757084
95.5790827435	0.0822794939709
50.9035176459	0.136270935634
25.0191247539	0.179582002499
4.19680158007	0.225314729223
26.390709788	0.176240785238
1.9645178981	0.22856923939
35.4654399789	0.162605811604
34.0849945289	0.164835498769
-4.80847776003	0.256015735482
18.4917060594	0.197261211954
35.9839759771	0.160537414595
-7.21122350843	0.263625068996
48.4610020595	0.139997633691
24.8755946374	0.182133637836
-3.87373622705	0.245560615022
3.1237154634	0.230289391676
2.00610731797	0.236460814093
4.42443345771	0.223169732583
6.3277566654	0.222592592754
-0.79502020257	0.234654597627
55.8840647794	0.128820086052
13.0430332618	0.209613261354
10.5321432774	0.212658969216
38.8756976313	0.156329235611
29.1797819813	0.170709849882
0.344975039889	0.235132509823
16.4627992751	0.20164275116
1.53716931406	0.232763641542
14.1399310411	0.202617711716
78.8284907138	0.0996718053469
21.8889700846	0.183570960433
30.3956141772	0.17137071508
22.5073618431	0.188065445264
32.9251237521	0.166656005199
-9.84835042855	0.265828744843
12.5972304313	0.201923072247
1.8489800308	0.231930105615
37.0594148905	0.159488879845
14.2786877067	0.198062696922
24.651374228	0.181944313656
20.9194598012	0.184296958115
19.6054859513	0.188231304816
-2.75207425264	0.240497312915
93.730120342	0.0841633366781
79.3471955862	0.0992211190578
14.1901837275	0.206437099747
78.2772501203	0.0996586788226
29.7406753947	0.16867250744
14.7287851699	0.199772976065
24.4056742574	0.177995137348
44.1145700363	0.145509749264
13.0820073734	0.20911605937
78.7436844172	0.0991672896448
13.5968272681	0.207901032503
36.6376001284	0.159237384242
4.26345047191	0.22467459318
-3.04999536864	0.244176578981
10.4584390919	0.21532964553
-14.0000373066	0.278179282194
-7.22902470601	0.256817677485
3.96682865472	0.232205854413
37.3226228047	0.156376972672
1.14547118992	0.233010932057
33.1376696377	0.166942251893
8.57286471414	0.212964872381
14.6989094922	0.204949076884
31.7059150228	0.169113898995
7.67252537597	0.215785866248
45.1552174818	0.14366059487
-22.439154082	0.307640437417
13.9063477267	0.205496728278
23.8087078767	0.183891515575
70.4900841684	0.109873679474
11.6929168582	0.20797960497
50.395281756	0.137365655549
40.3652352591	0.153718221312
36.5459736612	0.158646608655
40.0344412276	0.153634648534
9.98532629808	0.209959906068
39.658670231	0.155104966662
10.3917335607	0.210868446342
39.0559234904	0.15543910351
56.0457704719	0.127831448116
27.8091561658	0.173708948847
89.5364979061	0.0884520588327
11.3508164983	0.206753280586
7.16491405743	0.218301422817
63.5034207033	0.118052656896
73.9286190438	0.104801218586
-22.3360380706	0.312393225125
34.9756955743	0.163447680251
30.23248047	0.17110917225
6.33439589049	0.221449271318
40.6407962344	0.151113314523
38.9563772737	0.153423707066
29.7937581875	0.168824742619
60.366884132	0.120576980971
30.2524430414	0.167466398576
86.9742487263	0.0900379703699
30.7362814438	0.170953603653
58.0741580874	0.124958507674
12.9995966055	0.209172015232
23.1514448137	0.186406121462
14.5114256697	0.205908688889
7.84491930447	0.218147232996
33.3451533163	0.161836958737
31.8829247414	0.166330392369
93.0121923919	0.0843286046195
5.85377052117	0.224612794564
33.8587567795	0.165551386161
93.8769218655	0.0844369485665
46.6035901815	0.143454372268
9.8280969705	0.210975725982
80.5255855049	0.098197788669
25.144021372	0.178691285098
48.8407509358	0.139532766836
40.3930224829	0.153044986765
40.8535817139	0.15041178064
104.924320531	0.0743830078678
22.145561856	0.188865411455
15.8725221021	0.196229985087
-3.82152409164	0.24505721216
6.84176971524	0.219282722116
6.32705019735	0.220484832646
93.3306855747	0.0849977566724
82.322691691	0.0945398674651
21.6780111516	0.187816712212
71.1717125939	0.109249496623
58.3051717525	0.124718688787
-0.178048005239	0.237957704751
17.1550977304	0.196516828747
2.8412257571	0.231758187016
27.2833311955	0.175441440421
71.1887943381	0.107265155407
48.4484442222	0.137776774097
5.66537263522	0.222666546267
44.8002997232	0.143589772512
55.0281514086	0.128162112657
9.39439141665	0.211340755198
39.9228256341	0.150596986609
79.5020455557	0.0993987147658
97.0377659755	0.0804552532613
58.21963614	0.125820984121
43.2381362204	0.145564601005
99.0152472116	0.0787129784299
86.6211481245	0.091849318177
81.2167022285	0.0975656889051
21.9189013883	0.183041209929
11.0103370385	0.207335762024
13.5187163926	0.201398532945
38.0273400767	0.155184946319
-5.52494897315	0.258447847554
59.9360466179	0.121476108334
47.9840121722	0.138512470829
69.4554983793	0.110553071897
52.7929246773	0.131283937081
39.7966612909	0.150579676656
26.0076755204	0.180252101294
47.7080125235	0.139303783353
51.0047934517	0.135925212336
114.009560623	0.0670866264509
30.4623591174	0.16919949336
9.8608407622	0.211502264326
41.0712116496	0.14864178179
52.870790867	0.131106956934
93.3560662731	0.0846696492867
91.7244152674	0.0865886154859
8.72427296517	0.215025566857
104.16103927	0.075161484076
23.4494018648	0.182559361259
9.9016525671	0.211413765323
46.1221700075	0.140711379504
102.555530967	0.0764147362762
41.2603564117	0.150310004569
58.8190355162	0.122708455158
2.86777846235	0.228608541107
27.2586613815	0.176865427668
53.2089044973	0.130629387242
24.3958666853	0.18184519386
109.916645931	0.0701964808151
87.0490123817	0.0906494361646
62.4985764179	0.119273288188
95.1622130033	0.0833131077679
34.4578286761	0.164373671292
51.3224187716	0.132999822762
94.6170754147	0.0834143058205
82.1951786779	0.0964331187769
11.8243438432	0.206182155941
58.2303628592	0.12575735966
125.692381209	0.0586529224983
23.829146951	0.179780594747
88.2158997522	0.089476783833
90.0724515631	0.0882291221166
86.8110651836	0.0916794109547
84.7843371207	0.0927499504245
88.6956976751	0.0895050840347
24.2238545183	0.181554150935
100.24779859	0.0787441397049
85.6289350346	0.0929122153464
89.2372551781	0.0891795416135
47.2995944067	0.139979689895
73.2211413938	0.104657982234
105.621318934	0.0732536935035
83.4332787107	0.0952763752094
58.6135990973	0.122949345047
18.4916969786	0.193706424571
19.5829144008	0.189531562803
101.544848552	0.0765628648179
83.786002657	0.0948978490771
71.687033333	0.107807380174
75.1438742251	0.104446454028
87.8672126015	0.0893871030747
19.4916159801	0.188296048982
19.8089333451	0.189808176724
45.6467375565	0.14245922673
45.8085800658	0.142213253458
16.4093692447	0.19535584232
101.776423331	0.0771342641648
69.7338317397	0.110239207909
103.417694086	0.0759864669183
83.9205889886	0.0932371131762
91.0477225399	0.0869972208441
45.2935183188	0.14336994598
107.565181893	0.0720939238345
76.6326993511	0.100952014166
75.2067959273	0.104449835977
32.3278771549	0.165728262538
28.1925900106	0.170985167725
97.6342116665	0.0805385407025
66.3815701897	0.115194303411
30.479392342	0.168769652802
66.9152441495	0.114466275902
35.4457444493	0.159797357697
121.168554884	0.061683771932
44.8870140881	0.145748928608
66.0109926898	0.115560282365
57.5900531786	0.123967706427
92.2443366093	0.0852754584706
56.3268359477	0.128725170751
76.2658144224	0.101728431864
97.0941989012	0.0804765662337
80.860720338	0.0971182676826
85.7096541875	0.0910296871828
62.7537525961	0.118547351444
96.4852449373	0.0810398132769
74.6539305932	0.103344373895
75.7352215675	0.102303279324
70.7965204706	0.108124033963
87.7579826646	0.0893091492864
50.3075309348	0.136680604618
86.4638578317	0.090568688093
94.4408388246	0.0828660569767
70.2335437403	0.107905788151
77.7854549476	0.101380390801
93.4434892156	0.0849670920867
100.561631462	0.0784368652692
18.5912922451	0.191905546183
65.903244343	0.113099906242
37.9623062594	0.153511993806
76.5859560382	0.102680446323
58.3772959766	0.125648008516
94.1567246343	0.0835648418694
43.0420253223	0.149067425739
77.7049711557	0.0998165641697
83.0608443475	0.0956064896392
84.6219121429	0.0934068121313
85.470783337	0.0915189682127
67.575832102	0.111400936746
102.971797817	0.0760310314497
70.3803319873	0.108074339635
79.1772310581	0.0981416985054
69.6667804681	0.108714533594
67.3543856659	0.111955092746
84.3035230502	0.093208853592
82.032182798	0.0951466221065
60.5806206165	0.121778661771
60.9057899834	0.12012413625
47.1464219631	0.142501945332
85.8951410192	0.0924633347357
80.2405743543	0.0985118761869
109.589434452	0.0706605075802
97.4813602861	0.0798216540744
71.905121557	0.106118006691
63.9047643108	0.116492852948
69.9034254045	0.108730900953
105.548619503	0.0738267853415
63.1205810923	0.119284766953
89.8170672335	0.0879795816137
60.1399592091	0.122964500231
49.2511045968	0.135418410449
61.2374849993	0.121012257463
59.2265729912	0.123941336573
87.8043174257	0.0889511231245
71.7170139238	0.108045210473
54.8043473791	0.127174356901
71.4871832177	0.106543452161
67.2516576631	0.112867518812
88.6291894247	0.088142400831
57.1309730274	0.125997005656
85.9076247724	0.0909381695157
71.0745740428	0.106678073288
110.797032539	0.0695354744908
73.401077163	0.104916226581
70.7735501353	0.107619008523
96.2035561644	0.0816964793365
88.2397476675	0.0886275500455
40.5014879838	0.151533077833
85.0700165435	0.0919565818682
50.5242485488	0.136139936245
53.9334719038	0.131572962136
58.0264974095	0.123047160053
121.91357089	0.0609625372103
53.1021449278	0.133390325939
84.0351632924	0.094503098267
87.715643265	0.0905378826032
66.9276984273	0.114156095196
93.0417873628	0.0853564079803
53.728310717	0.132140172885
103.490656317	0.0758381678977
53.3723417698	0.132758393444
110.732381846	0.0698284255741
64.2458384351	0.117563338197
86.7382655075	0.0912334927102
49.056469489	0.13923376961
114.233904232	0.0670972687476
87.5271488381	0.090884620592
81.0800461624	0.0965884752059
93.5139136745	0.0848695802859
59.9841815952	0.121156973724
103.883285686	0.0755395081798
67.1893094693	0.114124320846
68.1694215759	0.110039973128
55.6475096928	0.126244836808
62.1224036738	0.119920278308
88.4210001442	0.0898661595496
76.719735228	0.100440054532
68.1786253829	0.112844605802
65.144151967	0.114925624919
77.0426989268	0.101862405551
51.401325705	0.133586390271
100.17051267	0.0786391776396
65.2903530408	0.115418489087
71.4078129459	0.106305368229
78.0581949347	0.101072420371
127.393226547	0.0576060572542
105.030751895	0.0743434324066
55.087513135	0.129059916415
76.7147471216	0.101256124187
89.0179818215	0.0893232156368
77.8207890159	0.0996855885679
107.609851539	0.07175739288
70.5369183878	0.109821276875
97.7296462922	0.081039486748
71.6012389176	0.107764702119
70.5959481346	0.108913932917
120.871024381	0.0622332376214
65.1584699023	0.115583155343
116.868210623	0.0647140158626
123.864928788	0.0601945251973
72.7586786723	0.106078191695
68.5034993219	0.112444315388
60.8540631879	0.120353361023
127.802589694	0.0573973834955
73.5736789746	0.104113197877
73.5993994277	0.104028463736
86.6288245058	0.0903696967587
80.0154606723	0.0969913567034
72.6819069065	0.105237255966
78.1727607735	0.0993874331849
101.033555366	0.0778272825953
83.845380414	0.0930758177145
84.13363742	0.0927305448324
108.831875565	0.0703860937655
66.0495389201	0.113822308802
75.7027946654	0.101175491079
124.062881422	0.0598719516383
60.0074771688	0.123172693839
91.3178760536	0.0870348870964
68.4522401958	0.111630237092
106.057449975	0.0729877650995
116.21043593	0.0656604601187
69.1423395272	0.110095773526
107.93131779	0.0716933903672
83.2158465476	0.0942421031017
70.8116292606	0.107235443925
72.9782444406	0.104917905936
55.0192188538	0.126710285565
30.6927604744	0.166275230453
87.9539666486	0.0889283155887
94.6863882029	0.0825633334514
111.019557924	0.0696162434419
106.428423097	0.0732296418342
71.8264475617	0.106183881092
68.4213270681	0.110893428464
114.707638471	0.0660347260085
67.8246406279	0.111123941824
102.282969214	0.0769017885643
90.1462418915	0.0869221552155
78.0839848191	0.0990215294316
77.8135863134	0.0991101734534
100.398925827	0.077721110974
79.8429973556	0.0981049025476
71.9646815577	0.105934766961
101.413883493	0.0766615987026
81.5135699642	0.0953582082968
77.9593848188	0.0999864936772
76.7704038189	0.100612059238
76.6993610656	0.101123677657
109.693525971	0.0698670222643
80.6432272961	0.0977039117827
77.867004513	0.0994021265652
69.4909239056	0.110948062747
56.0229462667	0.128588398472
73.1625082189	0.105412142949
103.485833323	0.0750731960882
69.8590217673	0.108897961098
76.0926384275	0.103226156718
104.207071528	0.0749140883136
64.9852381675	0.113457655951
68.5394778939	0.109335829362
49.8205021389	0.136993941441
91.3156102775	0.0863077343982
66.4817904684	0.112536258666
72.6409895382	0.105802754596
102.500696687	0.0765910358515
55.9595001026	0.127515396493
116.546788942	0.0646015300329
119.161101876	0.063265639905
78.3149869396	0.0990400110069
92.1772362636	0.0852681256784
93.6153865276	0.0847378999523
82.3988671891	0.0956913005581
93.0092415103	0.0844096363266
93.3091597237	0.0851242233816
61.3973200095	0.118961781016
91.1626305248	0.0867967552927
67.4991666109	0.113393597224
103.300966073	0.0757341498918
57.377655411	0.126900409956
108.975669591	0.070999050853
115.079062847	0.0663245011715
98.325776924	0.0793741648019
101.738666703	0.0771499051191
66.6411180893	0.112556782499
135.973600494	0.0523614834443
135.407626031	0.0526089126935
109.893876298	0.0699093409907
90.624307349	0.0870622355685
96.4927447172	0.081373087002
80.4287736675	0.0960637529406
55.0994027952	0.129523347878
73.2131719009	0.104950797605
141.047256806	0.0493862339173
127.63637221	0.057601486059
116.923035493	0.064806461773
128.032434395	0.0571725447358
62.1377483158	0.119528152561
106.346094182	0.0727888753529
95.1538991193	0.0823755876017
81.7992200705	0.0960207940789
71.2729998048	0.108033609561
94.6080018666	0.083249597564
74.937959853	0.103442839316
93.9311466917	0.0835876522941
108.410904408	0.0716786725587
65.9577747361	0.114760881617
155.858681757	0.0419550666166
74.8411029735	0.102703100361
81.8688497406	0.0951164462237
87.1970165965	0.0900344882463
106.404442314	0.0728801765565
99.7942782977	0.0782990884754
155.510676956	0.0421044855634
134.485977618	0.0532185262265
82.461733881	0.0961489287524
127.841159129	0.0573681847602
68.786245823	0.111703811058
84.1841652127	0.0936109731773
117.855956098	0.0642992267977
135.782686768	0.0525332268901
128.941538105	0.0568109736403
137.260451852	0.0516269386495
111.373983076	0.0689891248376
94.6105892715	0.0830805699072
155.256698651	0.0422187187042
99.6227744718	0.078656527222
83.7688653124	0.0940446761888
102.319267987	0.0764325298368
82.5992304604	0.0958945135253
137.04206742	0.0517970594343
117.482158857	0.0644519025288
99.966131057	0.0784440037954
85.1657517345	0.0922531904118
71.1876981627	0.107832725242
107.851430713	0.071782608119
124.587666398	0.0597390832447
85.0296317876	0.0925478120031
110.572656374	0.0697637695157
117.354138238	0.0645801552958
103.778883631	0.0752498902909
110.316642869	0.0697599527406
102.270519931	0.0769358352136
136.764599058	0.0519513072247
96.3995106881	0.0815662382087
91.0368902747	0.0868307691578
96.3555228843	0.0815739131123
86.1237764611	0.0917056903317
92.1486221586	0.0854372617314
99.092884054	0.0792740026783
67.1954754428	0.113120701918
107.412114276	0.0721550631046
112.405648837	0.0686108267322
133.347157749	0.0540407384666
124.602053115	0.0596602980491
103.680602984	0.0752322039689
116.052573639	0.0657882399766
110.305617026	0.0698215602411
85.8419743178	0.0916584890912
96.0925445767	0.0817628003382
126.107965377	0.0586484297793
86.8524849937	0.090692908982
128.421223068	0.0571461602508
99.2971214996	0.0791730592886
90.3547598924	0.0864219416835
123.173835915	0.0606074046518
123.008515436	0.0607287838151
98.4306540727	0.0796071268793
105.904892409	0.0734191266761
127.456149007	0.0577559396946
100.08494886	0.0782135680635
88.8994718146	0.0883182187214
118.659262681	0.0639047897407
105.745859638	0.0736328875128
114.728257447	0.066685103854
87.3762669706	0.0894213921263
150.096960931	0.0449331948967
131.447964173	0.0553227774951
120.650333917	0.0623657023978
139.813186345	0.0503204583059
132.967099396	0.054239393442
102.619304511	0.0762785825884
107.684937912	0.0723450815191
153.066981502	0.0433058077606
149.242401707	0.0453868774251
146.329983706	0.0467356538567
143.982481775	0.048065417085
136.505663897	0.0522350714588
154.004300774	0.0429723524069
90.8429493584	0.0875348193474
174.447703451	0.0341890933124
147.903925676	0.0459164877933
99.7906323461	0.0783421660836
113.457178721	0.0673663306731
100.107791075	0.0784342034865
135.687892422	0.0528446158923
116.985992473	0.0649000087399
111.988453551	0.0689064356046
140.731622687	0.0497924149071
141.644129062	0.0492887416733
114.70985876	0.0667398862396
115.664993767	0.0659126840476
144.395691492	0.0478338795136
124.515040059	0.0596467109283
141.681934187	0.0493303630421
134.983773738	0.0530521239324
129.818771971	0.0563166559325
106.925281957	0.0726601102551
103.775111364	0.0751049230415
129.961309721	0.0562232388412
144.545234808	0.0477281063679
118.383476292	0.0639499459771
108.762544245	0.0710416407309
107.170817362	0.0725248908848
108.537939095	0.0716358881701
114.602775957	0.0666158256098
136.287690228	0.0523001347618
162.819882051	0.03889025872
116.888430056	0.0649435922411
107.325710862	0.0722551320645
104.135307133	0.0748564692711
110.045682796	0.0702733525164
92.6974637043	0.0850484874329
146.235508815	0.0469524773241
128.938712517	0.05689843903
109.46263473	0.0706331371407
132.012642603	0.0547764753829
156.622246513	0.0416970362153
140.708873958	0.0498528682781
129.929163675	0.0562825505025
151.07546396	0.0443532554943
138.035222107	0.051338565781
113.348408009	0.0679122727478
162.039130076	0.0392556039974
127.933098841	0.0575423077868
134.223941097	0.0535229451534
144.036318019	0.0479938451608
104.853252737	0.0741477879695
134.225416233	0.0534354861566
122.381153202	0.0610371345059
103.789764822	0.0749719891159
126.835698001	0.0582727807385
126.632927985	0.0583528642916
130.988159486	0.0555327203757
147.697159924	0.0461593228436
131.071207379	0.0555808103871
131.525315109	0.0553470281927
114.131064564	0.0669588949667
161.756362347	0.0394263394502
118.815434378	0.0636705333272
141.824246489	0.049215398443
138.590984234	0.0511182623994
125.870925748	0.0588699114716
140.522353067	0.0499527583467
111.684791047	0.0688178955788
151.89553662	0.0440241413928
106.548999293	0.0724094948147
116.798917525	0.0652908658242
145.966434161	0.0470278305401
143.011332538	0.0486273178089
121.533870215	0.0619652301297
111.705375494	0.069234200828
149.867077501	0.0450139563406
140.064064115	0.0502413191662
146.323358896	0.0467746357745
139.033149042	0.0505725405157
167.997131145	0.0367844950482
160.474792867	0.0399747327077
107.074463947	0.0727441790655
128.263533397	0.0574177719361
99.3420456885	0.0795851723363
176.875173486	0.0332584048092
132.4009355	0.0547186205354
145.013039637	0.0474677006384
134.006940983	0.0534768392904
139.74364781	0.050260782043
154.359473317	0.0427496949397
130.575108711	0.0559819760333
163.629842592	0.0385786557735
145.314912747	0.0474747468709
136.448636192	0.0521094839414
160.889750965	0.0398193839786
156.013743927	0.0420731927068
128.434909428	0.0573132924189
145.555956064	0.0473279472373
163.214808047	0.0387723203079
91.8275823777	0.0865393994829
154.350422464	0.0428972087987
143.83462452	0.0482494425477
157.7367269	0.0411593725185
142.79204271	0.0486073866961
111.234914497	0.0687660327897
152.600052533	0.0436481236511
148.611697728	0.0456479888583
109.39505337	0.0702169242902
145.270518644	0.0472569368937
120.388897766	0.0629013688829
142.968355538	0.0484622641746
120.085296053	0.0625437226622
140.027715222	0.0500377967381
149.576915942	0.0452218577022
125.141522519	0.059147238597
130.342551636	0.0557668937871
107.548168149	0.0715955634654
170.3630531	0.0358353459683
153.373508747	0.0433187013009
150.606971891	0.0446060264883
139.340605995	0.0504570899544
105.193525152	0.0735934930463
145.651716397	0.0471392352938
134.018838889	0.0536211518615
128.022326961	0.0574105062752
137.634329262	0.051563255707
142.134083005	0.0492432918529
155.539883671	0.0423305617501
129.266454536	0.0566734884516
143.014058611	0.0484515685584
143.033739809	0.0484777095795
156.159811311	0.0420626803412
102.060410291	0.0761158098885
155.222755855	0.0424674149561
136.302040774	0.0525549194706
145.068818515	0.0475278522508
157.352697943	0.0414241391934
149.002757535	0.0453287512567
141.907764451	0.0490803522614
133.936919098	0.0538561923969
162.071335707	0.0393234539893
148.763066129	0.0455186546347
153.461399467	0.0433166546958
159.886239618	0.0402276818256
144.729178033	0.0475734881464
156.020950178	0.0420439305745
165.904521231	0.0376938912038
164.116661167	0.0384195655433
93.2106832645	0.083795383542
118.728205562	0.0634027927742
108.900801886	0.0703097409049
126.188814801	0.0581496365826
157.109500634	0.0415632202291
137.157259244	0.0517821233748
142.346832568	0.0490950354973
147.275383705	0.0461899505847
130.671283816	0.0554496246751
130.957098497	0.0552762600995
154.677400229	0.0427318469371
137.07478665	0.0517820332949
141.054345053	0.0497562135513
135.881464928	0.0522421342717
144.408068032	0.0475927207217
119.221742537	0.0628535098883
145.458195252	0.0471720636827
134.771611532	0.0530616023654
152.044604037	0.0440179824447
144.669136895	0.0476647379914
147.649308157	0.0460723588779
158.912714992	0.0407572585568
142.644792658	0.0488924368559
168.439365357	0.0366123479318
155.756278483	0.0421374309933
157.64731843	0.041321573409
126.389544723	0.0579438913538
164.888961184	0.0381237366256
139.136577423	0.0504678594855
162.799112631	0.0390121985915
145.674101224	0.0471832326952
138.028944703	0.0515448971353
137.458661757	0.0515187440605
153.803366867	0.0430480462778
169.444695368	0.0362015211406
153.529278214	0.0432762551396
145.492133447	0.0473958179523
143.643501246	0.0483548396184
128.379428588	0.0574222246458
119.519686267	0.0635200870554
145.872402861	0.0467919695546
160.255774186	0.0400522561138
173.12885542	0.0346823616664
155.530482079	0.0422766631442
135.557718859	0.0529607073799
141.913656872	0.0493188954338
146.03462363	0.0469928612206
131.554384627	0.0553636697255
134.44459687	0.0535947591555
159.23495158	0.0405609678711
150.852916597	0.0442803639942
166.288017775	0.0374735492538
159.930412035	0.0400625046702
164.831269737	0.0379748948584
160.091066146	0.040201049834
141.198477211	0.0497051975061
140.941737511	0.0495703801453
130.994476055	0.0552248225948
155.224493085	0.0423343086342
158.42601131	0.0408950467607
149.42762815	0.0452203929861
155.851024561	0.0420957258689
168.713105875	0.036497699656
175.027093472	0.0339260726715
154.096080506	0.0430134915759
148.763085639	0.0456527534733
162.089837817	0.0392907778807
150.001398165	0.0449902195351
163.344865172	0.0385900184366
174.705781471	0.0340905258406
146.716581569	0.0467356299771
175.623577851	0.0336541414691
170.434431457	0.0356471787555
168.214203333	0.0365232008725
154.759431383	0.042408665447
163.310504954	0.0385732080717
154.06071041	0.0427210744804
149.504030119	0.0448960802243
162.911854663	0.0386927886882
166.034290385	0.0373559309322
169.61873809	0.03592990546
163.242969307	0.0385807885153
155.744262032	0.0420141796302
163.974886058	0.0382341117497
156.640089849	0.0415048126868
168.34522739	0.036435346019
168.565505829	0.0363469267667
171.129822007	0.0353213697123
172.764939473	0.034714661993
156.301036223	0.0417684714924
176.045932498	0.0334964780553
160.743973113	0.0397034106215
160.065931696	0.0399937144339
172.323845292	0.034872694953
178.083142129	0.0327286402761
168.06605744	0.0365941725434
166.253122772	0.0374107422017
170.726351038	0.03548622337
169.868125829	0.0359250711103
178.397823879	0.0326018694504
172.745328707	0.0347378786408
172.360809713	0.0348593236724
180.792212865	0.0317786887625
162.064082771	0.0390479716842
167.887763465	0.0367603721213
159.148023165	0.0404922327325
178.253898014	0.0327155387976
171.19647437	0.0352775306883
178.922183877	0.0324718475711
171.843848489	0.0350211898064
174.018891372	0.034308445831
163.177099527	0.038639180649
163.800391872	0.0385170560805
169.568369853	0.0359118916544
182.002247707	0.0313865675354
171.097395149	0.0353225523286
177.035607493	0.0331928394346
169.125715532	0.0360867272184
162.053144036	0.0392715321345
167.753165101	0.0366196310219
165.417269489	0.0378273575399
167.753880128	0.0366163449319
176.154873666	0.0335469789302
152.728447374	0.0433372808379
174.430198555	0.0342190906739
176.803573756	0.0331691769485
157.430339002	0.0413932944063
158.701785301	0.0406323546307
170.651520834	0.035681871144
160.081253513	0.0398681492323
169.900527871	0.0359951837487
167.260776775	0.0368832576537
161.647873579	0.0394673710488
164.161084998	0.0381028806467
173.080067175	0.034712118682
157.349790603	0.0410919137565
163.961492144	0.0384646970682
156.976103555	0.0414156755717
172.483753498	0.0349640296138
169.656841085	0.0358485227808
158.949678885	0.0406635078126
169.750523381	0.0358361250336
175.301851461	0.0338613089463
158.071858437	0.0409096725502
170.235861216	0.0358451494965
167.356396119	0.0368745215588
162.822042396	0.0389487698201
168.370039477	0.0364195517727
169.045170364	0.0363265986849
161.293033383	0.0394628467918
173.634693099	0.0345097709318
159.959962732	0.0400632035989
178.069629662	0.0328187102194
164.317679946	0.0381413904495
168.269736835	0.0366083802649
165.700859315	0.0374579769725
178.720783503	0.0325688615422
166.013375239	0.0373271280759
182.700277176	0.0311360947184
162.833761669	0.0386711581279
168.144289388	0.0366271205438
162.406233195	0.0389057752054
180.506341983	0.0319174308049
170.388693151	0.0355537498661
182.540143564	0.0311634288071
161.266845364	0.0393254029144
176.747863291	0.033261022762
170.490028086	0.0354987613734
173.889917149	0.0343461560054
163.952063937	0.0382844037397
184.161042609	0.0306142724666
166.378868337	0.0372387524487
183.714668781	0.0307510473717
165.782865832	0.0375371902896
176.828467378	0.0332330224313
176.819445307	0.0331540373813
172.564207029	0.0348556538012
176.89696042	0.0331276208125
184.702450332	0.0303962085479
170.347669832	0.0356342439674
184.737662759	0.0303786740904
175.617993436	0.0336281863886
174.283913878	0.0341753820843
170.062532865	0.0358471718778
184.443947466	0.0304859579843
178.043697142	0.0327504254578
181.12086853	0.0316643529572
171.636778448	0.0352315077141
176.186283126	0.0334257826921
165.234270576	0.0379017892193
168.446988436	0.0364846605181
154.296387541	0.0428720315805
158.683374302	0.0404881909927
182.179069911	0.0312818888328
172.334213688	0.0349019948582
174.864816055	0.0339853324201
172.926822213	0.0347110472271
168.537242858	0.0364829871773
175.84478559	0.0336186419186
170.464783257	0.0356662926622
158.69062954	0.0407939396183
175.601086307	0.0336654768649
180.458656145	0.0319249546718
171.950785396	0.0350672844542
175.614298217	0.0337242871036
183.480698294	0.0308825715107
175.375611504	0.0338223946278
179.767756229	0.0321363714782
175.194500447	0.0338736667825
170.927253838	0.0354993864021
154.638751712	0.0427359896449
170.351034315	0.0357684168772
171.53730932	0.0352350842574
177.359642023	0.0330282318285
167.556223024	0.0369190997908
183.312282612	0.0308267450401
171.021009404	0.0354101320115
167.094097927	0.0369163913296
175.259100867	0.033809632445
165.107710046	0.0379469335603
164.84695046	0.0380791212077
169.303682135	0.0361856877698
176.03468366	0.0334981327632
166.660715149	0.0372888712899
163.283970737	0.0387310600215
183.322387739	0.030825960327
182.442788287	0.0312565737742
172.616154644	0.0347491198357
168.827915243	0.0362199192687
175.87564035	0.0335242466105
163.229639619	0.038519296891
174.727018236	0.0339386840359
156.534712555	0.0414290763265
179.170227909	0.032399304034
171.448646403	0.0353184332738
166.85063676	0.0369963439236
179.166134596	0.0323737905235
166.110545297	0.037196764236
175.361386898	0.0338000578688
176.353705532	0.0333413607292
169.33402444	0.0360393840921
177.98820647	0.0327451781951
177.855936453	0.0328139054546
182.05800696	0.0312340103652
174.656495746	0.0340812176394
173.40176629	0.0344543432332
183.547345494	0.0308480573201
167.894220422	0.0365467359165
178.652741905	0.0325933206804
167.460405726	0.0367346089894
188.570634239	0.0291315544031
176.672598541	0.0332426769556
182.386342803	0.0311792662204
178.621036333	0.0324950867317
173.651810395	0.0343352220372
177.668619621	0.032827152713
173.553713161	0.0343680367645
172.874035624	0.0346099194291
178.418779125	0.0325560192478
182.849159073	0.0310519703445
171.761236613	0.0352303501143
169.326872801	0.0361698823894
165.601333661	0.0377348314956
164.698998937	0.0381000178949
159.87088311	0.0402484309405
169.600393718	0.0360976142483
166.92112339	0.0371937596385
170.607115421	0.0353895309301
189.085024129	0.0289622652369
185.09290806	0.0302831526922
179.574025025	0.0322427322738
170.788080588	0.0353581024426
182.542201653	0.0311731167029
178.791999736	0.0324300679334
167.270304053	0.0367363013197
188.991180113	0.0290160437744
177.39518552	0.0330398341144
184.495781474	0.0305198868869
171.056684866	0.035264969418
181.21523281	0.0315575736221
166.534319289	0.0371170669072
189.434578644	0.0288242251862
176.92768669	0.0330954751968
184.714894292	0.0303689688071
181.189479138	0.0316444349323
180.647383106	0.0318642269532
181.883464985	0.0313775229082
180.599583385	0.0318435366188
186.00262959	0.0299738012204
185.410978023	0.0302085811459
183.46370723	0.0309059265151
185.211886879	0.0302587750096
180.835372225	0.0318230129643
184.609232098	0.0304739589059
182.095188104	0.0313745025256
188.12556392	0.0293094678619
182.103417393	0.031352944168
185.027143006	0.0303478896146
189.017810911	0.0290169951809
190.791164603	0.0284390722977
188.817710682	0.0290748655434
191.469407112	0.0282306859471
186.943862169	0.0296841044114
189.523372626	0.0288387354949
188.559631717	0.0291364356185
190.869295592	0.0283836219913
191.453688704	0.028218406477
189.999506881	0.0286562919462
187.604392359	0.029441011867
187.000141303	0.029622669396
181.925728557	0.0313345744314
191.20371536	0.0282700328447
188.970998571	0.0289961339166
189.616463724	0.0287811231469
187.694897239	0.0294074124046
190.488093722	0.0284923988259
184.524112033	0.030434038635
191.049318634	0.0282846587338
186.007040227	0.029944632186
182.552195331	0.0311148377422
183.551411807	0.030751426632
186.661715486	0.0296763018602
180.380520097	0.031873269172
186.408891943	0.0297714425701
186.938335886	0.029683818466
181.620402203	0.0313940161259
189.31379338	0.0288326433551
183.521503375	0.0307296216656
185.49291152	0.0300499382301
181.158618569	0.0317137825575
189.037564822	0.0289950931661
193.108291198	0.0277238258401
190.988959817	0.0283868484321
193.169921086	0.027697642619
191.302034054	0.0283170564008
191.428415824	0.0281755317938
185.053573143	0.0303245823036
196.140153473	0.0267779480303
190.633731195	0.0285298118271
194.75938845	0.0271765007547
189.855198672	0.0287914453174
195.233198617	0.0270730627302
191.408881647	0.0282801347844
190.845938267	0.0284624493267
194.795062616	0.027209572772
191.256120596	0.0282654322147
195.405788383	0.0270460733356
195.281658537	0.0270367486217
193.822442118	0.0275287458569
190.606444811	0.0285079257926
190.98036585	0.028448023922
192.589002731	0.0279043715985
189.551339168	0.0289021948785
187.015858832	0.0297310184706
185.190190836	0.0303415164214
189.358973736	0.0289622612661
188.942093352	0.0291161462846
190.138925616	0.0287099173008
186.367576469	0.0299596657176
191.033625764	0.0284312740395
190.497752053	0.0286107623843
191.605019937	0.0282502125289
191.060994116	0.0284184000966
189.969109334	0.0287689305722
192.682590515	0.0279129635217
190.545948456	0.0285745770457
193.294235433	0.0277094414687
188.956660075	0.0291048283905
192.800187002	0.0278724529545
188.829480808	0.0291445961809
194.956279204	0.0272026094805
190.711864695	0.0285320388422
196.564803632	0.0267171718295
195.417609208	0.027047892244
196.977347882	0.0265793027053
197.709488731	0.0263463265402
193.774194362	0.0275123201233
194.26232701	0.0273563226803
198.92324982	0.0259781503749
198.344591261	0.0261364873862
195.881525488	0.0268629519783
196.30453607	0.02673138244
194.923380187	0.0271508742844
198.026426216	0.0262184795491
195.83318092	0.0268708120361
191.557945323	0.0281941335709
190.293735899	0.0286087691662
194.006947056	0.0274196153073
191.772186515	0.0280857685095
188.898723177	0.0290054552554
191.396918152	0.0282051842094
189.68403899	0.0287692320612
192.148693226	0.0279840636321
191.745269758	0.0281157403183
190.745639595	0.0284399954373
188.421273157	0.0292476674005
172.924708643	0.0348356348608
197.235489574	0.0264996226709
188.587767276	0.0292176989112
189.462198805	0.0289148938372
192.937558515	0.0278170311462
188.745383288	0.0291520897476
185.629244252	0.0301752742857
188.927654378	0.0290594661987
191.187444901	0.0282871550902
194.095126443	0.0273758998568
196.021791372	0.0268434123274
194.719888442	0.0272370605997
191.826732133	0.0281224498158
192.593817739	0.0278798669429
196.423942714	0.0267460994133
194.378551639	0.0273458351649
196.342654091	0.0267694817187
192.211292632	0.0280188676903
198.367800631	0.0261717061356
196.446752764	0.0267390653753
197.918412853	0.0262901032295
192.381335502	0.0279516672005
195.251070762	0.0270774657429
196.868113987	0.0266227313648
196.684366857	0.0266530491267
194.269135799	0.0273823710389
193.36742117	0.0276288635646
194.640078841	0.0272782236319
196.648444645	0.0266612661006
196.093079669	0.0268503956571
194.27976577	0.0273856566831
194.827426803	0.0272030585513
192.14889847	0.0280390135488
196.052923475	0.0268376129025
196.239029638	0.0267972248694
196.495967797	0.0266911927349
196.618492367	0.0266669932573
195.171608007	0.0270788482059
193.629932277	0.0275369292857
197.408968097	0.0264316687505
198.926526173	0.0259864261309
199.215969254	0.0259088515487
197.601271785	0.0263818934876
198.72841276	0.0260467030714
197.959038688	0.0262788380087
199.362060159	0.0258694899976
200.507435187	0.025559035899
197.552170984	0.0263962376551
196.989685201	0.0265686964899
201.285497576	0.0253391773877
197.974409818	0.0262894887887
199.119797439	0.0259665569314
197.956463618	0.0262998740564
200.371604676	0.0256162610574
198.630369266	0.026107926757
200.630944978	0.0255283756246
199.868039642	0.0257616485124
198.622485642	0.0261085338159
198.64580531	0.026111068744
198.549255699	0.0261333542952
196.538571304	0.0267305327458
197.291167126	0.0265084139049
198.175394571	0.0262416453114
199.35359813	0.0259168195989
197.047118836	0.0265722631688
198.458186543	0.0261713851339
197.518604425	0.0264355261432
197.78077085	0.0263666264221
197.765022778	0.0263733044155
195.602682342	0.0270066740424
196.292498196	0.0268214609733
198.524292455	0.0261397653123
198.49368017	0.0261451917571
197.031323539	0.0265761135723
199.437092138	0.0258710169751
199.060026677	0.0259952678703
197.323283262	0.0264610521895
198.921588808	0.0260330704788
200.588205811	0.0255345329899
199.001526963	0.0259979464422
200.658944244	0.0255196994612
200.546880869	0.0255595675103
200.122159056	0.0256693040276
197.789484506	0.0263374170083
197.011655783	0.0265440332346
199.670313108	0.0257956180354
199.583415901	0.0258118767048
199.279613418	0.0258978829186
200.56262789	0.02554733778
201.007774398	0.025415337186
200.005986133	0.0256999750254
199.320982919	0.0258934329391
200.365436124	0.025595026331
201.967212391	0.0251440093009
201.876812835	0.0251790817747
201.191754535	0.025364355119
201.586743441	0.0252569210164
200.990915756	0.0254204049047
202.946133921	0.0248848231601
201.376738851	0.0253172929142
201.694575797	0.0252255955472
202.76675296	0.0249418764516
201.178607142	0.0253731330315
201.675971853	0.0252517174707
201.115006197	0.025397210736
199.976717166	0.0257240313124
199.742253827	0.0257921575859
201.521405201	0.0252798617531
201.790295399	0.0252203002377
201.737187782	0.0252225139125
202.344660342	0.0250645293068
201.993661908	0.0251496779205
200.297940803	0.0256280026447
200.807178177	0.0254817111735
203.214108436	0.0248215871758
202.662060936	0.0249693457062
201.408440485	0.0253146833722
201.542880482	0.0252740389623
203.576398556	0.0247117267751
201.238456051	0.0253596719038
202.739845049	0.0249342781408
203.302176954	0.0247861951867
202.427966027	0.0250209377126
202.690858884	0.0249576086802
202.38061095	0.025034376025
203.518532369	0.0247194513438
201.978742581	0.0251453626306
200.867263987	0.025461471431
203.916914041	0.0246226773856
203.029679086	0.0248623880079
202.77440262	0.0249216595291
203.259855743	0.0247974237138
202.796061197	0.0249193009652
204.230206279	0.0245316358474
203.079741046	0.0248383576257
203.224331223	0.0247923595429
204.344456649	0.0245039133204
203.569472246	0.0247036318778
204.167084553	0.0245517435183
203.673521043	0.0246776660437
203.261782636	0.0247880575271
203.188815046	0.0248083962392
203.608347173	0.0246904147944
204.084352706	0.0245782080486
204.540187536	0.0244544857717
203.993476245	0.0246054852947
202.985576592	0.0248761870925
201.100024367	0.025404778906
198.788268606	0.0260787147025
192.990570927	0.0278339306284
200.198012503	0.0256697976572
192.390844358	0.0280565254942
199.385567661	0.0259372584892
199.281421056	0.0259664084959
201.301915236	0.0253869535611
202.510785451	0.0250118501549
200.973610301	0.0254788419746
203.82172964	0.0246655380061
203.239904952	0.0248216962817
201.404934894	0.0253580764442
204.045262513	0.024616424384
202.673179972	0.0249780381289
201.91837065	0.0252135017387
201.630264467	0.0252705767532
199.426719989	0.0259053771547
201.195558936	0.0254247667693
200.557325196	0.0255978592361
203.203337666	0.0248523867706
202.532556916	0.0250381619871
203.0142952	0.0248849532057
203.705013939	0.0246985352342
202.00012347	0.0251914288567
204.2611126	0.0245494274317
202.914768918	0.0249016392458
203.48089172	0.0247454649246
205.234772362	0.0242827046315
204.641665513	0.0244473861879
204.364143939	0.0245272676486
205.593134618	0.0241895600741
204.403478936	0.0245119197341
205.453770961	0.0242273147446
206.382363465	0.0239776455344
206.500555031	0.0239225978113
206.277138036	0.023973847689
206.744358808	0.0238777560773
206.613212533	0.0239126115384
204.560814453	0.0244681608776
206.47185632	0.0239491493004
206.226957886	0.0239899597514
206.702812185	0.0238840124445
207.312466952	0.0237158585252
206.129823913	0.0240395838644
207.117151189	0.0237537198523
207.641906105	0.0236316158012
207.121665212	0.0237406986434
207.977339702	0.0235451576974
208.435291833	0.0234085760338
208.080641127	0.0235182453857
208.83729078	0.0232932035615
208.996103662	0.0232429498378
208.19287044	0.023448531017
209.954036213	0.0230082324847
209.793664893	0.0230464674776
209.967310973	0.0230221624503
210.234857316	0.0229501925618
211.056822023	0.0227227914997
210.062463345	0.0229556890233
210.969340557	0.0227605152011
210.976513683	0.0227254382988
211.752522267	0.0225437625438
211.116612139	0.0226905381394
210.669635865	0.022789511839
210.991677615	0.0227138471317
212.042869986	0.0224665143647
211.474046368	0.0225845275677
212.108303654	0.0224599845861
212.610393289	0.0223222723635
211.692991394	0.0225684341608
211.520084625	0.0226092202506
211.225708823	0.0226868546048
212.939632768	0.0222489305978
212.509201009	0.0223579936232
213.058849619	0.0221826761198
212.383618637	0.0223474344844
212.320881527	0.0223637977051
213.416685388	0.0221213370281
214.042159613	0.0219679288195
213.885459173	0.0219722074476
212.803372424	0.0222397558575
212.835528855	0.022231202826
214.068744111	0.021960436083
214.667040657	0.0217821924969
213.520319874	0.0220574901341
213.520739636	0.0220570573306
213.728883855	0.0220042832691
214.773685951	0.021761215618
214.661185426	0.0218070822262
215.011414679	0.0216941758054
214.092244782	0.0219156466936
215.090466717	0.0216762311593
215.145990911	0.0216677318267
214.747948355	0.0217490499665
215.217806024	0.0216382834517
215.239147929	0.0216333585643
215.235815529	0.0216311228848
215.090620878	0.0216636427958
214.620960717	0.0218110468411
215.259490984	0.0216540525312
215.524013944	0.021576704863
215.032957027	0.0216745970118
215.192783306	0.0216356134053
214.193531894	0.0218830080969
215.250507025	0.0216205567369
215.371083161	0.0215922034117
215.048814342	0.0216816015395
215.48582963	0.0215915954379
213.957670858	0.0219828559911
215.081836443	0.0216975392933
214.617077237	0.0218187410707
216.260859589	0.0213834311629
215.631158853	0.021527312118
215.598849766	0.0215358283723
216.48576973	0.0213280748798
216.984235072	0.0211971465774
216.794896612	0.0212597555559
217.826945967	0.0210115872734
216.567278701	0.0212975007885
217.809984109	0.0210079931541
217.679980091	0.0210313994468
217.126018587	0.0211631793685
217.512099008	0.0210697371527
216.891544073	0.0212203668737
217.367761085	0.0211054623209
218.313413576	0.0208774984484
218.627186989	0.0208018238464
218.006136307	0.0209655689208
218.460953583	0.0208655670028
218.212407882	0.0209023882054
218.358461014	0.020865166994
218.008372635	0.0209726889031
217.877468915	0.0210187865596
218.250298294	0.0209265172922
218.354978748	0.0209062039495
218.830013741	0.0207723319303
218.743986136	0.0207781903686
218.591410728	0.0208109671239
218.913452545	0.0207363927621
220.035597281	0.0204785267472
222.442228327	0.0199361608396
221.452922151	0.0201544273127
222.909930656	0.0198544226316
223.871938711	0.0196428496115
224.210209141	0.0195684477471
224.337245275	0.0195464374571
224.880208311	0.0194248526
225.801424554	0.0192321409597
225.792574352	0.0192306941796
226.047473742	0.0191749647271
226.598857305	0.0190615807372
227.368920494	0.0188899387859
226.939377078	0.0189811880694
228.634173347	0.0186327013072
227.599503572	0.0188517672845
228.22266855	0.0187050033065
228.834898818	0.0185758199361
229.231932722	0.0184900208265
229.80179261	0.0183774082257
230.251035883	0.0182891543737
231.396526113	0.0180648140026
230.550562936	0.0182324405562
231.543222338	0.0180392560502
231.618165528	0.0180256597726
231.831410891	0.0179803262894
231.323430229	0.0180768520425
232.412874303	0.0178638776929
232.515871374	0.0178450066072
231.958506812	0.0179472157141
232.209874703	0.0178975262302
233.036123066	0.0177378028268
231.971879242	0.0179507226067
232.763326069	0.0177863680761
232.487970455	0.0178486587463
232.642587767	0.0178120957796
232.848549284	0.0177774143856
232.289277744	0.0178868581433
233.170773272	0.0177134561996
233.298713918	0.0176844750876
233.341468218	0.0176805088912
233.517864608	0.0176430554257
233.44199536	0.0176506931434
234.123701546	0.0175240512671
235.047082367	0.0173424550634
234.371322469	0.0174656440791
237.12012107	0.0169362544338
236.148924806	0.017118551463
237.246225144	0.0169067610692
236.08129017	0.0171211979954
236.646933816	0.0170031401366
236.021777998	0.0171168961176
237.010919316	0.0169336857929
235.929334493	0.017137586004
237.312689612	0.0168756496066
236.928530298	0.0169581300232
237.508320307	0.0168586208244
236.370352799	0.0170826931939
237.53512244	0.0168664162807
236.659036724	0.0170081287396
236.654294095	0.0170253829246
236.745876693	0.0170007916529
237.667324359	0.0168169154253
236.66725654	0.0170017630931
237.937026352	0.0167647477583
236.948978244	0.0169609311946
237.746017663	0.0168154226499
236.896787438	0.0169610775043
237.978404258	0.0167674953387
237.115680474	0.0169117106939
237.714609586	0.0168204928371
237.294537198	0.0168886979351
237.924082078	0.0167725163461
237.857359612	0.0167856524444
238.187391263	0.0167222999682
237.875982573	0.0167829596068
238.131376234	0.0167393210557
237.654604957	0.0168230646091
238.154611958	0.0167384749164
237.736649595	0.0168134953344
238.073519489	0.0167516061314
237.91239141	0.0167770743637
238.388078387	0.0166939705797
237.908822845	0.0167775852468
238.551762189	0.0166642710739
237.951919368	0.0167708061804
238.5998258	0.016657510702
237.823533862	0.0167959343469
238.441945837	0.0166841895723
237.725499385	0.0168100199704
238.603735384	0.0166527327022
237.803240032	0.0167986487429
238.674150143	0.016638996984
238.075922001	0.0167507570936
238.832588847	0.0166089930921
238.050316831	0.0167559297232
238.662741987	0.0166394585332
237.863081979	0.0167872483887
238.700584837	0.0166350900408
238.070077547	0.0167486438858
238.44189751	0.0166765580397
238.145409939	0.0167390132106
238.944743578	0.016570728404
237.940273913	0.016765995982
238.887785916	0.0165862987016
238.161636087	0.0167326689758
238.88567939	0.0165959833847
238.10828878	0.0167396236405
238.830535847	0.0165962279938
237.899160639	0.0167621060319
238.710166583	0.0166152706668
238.292952771	0.0166961277737
238.608266242	0.016640403745
238.360764644	0.0166939455606
238.554723192	0.0166525391397
238.239071148	0.0167157090055
238.719599643	0.0166296989374
238.334114619	0.0166998737468
238.547171106	0.01666038193
238.3643617	0.0166963600754
238.55917514	0.0166470188202
238.367384242	0.0166890891388
238.556533588	0.016650820415
238.228974546	0.0167123212984
238.702774393	0.0166328953863
238.415509367	0.0166838138563
238.523095451	0.0166660358793
238.531380689	0.0166637227232
238.614072805	0.0166429277728
238.566706152	0.016659183675
238.64594066	0.0166420430318
239.131042753	0.0165392776803
242.269186785	0.0159706451665
245.193209494	0.0154574579939
247.445255523	0.0150829620312
249.977164768	0.0146550582119
251.735177952	0.0143720009001
253.406328597	0.014102874715
254.769999922	0.0138857746469
256.22914219	0.0136677617025
257.37258699	0.0134956747198
257.744071044	0.0134470287639
258.726372516	0.0133101897485
260.709942278	0.0130179211427
261.708861622	0.0128837951135
262.040317183	0.012834962824
262.56760225	0.0127513811408
262.631108082	0.0127442190475
262.99620396	0.012692744591
263.578150027	0.0126068138741
263.595227424	0.0126077759043
263.912150443	0.0125601606381
263.959691878	0.0125536567525
264.135277963	0.0125284524015
264.025551263	0.0125480801586
263.935400783	0.0125599871979
264.25394021	0.012513777185
264.02757685	0.0125501856051
264.481357867	0.0124845419988
264.104175762	0.012542576969
263.218289346	0.0126618712277
263.961602028	0.0125595189187
263.842423185	0.0125784655642
263.504595517	0.0126265152328
263.425188612	0.012623953002
263.303782217	0.0126407513704
263.215404208	0.0126499911576
262.906468273	0.0126940887229
262.869022324	0.0126924263332
262.684945679	0.0127123193906
262.75389232	0.0127057404133
262.478116734	0.0127376337911
262.475874769	0.0127400052572
262.133033472	0.0127892928814
262.019199882	0.012799131996
262.019004578	0.0127997093416
262.165093851	0.0127857958487
261.98407183	0.0128131455719
261.763606227	0.0128440369973
261.278923926	0.0129142111098
260.915379793	0.0129721466353
260.177564453	0.0130825191307
259.649475426	0.0131616744079
259.939791072	0.01311648589
261.413813868	0.0128974156399