-69.5859640976	0.531348872286
-1.17644068403	0.245785253578
0.721916661099	0.232368307467
-44.1008120511	0.39575550619
-3.52309336907	0.242910816069
-1.44846468512	0.241926037357
-40.8057845902	0.384602593988
7.13730223771	0.222799396501
22.7873877762	0.181206410276
-16.7485509019	0.285469948539
-19.7008751542	0.298602965304
-5.84524916088	0.254910499968
10.5044296177	0.20956570858
3.22436293571	0.226709872787
-0.425252492755	0.239143361794
146.670873418	0.0468271793884
18.9164221549	0.19157725505
-14.3719751019	0.279261834188
-3.69184737536	0.251087226564
39.941736368	0.154345016778
15.2007065372	0.199011995047
7.75684008236	0.222460675264
1.45614494793	0.235925193111
-32.6276481158	0.349503546027
19.772340568	0.190488866663
6.40616396607	0.222815544341
-23.1649341172	0.312137983907
17.4490326957	0.192685643867
15.1738951175	0.19726348825
22.7902217407	0.182467973827
14.6323150386	0.203604027697
22.0241359865	0.183783619921
-60.1573641863	0.477856084518
16.2403593144	0.199118780033
-12.8683455028	0.270872365492
-2.44773504987	0.24653671418
-2.24344378678	0.244625222357
21.4717336339	0.185723980881
-34.9850101687	0.360341163181
85.8342667907	0.092889202528
1.16313833011	0.235110165644
-4.09060693999	0.251903068335
-7.74951394035	0.259270820416
24.4236000213	0.178690464358
27.3911971673	0.171866522604
22.2161607933	0.18192480963
2.52533581986	0.229719995547
30.0162859236	0.165871530588
11.0523371467	0.209977083782
-20.8272779168	0.30078467452
20.9578027979	0.191571150787
-28.1511920325	0.330039330522
-5.19788447608	0.24898095972
-30.4951198665	0.34242017193
-47.0667015112	0.411544110982
16.3438172838	0.198269973089
37.047001833	0.152563194458
7.44396859946	0.220596236512
-56.4231269778	0.456745941761
-35.7484835495	0.358867339866
58.4087367662	0.123401237727
64.8039501739	0.117098568403
-39.4636829438	0.372949394767
105.248442421	0.0741847559132
-66.5766099458	0.512367976352
-40.3431751898	0.380624344709
146.509445526	0.0465157541847
25.2316265667	0.176957975031
46.5066038425	0.143516549308
13.1037973315	0.200786284011
43.1771402537	0.149143861871
3.83709434186	0.225705578296
-17.9385109954	0.297060478122
-13.8272898092	0.279131480969
6.42924515476	0.216004731954
-12.6180178478	0.276947745137
-35.6943032314	0.363081486805
56.3227922237	0.127836466567
90.0983276071	0.0881369220513
17.2442843728	0.198454688499
-4.79270375017	0.253341673072
27.0099739668	0.179045803916
53.893464632	0.129485115789
-18.912286218	0.30070277556
-16.2931016251	0.290245151687
-27.4043429782	0.329151496945
33.923418182	0.159209883008
43.4434056991	0.143028161956
22.2050535616	0.188390339333
7.45974980226	0.22034225801
3.37047165566	0.231033451413
37.7477494194	0.151371721552
77.3668895634	0.100039150152
33.5202984494	0.166274729299
19.5800045181	0.194270417614
-8.90327389503	0.266213371189
47.1702516169	0.142428121985
17.732439224	0.195804420325
15.365741887	0.201745656874
22.1461095486	0.186592243766
60.7509110445	0.122578719877
-16.2536543255	0.291607071164
-29.165811136	0.334803779528
23.1907508115	0.181190924671
-0.63951997921	0.237305778977
10.7791624819	0.208793091331
21.0469222535	0.187618225312
30.2222035228	0.172314987305
8.78188924517	0.218221890241
123.930605329	0.0605826039653
10.2346379516	0.213563851672
21.7716099134	0.186174525128
65.344963477	0.116529743676
7.55195191057	0.219509480436
57.6094633588	0.126917273115
19.4650360309	0.191745563156
26.7299252575	0.173675071457
-24.1673114534	0.318903049774
110.012491051	0.0708578245556
6.09035783576	0.221610857565
49.7540227677	0.135775439563
82.6260641652	0.0946362617501
11.7090503781	0.210663143402
22.1036196823	0.187807534945
51.6190588048	0.132883449111
-11.0829527538	0.275299096136
-22.5732268208	0.311633120598
87.3755803352	0.0900960754465
-25.1614958066	0.322400574983
15.8943404211	0.202266458729
20.8417660293	0.185495004757
-26.0099385745	0.322471862657
9.59888184343	0.211829357942
2.33092863276	0.233983330354
17.7282441136	0.196046281171
21.1536895258	0.187360248577
-16.9365499879	0.287825601975
19.503158871	0.194375515196
100.256621328	0.0770142997461
-8.06808928281	0.264856861761
24.7410315602	0.178044815911
38.5109024345	0.150991402101
31.0180456958	0.171112550745
110.348448325	0.0705822669503
29.6278163036	0.173253435021
7.9225873401	0.222040928021
14.8378022003	0.20154107506
-10.1604445138	0.272100982778
-1.9635349141	0.243578007767
90.3689526177	0.0874052440905
2.63411570137	0.230239974453
-16.0279106714	0.291024746389
5.02710232898	0.223736509703
48.7379158057	0.136730333645
67.040142037	0.112115087413
95.7111594761	0.0811673212463
147.568135962	0.0457687655678
21.9781643059	0.181556520427
25.7472953296	0.181062326546
5.44976435378	0.228259694973
28.4405601075	0.175852293871
18.138468413	0.196731134937
11.2603380312	0.207778555375
-22.0617199365	0.307577698245
26.072480385	0.176068767575
15.1300975585	0.199295559342
16.5612159584	0.199645558834
20.4433682581	0.192808882638
-13.3506192444	0.27663903517
-3.07985511848	0.241631949943
19.6365941311	0.190689483548
33.8158337619	0.160705432476
35.4565422069	0.162806033549
5.99862328597	0.226910914061
28.9067353337	0.175208993862
12.1535289919	0.211432624445
48.4238216782	0.136734902233
-9.62146697929	0.270706270038
-2.29810275375	0.248381894364
-0.0859956495465	0.241851100628
128.510511081	0.0575111348153
36.1798715135	0.160974937283
2.02889402982	0.237185680085
16.0367703338	0.201221226067
8.97883224012	0.21284964181
7.60794219387	0.222635457901
13.1276914317	0.206587909074
1.36254258528	0.237630669702
13.3338070849	0.206263739404
22.3213834952	0.185659580336
47.9474682879	0.137833275534
-26.2477737361	0.324900949906
17.5003652759	0.198534500809
22.6318697223	0.182970025337
11.8052095502	0.210629942288
12.4706873027	0.207510701226
-19.7188723094	0.297616417072
12.6531784664	0.209089898544
16.6320585814	0.196502823822
11.1633845312	0.213132772716
15.4972080041	0.199970859085
12.6426957972	0.206805576195
17.9545779593	0.196627803277
118.864248927	0.0623512532414
46.9618256105	0.142888787223
46.7351130072	0.138453926022
12.1728762534	0.209210991887
25.2255794883	0.176404916742
9.11272882018	0.219002395975
74.5450510644	0.103306095606
25.6910311144	0.176414132516
51.1875065702	0.136155406595
35.4348873812	0.156483256919
48.421038029	0.140264713232
27.6975160839	0.171205185328
54.7562578868	0.128316441388
17.0968741265	0.199953161376
2.00131617228	0.236642882758
11.8246223904	0.207634761415
33.7952442463	0.163013079623
17.7249625018	0.19615655034
22.2825876108	0.18413095227
7.79777728096	0.221921738013
43.4665121335	0.147739330112
65.2558446121	0.115242106593
80.7927142144	0.0981536003645
-9.38885170957	0.269127418041
38.0249523878	0.154994955207
29.0664292963	0.171092831563
77.2927395986	0.102090800316
12.3496002011	0.204957981744
17.2970150868	0.198866577433
27.6914814709	0.177619494428
3.94537041677	0.231304178228
23.8021059868	0.185038974193
54.3675510764	0.131458996066
22.9601959859	0.1863682911
7.74746309718	0.219435792898
25.9466680507	0.180210253692
14.8641334305	0.203034342875
18.4188559326	0.195516473169
32.534472573	0.167460168329
46.3188069654	0.143736965953
43.7869174641	0.147786341816
81.8331846518	0.097018952457
55.9130129053	0.129223246542
-10.5847916769	0.271404062642
16.3878300918	0.198512791915
12.200137604	0.209086304852
15.7855577376	0.197959739989
153.252958808	0.0430669096945
134.380967018	0.0531433169033
27.1907926823	0.172650227505
45.964336491	0.13999991817
15.1424162986	0.202165300911
80.6653761704	0.0974475901056
5.99169964755	0.224884900318
34.1014598422	0.164751669682
63.9756231808	0.118211059705
42.9785786142	0.149470072363
16.3705067087	0.200286148148
17.8157269288	0.197149814637
19.1969861921	0.193004472314
16.3939700293	0.199010557608
9.93288238243	0.216004326114
69.540506933	0.111220373449
43.9903720628	0.146449657972
-8.02102140491	0.263440369474
50.5810148486	0.133724040199
44.9182980302	0.141721339754
32.2213750213	0.164975546825
63.9138452918	0.115995544114
25.6221907508	0.176816996488
19.2867259696	0.193411677408
139.863955331	0.0501931077507
149.352279447	0.0451150258934
132.6207862	0.054909228066
24.0565708635	0.181335691159
-2.90600997274	0.250849834015
14.8540304082	0.203067528363
78.8427451309	0.100261992113
16.1872525469	0.202077894899
41.6162501425	0.151763957433
50.4552286556	0.133582355053
24.4793498142	0.179162508905
29.6179347735	0.167374938397
23.2868641319	0.181585034217
21.1318927357	0.184930929995
28.1438718948	0.176690849634
1.86161692284	0.237462733592
104.789434742	0.0729986909135
58.2677407061	0.124674516334
103.283593014	0.0764439327644
48.6080671523	0.138387215564
39.1623493108	0.149558098912
53.0097812675	0.130758968686
47.6887007412	0.137642739114
72.6785121828	0.107427308706
85.9733955204	0.092630968749
49.7938329446	0.135166952625
37.3211450688	0.152787743208
22.7893662786	0.186844880978
32.2774719199	0.166894792659
26.9469085631	0.173091070165
62.5799483287	0.120034169022
32.0084562425	0.169168781424
64.3393934834	0.117570233955
20.6544581371	0.189616158837
164.976360576	0.0379292532006
76.2439492356	0.103278777687
-4.74696379605	0.248019294769
54.3750485896	0.128346337537
24.811377871	0.177723823247
145.907582532	0.0472036128519
22.7524334254	0.186197799513
144.146887939	0.0481228478754
25.5124613984	0.17802520769
20.2578494771	0.191222622321
26.8852267795	0.179048283336
118.336384015	0.0638344047096
25.4563472574	0.178782531011
137.075836752	0.0521806572981
70.7010529647	0.109814773783
15.3527487657	0.200383995665
27.3342829315	0.171824688477
94.6360005187	0.0841762392046
155.168349547	0.042487882322
116.16854495	0.064772931758
65.0484750012	0.116910297735
21.0899581858	0.188723135515
53.51024813	0.130848805537
18.8127196327	0.191697734851
125.633410801	0.0588266909624
53.1792678353	0.130576608071
13.2594669307	0.204421774054
19.2587742742	0.188968718372
58.2802156101	0.123131711854
52.3564369326	0.130516588303
-0.674904559988	0.241831640484
68.9284845182	0.111859146062
25.8751412498	0.18023209623
20.9934130044	0.18999567506
29.2889762264	0.173525777741
19.7071888455	0.192589853787
87.6907537115	0.0909994259995
41.2996105393	0.149251051728
107.202416588	0.072992742484
43.6527416532	0.148002895988
35.9842235446	0.161594125306
54.1016740756	0.131960499687
38.8127130721	0.153113954553
23.7391225049	0.180971648811
128.570676331	0.0572940052284
73.2039628044	0.104230300154
61.3470788556	0.119055398479
29.4932531126	0.168270246543
102.200209605	0.0752296414575
24.6293491053	0.182150083724
53.2221873394	0.132238981438
66.8766815522	0.112499049398
26.1707908584	0.177344434223
27.8487162074	0.173930524751
26.8851335552	0.176996073029
59.7087685317	0.120955987086
21.61089787	0.189238179573
24.7918075394	0.180662940369
18.6583306027	0.195052205673
11.4936757647	0.21189048613
110.494964312	0.0685962465497
29.7575323078	0.172535301552
11.5573494856	0.205325023758
48.3020201979	0.137205145188
44.2965964558	0.143939400466
31.8674728083	0.166297021479
28.5202965109	0.173814672221
61.5535831447	0.121519922026
97.3525485678	0.0798847649825
47.5945148284	0.136650523988
123.47338213	0.0604283966018
145.080082213	0.0468879588008
32.953792281	0.16104347266
46.0316461813	0.139700032614
146.506608701	0.04649411271
151.924990904	0.0439677463249
35.8022475799	0.15628223321
25.6059577648	0.176289917639
74.720225942	0.102754383856
125.497741081	0.0584615792561
137.348256791	0.0519044781787
95.205832619	0.081383810397
29.2738292526	0.173942362441
79.5246361706	0.0986158348785
18.0227365124	0.195828288219
53.0811590241	0.133401973095
40.1609396905	0.153604053149
86.3175015021	0.0908578632385
31.8378386131	0.169233210331
27.9543736955	0.17190368512
99.9371672546	0.0789827500179
34.2862690528	0.16388769069
50.5353738947	0.135269576871
55.2515355384	0.128850054321
51.5796642661	0.132674740903
40.0796116363	0.150971164461
98.4926990314	0.0806552896376
63.6703221829	0.11852230896
30.7089336931	0.170649318925
35.731147155	0.161450689042
42.7979467935	0.149772685785
36.7105217379	0.159757912694
100.081231399	0.0792333275979
149.709673401	0.0447519901112
39.8727079844	0.154193561082
66.9334387503	0.113102805238
68.0460722087	0.111060222034
79.0812922247	0.0976775874023
118.155356076	0.0628459724074
39.2512036612	0.155223295277
100.995840221	0.0784297121776
131.885000773	0.0543150098848
152.794430259	0.043033933924
62.5167252558	0.11712791231
158.838274837	0.0403658795806
162.998645458	0.0385547475752
167.800107531	0.0367857456024
40.47490838	0.149418338716
151.869817039	0.043451670416
56.7702195125	0.127873422609
83.9294128625	0.0927311418112
165.420588508	0.0375548444205
94.4399963294	0.0822847917817
171.006487828	0.0354810999633
47.3199434605	0.139207853279
158.921649266	0.0407648848418
137.080348109	0.0521274045384
132.779581698	0.0536967473658
94.8622065608	0.0839908319049
53.1691790962	0.128961675575
172.931472978	0.0347170262336
169.990229475	0.035899505444
51.1517722173	0.131843782457
129.446867693	0.0556735630856
107.688958725	0.0706979472526
95.6917501693	0.0828045774821
48.7934274835	0.135222074545
101.755837893	0.0754642468395
95.3361404039	0.0811431692033
48.8859512485	0.134996429472
54.4469980141	0.127276861319
58.6868464353	0.122590137306
35.3173758172	0.156917200933
83.5174850723	0.0939514810068
79.537003739	0.0995236352248
59.0761584292	0.122095207956
119.809729464	0.0617116417137
105.885493844	0.0741678327824
67.9790854147	0.11309840783
47.9898027381	0.141013813781
71.1281212452	0.109249544495
157.843798911	0.0411132552585
55.8251055635	0.129331841906
157.388414169	0.0409144613815
62.2634257572	0.117608456185
58.9904124816	0.122117685616
45.0461306203	0.143023410282
61.1394002942	0.119267898675
48.8773554762	0.136024157122
44.216103405	0.143022361675
55.7579059174	0.126506169541
50.0220066677	0.133417465867
51.1799632991	0.132973437972
58.6823987481	0.123234640446
82.5648450608	0.0962504766861
71.6582143277	0.10564826311
115.95412934	0.0649251269301
111.651501477	0.0695644650807
31.7852418245	0.168687152316
89.679415777	0.0870782793809
101.091445461	0.0782958435414
109.448996198	0.0693952334458
174.241149833	0.0340906548865
54.6220213746	0.131079867111
163.541041698	0.0386258126466
121.014023116	0.0625387508636
87.6869614717	0.0886863736949
178.811668032	0.0324994761804
74.9404682513	0.10185062624
58.6905002802	0.122090679203
40.5778256	0.148221289277
87.564731472	0.0887716523004
61.4715950761	0.118234097959
68.9699821933	0.108901817502
47.7431161398	0.136659941761
49.770373938	0.133577808127
56.0762805533	0.125061303881
68.6687169401	0.109744933523
47.5424850901	0.13710948682
49.3233721774	0.135559032501
151.581896248	0.0439814454051
162.303687009	0.0390562942987
100.256540655	0.0774563740104
141.384399749	0.0494280033896
165.383276763	0.0378715558555
89.7334288886	0.0889172426225
145.530086468	0.0466006237832
182.312847324	0.0312477076944
82.6945268745	0.0961594675274
109.081452513	0.0693953337254
166.507222847	0.0374046181165
156.68036302	0.0411992652077
117.207546802	0.0650155323936
118.147885696	0.0632394526706
97.5923010763	0.0813407153221
48.9729282468	0.139769979771
126.273425468	0.0587216650623
83.8472837056	0.0926586904705
127.06606301	0.058056591298
160.979779565	0.0398238496619
106.69123653	0.0735646881931
124.998922761	0.0590253488402
166.386225317	0.03748680126
152.804659281	0.0436677918918
80.5083532496	0.0966138978844
104.971588793	0.0726434836685
95.3639859803	0.0828374993781
144.061143056	0.0474089271519
111.046265576	0.0697748229508
71.9282691271	0.108224350071
150.41187498	0.0441971290633
46.602429288	0.143071833168
108.069674082	0.0702888823127
177.585382314	0.0331083958511
161.972050782	0.0393319368773
132.126821204	0.0551855943296
104.88737397	0.0730042452185
170.0970604	0.0357713096775
129.83457656	0.0564150537954
105.055368245	0.0729807235747
106.351049855	0.0719411975563
113.696980221	0.066315734863
132.058612592	0.0542406692489
130.326825255	0.0561042046508
191.618892928	0.02828792089
50.6075188618	0.136903695365
92.4545804496	0.086292769897
192.993987894	0.0278544287345
105.909072047	0.0719567672092
170.65692736	0.0357790941013
93.9032717171	0.0825615828235
75.398322691	0.101305620852
70.6095813906	0.106965237582
45.9681822766	0.141308686341
111.918599465	0.0673919396534
186.333233426	0.0298657988725
99.9482595007	0.0770900912567
113.790516089	0.0664154577873
80.5399229871	0.095567242941
108.870308866	0.071797559285
129.923668419	0.0562264225838
142.455383819	0.0486707775949
150.119585087	0.044422761578
113.597354135	0.0660784006619
155.624992143	0.0422377538764
135.016074825	0.0523625165845
98.4368853133	0.0806230954476
128.794826572	0.0570768602396
191.846991144	0.0282135727853
98.8150463753	0.0780496641781
176.430657734	0.0333477043205
86.8971222345	0.0894255672658
78.888996591	0.0980413614616
111.876104072	0.0694057761188
149.982342795	0.0444950620903
105.269625814	0.0747212038635
94.8315671189	0.0816834295327
105.643770962	0.0730492803868
105.641522035	0.0744525481624
116.501260646	0.0658646271897
124.02784915	0.0604616201915
92.8363985123	0.0837771071102
161.084108869	0.0396016478543
112.055130259	0.067237312267
157.721739894	0.0413356789311
96.597362357	0.0801490577688
158.590027454	0.0406330888182
91.5859616327	0.08712713087
196.29853833	0.0268017961659
100.12076264	0.0768420436649
160.18917531	0.0401833801206
79.1106704166	0.0973585930656
152.69529263	0.0437003461261
96.8893298247	0.0797783465834
99.4311302443	0.0774811785228
128.56438947	0.0568820992446
108.863247306	0.0697818628956
132.606479825	0.0547132228415
114.095729768	0.0676632197133
80.1228164017	0.0988820181449
144.344282882	0.0477481161843
104.102561684	0.0757180318526
110.53213566	0.0684192116595
136.425721154	0.0517095594574
89.3816704526	0.0892534473025
117.941041449	0.0630295959241
170.927133408	0.0356738138694
141.986123468	0.0485357334041
91.3241969873	0.0873448796035
187.061277512	0.0297705100204
97.8221366693	0.0812707383834
136.34583806	0.0521219604142
103.078181601	0.0765853366142
107.515963329	0.0708057572486
94.6481234619	0.0842133903253
89.0101979269	0.0896501822725
152.38543821	0.0435803120835
107.592393464	0.0727644679241
126.888075396	0.0574992906779
96.8672162267	0.0821125315001
115.756464122	0.0664392841809
144.393016939	0.0480139372002
117.314309209	0.0652505442308
143.572703783	0.0479060977858
116.923077921	0.0639728582319
86.0305339984	0.0926281812287
188.953277781	0.0291329474442
119.998529604	0.0632800728395
126.854688278	0.0572944245719
89.9751418976	0.0886468198259
103.818333051	0.0759897593008
113.246318435	0.0683465723842
154.408768596	0.0423541946464
114.525069972	0.0673616739383
118.623678953	0.0626997990318
131.480659231	0.0554961796093
165.151856375	0.0376761160462
158.212328577	0.0410934481789
145.587246005	0.0472547847034
84.4243697441	0.0918769686555
216.372914823	0.0213411264731
159.079887571	0.0406237178835
137.741572701	0.0510892374332
165.286668295	0.0380169798107
156.804246942	0.041336484238
143.380912249	0.0484867367531
108.776616595	0.0697879102389
146.21648821	0.0469015016796
113.602659158	0.0664367990669
116.417912031	0.0658139458656
138.926410002	0.0502598321269
137.717652936	0.0517532685248
140.972041539	0.0493190854759
161.428583598	0.0396522015713
154.820485184	0.0422157337164
123.989777268	0.0604776710037
129.638565939	0.0560270839976
115.76506062	0.0663373354903
154.636219835	0.0423070545999
93.7737663721	0.0850299775686
134.127824035	0.0532425978073
120.209057611	0.0630608109526
165.403898965	0.0376835473334
113.639465212	0.0680531278268
123.581756929	0.0595438111671
198.116863708	0.0262305804016
144.188140204	0.0475641346048
175.649878218	0.0337895949846
164.009569168	0.0382318645503
158.308764476	0.0410614621791
194.474833814	0.0273237376682
168.753731191	0.0365361597259
196.059005476	0.0268697367459
167.513948961	0.0370369768845
157.959824812	0.0410015094322
216.443769606	0.0213111676871
184.386993346	0.030633590878
198.695525337	0.0261046284101
195.115525617	0.0271872932426
204.403563778	0.0244610846654
203.703846776	0.0246702265825
206.189107552	0.0239717962253
208.312769299	0.0233627528136
212.372890014	0.0223576673618
195.872088226	0.0269108800016
209.573475731	0.0230715620921
195.633756499	0.0269753107685
204.10724127	0.0245394269324
207.977263279	0.0234475659015
152.313792637	0.0438934309145
140.795452558	0.0493779279736
138.963664872	0.0510172176099
151.939424744	0.0440573502739
181.582336101	0.0316754176313
136.193476251	0.0525692594297
180.971430222	0.0318508767918
194.567212616	0.0273508429647
191.427790985	0.0282822835186
126.971377835	0.0583200513293
200.572754183	0.025487948822
190.902989844	0.0284280366521
219.032071763	0.0206892663253
201.269915793	0.025296367487
209.443444975	0.0231158944553
190.839358618	0.0284777112799
141.935313495	0.0490518180945
210.951598103	0.0227169527558
172.831822165	0.0347807298878
171.13321403	0.0353758854058
172.006403856	0.0352111349316
173.868290935	0.0344850683217
164.714143989	0.0381775700314
181.03959399	0.0317634797588
191.382865503	0.028358271169
183.129399193	0.0310198253121
188.417609668	0.0293234814236
189.69885025	0.0288482719363
197.206000615	0.0264883158733
188.792072236	0.0291058212895
199.204651964	0.025905698664
167.869612836	0.036822689197
200.218266057	0.0256106374452
166.563443061	0.0373743207348
182.197863972	0.0314000731319
159.654532431	0.0403837688162
162.158713202	0.0393374434875
152.567607728	0.0436934262182
163.553601056	0.0387286707883
175.953416532	0.0335732700683
182.830683912	0.0311792029765
189.367242464	0.0289514361272
161.827142222	0.0394584968012
178.515475498	0.0327330556142
168.858011076	0.0364659835303
194.853147166	0.0272067314481
180.794868222	0.0318887597141
179.263487521	0.0324453045043
176.981335925	0.0333202659782
171.648621319	0.0353289059442
166.198496275	0.0376101954096
145.20955451	0.047156390284
179.073991838	0.0325761253645
142.878538488	0.0483093703312
203.733738464	0.0246033201453
158.442498574	0.0406986578443
170.587806382	0.035803490558
184.063544556	0.0307421715088
159.639763875	0.0404630988784
174.607344078	0.0342050883639
189.20380304	0.0290045974951
173.322592105	0.0346329693583
204.942788231	0.024269503013
194.016485578	0.0274810462458
184.106618797	0.0307342669099
159.169990618	0.040637199914
167.420896028	0.0370746249531
217.45687267	0.0210465640275
153.475478211	0.0433225705724
195.243651304	0.0271413335292
202.469973785	0.0249583022233
176.52971901	0.0334374818334
215.828427787	0.0214901775124
156.76958489	0.0416666465662
222.00701195	0.0199940511495
166.544709762	0.0374192208942
200.399944211	0.0256036468665
195.619769452	0.0269806657392
220.94590396	0.0202396910353
210.765678559	0.0227125550759
166.727578664	0.0373670614683
169.905095616	0.0360331537947
189.041547813	0.0291026760093
155.056526351	0.0425479517161
211.830541218	0.022486087542
165.012379674	0.0380634840848
192.805062946	0.0279057348522
186.353228076	0.0299372158528
214.020904254	0.0219457481189
176.102163424	0.0336413276811
204.973129587	0.0242622365665
164.770877149	0.0382076412945
207.704900962	0.0235677495418
149.807517181	0.0451919249577
203.704938149	0.0246178162853
152.037547107	0.0440791810225
168.005313034	0.0368666539639
189.790783793	0.0288075685273
179.350018159	0.0324335028579
178.426612172	0.0327442121209
165.278146925	0.0379597113334
186.037127304	0.0300681970488
201.006008133	0.02538696105
196.16696611	0.0268105373963
206.377648306	0.0238841340891
204.760162691	0.0243264740583
229.476739802	0.0184092369249
210.200114349	0.0229032438474
227.306711015	0.0188891018301
221.932807325	0.0200675352641
190.159837935	0.0287095838487
199.346299562	0.0259160400611
189.024643656	0.0290660930509
195.461373056	0.0270779011385
191.131930392	0.0283860203141
207.782267418	0.0235400846976
211.913985356	0.0224574670989
189.676523	0.0288614939159
189.388126122	0.0289463272669
226.608360158	0.0190361260833
207.846011063	0.0235114382949
188.740156764	0.0291640495576
200.072786847	0.0256822642403
217.530385212	0.0210834536463
211.858724261	0.0224270863699
226.156222331	0.0191295690928
204.04715518	0.0244883152139
179.812985803	0.0321555300267
182.315280341	0.0313639296241
161.194441374	0.0394192612813
170.693225185	0.0356829813937
196.631832909	0.0266636344313
198.938309762	0.0260124710346
147.172599894	0.0461357264628
171.549974917	0.0353896780065
194.828239699	0.0272071787999
212.039222892	0.0224127845913
195.570573966	0.0269722190936
143.434798883	0.0478585884716
170.118683588	0.0359724403055
200.717630757	0.0254708787128
214.938206396	0.0216703585394
219.868845867	0.0205318998648
181.253610599	0.0316536197633
171.50414583	0.0353772054774
182.117477073	0.0313769055721
211.281977606	0.0225971469377
212.504796024	0.0222680889979
140.536585545	0.0495135159998
161.981874933	0.0394048789848
190.584389194	0.0285809537916
176.072623261	0.0334763475839
221.762129391	0.0200566226074
125.063476777	0.0586087630225
124.822968135	0.0587807885082
147.030818963	0.0461268919755
185.637619289	0.0301384089682
193.07764613	0.0277735228179
159.473064181	0.0401717727548
224.469082043	0.0194833292289
161.896722218	0.039066922072
175.643167551	0.0338111749541
207.341561232	0.0236010756825
149.805988636	0.0446356485396
193.714415802	0.0276083375149
143.082709754	0.0480007503113
178.694091859	0.0325721469838
227.229293145	0.0188755612778
168.240504134	0.0365223607203
185.685801201	0.0302431682964
164.046350113	0.0381186104425
203.496251118	0.0246915573484
148.825624215	0.0452492080081
201.614314156	0.0252489946144
167.046755504	0.0369177113108
169.50458756	0.0360616725205
171.427980721	0.0351953515158
219.670964753	0.0205240905748
154.936914431	0.04214365143
221.013369726	0.0202280111468
162.268426909	0.0388841865543
212.034229016	0.0223924370077
159.881250817	0.0400029504151
185.015689067	0.0304190715161
166.706121585	0.0370687613995
187.277588609	0.0296419076841
174.43526944	0.0340585167092
213.058066393	0.022123079493
183.590501776	0.0307890306543
214.938626604	0.021657829171
180.353144321	0.031985721277
201.702241938	0.0251667781016
166.539311653	0.037388014742
175.418086256	0.0339278564321
169.877158732	0.0359274690323
182.253069711	0.0314269986378
173.924716532	0.0343676498475
193.287012563	0.0276823362429
198.351810278	0.026102022482
177.018629527	0.0332850884915
196.686296814	0.0266411432277
205.678829808	0.0240541147008
203.557528775	0.0246330260807
227.944526701	0.018703669469
186.05125343	0.0300518154775
217.423081856	0.0210655719226
184.90889329	0.0304505931291
207.136579742	0.0236685293473
215.908280211	0.0214428198035
200.619290981	0.0255013105604
196.687674501	0.0266577302982
190.39853037	0.0286240394424
226.657382158	0.0189622708847
218.422839096	0.020839715104
199.970620344	0.0256865245954
232.934213037	0.0176783520435
191.520927677	0.0282709904461
230.829246784	0.0181496296192
202.379904853	0.0249978664956
227.689589287	0.0187642919135
236.052241455	0.0170810131391
195.889649071	0.0269067352831
230.034694311	0.0183028530252
205.997584751	0.0239886549666
209.107246355	0.0231855359692
224.237610796	0.0195104075714
237.441967777	0.0168329731089
235.549946197	0.0172071196295
214.673197228	0.0217493359125
217.928336536	0.0209547607333
204.69098569	0.0243782626119
209.241387375	0.02311305663
206.505549818	0.0238524073707
225.090404715	0.0192966699851
222.437764199	0.019917315157
219.256133385	0.0206219534614
199.134010265	0.0259278518834
230.4398871	0.0182094864257
206.04377463	0.0239739284356
223.823642136	0.0195908591463
227.128022269	0.0188751196604
212.657818154	0.0222193036499
209.190238211	0.0231619522628
217.371344458	0.0210541002652
218.190859373	0.0209144665785
209.347366981	0.0230716940958
197.650422429	0.0263536254186
201.620059651	0.0251911901576
208.88202888	0.0231954067666
220.774366006	0.0202685657295
206.972512809	0.0237107483019
212.592881902	0.0222496290816
206.293609201	0.0238902224754
219.916404902	0.0204810088522
213.782994397	0.0219407273718
231.214496142	0.0180544462795
223.850074398	0.0196172803014
224.128920838	0.019520256148
208.671917948	0.0232873080121
212.974304762	0.0221468948653
208.566308847	0.0232795188658
217.008057949	0.0211552900534
205.34052421	0.0241521744968
228.491254594	0.0185845391368
212.864193404	0.022158438626
233.523003049	0.0175548017078
206.887196913	0.0237259895787
217.161171171	0.0211515772429
212.492574001	0.0222722287415
209.060244688	0.0231818912804
207.255929632	0.0236711875028
209.658410188	0.0230243030856
218.165009616	0.0209269980823
217.513596196	0.0210384293521
233.988345587	0.0174742805893
221.082583209	0.0202271257218
236.022214699	0.0170821427196
206.074227669	0.023983512861
226.658460697	0.0189976535049
212.944395878	0.0221927513003
234.181145593	0.0174516697909
204.302515961	0.0244415356699
239.857130566	0.0164105291581
215.680901367	0.0215024542197
219.073139329	0.0206838541197
231.587924353	0.0179727083403
221.004670976	0.0202249185771
218.197336754	0.0208974670902
212.719026257	0.0222255154348
224.470456393	0.0194616950357
224.988409085	0.019316539204
231.69198795	0.0179435959447
218.322401985	0.0208255364681
219.278674439	0.020636343419
214.707368776	0.0216950474932
216.737718101	0.0212258513473
207.836275586	0.0234782542492
219.487988691	0.0205904614248
196.9414644	0.026525269208
227.517465195	0.0187985631717
191.707982138	0.0281423579582
238.074752965	0.0166825808708
199.309291086	0.0258268111869
215.77242425	0.0214819135739
200.605325191	0.0254324063303
226.770406776	0.0189826018208
192.855286366	0.0277488457371
235.002171851	0.0173131638858
207.077993641	0.0236643129101
235.098479502	0.0172443209781
219.464931649	0.0205504424215
211.796762041	0.0224599638126
218.134279976	0.0208677309372
207.685323915	0.023523710596
227.60911883	0.0187773797609
227.2171442	0.0188562608596
230.454388318	0.0181671223151
221.410468648	0.0201693924279
235.553568657	0.0171947438881
221.121222158	0.0202353983597
220.172860488	0.0204057651444
212.848783129	0.0222214546559
223.709959727	0.0196105199933
213.159065769	0.0221447740637
228.95385094	0.0184866083024
226.972866456	0.0189183999022
243.889828183	0.015652738044
232.561735615	0.0177777400072
231.781375031	0.0179058658589
228.689438563	0.0185668485224
242.14812321	0.0159497745359
229.993951684	0.0182986137601
247.125618211	0.015085919575
235.295055541	0.0172402798811
246.007916324	0.0152817906769
243.440052687	0.0157406534851
230.972945793	0.0181050015039
234.066718089	0.0174814297775
231.811982925	0.0179362050917
236.258565362	0.017056337343
241.423217737	0.0160889444116
234.788119324	0.0173403090407
231.369224536	0.0180236116926
235.674719344	0.0171561245766
230.932825748	0.0181128013623
228.884754174	0.0185081961393
240.257462528	0.0162989395771
225.264993459	0.0192824210143
222.960031232	0.0198055642698
239.48527712	0.0164365663568
231.1270967	0.018061864606
232.117624483	0.017840943573
225.177658485	0.0193181836246
232.453234896	0.0177784025024
225.079710452	0.0193392415931
235.424945954	0.0172012082058
225.888321697	0.0191606165015
242.079078939	0.0159996084319
221.864223616	0.0200566132553
223.964636205	0.0195583407731
233.210556082	0.017612562757
239.287341536	0.0164798908344
237.106247531	0.0168691639325
235.015100052	0.0172897689343
208.410122742	0.0233454083491
228.694107703	0.0185742967646
225.326226718	0.019290545509
225.575752962	0.0192390310581
242.178868104	0.0159231059853
226.981862005	0.0189225259717
229.057618458	0.0184685255354
235.27953139	0.0172425750506
226.716185862	0.0190038224695
234.842686427	0.0173121879059
240.254694439	0.0163029196502
237.927981017	0.0167776511865
219.272827284	0.0206542833862
227.700145057	0.0187879911761
232.933621765	0.0177115614138
231.553409978	0.0179500302391
226.697259976	0.0189922805613
230.561941481	0.0181833861181
214.808508228	0.021708223589
229.363230595	0.0184222597682
250.049971241	0.0145963244208
236.626106293	0.0169832938897
237.879075981	0.0167359760054
225.788003791	0.0191294071559
238.179787988	0.0166755832233
230.205487153	0.0182126118473
236.602817853	0.0169778352508
227.231657778	0.0188698260089
238.184209153	0.0166803635974
214.988576047	0.0216487822321
215.325986299	0.0216112067043
239.305290582	0.0164775078928
232.75292498	0.0177128892844
233.001351263	0.0176556180476
239.562939539	0.0164147608799
226.059392597	0.0191010587496
244.451330804	0.0155639241917
245.098490683	0.0154407700029
237.684611487	0.0167989126984
243.691652547	0.0156721347266
246.840856875	0.0151517851711
248.952388316	0.014770139493
249.283540133	0.014724931814
234.86085669	0.0173205309567
237.055405833	0.0169111419284
245.831042588	0.0153152225595
237.370154579	0.0168449134428
244.02092993	0.0156410645658
244.749130943	0.0155200925766
238.896636613	0.016568040499
246.144032638	0.0152657202525
236.878989422	0.0169400281619
252.225654067	0.0142535136324
238.021821792	0.0167393232129
251.797458431	0.0143289932393
239.073648959	0.0165390844686
249.728522106	0.0146605197729
243.539480051	0.01572351786
253.505476618	0.0140695558903
244.443447596	0.0155725083517
241.158861044	0.0161255921387
237.718389896	0.0167775909205
251.649273445	0.0143776118461
247.456750356	0.0150282639528
244.461370541	0.0155492642829
240.4089989	0.0162830850582
245.780665274	0.0153257076432
245.123813625	0.0154568326028
252.711415888	0.0141598218272
242.267924233	0.0159449467758
236.449012727	0.0169990451176
244.48221471	0.0155475615395
249.193427416	0.0147514253667
250.57434647	0.0144966780667
244.967004174	0.0154630009085
251.183763101	0.0144101038875
241.751490865	0.0160263403618
248.434466397	0.0148742442592
247.466662996	0.0150379697333
241.601998939	0.0160463035368
252.335109412	0.0142277928793
254.63570579	0.0138889139836
247.654919671	0.0149969728215
249.755488762	0.0146851708981
249.485497802	0.0147081207742
238.655604154	0.0166234663518
240.530348864	0.0162438383885
236.621855728	0.0169625749347
239.917699899	0.016380532891
245.95343306	0.0152715390333
239.396231609	0.0164910932549
244.925272007	0.0154647397705
239.964224642	0.016349629759
249.15609585	0.0147678858475
244.535015695	0.0155179637356
245.374155564	0.0153750738018
245.951764111	0.0152941931261
244.012699995	0.015606962461
245.45010279	0.0153744477712
237.697763909	0.0167644256682
236.368020843	0.0170531063785
247.335477938	0.0150547007401
237.246450668	0.0168736809615
243.26268389	0.0157529097072
239.846372068	0.0164289500701
238.160232654	0.0166778167184
250.339008938	0.014559238934
253.560633816	0.0140326916003
253.49144378	0.0140609825982
240.892328375	0.0162056824514
253.083575252	0.0141401276765
246.720777844	0.015173680949
249.581144846	0.0146870204191
243.038646611	0.0158228194217
249.921976712	0.0146339760372
247.30319105	0.0151057958742
255.836084026	0.0137059494036
239.147060653	0.0165088291319
255.232847486	0.0137677667518
241.309984401	0.0161112813888
254.746143166	0.0138573599158
245.015303073	0.0154668798875
255.704547979	0.013696798219
251.895593999	0.0143083258079
254.161803107	0.0139569840461
245.449530826	0.0153722526437
253.159568121	0.0141011339492
244.920949465	0.0154589570053
256.225762442	0.0136472800509
250.242957261	0.0145666773025
251.833843924	0.0143201904357
248.447594201	0.0148594029586
251.127886665	0.0144353992053
250.604137987	0.0144972387144
254.480950703	0.013921293035
252.042214652	0.01428874427
255.647272263	0.0137209953783
254.163785651	0.0139687609532
251.822494105	0.0143549353691
249.327029458	0.0147139655698
248.282396182	0.0149300091988
246.043987399	0.0152712665249
249.31134173	0.0147394067536
251.219879629	0.0144104498055
244.125940152	0.0156495686038
250.8511686	0.0144743175731
251.132851987	0.0144575441704
255.722772977	0.0137234365208
253.587813937	0.0140637440861
254.990560602	0.0138362055188
254.103959912	0.013989081877
248.37764218	0.0148914529284
253.265530897	0.0141007967525
249.480381012	0.0147135313995
247.835765422	0.0150031042475
255.373633867	0.0137915736571
256.940023176	0.0135489072621
256.305855372	0.0136425475533
259.509299541	0.013151304214
246.867879474	0.0151674265756
257.77033056	0.0134169658219
249.94679061	0.0146527678206
257.374719589	0.0134805275098
248.970562942	0.0148112587736
258.131004068	0.0133231124227
252.386121609	0.0142483237907
256.329883184	0.0136216743182
255.755622182	0.0137270413282
254.111565181	0.0139559281811
252.145627031	0.0142774045575
254.227104033	0.0139442706379
251.890023536	0.0143143653735
254.091717997	0.0139717629996
250.610713521	0.014521151237
256.582215594	0.0135596807607
246.935020337	0.0151394426332
254.990311955	0.0138403608051
253.215254987	0.0141082484851
251.690315844	0.0143501070621
248.547570457	0.014861897701
259.800671838	0.0131027926114
256.950118785	0.0135366676603
258.89295374	0.0132492331404
248.806740617	0.0148313700387
253.898819511	0.0140124752155
248.459515087	0.014871453105
256.386875837	0.0136254965613
255.57203265	0.0137315213298
255.396885128	0.013791808634
256.661145583	0.0135668046916
256.565220486	0.0136004763606
255.187559072	0.013775045745
252.841450812	0.0141861906789
258.228101317	0.013339610224
253.70493551	0.0140397394192
257.633213556	0.01343327752
252.044887239	0.0143066174574
255.581679985	0.0137368307179
256.173344884	0.0136631271349
258.499440372	0.0133171027493
258.50651576	0.0133113406622
258.827027021	0.0132591524502
258.30253777	0.0133439068796
259.716879316	0.0131261761556
256.835377847	0.0135541724669
257.746334823	0.0134302172447
257.890662049	0.0133954109186
257.234547244	0.0135226531771
259.422526301	0.0131570924054
250.637919946	0.0145462154663
252.638611326	0.0142121484752
255.125359182	0.0138288042614
256.996545232	0.0135190845251
256.794067206	0.0135945773585
256.102067607	0.0136551383361
257.067697964	0.0135488123575
255.582982094	0.013742708068
253.815336001	0.0140376448419
257.611460437	0.01344957111
258.171246	0.0133724454552
252.796043166	0.0141752122221
255.129682205	0.0138110343759
258.119866818	0.0133708098878
259.293227575	0.0131932249278
257.1234773	0.013511392072
259.767656844	0.0131108987606
257.20573165	0.0134999670814
259.16091887	0.0131832679379
257.238834334	0.0134922577826
257.222012975	0.0134816610213
254.931118648	0.0138406897728
252.309378489	0.0142414070556
258.88944953	0.0132581296509
255.727957984	0.0137106708018
257.221792544	0.0135162750762
254.423513734	0.0139214047243
257.616744377	0.0134636439512
257.284843916	0.0135072910319
256.117246871	0.0136830121941
254.372055776	0.0139263505046
257.797598588	0.0134198168073
255.300496859	0.0138036769084
256.331603683	0.0136531658914
257.408704162	0.013487380521
261.085092944	0.0129248154097
255.571853913	0.0137718666448
260.342920057	0.0130631808081
255.556387795	0.0137704417666
260.17471108	0.013058184586
256.423295437	0.0136400611199
259.32328649	0.0131766731203
258.708524808	0.0132959263218
261.305817044	0.0128993355527
258.899187462	0.0132631661123
261.24298016	0.0129121283112
257.289600774	0.0134917470175
261.109245418	0.0129198664003
260.539927751	0.0130324131333
262.941511948	0.0126565609073
262.539566604	0.0127337645628
260.614004377	0.0130077446311
258.902907931	0.013268952471
261.612708493	0.0128821944681
260.932004524	0.012965102769
261.314367472	0.0129178041976
257.521576503	0.0134575086165
261.095587309	0.0129365670982
259.204458244	0.0132132747432
260.84324617	0.0129501919269
262.315072079	0.0127748571009
263.528460342	0.0125474853343
258.347657303	0.0133433803225
263.531231859	0.0125668095554
264.643274663	0.0124360814373
264.771129285	0.0124112148585
262.891370588	0.0126776784826
264.669665506	0.0124290663568
259.824116935	0.0131209034511
260.103351137	0.0130644816172
256.610073694	0.0136119104706
233.688209657	0.0175555657509
250.05766887	0.0146046723351
257.118107374	0.0134679477023
248.011105802	0.0149449476196
253.229268349	0.0140717760238
253.672039273	0.0140055774526
253.439421139	0.014036060596
253.339969968	0.0140606926576
251.230916935	0.0143846484518
254.394361462	0.0139408706226
253.817786621	0.0139668396821
251.209715899	0.0144188736987
249.111404138	0.0147259882507
250.380444791	0.0145780063834
250.6431542	0.0144844751496
246.483035242	0.0152095339809
246.804738177	0.015101502799
253.902358206	0.0140118980623
243.567484622	0.0156636594659
246.427589227	0.0152200035761
249.348827773	0.0146827932008
248.886908481	0.0148203282649
251.965449421	0.0142871908528
254.865417985	0.0138676288194
249.727340193	0.0146550763197
249.825877077	0.0146951806166
256.127487657	0.0136410106709
254.804031485	0.0138995212433
250.992359631	0.0144639049347
251.666545961	0.0143993908452
251.752223843	0.0143422857532
250.452916803	0.0145748000636
251.375213432	0.0144083884995
250.515656243	0.0145628307223
251.557565578	0.0143740768659
251.328643669	0.0144349467966
252.108696301	0.014286001572
248.817689654	0.0148634755412
257.969079054	0.0133672044661
253.074247271	0.0141714562609
254.229039702	0.0139281191349
253.872298288	0.0140488257078
256.712783461	0.0135409749193
252.580651181	0.0142279538273
254.07284426	0.0139490470686
258.3799914	0.0133416728514
260.204690416	0.0130439819278
252.981969848	0.01416493383
257.181035015	0.0134795252538
251.620347019	0.0143810786269
257.987700209	0.0133714204467
258.214275971	0.0133708231648
259.084765237	0.0132010635576
259.731866256	0.0131387984677
261.625316629	0.0128298460839
259.785379521	0.0131463369819
263.561847984	0.0125668855301
256.710466976	0.0135847374654
261.869265041	0.0128080127423
254.313830021	0.013949769153
259.949039624	0.0130837759993
260.607980425	0.0130052352034
264.436333765	0.0124411924804
259.701164843	0.0131396670843
263.294798041	0.0125908712071
258.717612025	0.0132773361646
262.835873137	0.0126609424861
258.566067131	0.0132969592828
260.95481367	0.0129099387243
256.588204338	0.0136006797523
261.106807129	0.0129025840921
256.755429022	0.0135741463443
259.867962029	0.0130801097155
256.244487328	0.0136499346923
260.53355358	0.0129810587609
261.809978304	0.012835037485
264.90063243	0.0123605077046
259.404857583	0.013177819133
263.136268578	0.0125991909607
261.176845819	0.0129236318957
266.08940909	0.0121984633846
262.696765426	0.0126895272146
265.991501225	0.0122160251832
261.343996222	0.0128570204072
263.562922513	0.0125617461246
260.991320512	0.0129052233907
264.129192895	0.012493475779
260.914734363	0.0129492077871
264.631868222	0.0123997000693
260.592207608	0.0129890414795
264.838513289	0.0123667331743
261.514184565	0.0128534880092
264.784357343	0.012386100081
260.72303993	0.0129619870384
265.409170752	0.0123047773777
261.692505169	0.0128300490484
265.739081881	0.0122621964485
262.188628603	0.0127623548296
265.145347942	0.0123458237217
260.786166957	0.012944048139
264.299220291	0.0124620328437
261.98303984	0.0127838931077
265.017648914	0.0123357140402
259.576263495	0.0131313177215
264.778373941	0.0123689963584
261.47015348	0.0128441337049
264.234938238	0.0124640153658
260.449781114	0.0129962411647
265.058261344	0.0123501185945
260.836917084	0.0129580985465
264.277786212	0.0124567944764
261.24274457	0.0128816961503
265.013470678	0.0123278417465
261.778022325	0.0128168743373
264.323592487	0.0124319577928
258.636810277	0.0132593876977
263.693869927	0.0125338368815
262.071294419	0.0127630923064
263.537639888	0.0125470651022
260.069054704	0.0130675720807
264.149886027	0.0124580369105
262.702019364	0.0126774738698
264.187565381	0.0124737360341
262.545094817	0.0127107926082
264.570661522	0.0124216051973
262.395066906	0.0127133334402
264.239016005	0.0124449201319
261.786835779	0.0128129460709
262.951061317	0.0126293622037
262.2454081	0.0127495208412
263.783332676	0.0125297770884
263.116352918	0.0126278581178
261.94565062	0.0127778221631
261.958673014	0.0127737590969
264.200038615	0.0124606031201
261.922163924	0.0127990985423
263.746335026	0.0125246402922
261.812189035	0.0128022390665
264.58942436	0.0123847278435
262.95207035	0.0126514479036
264.576312702	0.0124183727094
262.708656819	0.0126708625373
264.687905951	0.0123737842704
263.394955664	0.0125612719543
263.0945215	0.0126121344236
263.117307099	0.0126193471239
264.571532958	0.0123966545594
264.538853854	0.0124160745137
262.947603538	0.012621361216
262.613761481	0.0126993124362
263.407219186	0.0125915646673
264.753444965	0.0123954206722
264.320012451	0.012429304248
263.325448054	0.0126042095128
264.426983399	0.0124070091429
264.428730319	0.0124287143294
261.721728652	0.0128120253106
264.053600384	0.0124816415825
262.548249094	0.0127062142942
264.377117033	0.0124184578309
264.552349601	0.0124273747654
263.586198622	0.0125528482574
261.759670838	0.0128113203298
263.25631353	0.0125949193157
262.786732156	0.0126656391494
263.574704309	0.0125495728675
264.802271622	0.0123684072872
264.469626868	0.0124347009444
264.200174269	0.01246250885
263.586764232	0.0125568934985
262.872087606	0.0126555532155
262.689754402	0.012685432718
263.213561668	0.0126010607394
264.748209891	0.012379579618
263.556591067	0.0125412088094
264.371369572	0.0124249666553
264.226959156	0.0124535215567
264.903009866	0.0123545849131
264.986836389	0.0123424229628
264.845719654	0.0123625741761
265.041069044	0.0123271926975
265.179132123	0.0123206242871
264.913088304	0.0123734808544
263.330497344	0.0125817417234
264.724196769	0.0124004429264
263.656575246	0.0125435173114
263.489613385	0.0125599886792
263.508050338	0.0125571580824
263.934258159	0.012484714364
264.56564061	0.012394831948
264.079353134	0.0124623652783
264.603882089	0.0123899030114
265.361337225	0.0123023416173
264.38509633	0.0124228971134
264.176813303	0.0124528305081
264.003914731	0.0124824665725
263.939647576	0.0124939791412
263.619028227	0.0125363800382
263.974897612	0.0124875822245
262.947748058	0.0126366982129
262.277197213	0.0127149109308
263.141988809	0.0126042415107
261.681828876	0.0128206251905
262.84787644	0.0126365945261
261.373101115	0.0128663356205
262.452058987	0.0126920725321
261.46392422	0.0128523402603
262.932169018	0.0126369969248
261.244142713	0.0128850224621
262.406753714	0.0127069778175
260.968099595	0.0129051842659
262.973291148	0.0126268117931
261.330875614	0.0128712426462
262.267181921	0.0127236044808
262.032846782	0.0127657252729
262.701673063	0.0126741005899
262.594034031	0.0126795988484
262.33774406	0.0127064895197
261.697270376	0.0127978061903
261.728098623	0.0127915543548
261.639580065	0.012818811274
262.609750761	0.0126854826373
262.790427212	0.012653275106
262.550029867	0.0126774937929
261.552118533	0.0128178617144
263.262653982	0.0125949534486
262.538280705	0.0126835025132
263.826535028	0.0125073782768
262.997330984	0.0126261441033
263.96742962	0.0124937375599
262.912944453	0.0126378262604
263.796018318	0.0125168483201
263.239034318	0.0125940850589
263.418654156	0.0125637549959
262.774610444	0.0126609514687
263.824008672	0.0125119192582
262.847470708	0.0126505529137
263.741311398	0.0125248156864
262.704822922	0.0126561425281
263.84542453	0.0125067323435
263.068610957	0.0126152799929
263.175875061	0.0126015136055
263.318057293	0.0125736599003
263.187757918	0.0125868944826
263.342295096	0.0125778551635
263.617559788	0.0125413423756
264.169602057	0.0124582542926
263.398784487	0.012557549149
264.297197375	0.012441315538
263.830870507	0.0125090183885
263.861824948	0.0124946998044
263.755970101	0.0125087732937
263.543459366	0.012536629817
264.484902691	0.0124156316654
263.712012504	0.0125133329358
264.548166044	0.0124059920201
264.277819457	0.0124448956622
264.362609384	0.0124255424922
264.240563403	0.0124430772122
263.88814542	0.0124877927462
264.668375699	0.0123869275526
264.780839689	0.0123692637126
264.34665002	0.0124276982087
264.586256252	0.0124013215677
264.234229782	0.0124399695774
264.38014456	0.0124222173201
263.990668955	0.0124728183371
264.820648921	0.012366547826
264.479357645	0.0124074738326
264.361132353	0.0124218607386
264.70229575	0.0123823808019
264.341834249	0.0124230202513
264.93896615	0.012346978248
264.270046145	0.0124319537013
265.013551972	0.0123363762201
264.932838971	0.0123494772109
264.435469653	0.0124184005118
265.315893567	0.0122923158633
264.563705784	0.012400426001
265.333686476	0.0122940841562
265.048308409	0.0123268033509
265.168120239	0.0123177427783
265.441152612	0.0122784711014
265.251355101	0.0123067464642
265.434401215	0.0122724973617
265.777987333	0.0122271471479
265.496634576	0.0122615603717
266.110687556	0.0121894908215
265.726097123	0.0122410279593
265.989885537	0.0121965884161
266.168475139	0.01218086871
266.026509643	0.0121905993167
266.533608721	0.0121284774799
266.403766992	0.012149814166
266.543038957	0.0121246280095
266.851266223	0.0120839857838
266.540752289	0.0121221873197
266.71300016	0.0121011110732
266.662462913	0.0121078336451
266.541389991	0.0121260928807
267.092329804	0.0120563012483
266.9310953	0.012074256749
266.624202818	0.0121154742274
266.915753045	0.0120845386188
267.045564024	0.012066668724
266.612022903	0.0121202068016
267.027916397	0.0120691483388
267.022205037	0.0120707704961
266.832272277	0.0120880202127
267.05510747	0.0120649525659
266.767224939	0.0120962413576
266.679033273	0.0121082646918
267.023822646	0.0120662065379
267.020803187	0.012063143378
266.945433144	0.012071872262
267.078808292	0.0120582196367
266.720054154	0.0121012703166
266.657465209	0.012111255038
266.903246047	0.0120810567775
266.906326521	0.0120756713923
266.943626324	0.0120716278351
267.0041717	0.012066441591
266.595301771	0.012119486623
266.596768786	0.0121220726589
266.616761771	0.0121190108902
267.003742784	0.012069930717
266.965638899	0.0120708022754
267.041018652	0.0120620058503
266.679733775	0.0121063922749
266.641353158	0.0121108542076
266.839255863	0.0120885468807
266.79554468	0.0120887395678
266.726022909	0.0120988958504
266.938978184	0.0120715848569
266.660931598	0.0121070161229
266.577634461	0.0121180031101
266.83481789	0.0120861372873
266.713902899	0.0120988415027
266.529423554	0.0121249620266
266.755056204	0.0120952448394
266.565655421	0.0121187217196
266.361299909	0.0121496549645
266.727374767	0.0120994098754
266.767488072	0.0120928541628
266.57383316	0.0121177773468
266.760474315	0.0120964263914
266.849280299	0.0120874223369
266.824896566	0.0120902398372
266.627079068	0.0121114394359
266.684603156	0.0121022299162
266.595921655	0.0121135912421
266.754161939	0.0120978831066
266.773961001	0.0120976404642
266.78035375	0.0120954181914
266.53497743	0.0121219229417
266.696496026	0.012101273028
266.766854446	0.0120936049066
266.71551821	0.0121026692349
266.730538901	0.012098986822
266.660977444	0.0121059321629
266.504280685	0.0121312775804
266.638026079	0.0121100325202
266.709988433	0.0121019319594
266.442282189	0.0121421248578
266.558899065	0.0121281299387
266.66630528	0.0121139429076
266.828838008	0.0120929123995
266.856078397	0.0120865425758
266.951265565	0.0120757950413
266.846310902	0.012090650417
266.825731731	0.0120907327017
266.860650912	0.0120885550292
266.680689902	0.0121128819632
266.893626663	0.0120886639162
266.586884172	0.0121272616081
266.64750986	0.0121173246869
266.792404213	0.0120950447364
266.885188406	0.0120815343707
266.84128353	0.0120836593485
266.855930228	0.0120830308149
266.652942543	0.0121087559967
266.850507387	0.0120891592719
266.751131056	0.0121021141524
266.934148067	0.0120766774024
266.702970973	0.0121075460988
266.71918545	0.0121022920899
266.800398526	0.0120964137843
266.960628728	0.0120771113645
266.812760069	0.0120962546984
266.735556891	0.0121079481608
267.002017243	0.0120694482658
268.940195493	0.0118235197547
270.606536463	0.0116118530166
271.712082968	0.0114676086828
272.812570711	0.011333719134
273.777377534	0.011213709021
274.665153869	0.0111045774016
275.637495764	0.0109838301152
276.332730719	0.0108944456989
277.08498218	0.0108012452199
277.821544545	0.0107124712616
278.556561453	0.0106238749904
279.223205424	0.0105460891461
279.793483503	0.0104793090093
280.392499098	0.0104094220595
280.909292269	0.01035060271
281.381640692	0.0102962575867
281.928438961	0.0102337566803
282.377614899	0.0101834147252
282.841744159	0.010131313627
283.254479786	0.0100853654535
283.650742213	0.0100398958171
283.987151404	0.0100025439032
284.470334805	0.00994923232478
284.640235568	0.00992865945276
285.005604706	0.00988913854253
284.983443839	0.00988798898599
285.235812837	0.00986049525256
285.439539686	0.00984245332778
285.370815659	0.00984675923884
285.372172615	0.009845338265
285.280906942	0.0098561958211
285.182657742	0.00986783726752
284.978175031	0.0098929546353
284.651179542	0.00992977440485
284.283269859	0.00996807472032
284.002189219	0.010002583029
283.427667817	0.0100646272767
283.041113303	0.0101110767741
282.505477231	0.0101711141072
281.9832411	0.0102304953024
281.404690598	0.0102969125211
280.813864409	0.0103640778112
280.270387276	0.0104264039512
279.84584993	0.0104782149047
279.138268761	0.010559694788
278.46216921	0.0106409254381
278.31437814	0.0106623506923
277.98226583	0.0107005709156
277.349847791	0.0107783096629
277.093685332	0.0108074504163
276.762856991	0.0108491466689
276.160064416	0.0109249402961
276.164170243	0.0109248469501
289.836639751	0.00936646955914