-67.9561225146	0.521748926243
3.46636965637	0.23297848549
44.0556869115	0.143735842729
37.9848586926	0.157017809036
-8.46060964692	0.259616992241
-11.485417618	0.273776235871
-20.5331448095	0.299369610689
-15.6725818708	0.288493239146
52.5244429897	0.131643624622
-9.67341695564	0.270822835552
-41.3896399473	0.386418207105
-31.1896831257	0.340291667198
154.050378028	0.0431511920679
-16.351030928	0.285593339013
-9.02310574835	0.267987424122
18.5962303412	0.189336448556
-62.5832956248	0.489787223414
4.13475517335	0.22738193855
-16.5696064267	0.286153301009
2.31261122898	0.229947971568
-26.5163525782	0.325072728778
114.174849714	0.0675800237091
-24.9785833539	0.321250883592
41.4071180231	0.14993254708
-57.5210511659	0.46373222109
7.79565574757	0.22068916751
3.76780126223	0.232611170913
-51.9442047497	0.432410269206
28.7427956777	0.167157160448
3.33355503493	0.231726559502
-57.7207323204	0.465104581796
-28.5214089982	0.327449921784
14.1438139707	0.203227325058
-32.4034796519	0.348675745661
40.1870239434	0.14969585768
61.4097304152	0.121104477054
72.5662846703	0.107643353181
-75.4953831611	0.568594162374
40.6707032431	0.148678181103
-20.0484745872	0.3030278032
31.0798994646	0.165875980915
-6.62963931497	0.261217148027
-26.5476242003	0.327424498313
-2.10639366635	0.248589969411
16.2604039714	0.202091099732
31.9503156811	0.169309702654
60.0300887451	0.123429624096
50.3445612324	0.137130004788
57.2839567426	0.126126597849
83.5216647993	0.0940505132174
46.1943183324	0.14323207897
99.0261260063	0.0789840739225
53.4093713057	0.131908630563
57.9275640086	0.124994331342
50.9678257684	0.135750827631
71.524559693	0.107891014326
49.9526728487	0.137466674546
64.527996019	0.116407367984
51.0956095008	0.13565458013
62.416596339	0.119257808751
56.8088771628	0.127095144791
60.9038454103	0.121297495732
58.10906943	0.125043416757
47.0548031081	0.141269734351
82.7478324146	0.0948663105377
60.0708759715	0.122472522679
72.1905289017	0.107257356942
134.462659062	0.052804297402
37.1366549626	0.158822424451
54.537094549	0.131126649615
83.5424590431	0.0948327126913
124.21651371	0.0597305572414
23.9442015962	0.184638801391
61.6909252083	0.120091364205
16.009976034	0.202257916816
120.915554359	0.0616143225779
73.9722302383	0.105489547064
163.685106166	0.0380931858708
21.5830207187	0.189914091231
7.76838377476	0.222152904819
73.7410927226	0.105998953074
124.218731366	0.0599229652791
22.7127429098	0.186940200089
44.7291053115	0.145525656287
55.8634677033	0.129111931407
113.549375416	0.0664899199152
22.0534207454	0.188376452918
18.7008252925	0.195678828904
34.8401438329	0.163108384379
72.2606146324	0.107321241714
53.3805812276	0.132409284279
111.198682864	0.0676982284517
22.9538184642	0.186441293871
15.2678208072	0.203519082244
45.7403157917	0.144241027575
112.280621387	0.0678981465675
14.7813728296	0.204497183443
33.6399178805	0.165091193537
48.9176220847	0.139324122042
115.463883782	0.06512625079
26.2162801294	0.179847471203
98.3373483379	0.0786721714986
13.6973337282	0.207345015869
18.5285252403	0.196091218171
27.9559009624	0.176610316038
128.272972572	0.056579027748
21.9337822534	0.188683837355
49.2562071082	0.138029304182
13.5434794978	0.207894232724
96.7267481593	0.0798055838418
17.7263922344	0.197973394383
31.0473102359	0.169773340592
9.4092744715	0.217910044606
105.828607236	0.0723476257612
16.9562752769	0.199905282561
72.5241162258	0.10557007664
7.36053254597	0.222987893512
52.200558911	0.133864044673
16.4627238412	0.201318631088
95.3600524904	0.0813566254707
42.3629524705	0.14973959976
64.3292662846	0.116545524506
15.4775511954	0.203275503008
7.88626047251	0.221704860249
49.2227759814	0.138801090092
90.0841432585	0.0870948674736
12.1367893664	0.211091873573
47.0559899981	0.141781495296
16.5006746305	0.201165866002
97.9529386142	0.0796277646436
15.1163943757	0.204179801523
26.2802473266	0.17989085693
35.6297659038	0.161893159099
55.5112887231	0.129397930866
17.8964713012	0.197907828995
61.3397304601	0.120869994517
19.2655941956	0.194924980307
64.0775233615	0.117335938789
28.2750815442	0.175858007152
21.1166665175	0.190772695324
22.7667796143	0.187380521781
29.365932765	0.173967166538
39.0210764443	0.155885276666
52.5611334509	0.133620462126
44.6652258551	0.145929586136
4.52947559042	0.230337005563
20.6344424162	0.192061595952
70.6296213608	0.109465804792
73.5414725653	0.105498456998
56.7510172788	0.127254620493
111.703102848	0.0681105957057
11.7204487166	0.212246766363
55.3299578171	0.130326135663
177.121364854	0.0330028234745
36.2667489662	0.159492356366
116.470737592	0.0636952822041
56.1510745298	0.128380900493
104.821032475	0.0738650244429
83.2491826218	0.0947160332015
136.201292734	0.051637319641
56.6081026658	0.127982582048
146.352441714	0.0462839734963
55.723354313	0.129431268403
91.0074306899	0.0871578711458
90.5711650556	0.0876161418163
75.5148832292	0.103812146919
103.550437706	0.0758175124577
60.1360151389	0.123325855471
134.995976803	0.0530760045175
136.423624907	0.0521338671002
151.399199826	0.0441206157367
93.4238254167	0.0852543992648
63.2676336805	0.11930164392
-2.9327463167	0.246070621127
95.433746098	0.0833341412648
95.7593450023	0.0831596804771
66.1213130685	0.113682919148
74.6629939721	0.104927191131
102.062686084	0.077512514873
53.3592273675	0.129890990363
62.4964525819	0.11725673047
22.2060101467	0.184457112751
18.0226191939	0.194238823252
57.8076417425	0.123482987348
9.49345824275	0.209679693687
17.3688174125	0.191999589058
54.4509020253	0.129758497255
30.7242038882	0.168786734503
24.3752566018	0.180869422422
26.3429287331	0.175374228047
55.5731101944	0.126063945934
64.7605168623	0.114333329002
53.214471945	0.130479815137
10.7818548812	0.209072919631
13.2703280853	0.203539318399
29.7640989689	0.169102363674
17.1379357885	0.195092507005
15.8808135967	0.198176241691
19.6562831807	0.189951898333
-4.41146374097	0.250268397865
-6.43299168686	0.25693021073
40.164301187	0.153296811084
34.647477306	0.163216528632
46.7337888831	0.140377531953
52.2492343519	0.131316132414
56.359438784	0.127156447562
96.2712306965	0.0819415138532
57.5714855403	0.125694889167
24.1782298659	0.179879505015
18.4633124134	0.191877399866
8.32861151137	0.216714721454
83.4041983683	0.0942631110303
34.1480467722	0.16149497474
-7.34192332278	0.25922939297
47.6784176297	0.136973617411
32.9031230952	0.16103619106
97.5655078185	0.081500162636
24.5355439798	0.184007394519
146.723139049	0.0461195535511
65.5506720921	0.113542883821
10.3409103993	0.212180304214
141.769814691	0.0493869640618
39.4834588858	0.151938664987
7.97135122178	0.218126016963
14.9464111371	0.204045923229
65.3065685722	0.115611281854
41.0783803252	0.151232647029
18.8991230162	0.193981179114
81.5069325413	0.097359886101
-11.0130308076	0.270354046612
-8.38872070115	0.266611892443
62.7753841451	0.116802217839
8.24000153995	0.219232915876
17.8391060311	0.196710932795
34.8168275613	0.159003910265
13.8960400071	0.204069415671
47.94816135	0.141144068034
18.2436671044	0.19597537602
61.9490828765	0.119896965945
109.715284105	0.0705445280931
52.1594839834	0.13051800761
31.6678238303	0.165764700489
119.217549945	0.0633792054472
89.8175419016	0.0866860136962
56.929125273	0.124190248599
-7.74387467771	0.259181956885
46.6287407622	0.142756839601
39.6280901452	0.149937463424
36.1019347494	0.158833386408
22.9939702659	0.182095842149
8.83606159504	0.218016707386
155.509160596	0.0417785321177
47.7033199474	0.138455460388
67.5346963102	0.110768640738
37.5528063534	0.155368879767
43.8573825668	0.143012441266
77.3539954318	0.101937087914
45.4996649015	0.140081607419
79.2462769699	0.097273636417
55.2294530579	0.126502691739
87.1541243094	0.0892073854582
52.5160229819	0.129948056478
49.0063680302	0.13541850045
36.8330444649	0.157852375534
90.3931632909	0.0859805312664
63.6543089736	0.11859023128
15.9023950837	0.197505516267
21.883891528	0.189604056921
9.21541127967	0.213362920426
14.9155824584	0.203379831395
58.3945666201	0.125579888465
61.8325977139	0.120457226869
61.6125302012	0.120069294356
-6.39512179242	0.257935303122
48.7594210674	0.139800569283
131.74858629	0.0553448099768
56.8898548032	0.127827502862
57.4412854379	0.124116821332
26.5224013383	0.174494311905
-1.9299608472	0.243749405592
58.4748422754	0.122998355833
19.8168179634	0.19369051815
20.0752324819	0.193347800825
23.6770787969	0.182112942051
88.6249402632	0.0880180055484
16.429839256	0.196158288067
50.1590564615	0.134788928671
22.7942404278	0.182819455891
56.3778729678	0.127401947073
31.3419377863	0.169380371148
24.9509997931	0.18257275258
139.577670358	0.0498877467794
60.3224561015	0.12016024997
20.5843399231	0.189625450894
33.4280229285	0.162113283328
43.409982715	0.143419987101
57.1899432781	0.123742294717
87.7475721424	0.0887979647766
53.5889016767	0.128560456584
57.8500086839	0.122897052691
29.4187929444	0.170028520942
83.8419750208	0.0948973761171
-0.399986706512	0.237239704242
25.7294595022	0.178015131331
19.5302434866	0.193019794007
63.5768587753	0.115972280464
65.3634618795	0.11653422718
118.184550353	0.0635992750494
85.2831538562	0.0926666830218
66.9740001283	0.112195313684
105.342011922	0.0745183048144
97.4488236957	0.0816047469122
16.2835721755	0.20149916224
90.1814704987	0.0883985371561
93.8206691853	0.0848955168132
47.1451478695	0.138640429254
51.4483165956	0.135885471015
22.1650866484	0.186383334544
131.460243199	0.0548418683351
23.0875132592	0.181877087045
31.102969065	0.169730159236
64.3839643939	0.117657273312
57.2714883278	0.126180166631
51.4308787937	0.133131869357
50.55325412	0.134008556723
124.524198509	0.0600103964496
93.5060932366	0.0852086092085
82.0035145568	0.0969116528414
89.1047941096	0.0894885904659
21.5154706649	0.190158017669
39.6545688895	0.154607930489
31.4293764779	0.169121856072
57.5077245005	0.126648787898
42.7228513738	0.14600243448
44.3316432161	0.142632330944
98.4588727503	0.0785463509829
42.9662456372	0.149129731046
124.237530219	0.0602236051776
34.8438609449	0.158608982699
66.5737860716	0.112130879641
25.1504868498	0.181274041089
22.1097393798	0.185655255954
76.8283317376	0.102417647098
72.0869165167	0.107873784843
151.334860376	0.0440274405128
28.316584932	0.174610659295
30.1463142052	0.167556621156
142.58018239	0.0481484335597
29.5576396446	0.167714459924
28.8426231989	0.172705468128
50.8862961303	0.136578689455
112.865712811	0.0686110668062
65.5580900643	0.113309086907
108.259076041	0.071508083102
69.7069590252	0.111041060686
65.4704681128	0.113323068678
84.0336431348	0.0931152403389
68.2937407839	0.110623000838
49.2036908976	0.13579241949
107.293840668	0.0712136858283
62.8946767366	0.116726172779
79.7706790811	0.096435768506
49.5025035237	0.13725218744
117.497472952	0.0635964676722
81.3049937728	0.097359629015
54.1131846034	0.129019462733
31.0610469115	0.165163417492
61.6294954013	0.119352926614
86.8137961275	0.0895763725545
75.8396874058	0.103638984008
81.9004526286	0.094542787626
59.4365694041	0.12412173583
24.0197500646	0.179275478504
38.7158391157	0.153368291188
41.7849303125	0.146370198316
64.4974256482	0.114787978731
47.4899155364	0.139411166698
93.529027995	0.0843649833944
90.7784380702	0.0874118644458
61.9967819296	0.120106049515
86.4296058193	0.090160301091
81.8749727168	0.0952133394857
73.8796761185	0.104285036173
15.8294233416	0.200793534833
72.4742798634	0.104909779652
147.063692864	0.0465272427145
50.8611644069	0.136692136302
53.9929749601	0.132114037186
61.596139628	0.121359778913
57.6008563341	0.126885426909
56.9170795248	0.127831142433
58.4376301454	0.125640228024
44.6445166927	0.146607394314
59.5825824449	0.124117315211
52.5183800869	0.134295501625
52.6979281389	0.134002456737
49.1487973095	0.139536659262
65.5080797128	0.11630396271
58.7094106586	0.125499440898
75.9194773756	0.103684587174
52.7588873229	0.133498819763
147.2480828	0.0456861592289
150.880226036	0.0445492900207
55.4835189081	0.129681406693
41.6299306621	0.151824153156
123.916629098	0.0604837351207
38.0929826993	0.157844626599
48.0105856579	0.141314554425
41.3617225222	0.152280554096
127.064904852	0.0584067625268
49.3313160425	0.139187454338
40.5327299368	0.153694584321
77.0416305064	0.102388292375
44.1315355044	0.147627061472
113.185758864	0.068338016657
86.8667624923	0.0917784782481
51.495849077	0.135868361505
58.9941990623	0.125070264031
95.0524648577	0.0838148568452
68.5913016667	0.112405140782
67.9779727509	0.113216434609
97.2674603545	0.0817515433095
77.3945270355	0.101905852919
82.1457084721	0.0967480345306
130.989943333	0.055829541809
86.8663129441	0.0918130969738
75.0717504808	0.104573440397
67.5418422272	0.113540181076
65.0662901357	0.116727978566
89.7471319494	0.0888640897628
81.4710110722	0.0973914582553
69.4928599576	0.111149394163
87.0527875381	0.0915630633758
84.2187154827	0.0944721530821
96.0064540415	0.0825039688873
68.6316740461	0.109300461176
31.4089668309	0.165203657323
111.320641461	0.0675995685047
107.030605778	0.0723798877891
75.0712743831	0.104637605169
84.8025670486	0.0916968365264
61.2529376282	0.118792846876
92.2308780967	0.0847545146768
74.7547890182	0.105015840942
150.064072059	0.0448082301195
82.4032505611	0.0963676790969
75.8582238673	0.101848827627
82.1247488838	0.0944846154327
67.4683236948	0.112559425469
79.4934722438	0.0996421304696
57.8320200393	0.123955702876
72.7675152854	0.105177753807
104.188584599	0.0754951933191
57.3908965599	0.125195497323
62.1139242426	0.117264890976
79.4315389626	0.0986274277885
73.5349817693	0.106443432128
165.640107112	0.0376976266955
91.1717345408	0.087264516078
101.974560297	0.0764873960092
146.979367714	0.0462356499456
153.151346057	0.0434451689324
157.438371315	0.0413680618852
118.302153148	0.0644924140679
117.411269965	0.0651901575226
114.201470369	0.0675927407918
155.558606825	0.0422398901587
47.2937889981	0.141949326029
128.715735148	0.0571716254931
149.140503964	0.0454622118553
74.4943470906	0.105110022364
151.251582902	0.0438545478694
149.365346563	0.0452334050053
158.160472453	0.0410125319313
137.745296207	0.0516569682686
128.372667807	0.0574362120971
88.9448362787	0.0897183946157
133.114636448	0.05449076033
115.104064141	0.0667890950201
140.87079293	0.0497844491147
147.130870256	0.0463675946897
95.1022535169	0.0837287616243
103.2364784	0.0762164777925
100.73825552	0.0786615313665
123.524879963	0.0605723431717
96.7719672948	0.0822151149739
147.404435182	0.0464016469484
161.193235151	0.0397542532014
90.6710725602	0.085841316467
160.232847272	0.0400672816192
131.154695928	0.0553484246354
95.17651195	0.083701782301
176.533586695	0.0330605391248
88.0434675994	0.0906057545816
155.444386077	0.0417442012722
84.1065779172	0.0946811039672
101.756996608	0.0754199242683
113.335631704	0.0682768802024
163.588433688	0.0381019862354
95.4871385939	0.0834145516189
107.666246065	0.07048372373
76.3672045967	0.101201659386
112.856017293	0.0686098257142
133.989640123	0.0530533005089
92.9076107792	0.0858357299396
121.452435232	0.0615984145244
69.3896417318	0.111401288457
152.605991231	0.0436914487444
128.478326343	0.0572764286763
90.4216140889	0.0882506012435
167.302311783	0.0368485175329
66.2550916576	0.115301683443
69.732518633	0.110900159211
64.5254064438	0.117456440559
65.5287740627	0.116311024374
71.6639313546	0.106461758307
83.9209187995	0.0926201462064
82.5044090219	0.0938898257311
73.1709001024	0.103947326216
84.5713866433	0.0941353897122
161.344107058	0.0390747507229
51.3800404187	0.13575292638
123.398986184	0.0608138881712
103.272256633	0.0764557480772
99.4184493351	0.0795431600177
164.249026348	0.0384046392599
101.236658976	0.0763163040109
116.891181911	0.0655528420849
123.06525413	0.0603726778019
97.7154423168	0.0806952557998
95.0190581007	0.0833498560338
194.471773728	0.027264877723
129.931850721	0.0563362769532
79.2658553874	0.0973210763939
118.658050511	0.0642878471778
97.5474534235	0.0805488784036
167.332941005	0.0367164790068
137.59059167	0.0516765339932
168.464931378	0.0366210474696
129.54679682	0.0556786248101
154.711913893	0.0420908367918
204.480336479	0.0244963259417
148.931998315	0.0456282969024
66.7456651647	0.114773590529
154.413396027	0.0429125758512
129.404932429	0.0566506474002
107.308378586	0.0710403290135
137.369154661	0.0519987541696
209.18588301	0.0231839843815
169.269217053	0.0360549153219
154.750829301	0.0424997784249
114.788372088	0.0664100597135
199.983709549	0.0257677753497
106.186279699	0.0739070744029
173.662338028	0.0344860428553
173.411663997	0.0346755509014
170.971550816	0.0355749866212
115.350638689	0.0651146898403
111.881566199	0.0694262927761
78.2759711601	0.100908162746
217.341793513	0.0211447250207
149.703061542	0.044990309671
146.53150139	0.0466424394124
158.718072706	0.0407352451489
176.215368796	0.0336373071875
162.393940256	0.0392388043254
119.150719689	0.0627235715867
118.002777548	0.0647361902863
137.561214573	0.0519103372003
141.354831355	0.0489358416058
133.009699972	0.053903955848
98.593428754	0.0791848671691
117.480682061	0.0635296148106
169.988084991	0.0357224611173
134.752646225	0.0535621021686
167.687674799	0.0369759224175
142.926407497	0.0480352994532
135.65184804	0.052976097629
207.622966089	0.0236359070038
120.350942884	0.0616095195026
131.97718427	0.0552418355446
138.911694729	0.0502501550233
113.205643394	0.0664680206378
224.526607686	0.0195106851954
106.207190804	0.0739948978186
109.616099964	0.0711429871035
128.746210316	0.0561723461219
187.815242989	0.0294909784681
86.2080479691	0.0925015671553
94.5601608349	0.0842867411107
72.7968790253	0.107239777287
155.485137732	0.0423441090511
121.036885906	0.0612498284317
175.253461216	0.03391523543
205.061270901	0.0242812264354
74.8009853889	0.103212120009
138.37612852	0.0513244888791
89.3728515203	0.0867680737316
85.0538738163	0.0917834942259
104.687151208	0.0730220482159
126.468035778	0.0576851926112
85.372514307	0.0912688743676
94.7442460693	0.0818046466412
124.046689646	0.0592581798902
109.801002084	0.0692646294452
159.288879692	0.0405048461087
98.4177259364	0.0807456488016
117.388358556	0.0649099916862
111.54508896	0.0696248373618
88.2809563339	0.0880344387795
102.825297871	0.0749798166068
102.014078014	0.0757942699326
123.554600567	0.0608085234164
115.460854195	0.0666407968724
148.845304776	0.0454437675789
147.468737202	0.0457265273616
106.349248496	0.0722375953572
97.5961576256	0.0814737611867
90.8772920932	0.0878038377915
82.2943981199	0.0944339918362
132.440849947	0.054992168439
227.339810782	0.0188716998769
129.600088275	0.0564384041585
125.025642712	0.058642110897
106.083713214	0.0740703930548
189.183395763	0.0290224977278
180.224663369	0.0321525503055
131.879880612	0.055166625132
218.232380484	0.0209290073602
174.889252179	0.0338465188373
162.535366561	0.0390332128256
166.058227269	0.0375943239317
126.170127196	0.0580148663087
82.5704574405	0.0963063963445
157.364233008	0.0413923341705
184.140887027	0.0306145189455
177.668266134	0.0329861010073
221.609839697	0.0201407502343
128.791842692	0.0564208377512
161.732279835	0.0394290445852
202.908385688	0.0248627086458
172.441283876	0.0349179482598
211.576651927	0.022520596833
209.303205911	0.0231137883586
185.801224804	0.0301253171729
209.26092759	0.0231231825513
157.069511295	0.0413903620559
211.745423153	0.0224767511902
229.941385497	0.0183481803862
233.341689347	0.0176069859545
163.070333094	0.0388875981449
203.75289923	0.024618483226
196.454641517	0.0267292625496
159.464027651	0.0404102302032
128.791779126	0.0565300690096
141.05790154	0.0493140488248
126.858197452	0.057481588502
124.945087388	0.0588168613265
151.957278768	0.0436312406645
193.219636731	0.027745282318
234.597441777	0.0174030438452
192.61600656	0.0279132682859
160.869297057	0.0398774642293
208.088754381	0.0234173146911
185.763070559	0.0301809806858
200.545808642	0.0255468888002
185.848008929	0.0300967212758
148.636687742	0.0452949091932
205.061873681	0.024228427247
142.012967061	0.0493340259434
219.528973157	0.0205932384662
169.055642466	0.0364179333548
219.232308848	0.0207270977716
144.84103459	0.0477815382596
144.632053859	0.0478131464392
136.3897608	0.0517367286937
109.317429593	0.0694650142796
133.525368687	0.0540511091214
204.164774382	0.0245078262582
165.831264189	0.0375814128357
195.103068686	0.0271450178998
227.823231833	0.0187692358206
147.95108208	0.045549124791
234.917798769	0.0173170823197
206.35045794	0.0239417575591
163.887928601	0.0382746860641
180.528512959	0.0319420689504
228.457655963	0.0186566990986
145.663730149	0.0473400822221
174.728993634	0.0341139468716
165.597241783	0.0378229772279
222.077634966	0.0199996068806
160.884816966	0.0398965051092
225.382514711	0.019312198901
168.554316504	0.0366222967127
214.384665891	0.0218259597282
167.845056976	0.0368346014384
208.988316878	0.0232143032635
228.55765297	0.018605983162
198.535515208	0.0261016693084
163.720943681	0.0385999067063
147.773583878	0.0457203390595
226.865350426	0.0189197811923
160.64469556	0.0399648429904
134.744122744	0.0535376590778
219.044980189	0.0207090253844
154.297204183	0.0429370190764
142.013889431	0.048783401154
151.90927992	0.0441493631838
199.004161609	0.0259894019615
130.830441134	0.0559633715036
173.314911224	0.0346731856987
148.842659293	0.045681656358
209.401327388	0.0230701495786
136.618114638	0.052467238493
225.556725803	0.0192932018985
149.861619591	0.0451727537668
183.153906173	0.0309783429394
149.677388257	0.0447325345749
230.71796677	0.0181670706614
157.253603624	0.0414320200418
160.153837864	0.0401897500388
177.618173121	0.0329384807724
146.371749924	0.0469957382117
194.154261237	0.0274635052696
139.613058383	0.0506675486573
222.413535962	0.0199104143937
169.255212645	0.0360438557545
156.956252803	0.0413910645263
144.704331226	0.0471152970321
201.78206753	0.025182364579
173.745995329	0.0344217265981
173.377519229	0.0346082907008
175.972621399	0.0336330210617
138.408644188	0.0514240541079
178.424587306	0.0327574188898
144.916768235	0.0471124850836
160.301003331	0.0401961045105
173.779087474	0.0343038497291
172.151711425	0.0351004457797
163.591630346	0.0386008871953
186.603286491	0.0298080621681
183.879587555	0.0308106280333
198.53017359	0.026146709819
150.184042889	0.0450348726797
177.877948112	0.0330046859793
182.09018408	0.0314773279754
210.404749646	0.0228362805106
198.834337794	0.0260132413927
165.925658078	0.037666485809
169.264152421	0.0363246049126
196.976675922	0.0265741547302
186.659286804	0.0298658570815
158.838592872	0.0403701112251
148.837514159	0.0451749453199
204.494378636	0.0244162765656
187.80959022	0.0294506330166
166.394210909	0.037228661105
188.299475351	0.0293061236329
178.110771095	0.0328375706552
181.860599419	0.0313180555644
142.126244688	0.0484851366723
126.548945315	0.0576000078472
164.485516995	0.0380174318811
142.161150587	0.0484578186112
133.930274886	0.0531319923131
185.630728528	0.0301241942611
170.410446998	0.0355194245795
141.426917614	0.0489066319907
168.826416649	0.036132855429
174.096375261	0.0342991570285
150.28009182	0.0442745366372
185.923184279	0.0301039509425
213.314252722	0.0221143047987
194.115956834	0.0274669887617
200.449981994	0.0255527047543
167.403438248	0.0367799126139
191.543480588	0.0281974176519
197.367757182	0.0264713589796
211.563843017	0.0225343557976
189.815239356	0.0288230400802
230.422631346	0.018221139572
193.512173262	0.0276361845506
229.524529279	0.0183854167854
230.718505238	0.0181278735243
194.174091415	0.0274464487632
229.240189574	0.0184488870118
217.424339474	0.0210943044342
217.003410174	0.0211971715345
237.935528217	0.0167271914953
186.317245963	0.0299769789298
229.590293527	0.0183835201484
185.101439161	0.0303855815411
236.515759003	0.0169957017509
188.181055264	0.029349810921
222.364241026	0.0199604695627
195.050337622	0.0271610836889
207.757760654	0.0235396980951
195.585314979	0.0269898216728
204.615558329	0.0243936379926
189.581680479	0.0288946618826
203.786438374	0.0246019533576
190.836127901	0.0284753219312
184.947200688	0.0304325417747
185.301387063	0.0303198606171
179.597724198	0.0323193509104
182.504522142	0.0312784112012
190.878193316	0.0284556118832
215.673678962	0.0214804528804
185.706141928	0.0301802063387
191.500324751	0.0282493755113
159.331578124	0.0406241874727
204.243425501	0.0244997154504
184.876255754	0.030452520245
162.864767608	0.0390557894334
173.024132443	0.034833176017
210.614185946	0.0227713559778
158.714416682	0.0408933540081
205.780226358	0.0240701214071
164.445413523	0.0383433246304
181.05210966	0.0317608645706
161.075618848	0.0398044722228
209.343199712	0.0231136206638
209.502986987	0.0230337797685
175.97674735	0.0336747793125
196.872500763	0.0266374121912
157.357797854	0.0415260166668
180.915340964	0.0319126960016
155.510506961	0.0423942333565
203.642526705	0.0246451920713
158.491454942	0.0410138067765
160.859121399	0.0399276914456
160.310939943	0.0401197291076
182.837600278	0.0311635023628
180.648838718	0.0319833136785
178.759270826	0.0326322272124
167.796726776	0.0367417337285
168.39021629	0.0365419896815
194.757914223	0.0273138898959
155.600979961	0.0417903359772
203.199677958	0.0247909727993
171.158555899	0.0352904616656
169.820397858	0.0360769295736
174.436286407	0.0340618105794
184.029165479	0.0307704916706
172.311392522	0.03485099143
203.863917589	0.0246069346879
159.556016219	0.0400375390744
200.456507623	0.0255737963816
161.817334726	0.0390745095762
196.260909035	0.0267925042908
175.276685339	0.0337833747978
162.893570545	0.0388005553981
158.729711804	0.0407607912935
158.501446279	0.040832935926
181.608685228	0.0315911341835
189.800694009	0.0288214351384
125.580424768	0.0594417129806
213.643403449	0.0219751943063
200.853139411	0.0254196820059
202.518310924	0.0249534605327
177.405104962	0.033126331077
209.335629257	0.0231209020494
188.015252321	0.0294166005848
184.033697597	0.0307282291498
204.9501658	0.0242856090933
240.253904818	0.0163426112267
226.725675913	0.0189328510775
205.29477212	0.0241941591171
183.459245999	0.030958761675
140.573880881	0.0501493880291
213.944773676	0.0219296364472
229.339071671	0.0184661699565
139.081410573	0.0502602263831
220.497071688	0.0203673427258
192.83828183	0.0278639731826
243.478355254	0.0157137034667
202.813781961	0.0248884039583
236.200300193	0.0170704390267
217.135137228	0.0211564161892
187.470037386	0.0295682971407
214.991640535	0.0216977846095
152.728461165	0.043735014397
174.797235444	0.0341606690506
221.016882517	0.020244066442
232.249354254	0.0178828801223
171.486041806	0.0354163382716
166.474334275	0.0372668426479
198.350832026	0.0261268516514
236.874944813	0.0169414047604
227.322002967	0.0188712418178
203.946291241	0.0245859945202
224.240861357	0.0195430538877
206.448890204	0.0238903462329
235.706758454	0.0171815952285
218.150682335	0.0209281826498
216.698749974	0.0212765559905
225.836720185	0.019208538517
195.592589143	0.026994655722
229.156572039	0.0185144817122
227.637140114	0.0188053897361
225.424521319	0.0192920104258
212.131479013	0.0223939767915
198.390749569	0.0261587904207
219.592578491	0.0205853078446
222.140167058	0.0200143013889
196.94756602	0.0265621602437
222.368108605	0.0199868028879
208.459824147	0.0233417629521
206.802729081	0.0237399842819
204.760129493	0.0243466021386
211.022271628	0.0226978848959
224.294235258	0.0195083130422
217.808863207	0.0210185922035
209.935093724	0.0229837696998
236.446930167	0.0170634147364
227.265720272	0.0188610948338
216.809678083	0.0212609665705
238.026998461	0.016703552608
200.141820982	0.0256629871728
224.794810756	0.0194175626695
204.635278984	0.024393715058
220.937989063	0.020280510855
230.557942356	0.0181968821083
196.270391886	0.0267826827926
233.694090125	0.0175294012135
180.966985156	0.0318533254488
243.690170436	0.0156655629756
227.878835493	0.0187082058664
239.179934967	0.0164736860247
234.535903683	0.0173395730484
201.280337839	0.025307699836
222.053181587	0.0199760882355
217.87531662	0.0209714029142
236.508852789	0.0170109861577
247.521572869	0.0150117818378
222.251690701	0.0199687026386
224.961938072	0.0193681880695
234.097466073	0.017442458383
237.670832354	0.0167561635574
221.12940223	0.0202411829659
230.213373282	0.0182431914641
238.835607933	0.016610640365
157.54031818	0.0413839462871
191.664626382	0.0281440125966
224.807097654	0.019400344726
221.461594489	0.0201721806456
238.673622949	0.0166040208596
211.958291544	0.0224612417868
202.317452572	0.0250452373927
224.524003902	0.0194941143866
159.448832241	0.0400517278761
209.965428083	0.0229642086453
234.131235586	0.0174601477664
204.48766864	0.0243997294084
232.592401606	0.0177968571182
230.279826604	0.0182780949701
227.559803778	0.0187829163764
230.930563028	0.0181393956833
237.409823855	0.0168078695321
229.202556138	0.0184846506149
216.394587518	0.0213384019306
240.111515871	0.0163201606623
252.515473815	0.0142054862013
214.672228503	0.0217696204924
222.188372355	0.0199664401233
228.407004159	0.0186315992705
225.240442148	0.0193106202815
215.043955062	0.0216810247319
207.289715314	0.0236856284688
203.346487513	0.0247357275457
200.584240205	0.0255665833815
237.560851015	0.0167911121252
216.839231953	0.0212231349614
213.220078738	0.022094125425
189.862403539	0.0288015194664
224.12077853	0.0195769511441
199.391622123	0.0258651447252
211.274752928	0.0226431907643
228.951533748	0.0184871747947
211.612223835	0.022462429131
220.155907636	0.0204409104631
234.157455868	0.0174756041754
202.810804455	0.0249373485673
220.459310064	0.0204051480934
190.291262835	0.028716795267
236.676786752	0.0169740754963
171.06846208	0.0355929295116
250.160838879	0.014611478929
238.785772445	0.0165721865798
222.165993417	0.0199828005717
225.436570435	0.0192590163158
211.202740346	0.0226434516741
235.401595717	0.0172346944524
192.561178402	0.0279941446238
220.752596213	0.0202974190293
229.437704702	0.0184454552388
183.696708476	0.0307116502937
244.723951543	0.0155187936731
227.606676087	0.0188045396606
233.286845067	0.0176520613008
211.373661723	0.0225979492937
233.140853762	0.017673923019
217.56262145	0.0210873187287
235.615462502	0.0171762748523
220.339736934	0.0203985626946
230.949552704	0.0180943091507
236.662707332	0.0169880674782
243.631680006	0.0157009457507
252.724005662	0.0142007769459
240.256521786	0.0163215205738
231.320460623	0.0180251974307
227.629522342	0.0188067720629
234.64843389	0.0173610961405
244.285465505	0.0155620355536
252.94578982	0.0141805539431
231.73121099	0.017923406122
233.079264712	0.0176813688243
226.3661534	0.0190406557347
247.478267004	0.0150580740279
225.682427256	0.0191887804983
224.509796461	0.0194745034056
220.853951662	0.0202688449055
221.388503549	0.0201754988141
230.992293997	0.0180690867982
223.934199186	0.0196106396405
226.517372615	0.0189999015701
237.50359539	0.0168295178412
217.181183376	0.0211250952013
230.200828375	0.0182880482006
232.816480784	0.0176908830749
223.58659643	0.0196934877482
222.675029179	0.0198537728232
228.209422735	0.0186906559717
219.167511029	0.0206624104259
230.356563295	0.0182458682493
226.120110217	0.0191396878097
214.486484319	0.0217372381276
235.375980994	0.017219767974
236.001309774	0.0171139671592
208.521885797	0.0232557883759
249.95176667	0.0146515248093
237.292559876	0.0168505389183
233.249014143	0.0176282527224
240.609755628	0.0162753068341
243.862731946	0.0156537859021
246.517900339	0.0152110343463
246.976963886	0.0151412552974
250.857454797	0.0144733398983
239.071939932	0.0165281616394
242.381662984	0.015904034935
237.997039686	0.0167266636328
244.587213631	0.0155029722084
229.380204716	0.0184495037372
252.508279751	0.0142462512034
242.779871147	0.0158869364189
227.432232918	0.0188540230514
234.688676723	0.0173397444836
238.762772531	0.0165898910431
236.655675643	0.0169648260686
236.759308639	0.0169660273718
235.16634067	0.0172787619448
246.357134314	0.0152061014619
236.514765171	0.0169965035519
234.071690232	0.0174963023102
224.698861675	0.019416456263
222.555715649	0.0198912328797
240.582243175	0.0162812542129
242.620603457	0.0158935069719
220.825682222	0.0202392430546
243.425529896	0.0157354277546
250.287810961	0.0145930182209
229.75507139	0.0183823027872
250.979865428	0.0144475289135
235.030268761	0.0172953936126
231.312927972	0.0180129155563
248.911731199	0.0148184687709
246.076477192	0.0152605863903
246.397578881	0.0151862255958
233.21721065	0.0176329766907
233.049075014	0.0176675245078
254.450705893	0.0139261341596
248.66869145	0.014855739284
237.026458906	0.0169071372331
245.016336587	0.0154607724566
251.448158698	0.0144072452184
246.657304774	0.0151930516754
254.003942571	0.0139774575384
250.759873501	0.014489159385
247.838965215	0.0149858417614
242.825068864	0.0158412423132
245.048688571	0.0154427101789
251.625249059	0.014370965272
238.679833786	0.0165803136991
250.100441845	0.0146168304598
242.687196691	0.0158397338397
250.73296859	0.0145044973501
240.055569098	0.0163680303831
236.416682933	0.0170125303843
237.340956744	0.0168316473233
251.206296965	0.0144260890456
237.029649279	0.0169372692479
245.564484674	0.0153679521441
238.859144804	0.0165838447075
241.6336696	0.0160459516655
236.576812078	0.017007328315
245.083502609	0.0154300503684
245.64617641	0.0153412533164
243.949995092	0.015640346165
237.255098207	0.0168816332032
250.473733515	0.0145479981203
249.217740675	0.0147457650916
241.554405458	0.0160564741545
250.848461564	0.0144694785482
250.997517221	0.0144538754986
253.016610966	0.0141374941554
255.76153061	0.0136873552468
254.437830293	0.0139140927179
245.244939236	0.0154120649657
253.145558443	0.0141333281056
249.991736752	0.0146180565808
252.308684387	0.0142272929457
255.005806843	0.0138308566464
253.64111638	0.0140075287464
259.400983228	0.0131751575598
255.870937773	0.0136743106761
254.048826953	0.0139749073265
254.930540761	0.013845557896
249.259113619	0.0147436345532
252.614218639	0.0141965114146
239.961556292	0.0163520616269
247.835572809	0.0149783777598
251.071602912	0.0144602122655
252.937340921	0.0141696132947
236.927075239	0.0169528669493
243.793885857	0.0156593889882
243.091605682	0.0157939213322
245.775059943	0.015329876894
249.509478956	0.0147198906423
241.44944238	0.016078269771
250.579786041	0.0145237903044
247.211413254	0.0151083065373
242.258630696	0.0159328000521
257.217251667	0.0135061040397
250.91107514	0.0144648254304
247.32080694	0.0150624993508
248.205631828	0.0149283622997
257.806941968	0.0134000551621
250.179172907	0.0146099492733
247.848937741	0.0149711656575
252.02211919	0.0142845020408
248.517224647	0.014856444602
246.061560791	0.0152711160419
252.221215928	0.0142604589461
249.22924862	0.0147379657621
257.654358193	0.013425096324
258.191442837	0.0133194773298
259.852978246	0.0130983306242
260.306558639	0.0130522376039
252.343234378	0.0142583413188
258.41133783	0.0133258757529
246.943941572	0.015139505594
253.55677297	0.0140353798381
248.98837713	0.0148045507438
249.289290027	0.0147343081564
248.261594589	0.0149186282154
244.529351363	0.0155297726571
251.16146539	0.0144474146965
254.455477249	0.0139041734203
250.718568039	0.0145154478847
247.722195314	0.0149879804438
241.441671625	0.0161260738205
256.217485459	0.0136528520041
255.869538382	0.0136565129486
256.56781787	0.0135536857873
250.758848053	0.0144826645447
245.580208373	0.0153353786222
257.129659768	0.0134728857873
254.699456737	0.0138679488571
257.041382994	0.0135330340226
247.487860044	0.0150279649002
254.547685709	0.0138754687047
258.432503048	0.0133027853818
252.412868358	0.0142244032891
258.183210153	0.0133568735624
260.793619794	0.0129778394048
247.969115514	0.0149448301374
251.9191495	0.01432867861
256.237022415	0.0136451144425
250.555958152	0.0145187975895
245.08502949	0.0154505400501
255.544750844	0.0137178322321
256.330937173	0.0136098372577
256.008139903	0.0136634825612
250.684973123	0.0144977353211
252.676185974	0.0141929275862
250.652664961	0.0145028469243
255.330245464	0.0137545683789
253.594912969	0.0140469285015
256.690535794	0.0135866154173
249.485230175	0.0147246000467
259.488483361	0.0131528045282
255.001629891	0.0138511917552
253.759671507	0.0140115434915
250.629468368	0.014503748765
258.201125686	0.0133291434079
252.940662429	0.014179857703
256.622495646	0.013592242044
247.771216076	0.0150032966477
248.660334051	0.0148368426384
251.181028493	0.0144193754148
257.744783217	0.0134186437374
259.413288224	0.0131633553759
256.877880967	0.0135439421683
258.755976012	0.0132443092802
256.930123966	0.0135302351279
260.532452001	0.0129981221933
255.199565286	0.0138120471644
251.580605562	0.0143534817655
249.904717557	0.0146481410911
253.102418569	0.0141096111929
248.673916351	0.014861902954
258.120648716	0.0133631649427
257.025554337	0.0135562132166
250.451683151	0.0145463756171
258.347306472	0.0133232968997
257.059656142	0.0135185248088
257.477223492	0.0134783567976
256.504796737	0.0135954009251
257.139712012	0.0135072821734
260.280257454	0.0130343110308
254.668369433	0.0138753914891
259.489478723	0.0131326933884
260.369426043	0.0130356132687
259.524221686	0.013153706938
261.983343013	0.0127835978409
259.203964021	0.013193630687
255.889410471	0.0136828216231
252.139091058	0.0142757422168
257.705831426	0.0133883252081
259.049765623	0.0132209637665
259.000979015	0.0132258143781
255.06982804	0.0138199906075
256.729565638	0.0135273444546
256.880944487	0.0135417400532
257.396709072	0.0134504338079
253.396114617	0.0141040434371
258.850559773	0.0132327234626
257.165412908	0.0135146713517
258.802075009	0.0132573858023
253.679291079	0.0140336282445
259.318222419	0.0131854710443
255.915883164	0.0136861002028
259.671533271	0.01311445637
258.359259495	0.0133509942415
257.762040747	0.0134170067689
260.185609764	0.0130648651736
255.377776298	0.0137791722764
261.805777508	0.0128037359828
261.472092043	0.0128916422601
258.468750167	0.0133015795962
261.472871133	0.0128829397439
260.952520992	0.0129384320466
260.429190014	0.0130319745149
262.804043589	0.0126936252976
253.613975974	0.014060069375
261.482307347	0.0128673818056
261.728161421	0.0128557701528
255.69231414	0.0137304415583
255.992912874	0.0136735940678
260.783303653	0.0129636070298
263.291069196	0.0126059614289
256.041832397	0.0136767100376
263.374912352	0.0125952107208
263.012353964	0.0126504985223
265.028236652	0.0123674001421
264.294727438	0.0124819917081
265.134900985	0.0123729720153
264.003998777	0.0125087108336
261.754241598	0.0128215691977
262.847524314	0.0126699496139
264.071776879	0.0125051522273
264.609814431	0.0124509229256
264.528112276	0.0124248453541
263.683384259	0.0125513870423
265.375036472	0.0123347164583
258.320709396	0.0133325232219
263.67117849	0.0125567148343
262.873846965	0.0126872504505
266.347545051	0.0122072021586
260.113721657	0.0130640329757
262.570943347	0.0127124124806
261.073469056	0.0129267496923
263.83912609	0.0125444552575
265.508218703	0.0123083132674
266.479747123	0.012178786692
262.116434133	0.0127774791037
260.188681252	0.0130593860694
265.41239919	0.012335624419
265.642901345	0.0123100712358
265.045525902	0.0123705509169
264.722839076	0.01241802648
266.707358651	0.0121479250952
260.208952689	0.0130602307931
266.880034459	0.0121308406999
262.774288261	0.012692149427
261.795393032	0.0128255489867
265.416593722	0.012324331775
266.395160607	0.0122049086763
266.778926337	0.0121540665035
266.33065526	0.0122001353716
267.272387265	0.0120763103683
262.610700276	0.0127132779099
267.42274283	0.0120601694732
266.424404906	0.0121877955348
267.451900509	0.0120617217572
266.950757973	0.0121149451938
263.762706997	0.0125486240813
267.702201681	0.0120221315273
265.809900165	0.0122858688941
266.0785058	0.0122281685788
263.210444627	0.0126250393587
266.09343759	0.0122254098636
263.950183474	0.0125286774724
264.060241406	0.0125062618128
264.125932916	0.0125125635815
264.226800836	0.0124656997107
257.436407192	0.01347540963
252.388874543	0.0142190502239
249.914653573	0.0146385447545
243.324221231	0.0157408424592
249.85125628	0.0146678709065
251.365961585	0.0143739572301
251.965225202	0.0143270038631
256.636128304	0.013562667042
248.590369125	0.0148845431031
255.27513321	0.0137776572895
246.98978433	0.0151377277184
254.007487483	0.013947809523
251.813002998	0.0143684408562
253.246379343	0.0140996114464
249.866515838	0.0146628739254
258.437041076	0.013301708944
256.55003157	0.013614489444
261.600758818	0.0128370909461
251.400414644	0.0144145859404
255.538961086	0.0137489619943
258.695236821	0.0133002299742
256.209387031	0.0136537393826
252.967243754	0.0142000399493
260.542700305	0.0130102666895
257.671584692	0.0134671013008
263.132576437	0.0126364600662
257.396369927	0.0134985007828
258.831178909	0.013262635481
255.986550251	0.0137001511788
255.597038503	0.0137461681434
256.063536543	0.0137085024367
255.21506554	0.0138044600228
256.517512461	0.0136317258534
258.115365825	0.0133394929648
260.371260077	0.0130539315594
256.882435435	0.0135478775697
254.967706782	0.0138535161827
262.250075279	0.0127482353702
255.330925496	0.0137961972564
260.0385524	0.0130536722857
260.110584811	0.0131004040338
258.357689309	0.0133283871448
257.290062571	0.0135143657597
257.543355632	0.013451703789
255.811967158	0.0137291223472
263.742813915	0.0125397592375
259.064259853	0.0132501680061
258.504956907	0.0133094868461
258.948828951	0.01325945551
256.321918956	0.0136387086209
256.054336078	0.0136901588083
257.172775607	0.0135090157426
256.354583034	0.0136469643564
262.582886968	0.0127136699945
256.370849314	0.0136464325157
258.858013753	0.0132325492409
258.912697789	0.0132698793814
258.903163692	0.0132395137492
260.813542197	0.0130040170431
264.935283189	0.0123826335477
262.070877007	0.0128092780055
264.81443066	0.0123793850596
266.219601894	0.012224008837
267.513044929	0.0120343486431
264.670360031	0.0124268280716
267.109034337	0.0120901322091
262.198047878	0.0127885003727
267.425666034	0.0120441410516
266.615968377	0.0121715013347
268.308901409	0.0119217047694
265.40186846	0.0123239334709
268.09383224	0.0119557916264
263.405793354	0.0126171592664
265.25358566	0.0123459026103
266.169598266	0.0122404727923
268.118800194	0.011965845835
263.512455611	0.0125943120005
268.272586969	0.0119275670602
265.866587898	0.0122612923295
268.677033951	0.011874459502
265.618205614	0.0122946543785
265.714317293	0.0122882102982
264.855613907	0.0124124553018
267.757879043	0.0119937557678
265.835209524	0.0122865785481
268.224092303	0.0119344720422
265.505318567	0.0123081457756
267.94375675	0.0119920066312
263.909354686	0.0125402064196
268.918603804	0.0118359463338
266.163232419	0.0122430491255
267.815508037	0.0119893207158
265.128510137	0.0123790827781
267.569437867	0.0120278055195
262.698974118	0.0127018871067
267.503909838	0.0120352453254
264.194389104	0.0125156546343
268.414747828	0.0119203874759
265.348740794	0.01234246916
268.452442457	0.0119013795362
265.181126718	0.0123719863111
267.643361408	0.012014055136
264.775303671	0.0124268246517
267.624480045	0.0120151893302
262.945492266	0.0126637905491
268.353198725	0.011932181222
262.826910492	0.0126813911326
268.447451543	0.0118958943914
264.276386134	0.012473818007
268.063099519	0.0119391971886
263.443455897	0.0125970847521
266.98575164	0.0120888052705
264.818382807	0.0124118932462
268.391145225	0.0119021854844
264.351522287	0.0124799761368
266.634013916	0.0121433996901
263.228615304	0.0126257524632
266.631528788	0.0121448572148
262.718241606	0.0126967657311
267.844106234	0.011985552584
263.639806262	0.0125866924709
268.168927689	0.0119238986833
263.015747475	0.0126507798964
266.776318383	0.0121248084114
263.753290592	0.0125484266288
267.981476248	0.0119461838733
263.912577754	0.0125165321682
266.614569016	0.0121325657957
262.538410131	0.0127051084773
265.351899311	0.0123075709097
264.244698089	0.0124873330383
265.942190506	0.0122343057757
262.016993083	0.012783813397
265.515974441	0.0122942901581
263.071492122	0.0126555562886
266.953943027	0.0120757009042
263.939042353	0.0125151456337
266.702822794	0.0121106508827
262.598501016	0.0127071684562
264.963707136	0.0123572340911
263.836165185	0.0125171302734
265.41031137	0.0122826872436
262.080529641	0.012776401882
265.071197171	0.0123412044932
263.195557128	0.0125989585721
266.463754584	0.0121472101671
262.24708594	0.0127458552303
265.562468609	0.0122730810997
262.27649933	0.0127413166529
263.934011396	0.0124956886143
261.519670209	0.0128457242901
264.136554576	0.0124704387356
262.366062809	0.0127203085917
265.011128937	0.012339379046
263.049648234	0.0126453083107
265.647084789	0.0122808120253
262.86012858	0.0126475179671
264.827687644	0.0123593307937
262.78028596	0.0126695070652
264.088785303	0.0124707091329
263.556537507	0.0125743712882
264.080607874	0.0124898965945
262.943183251	0.012652913505
265.911135938	0.0122169308111
264.210563265	0.0124615467363
263.976983981	0.0124935893009
263.748166022	0.0125140879594
264.942760671	0.0123460608444
264.466387924	0.0124144539562
266.20942333	0.0121813349042
264.253544497	0.0124541407798
264.787626787	0.0123686077562
264.659586686	0.0123911659045
263.748161374	0.0125196817787
264.849464226	0.0123925354004
265.407334097	0.0122926639271
265.890239456	0.0122302220529
266.058563193	0.0121998319062
264.745562958	0.0124000538662
265.746586119	0.0122390157202
267.140225048	0.0120477989196
264.837778348	0.0123760766748
265.055732987	0.0123345105893
265.391776489	0.0122961782805
265.071605431	0.0123424615477
266.412612938	0.0121465814931
265.870076047	0.0122327923607
266.851271223	0.0120866772206
265.250236326	0.0123313478568
266.02586626	0.0122332989754
266.030646186	0.012202264105
265.047756195	0.0123553865069
265.818679565	0.0122236692223
264.366077209	0.0124320658937
264.961124019	0.0123748854485
266.872519948	0.0120833899335
267.146804578	0.0120511551319
265.859004186	0.0122310528173
265.441466003	0.0122868795152
265.702296775	0.0122478176576
265.519792257	0.0122691088668
265.75923081	0.0122433422845
266.127922996	0.0121801606292
264.326871896	0.012435206242
265.987756514	0.0122029750419
264.897803942	0.0123575400313
265.64176005	0.0122558342822
264.894566301	0.0123581102672
265.827149651	0.0122198347801
264.962582839	0.012352045579
265.390700802	0.0122850692917
265.216948869	0.012316703421
264.813031019	0.0123724841266
266.084050606	0.0121943809183
265.645030884	0.0122520103398
265.296891975	0.0123033915572
265.903265251	0.0122149083259
265.797626313	0.0122329142609
265.695339252	0.0122464083171
265.623829437	0.0122575847932
265.266448654	0.0123083864783
265.952933781	0.0122077521882
264.815084554	0.0123747274489
265.815691931	0.0122526324041
265.137058743	0.0123430081643
265.814707845	0.0122536798755
265.97144587	0.0122290741059
265.927749454	0.0122417523358
265.681776912	0.0122538011373
265.426515154	0.0122766880413
265.977908168	0.0122151142621
265.441641517	0.0122741767293
266.467819453	0.0121353660953
266.114230642	0.0121825448445
266.323181292	0.0121609604032
266.231272154	0.0121812520695
266.489824762	0.0121340246713
266.095902076	0.0121839782906
266.461700945	0.012157618275
266.30169212	0.0121877695753
266.197087251	0.0121888146275
265.844541651	0.0122293134935
266.326423291	0.0121587666563
265.727665465	0.0122400626156
266.493270477	0.0121345091331
266.346193395	0.0121770832654
266.972884989	0.0120980047788
266.499598174	0.0121555251614
266.91401902	0.0121015800526
266.556237499	0.0121594828993
266.267009036	0.0121958011496
265.959371562	0.0122366728965
266.788425273	0.012116920823
266.281403402	0.0121975334006
266.112216081	0.012216235003
265.99313237	0.0122361677011
266.664275928	0.0121333299947
265.89848447	0.0122501111816
266.008880058	0.0122311271687
265.406404965	0.0123102261546
266.869300826	0.0121079609342
265.781505285	0.0122653714434
266.072912609	0.0122258579
265.978265107	0.0122371465443
266.391170927	0.012169392147
266.182903567	0.0121997370427
265.902634154	0.0122489228704
266.158596207	0.0122026597569
266.130214888	0.0122038022146
265.979521857	0.0122262548144
265.580754907	0.0122927840269
265.791318876	0.0122509479324
266.114057639	0.0122062710495
265.957027241	0.0122292298374
265.484075387	0.0123068171695
265.761997406	0.0122546763631
265.954351472	0.0122273882742
265.765039941	0.0122544837165
266.007549928	0.0122207317435
265.537239254	0.0122984133122
265.666084351	0.0122838070306
265.408297707	0.0123187663147
266.228835731	0.0121928938652
266.086866796	0.012217306098
265.630364054	0.0122889153122
265.421704547	0.0123191143542
265.605816982	0.0122942933288
266.187305109	0.0121999868336
265.989255663	0.0122252624057
265.837607503	0.0122600467689
266.085732106	0.0122128508863
266.171464383	0.012201801082
266.068377771	0.0122145374481
265.861160754	0.0122550882121
266.081806883	0.012213165464
266.205029571	0.0122000070006
266.281014254	0.0121863528735
266.193157428	0.012199045654
265.822470844	0.0122624869616
266.253065278	0.0121955029718
266.240361534	0.0121923247202
266.311006496	0.0121871469521
265.914699904	0.0122492107761
266.257072132	0.0121924270956
266.306508941	0.0121838118677
266.267455871	0.0121932920918
266.0412396	0.0122305302168
266.089237604	0.0122226762235
266.236694558	0.0121942585435
266.081917489	0.0122244705484
266.353121106	0.0121835164435
266.018602157	0.0122324814906
266.469292853	0.0121652148105
266.000292402	0.0122363298757
266.397013535	0.0121730069917
265.943894751	0.0122454417156
266.284741779	0.012193035612
265.943351951	0.0122451631708
266.130086706	0.0122176496026
266.187048792	0.01219969642
266.347786672	0.012183414718
266.053892303	0.0122280976672
266.140323418	0.0122187831708
266.128502306	0.0122093593945
266.07915962	0.0122283455192
266.261224326	0.0121937182075
266.396311563	0.0121731076827
266.431446007	0.0121712714804
266.044460972	0.012232897511
266.206413195	0.0122085532668
266.442074209	0.0121677014792
266.012789924	0.0122366249096
266.023161206	0.0122358476324
266.418739841	0.0121718667531
266.501083077	0.0121649286434
266.337157619	0.0121807080208
266.416562579	0.0121698450691
266.421883532	0.0121794911369
266.541698121	0.0121568979065
266.66487963	0.0121425641113
266.534159962	0.0121549855099
266.811316418	0.0121196567536
266.667675233	0.0121364559626
266.449284885	0.0121772235338
266.871468204	0.0121101963089
266.813728415	0.0121165746164
266.889545419	0.012109994171
266.9220216	0.012103983248
266.685471164	0.0121416832317
266.650911243	0.0121471740757
266.539872781	0.012164055965
266.754423419	0.0121337635118
267.004886522	0.0120922099056
267.058380036	0.0120859576798
267.015101352	0.0120965815662
267.083006473	0.0120800328896
267.176724983	0.0120702790677
267.104727134	0.0120777142381
266.852186544	0.0121211692122
266.782521166	0.012130256269
266.818752315	0.0121250727466
267.106633214	0.0120814295709
267.161770023	0.0120711681828
267.158122245	0.012072530108
267.234539423	0.0120635194237
267.11952535	0.0120772080805
267.118456476	0.0120779089832
267.066472483	0.0120886014937
267.095047816	0.0120788119829
267.109068009	0.0120782142577
266.90740347	0.012111206123
267.04469547	0.0120859746446
267.118388382	0.0120793177412
267.10181477	0.0120811464577
267.009251469	0.0120938901708
266.595275172	0.0121504352303
266.757891872	0.0121288185384
267.035406096	0.012089497733
266.875272432	0.0121111233386
266.931320207	0.0121002828415
266.891861237	0.0121074299484
266.766436668	0.0121284984608
266.808172058	0.0121212819628
266.932824421	0.0121035343164
266.831803892	0.0121132690473
266.909433084	0.0121070110276
266.642129484	0.0121449825952
266.855853773	0.0121111976028
266.674941335	0.012141863133
266.91004715	0.0121064983696
266.970057261	0.0120961576466
266.676089536	0.0121392969447
266.747089846	0.0121307335392
266.682303869	0.0121399080082
266.934205366	0.0121010441162
269.86211379	0.0117271638146
271.572267627	0.0115104091737
272.947319208	0.0113405407508
274.149911182	0.0111896337697
275.402608292	0.0110308420283
276.450512892	0.0109010427062
277.529923897	0.010767517873
278.503206201	0.010648006178
279.29041471	0.0105539169653
280.040193791	0.0104628448524
280.711927886	0.01038441664
281.485314711	0.0102951522992
282.166096747	0.0102196797263
282.676371264	0.0101621574509
283.192209559	0.0101041078701
283.608591098	0.010060446753
284.066745353	0.0100103556431
284.823589796	0.00992135438013
285.636734361	0.00982961451723
285.880748019	0.00980108827614
286.210851935	0.00976787621325
286.820926875	0.00969607040509
286.932163479	0.00969018017669
287.243133068	0.00965470546978
287.750044654	0.00959642829286
287.769982413	0.00959648233128
288.04464485	0.00956377824053
288.08262675	0.0095594236478
288.12596693	0.00955615466761
287.945561144	0.00957917189652
287.770224381	0.00959582243386
287.307691439	0.00965079677753
287.039386119	0.00967455208746
286.509881727	0.00973174997066
285.976599549	0.00979107982609
285.24373877	0.00987210795094
284.511670153	0.00995191317467
283.761303663	0.0100392180104
283.046624064	0.0101191268077
282.26413692	0.0102081012512
281.485031219	0.0102982014714
280.656826386	0.0103977412037
279.935423889	0.0104808569314
279.121336189	0.0105810563207
278.377274199	0.0106697985346
277.706006636	0.0107479514777
276.819437071	0.0108601034135
276.220234661	0.0109337489907
275.585344083	0.011011672438
275.312264879	0.0110421167523
274.677647022	0.0111240178544
274.398245358	0.0111569263905
274.414606094	0.0111550033664
290.542409167	0.00930143205777