100	-0.04392	0.0	0.993535082098	0.00646491790168	0.0
104	-0.03346	4.77628059134e-20	0.619969163186	0.375140451881	0.00489038493262
105	-0.03741	3.04377204462e-22	0.0	1.0	0.0
107	-0.03842	0.0	0.0	1.0	0.0
11	-0.0917	1.0	0.0	0.0	0.0
113	-0.04362	1.0	0.0	0.0	0.0
114	-0.006865	0.0	0.0	1.0	0.0
115	-0.0008964	0.997256710868	0.0	0.00274328913204	0.0
116	0.04091	0.00676767250487	0.984415909095	0.00881641840025	0.0
117	0.02019	0.0	1.0	0.0	0.0
118	0.05005	0.0	1.0	0.0	0.0
119	0.07679	0.0	0.97856156094	0.0	0.0214384390599
121	0.08364	0.0	0.0	0.0	1.0
125	0.1734	0.0	0.0	0.0	1.0
126	0.4887	0.0	1.0	0.0	0.0
127	0.6343	0.0	0.0	0.0	1.0
128	2.29	0.0	0.0141405741549	0.0	0.985859425845
165	-0.09722	0.0	1.0	0.0	0.0
166	-0.09102	0.0	0.671929342666	0.0	0.328070657334
167	-0.1148	0.0	0.0	0.0	1.0
168	-0.1088	0.0	0.0	0.0	1.0
17	-0.1287	1.0	0.0	0.0	0.0
170	-0.08385	0.0	0.0	1.0	0.0
172	-0.07305	0.0	1.0	0.0	0.0
175	-0.07968	0.0	1.0	0.0	0.0
176	-0.0556	0.0	0.0	1.0	0.0
178	-0.05599	0.0	0.0	1.0	0.0
189	-0.02431	0.0	0.0	1.0	0.0
190	-0.02217	0.420472733134	0.0	0.579527266866	0.0
191	-0.02421	0.0	0.0	1.0	0.0
192	-0.02099	0.0	0.0	1.0	0.0
193	-0.02556	0.998474974491	0.0	0.00152502550949	0.0
194	-0.009279	0.94145113315	0.0	0.0585488668503	0.0
195	-0.008196	1.0	0.0	0.0	0.0
196	0.01533	1.0	0.0	0.0	0.0
197	0.01873	0.0917892332143	0.0	0.908210766786	0.0
198	0.0505	0.999934590008	0.0	6.54099924752e-05	0.0
199	0.06776	1.0	0.0	0.0	0.0
200	0.1008	6.44633361051e-31	0.0	1.0	0.0
201	0.07039	1.0	0.0	8.09635926562e-157	0.0
202	0.02617	0.584568760595	0.0	0.415431239405	0.0
206	-0.005624	0.739822327316	0.0	0.260177672684	0.0
207	0.001006	1.0	0.0	0.0	0.0
208	-0.01668	0.0219572996685	0.0	0.978042700331	0.0
211	-0.01788	7.2464540046e-28	0.0	1.0	0.0
23	-0.09221	0.418470698526	0.0	0.581529301474	0.0
24	-0.0808	0.0	0.0	1.0	0.0
25	-0.08804	1.0	0.0	0.0	0.0
26	-0.09033	0.0	0.0	1.0	0.0
39	-0.07839	0.0	1.0	0.0	0.0
40	-0.06043	0.0	0.0255683606892	0.0	0.974431639311
41	-0.03632	0.0	1.0	0.0	0.0
42	-0.01694	0.0	0.962883393374	0.0	0.0371166066257
43	-0.02528	0.0	1.0	0.0	0.0
45	-0.03414	0.0	0.418354977913	0.0	0.581645022087
46	-0.03902	0.0	0.999516483063	0.0	0.000483516936755
47	-0.0223	0.0	0.0	0.0	1.0
48	-0.02718	0.0	0.542069412922	0.0	0.457930587078
49	-0.04313	0.0	1.0	0.0	0.0
53	-0.06549	0.0	0.0	0.0	1.0
54	-0.05149	0.0	0.551294084734	0.0	0.448705915266
6	-0.06423	0.0	0.0	1.0	0.0
61	-0.06303	0.0	1.0	0.0	0.0
62	-0.05552	0.0	0.0454920067134	0.0	0.954507993287
63	-0.0567	0.0	0.0	0.0	1.0
64	-0.06888	0.0	0.0	0.0	1.0
65	-0.06333	0.0	1.0	0.0	0.0
66	-0.06003	0.0	1.0	0.0	1.14100190497e-54
67	-0.06483	0.0	0.0	0.0	1.0
68	-0.0694	0.0	1.0	0.0	0.0
69	-0.05918	0.0	1.0	0.0	1.49331752256e-189
7	-0.08047	0.0	1.0	0.0	0.0
70	-0.057	0.0	0.0	0.0	1.0
72	-0.06084	0.0	0.0	0.0	1.0
73	-0.05413	0.0	0.0	0.0	1.0
74	-0.05497	0.0	0.77893211011	0.0	0.22106788989
76	-0.05832	0.0	0.395919976935	0.0	0.604080023065
79	-0.05293	0.0	0.0	1.0	0.0
80	-0.05303	0.776843376653	0.0	0.223156623347	0.0
84	-0.1175	0.0	0.0	1.0	0.0
86	-0.09648	0.0	0.999999443719	5.56281024495e-07	0.0
90	-0.05492	0.0	1.0	0.0	0.0
91	-0.0537	0.0	0.0	0.276374858267	0.723625141733
92	-0.06107	0.0	0.0154097135685	0.0	0.984590286432
94	-0.04694	0.0	0.999874623479	0.000125376520542	0.0
95	-0.04809	0.0	0.947891947827	0.0	0.0521080521726
97	-0.04409	0.0	0.343447913752	0.656552086248	0.0
98	-0.04012	0.0	0.936910440424	0.00286792510062	0.0602216344757
99	-0.04279	0.0	0.00639570885596	0.993604291144	0.0