100	-0.04514	0.0	0.999995649712	4.35028832425e-06	0.0
104	-0.03395	0.0	0.79713776849	0.20286223151	3.30985131571e-69
105	-0.03784	0.0	0.0	1.0	0.0
107	-0.03889	0.0	0.0	1.0	0.0
11	-0.09705	1.0	0.0	0.0	0.0
113	-0.04525	1.0	0.0	0.0	0.0
114	-0.00787	0.0	0.0	1.0	0.0
115	-0.001254	1.0	0.0	0.0	0.0
116	0.0381	0.00263113271172	0.997368867288	7.26398892185e-48	0.0
117	0.037	0.0	1.0	0.0	0.0
118	0.06567	0.0	1.0	0.0	0.0
119	0.09564	0.0	0.0	0.0	1.0
121	0.1094	0.0	0.0	0.0	1.0
125	0.1985	0.0	0.0	0.0	1.0
126	0.49	0.0	1.0	0.0	0.0
127	0.6287	0.0	0.0	0.0	1.0
128	2.289	0.0	6.72038610683e-06	0.0	0.999993279614
165	-0.07947	0.0	1.0	0.0	0.0
166	-0.1044	0.0	0.999602068229	0.0	0.000397931770653
167	-0.1679	0.0	1.0	0.0	0.0
168	-0.1393	0.0	0.0	0.0	1.0
17	-0.1282	1.0	0.0	0.0	0.0
170	-0.102	0.0	0.0	1.0	0.0
172	-0.08389	0.0	1.0	0.0	0.0
175	-0.09534	0.0	1.0	0.0	0.0
176	-0.06462	0.0	0.0	1.0	0.0
178	-0.0633	0.0	0.0	1.0	0.0
189	-0.02532	0.0	0.0	1.0	0.0
190	-0.02287	0.318171333322	0.0	0.681828666678	0.0
191	-0.02484	0.0	0.0	1.0	0.0
192	-0.02149	0.0	0.0	1.0	0.0
193	-0.02607	1.0	0.0	0.0	0.0
194	-0.009428	0.996566440041	0.0	0.00343355995939	0.0
195	-0.00836	1.0	0.0	0.0	0.0
196	0.01611	1.0	0.0	0.0	0.0
197	0.01916	0.00315651317365	0.0	0.996843486826	0.0
198	0.0518	1.0	0.0	0.0	0.0
199	0.0711	1.0	0.0	0.0	0.0
200	0.1031	0.0	0.0	1.0	0.0
201	0.07444	1.0	0.0	0.0	0.0
202	0.0294	0.447063118192	0.0	0.552936881808	0.0
206	-0.00407	0.808456722892	0.0	0.191543277108	0.0
207	0.002272	1.0	0.0	0.0	0.0
208	-0.01553	6.78677293963e-05	0.0	0.999932132271	0.0
211	-0.01708	0.0	0.0	1.0	0.0
23	-0.08947	0.48799596358	0.0	0.51200403642	0.0
24	-0.07825	0.0	0.0	1.0	0.0
25	-0.08548	1.0	0.0	0.0	0.0
26	-0.08819	0.0	0.0	1.0	0.0
39	-0.07786	0.0	1.0	0.0	0.0
40	-0.06051	0.0	0.00304603201115	0.0	0.996953967989
41	-0.03204	0.0	1.0	0.0	0.0
42	-0.001121	0.0	0.142123476169	0.0	0.857876523831
43	-0.0225	0.0	1.0	0.0	0.0
45	-0.03689	0.0	0.525184883858	0.0	0.474815116142
46	-0.0404	0.0	1.0	0.0	0.0
47	-0.02017	0.0	0.0	0.0	1.0
48	-0.02633	0.0	0.469917678066	0.0	0.530082321934
49	-0.04215	0.0	1.0	0.0	0.0
53	-0.05697	0.0	0.0	0.0	1.0
54	-0.04241	0.0	0.509489465265	0.0	0.490510534735
6	-0.06597	0.0	0.0	1.0	0.0
61	-0.05672	0.0	1.0	0.0	0.0
62	-0.05247	0.0	3.92536632985e-43	0.0	1.0
63	-0.053	0.0	0.0	0.0	1.0
64	-0.06475	0.0	0.0	0.0	1.0
65	-0.0599	0.0	1.0	0.0	0.0
66	-0.05711	0.0	1.0	0.0	0.0
67	-0.06149	0.0	0.0	0.0	1.0
68	-0.06604	0.0	1.0	0.0	0.0
69	-0.05664	0.0	1.0	0.0	0.0
7	-0.08403	0.0	1.0	0.0	0.0
70	-0.05454	0.0	0.0	0.0	1.0
72	-0.05866	0.0	0.0	0.0	1.0
73	-0.05228	0.0	0.0	0.0	1.0
74	-0.05314	0.0	0.785968847973	0.0	0.214031152027
76	-0.05688	0.0	0.524501277111	0.0	0.475498722889
79	-0.05222	0.0	0.0	1.0	0.0
80	-0.05227	0.836335916049	0.0	0.163664083951	0.0
84	-0.1194	0.0	0.0	1.0	0.0
86	-0.09995	0.0	1.0	0.0	0.0
90	-0.05799	0.0	1.0	0.0	0.0
91	-0.05679	0.0	0.0	0.365058704401	0.634941295599
92	-0.06443	0.0	0.00881034249218	0.0	0.991189657508
94	-0.04924	0.0	1.0	2.18913920416e-72	0.0
95	-0.05047	0.0	0.99836871785	0.0	0.0016312821497
97	-0.04581	0.0	0.248233816849	0.751766183151	0.0
98	-0.04167	0.0	0.999847003248	4.5451666362e-09	0.000152992206497
99	-0.04435	0.0	0.000169930779325	0.999830069221	0.0