-67.8403083922	0.521092296476
5.81694974373	0.226831126693
41.6648764913	0.144839195391
37.7135099321	0.1531196845
-48.0914846896	0.417258505675
13.0778875719	0.200114169131
33.4515731757	0.158429254262
14.2862011391	0.19986110151
5.50864089427	0.222746613594
25.8711962178	0.173897797193
-8.14145412466	0.262706145849
-7.28842652124	0.263649153894
19.2314567298	0.193686398222
-69.3305262213	0.530148808507
-63.3194701398	0.4956788099
-79.6926044646	0.59558804398
-68.7374883596	0.526922511218
-72.5005840995	0.549005769522
-71.7678061733	0.544966935846
-29.0388381255	0.33672661087
2.55589364528	0.23520759864
35.8920739074	0.161788937009
21.4760298335	0.190566086712
18.7418420792	0.196412558826
27.132721233	0.17877495019
40.5514770345	0.153251407051
104.044032051	0.0753044917008
26.4867231446	0.179239302303
138.449381831	0.0501997667549
38.9142074008	0.155505880934
66.4683725446	0.112898369283
101.701212475	0.0757662078012
30.2531549483	0.169954286474
109.014800993	0.0694283576883
69.5767308891	0.109610617394
31.2605527375	0.168372987325
115.433772832	0.0643992616352
55.5385873247	0.128467282654
31.8513780172	0.166774953075
139.910057275	0.0492156237596
40.5155603348	0.151666442657
15.3473109489	0.201273819782
94.2965049435	0.0822772723775
24.9468216004	0.182021493927
86.6249904199	0.0895461309426
76.7360306019	0.101920211008
38.1075820237	0.155956681631
156.28403676	0.0415573838966
52.5277844353	0.133364870991
45.6693310751	0.14397410162
57.1148136252	0.127307387554
62.4960459731	0.119517388937
54.7736011016	0.130213592404
76.2140998737	0.102572473297
57.3070901421	0.126739904458
63.2707983259	0.118110244213
63.2255302064	0.118600262108
63.7663056117	0.117558689625
67.1671460891	0.113245050271
60.9195786058	0.121352968624
72.9226438924	0.105796986062
60.2474976247	0.122278360374
55.2408377682	0.129019695598
69.4915626861	0.110325179868
59.132544361	0.123459068723
73.7947406068	0.10495394222
66.3980281015	0.113495525298
64.4011702704	0.116730254205
93.2081281468	0.0843872529777
34.8001300627	0.163235551494
97.7390461675	0.0804060014824
54.4868134836	0.130772971746
141.831959039	0.0485980574031
27.4943117125	0.177211815414
74.4027552713	0.104056361893
33.8280411683	0.165368501104
155.968959394	0.0413945299918
34.6356824296	0.163420452692
58.7650898997	0.124216848633
29.5881051777	0.173529805949
162.204886331	0.0386920599755
44.9253238292	0.145425263165
76.3695917476	0.101500048085
10.8674061151	0.214217294493
43.8062319576	0.147524219883
52.3539183716	0.134276033237
161.8509442	0.0387883495737
38.1025848449	0.157083841235
88.1223918424	0.0883584983295
11.6311470096	0.212299347426
29.0191698241	0.174383410822
70.2254074903	0.109795730174
137.072339359	0.0513458781681
28.1804993093	0.175839363876
75.117930262	0.102933351172
17.4546517525	0.198876541856
112.437251593	0.0669813443063
34.9680315207	0.163247528445
103.347984565	0.0744310673443
34.3592904325	0.164090829423
32.6469021918	0.167131711324
21.3668521324	0.190446326021
194.949555336	0.026947710596
41.803621108	0.150960613308
104.878991922	0.0727172483681
30.7942191156	0.17089161829
23.303313	0.186028684656
31.9788498626	0.168858514761
180.136669788	0.0318150180328
41.0404207101	0.15216694897
101.400674556	0.0755089019062
24.5560548961	0.183374745463
21.0273243274	0.190881898284
39.8443266662	0.154603397716
135.532703085	0.0518119628174
43.062146463	0.148307012384
22.6247591235	0.187342024269
37.0669223778	0.159079410945
53.9424524818	0.131379464076
21.3716878453	0.190298953488
77.4516349588	0.100582974553
23.0314691977	0.186985467084
107.032403412	0.0710829752458
62.2235363779	0.120121226455
110.29782539	0.0686857282054
38.3393264187	0.157064356639
67.3743421619	0.113268447223
6.79427386105	0.224632655859
152.580049393	0.0432984522068
38.5575364423	0.156915753873
139.616374305	0.0501485563985
25.9330449268	0.180884602978
76.2338136298	0.103170357831
102.764098337	0.0760167754764
35.5069889745	0.162094687482
28.820481243	0.175023307243
24.484428631	0.184024772431
129.612855095	0.0559364105819
51.79381768	0.135056051078
67.8772543561	0.112646347997
25.0131022964	0.182815696094
25.0957065388	0.182747054407
56.6128790937	0.128248884982
93.6836865386	0.0845959743372
37.9515994707	0.157903879113
21.1049650868	0.191128110716
59.2668023368	0.124531623693
54.5088762865	0.131322064152
48.9697128114	0.139647979627
37.8493312088	0.158295448828
49.0712709096	0.139617070525
51.8515762422	0.135358302772
102.564874807	0.0767647777152
42.0000857029	0.151137626037
47.4217896696	0.142296845015
30.0341407476	0.173010564443
38.7048978399	0.156487497196
23.0713030308	0.186361870124
94.9954595996	0.083000287682
37.8221947681	0.153154208827
55.0423215976	0.129601235499
31.595551295	0.163233783384
29.8373682783	0.16992905675
-12.7390294408	0.278407137953
8.95831003061	0.218667419645
36.1944388344	0.160718599817
53.5893292596	0.131613219933
60.3418276079	0.123200178234
24.9445589862	0.182167330823
90.1645078543	0.0884421543466
3.02863242598	0.234362898674
25.4358583591	0.180668403973
64.6845941467	0.114507252096
14.2765018285	0.203419527871
17.4209279573	0.194126846486
-26.8989907366	0.325188132934
-16.6727040388	0.287740230973
47.2598362343	0.139643043442
47.3216173449	0.137880899062
-30.3748611433	0.338014667218
-16.9214384583	0.289155121329
-16.2135815202	0.289140548235
111.20293274	0.0694952116325
73.781564186	0.103342191174
24.644648583	0.180288319378
26.5702874995	0.17313416933
37.558310293	0.153730484292
21.9923261381	0.185628889255
1.99328234237	0.235472953174
34.1569811356	0.164647506297
9.08322328397	0.217601520486
52.0904582712	0.134339801758
19.3671097887	0.192607413784
14.947878862	0.202608526345
34.1806433369	0.161154786108
32.5182810982	0.163816216528
29.4136466893	0.170848934771
45.0497557068	0.142947577589
11.6009750883	0.208529941605
55.6870557512	0.125624791495
46.1101502286	0.141440388285
27.4412565354	0.173734434687
23.3113578835	0.181084066744
22.0298541775	0.184489561683
34.6752519875	0.158477044907
24.8944554461	0.179826193379
31.7738170808	0.168763783195
39.1620093466	0.150195297184
-25.1192587783	0.317643460935
10.9802411115	0.214399769941
132.562882476	0.0547003167266
5.1869418864	0.228828343506
-8.50939812062	0.263701276045
42.9535253679	0.146574096852
42.1628432164	0.145355600276
51.3848876389	0.132336402002
26.7211515446	0.174010938954
34.3200105164	0.159221482004
33.6910113073	0.161099606479
30.4870198253	0.167190656772
16.9243445125	0.19719107908
59.1421541536	0.123574307582
25.549741299	0.181860125136
34.7396998704	0.158812862673
19.9777467808	0.189737555085
28.6416436727	0.172221946267
7.9084388864	0.221824875474
127.456763318	0.0578120033072
27.1839669555	0.176872289157
22.7636888979	0.18108373848
38.3948121269	0.151654429528
-9.18590384383	0.267371453362
63.2694484941	0.116334872358
58.0509865089	0.126438598403
54.7089632521	0.126955358903
3.84459552182	0.225339827107
52.4102173637	0.134187816466
98.8101909324	0.0803642379622
52.8367785901	0.133593093383
27.3224807583	0.172849033644
29.1427374927	0.171117855701
51.4714567862	0.136012709773
110.816780289	0.0683644781463
69.9381560213	0.107828587404
29.6761552801	0.173569835936
-32.2080302384	0.345022765524
43.9935807464	0.146839519416
114.135434777	0.0654886754736
51.7333973429	0.13525886319
68.8897240769	0.109221884443
22.5913864759	0.182963062835
49.4612575958	0.133959260969
6.50874068912	0.218546098146
37.2408022559	0.155281426425
25.5070220531	0.177038042833
47.8533941075	0.137705666676
54.0580775655	0.127753871624
15.5847181692	0.20345095546
76.9158616183	0.0996598944149
36.1380674151	0.158099228889
120.224731689	0.0631429220147
130.121792194	0.0549194259426
6.490303799	0.22556362255
13.494138129	0.207237240808
110.291598708	0.0706038667826
66.6770679443	0.113088937046
37.2485680118	0.153451727405
23.2975222961	0.180007702398
63.570298185	0.115677429495
46.9951658856	0.138153357743
30.3959340647	0.165787108556
68.5154044675	0.109524599873
68.8691251641	0.109146433585
38.7180434233	0.15102021343
30.0280843684	0.166939160847
52.8787700069	0.132403587221
13.6561400379	0.202855962515
46.5011658383	0.139953763615
75.7237554609	0.10119063462
51.1622498603	0.136257769541
88.205007174	0.0904406131641
68.4941685838	0.109614434094
19.2364617301	0.19145821171
9.46088593082	0.218151466434
113.908902288	0.0677747900263
49.1040200845	0.139594109382
130.856251703	0.0556381686922
49.8005185261	0.133725001949
42.4029742047	0.1450125394
4.4224173338	0.226523522823
54.9862447132	0.128154008585
55.3687724761	0.126313176962
11.656538734	0.210554692939
33.7767917356	0.160584461934
45.3030046793	0.140181840104
52.3155283204	0.130006114193
22.7272199523	0.18413389701
43.0966644859	0.143786938752
54.7552529781	0.126843659193
16.7791865055	0.197833292841
48.5648936088	0.135229400927
46.4034219799	0.140254734166
58.2693916968	0.125170147782
37.2635473279	0.154413117988
38.4611411043	0.152485084444
67.1313134137	0.111232155773
133.043849265	0.053348219604
51.3543965887	0.131753044842
36.0332194949	0.157273530873
56.4773018836	0.125378572532
118.091784052	0.0626399248087
51.1151667355	0.131719277156
61.9362035194	0.117954478918
31.6141737235	0.16403728108
64.2944445738	0.115445835095
26.9892306957	0.174318079552
40.1604722719	0.149921540283
56.8244622057	0.12528241482
113.418507092	0.0661869177303
59.8868900754	0.120464150981
103.619410832	0.0738563356226
33.9138372785	0.16196995854
73.189783177	0.105382086463
50.1659594556	0.133541409345
44.5086539071	0.143262369066
42.4909130515	0.145536078617
53.6961690401	0.129014911869
63.4212566462	0.11586930482
38.4384175458	0.15337375016
64.9776569184	0.114660094884
46.9844112401	0.138801488082
92.1107658257	0.0846271254111
28.9800058429	0.170253195478
42.5824187737	0.145929981212
76.4832280841	0.101731707686
65.5814808769	0.116233987707
37.7480347489	0.158293723313
31.1740470555	0.16805847845
31.1630229734	0.167975605392
37.1356391476	0.154160440669
14.803517663	0.202264661555
27.1573092637	0.177502716299
57.449202071	0.124708293056
137.10651531	0.0510759395391
69.6137328418	0.109480306775
17.7702169314	0.195407657389
20.7458732144	0.189035852946
75.0149269254	0.104578841511
97.7099022446	0.0811930805657
48.1954423042	0.140561832782
66.9388417784	0.114355940495
20.1966440496	0.192682226722
64.5940995943	0.114617643372
88.9005545577	0.0897461864632
65.9880362903	0.115516140606
40.9826238487	0.152826602325
116.62606631	0.0657853946438
168.802439341	0.0363013191835
42.4244207318	0.150276803967
141.157476982	0.0488020534031
23.2840862794	0.181631359439
159.844288605	0.0402270454571
69.0712913556	0.111833083652
84.2821776512	0.0921489703791
54.008433346	0.128199208195
49.7392672923	0.137095380115
96.2538258639	0.0815953777692
21.3495391188	0.189464937237
155.876175259	0.0419657329561
46.1787300654	0.13915171975
57.7773794883	0.123195509903
37.9775636947	0.152440872886
55.2807563144	0.128872019345
94.7946259954	0.0824080844711
70.2628653259	0.110376810945
101.368569849	0.0768542300016
46.3844884885	0.14129792026
59.1133783114	0.121118510945
40.0489336614	0.151598631447
71.3623921063	0.106075731618
34.9305673194	0.157594644595
39.959232111	0.150285258696
22.3645103854	0.184858145345
57.3057218463	0.127469192041
78.3200985538	0.100972162687
69.5519107146	0.108222258708
31.9967531561	0.164495613643
84.6169963518	0.0938872568288
86.0316580504	0.0926316131823
85.3005151779	0.0934339959579
103.015768624	0.0763485459705
61.5132274722	0.118338201035
36.5265323218	0.157169941735
72.4176754083	0.106021608854
34.7944139239	0.16341549243
132.947670776	0.0545978953907
59.7586293862	0.121822273976
48.5975989023	0.13533117289
34.9971249639	0.158151663759
44.9491749383	0.142647267969
107.098119989	0.0709951163704
59.0582198994	0.121422511592
64.1013602087	0.115356570876
53.6004358504	0.12959602337
181.316688966	0.0314666031054
45.8705145193	0.140619289829
29.0922388407	0.169850429744
123.759946349	0.060677262824
104.723591327	0.0752042480261
81.661979496	0.097268077352
102.33023512	0.077187664886
44.7519050595	0.145977265855
56.2114890185	0.126891836242
100.00716015	0.0789134603366
52.6749256845	0.133732869722
57.2174125276	0.127420491971
136.81134276	0.052229118895
25.3909929116	0.178354639766
152.841631281	0.0436381320198
30.5879087794	0.16770465889
166.714442641	0.036963000599
60.5019062869	0.119588117775
31.0569343015	0.166115864628
71.1134629372	0.107238606093
62.2464752698	0.117920443179
54.6485617532	0.126981983858
31.9280118018	0.163760390998
54.7523869264	0.128301581635
63.4829793797	0.11624791069
48.7048686445	0.135686957435
51.9581089155	0.134766847052
57.3682928631	0.127219437438
78.1944252033	0.100970194619
72.4542503708	0.104731545177
75.2985062945	0.101876005719
59.884424232	0.120377463226
70.4780028593	0.107052144348
55.3133534286	0.126864162892
56.8638816065	0.123974648482
136.117370823	0.0524838918049
65.6809240037	0.113318201304
64.8162115104	0.114362251283
75.3200321465	0.101554864878
65.9389900056	0.112605611876
91.2956702327	0.0850937133872
62.9527000449	0.116505630153
76.2211244831	0.10033032984
63.5555823619	0.116095117623
139.984389111	0.0495703228862
62.5690569518	0.117399761406
37.7997807357	0.155437128048
58.5091148934	0.122989939603
50.1533848017	0.13581734093
52.0197773487	0.132424050358
62.3451166752	0.117285183466
48.214563856	0.138012085788
68.7400111035	0.109345382592
51.9562802283	0.132579594265
97.5273995324	0.079525647382
76.5186573219	0.100016335121
59.6395383962	0.121087864682
55.0973418957	0.127864208517
74.5483361708	0.103022323883
72.9422335303	0.104169636858
54.9527458248	0.128064689299
71.1453519786	0.1063625314
56.7785712455	0.125436720906
114.252667595	0.0675300893497
106.304014222	0.0738756908334
85.4805054692	0.0908218318669
56.9146296975	0.124113265347
171.730764063	0.0350891012278
99.79360951	0.0788827668475
98.6680965425	0.0789471142016
104.000449954	0.0740592804115
127.05096283	0.0582845643036
64.4367538579	0.115616889242
185.862265371	0.0301751304167
84.3008360458	0.0917406013037
92.2936183029	0.0841575755562
65.0965893253	0.114163851763
65.4431938597	0.113242178137
147.245496984	0.0465045018825
212.086730364	0.0224633058799
57.7858769074	0.123135991021
65.7999797821	0.11301036001
73.7560882956	0.103269431499
37.4540996964	0.154396919773
49.5230839423	0.135855618151
117.960127546	0.0631143784295
85.0789734884	0.0910361163965
180.790358008	0.0317701980118
142.179118039	0.0492175343216
91.5136443697	0.0847518087403
76.0743788897	0.101243116137
110.032862405	0.0700613620146
203.90824489	0.0244146326799
106.430847535	0.0725906139156
84.2559008703	0.0944212225392
185.566364554	0.0299981478289
106.419008068	0.0735638172119
142.067763543	0.0485901698991
64.0553467479	0.115603176911
105.323763639	0.0747033839894
99.8862481227	0.0793832532871
142.341346568	0.0481154776523
164.088194889	0.0384872567315
65.9261501922	0.115769724836
84.6284999063	0.0913149181702
77.8591199196	0.0984236653574
62.9970149537	0.116148876279
58.2718564771	0.123386474431
159.734873421	0.0404096308727
125.807367756	0.0577322619275
73.5057764041	0.103800792227
106.549835363	0.071878075212
170.165848969	0.0359403966149
72.1573980382	0.105016143122
73.4834661861	0.103375324827
164.676759195	0.0379245171493
186.731361185	0.0296255292921
153.432214809	0.0433231519084
228.914692806	0.0184818083178
239.195332907	0.0165305785656
218.973268635	0.0208055565245
157.237617869	0.0415602286333
135.538527118	0.0529493029127
95.7573748759	0.0830676668096
57.5813380882	0.126979239979
100.787252945	0.0762991467501
84.9834006306	0.0917764044158
111.643970495	0.0676041606816
129.175427567	0.0564918087287
154.077040785	0.0429547107897
210.034138334	0.0229653008374
203.933397049	0.0244437991749
200.629429752	0.0254588858849
218.452565341	0.0209129247891
99.0989140893	0.0800895533657
131.024114577	0.0558834763447
82.1447698389	0.0946769555414
119.389037573	0.0637361548658
159.143883553	0.0400794271185
169.137165014	0.0363250444138
150.233665871	0.0448291991998
125.677834717	0.0592678224001
95.3225466277	0.0834502461191
196.641332715	0.0267053818594
131.240824801	0.0556960939697
92.1683163706	0.0864934040259
117.34288869	0.0652443266306
155.220173078	0.0421330601922
221.252672963	0.0202392113025
189.108164026	0.0288864724288
143.296302884	0.0486385499102
101.315853066	0.0781296533937
135.994972799	0.0528073038751
234.054910542	0.0174466559029
162.857026073	0.0390044391822
109.092351728	0.0715531226582
166.263267284	0.0370404991218
174.315413195	0.0342546064986
118.697735727	0.0641359097173
154.288899966	0.0422146553082
150.850657808	0.0445895357803
116.70184883	0.0656971389318
130.321021721	0.0563482100435
180.426468307	0.0317482724768
218.622933521	0.0206941659236
83.4175059456	0.0928937239264
93.518458259	0.0830032748849
95.324513973	0.0828163532305
97.7097897981	0.0793552836553
101.574736522	0.0760614042409
105.865470196	0.0725470160336
197.446506316	0.0262672748194
224.890931694	0.0194300631391
153.211003675	0.0428949338754
73.2873686476	0.103653646395
101.634341345	0.0767263076442
164.639564818	0.0377469820331
75.4522423441	0.101444416859
123.927904753	0.0590585207378
114.054936392	0.067600108463
145.456693843	0.0468820074969
129.498517079	0.0567798730868
122.542600518	0.0606611617933
196.987548825	0.0266149542798
171.238880396	0.0354956324208
90.7971893346	0.0855701753048
100.531416586	0.0773277507387
130.965567717	0.0558792932554
125.926915451	0.0579963399412
216.072622323	0.0214457139943
150.245118515	0.0446895440072
120.30878663	0.0631034225952
187.291119469	0.0295431136979
121.173451076	0.0624804848311
125.405161239	0.0595175773887
198.592683051	0.0261391927249
134.786316525	0.0531716036453
138.703747752	0.0503555459852
200.6604394	0.0254403504314
139.080761275	0.0510243436622
153.095594054	0.0435082187468
199.905626633	0.0255825780007
154.575241603	0.0422596142622
152.004047764	0.0437211720878
127.152254421	0.057009005606
111.457479246	0.0676772600859
134.822258544	0.0526522257156
103.516887254	0.0741143481667
118.313331709	0.0630000857914
217.002913691	0.021187501515
146.840610621	0.0463102782584
121.69361692	0.0621061858036
153.705274555	0.0427811684283
204.944348904	0.0243499547488
219.344041378	0.0205942010953
164.563632545	0.0382388294048
157.56699542	0.0408738899277
155.244237001	0.0424301430724
155.474797128	0.0417921936949
145.16095531	0.0472306173251
146.525165514	0.0461689913815
213.553661258	0.0220623244506
188.626238506	0.029051290798
135.672145341	0.0529925306118
179.634887803	0.0320862191958
227.390527285	0.0188597975983
186.559666668	0.0297143049066
156.254999617	0.04202854504
158.431252253	0.0409600944591
200.870549996	0.0253874570525
158.748296218	0.0404420133219
174.314070192	0.0342965881593
82.95411411	0.0959018707429
196.686134345	0.0267221733569
81.861374134	0.0970440176059
218.373132774	0.0208769517665
133.591599191	0.0532499936512
102.684069692	0.0746798606177
80.3128145838	0.0958558489498
122.065370511	0.0601906957118
238.920892223	0.0165899639788
135.451372513	0.0530928859902
163.869351395	0.038576518861
161.722127293	0.0394628408512
185.682223671	0.0300992392082
213.638751168	0.0220280223066
150.403084067	0.0448954406961
217.610365482	0.021005719893
106.60810005	0.0712706556881
123.991008681	0.0592813588362
112.462447062	0.0672248664435
148.824337378	0.0451380234634
131.914997949	0.0543409714192
169.18715059	0.0361372562094
224.372321666	0.0195152774813
139.550802916	0.0507163123878
176.515446457	0.0332083617241
194.020244553	0.0275201708248
179.610679704	0.0323330163386
133.626733847	0.0542689049661
166.180249943	0.0374282734213
192.623343626	0.0279156477974
135.246330253	0.0524457877766
133.565226309	0.0532045665173
150.94320558	0.0439529372567
94.4694486227	0.0818940243896
181.034354574	0.031633978122
162.319637107	0.0392164682147
175.478795252	0.0336416683623
220.499329191	0.0203918488317
171.861024398	0.0352998382012
215.707612903	0.0214702014596
153.761201713	0.0426444833357
231.43492473	0.0180159352915
129.789252168	0.0566323534737
176.55544525	0.0332053079864
200.482209026	0.0255045108697
152.010154063	0.0440134596596
134.94778651	0.0534670762441
207.825223961	0.0235213961934
179.355021385	0.032174072049
140.818789594	0.0491853478045
197.517225321	0.0264046457728
185.348226503	0.0302336792985
151.743599334	0.043571568398
153.95219059	0.0431389634331
166.422048014	0.0375308520555
150.533155647	0.0443694102379
159.99593199	0.039783575038
138.942120317	0.0510854940176
136.095084777	0.0527447625407
167.548452875	0.0368666716971
168.945596888	0.0360884795854
154.689119668	0.0428092785159
182.223164138	0.0314541629259
191.298551967	0.0282680876179
175.875507545	0.033433573537
179.632054114	0.032368480861
202.430071766	0.0250662929586
197.051833712	0.0264520209769
184.270072951	0.0304989728842
192.767633387	0.0279463189297
161.874995669	0.0394985460765
192.056701802	0.0279967564601
180.237528565	0.0319045569872
162.043948875	0.0393785170442
163.568532225	0.0387520930783
209.73442305	0.0229471153812
142.153174289	0.0491687328932
199.636994779	0.0257917127202
211.38196724	0.0226315730874
155.212101743	0.0420601785576
205.514871615	0.0241137210495
170.225195792	0.035684225917
180.186065219	0.0321521505801
159.972008338	0.0403267123091
172.542736413	0.0347999753526
181.124665773	0.0315616232236
228.432846862	0.0186263886869
150.916225513	0.0446303746782
179.409573416	0.0322009591969
215.783192699	0.021460796169
207.169472311	0.0237488167064
140.845719479	0.0499947153858
224.825959157	0.0193757752165
219.064304492	0.0206591848118
186.647148833	0.0299107849883
141.208587356	0.049796385362
216.336083993	0.0213231042449
204.860055605	0.0243019463282
210.826588074	0.0227818203431
147.970136677	0.046143011426
186.545045428	0.0297448300693
217.385394468	0.0210651845325
238.194645137	0.0166699787757
166.964293806	0.0373074169824
204.88897025	0.0242925456151
227.727836246	0.0188086244892
227.342465061	0.0188447956863
156.179410499	0.0420792471086
241.975419153	0.0159990707991
173.21501945	0.0347185018031
232.484063947	0.0178303859737
241.200279574	0.016116897895
174.793786654	0.0341948231588
221.555472393	0.0201165076897
233.989035798	0.0174951139791
163.82825487	0.0384263853513
194.05315263	0.0275420497455
210.454380326	0.0228014087548
219.903505512	0.0205216949253
240.78961757	0.0162113192024
207.421690862	0.0236808019104
194.841628244	0.0272645954874
200.0100698	0.025715272153
227.838506874	0.0187400496894
180.343185616	0.0321195649
203.190769649	0.0247762421789
223.224338772	0.0197753512787
194.48593518	0.0273268710811
178.013522094	0.0329648243787
172.712124636	0.0347441077167
243.496661425	0.0157360162339
238.302346465	0.0166456947465
205.369083463	0.0241891482701
224.868455689	0.0193716018183
236.968575888	0.0169410750187
242.87883961	0.0158470034439
223.951535227	0.0196342384669
246.040475075	0.0152494227043
207.2080419	0.0237461577634
236.570712162	0.0169693388563
182.351448295	0.0313916457715
201.85586239	0.0251353636513
228.139301069	0.0187013852056
160.360427438	0.0401069535538
211.200831825	0.022661036393
211.850033353	0.0224469376692
191.685580488	0.0282947206706
220.54153968	0.0204254102986
231.158601304	0.0180805927942
219.430137394	0.0206195241486
237.386159513	0.0168630193948
215.931532808	0.0214391613071
184.676130693	0.0303102754463
195.801451832	0.0268663891418
195.859674428	0.0268741612261
198.706742252	0.0260614414546
203.445946992	0.0245844386224
209.889080528	0.0229178882586
191.979573441	0.0280348913355
210.360308152	0.0228604037541
219.585708154	0.0205981609934
205.772527591	0.0241197298516
232.295418945	0.0178427702397
229.55108524	0.0184234321851
216.614181387	0.0213351401316
247.645247256	0.01503881488
178.687931361	0.0323956577428
223.99846536	0.019578680344
194.12836924	0.0274513405846
194.838830155	0.0272238034859
216.809535873	0.0212129518164
156.514342699	0.0415002846525
218.40779965	0.0208138075041
238.059744756	0.0167311297216
248.985128577	0.0147862896274
190.518019865	0.0284107629075
232.202643572	0.0178145201898
234.294304427	0.0174486910564
201.707667061	0.0252002662146
222.33834911	0.0199365981324
183.6038728	0.0306677732544
238.395612699	0.0166501908512
193.740316973	0.0276272906116
210.732539631	0.0227567268174
208.461391114	0.0232872584876
180.610405799	0.0317170395038
237.18556697	0.016879735605
228.194571998	0.0187350150315
235.65009062	0.0171839116215
200.007807505	0.0256964755527
212.669108894	0.0222267541839
205.615581134	0.0241055779159
181.273942586	0.0318030414303
219.362902452	0.0206357956293
228.203081593	0.0186711413063
208.417376976	0.0233844478881
195.530066944	0.0270938512366
212.886449947	0.0222029851641
223.50919024	0.0197072893196
235.959399751	0.0171245795196
206.562986334	0.0239196380652
180.060907232	0.0322309807244
233.055841489	0.0176821730975
205.012994321	0.0242506742268
173.347884097	0.0347302164742
195.837431201	0.0269888729621
225.985218235	0.0191862031452
239.804058149	0.0164103635932
186.518152432	0.0299739589238
208.853931267	0.0233022545416
191.365758665	0.0283498417521
230.826583559	0.0181630044835
231.633454656	0.01800855141
210.168464548	0.0228945798474
202.823276459	0.0249251163139
212.330331342	0.022413907751
207.824612972	0.0235023147512
226.267927433	0.0190780309269
238.495913925	0.0166554369187
169.082572808	0.0364132231266
196.484475212	0.0267971592444
229.620528293	0.0183503299902
231.743931633	0.0179286854519
228.150594036	0.0187133544397
180.618936767	0.0320179991613
195.455224708	0.0270485807206
246.947651389	0.015112113885
236.506519422	0.0169888166222
168.409070075	0.0367098088633
193.954806376	0.0275797683088
216.23330409	0.0213763149892
234.813349805	0.0173420698212
180.02630548	0.0322348596233
239.504034651	0.016475947208
220.53931597	0.0203462266027
220.659019442	0.0203576395834
203.484966651	0.0247745278409
229.676148237	0.0183903071945
242.702623957	0.0158923754798
229.254344725	0.0184626070853
244.879746431	0.0155020597416
243.005288581	0.0158095719238
210.354616964	0.0229158142871
235.437690308	0.0172140572972
189.125175189	0.0290783921559
227.27112319	0.0188939056677
205.879196391	0.0240819091655
214.815420414	0.021736251857
206.471273335	0.0239112485551
226.951905317	0.0189704796173
232.784700672	0.0177843581824
235.334287801	0.0172192836788
234.472265804	0.0174296913905
245.15331412	0.0154542370226
216.423572363	0.021336126415
225.252366361	0.0193170156114
215.559249591	0.0215805338323
226.090058907	0.0191581277866
217.160976013	0.0212082122316
211.679150012	0.0224850801334
249.666759849	0.0147156318528
233.826128869	0.0175518935622
234.254464885	0.0174809591085
232.011855287	0.0178959342541
224.441229366	0.019499284275
226.168599933	0.019145274088
229.355120553	0.0184522578108
219.784019917	0.0205589498867
247.858908255	0.0149720154383
220.333739552	0.0204540964717
246.013123032	0.0152870165773
234.666502987	0.0173736034586
234.242689419	0.0174427905558
239.562427566	0.0164531214114
234.702812219	0.0173942110178
223.44269044	0.0197185001394
211.646088787	0.0224911661264
233.493119192	0.0176233199088
218.029549878	0.02101243372
242.446342482	0.0159407883886
231.732702005	0.0179572114851
222.200306951	0.0200394823693
240.720651322	0.0162499520613
232.393121596	0.0178308479372
212.796192064	0.0221842102511
240.305123307	0.0163282965416
210.757215084	0.0227539056206
227.23307014	0.0189046971414
211.364580883	0.0225676169862
235.441151877	0.0172466068338
224.979362405	0.0193937637197
247.977670803	0.0149641548135
243.371657052	0.0157338364986
236.833553196	0.0169412086356
241.751783668	0.0160392615301
211.911134976	0.022468883752
244.190991919	0.0156096109437
238.745511266	0.0165902386708
221.54621736	0.0201474874384
246.465177784	0.0152369511232
228.501261986	0.0185850566802
245.651125873	0.0153479007967
243.687934621	0.0157014628196
225.938502368	0.0191905755049
249.260230828	0.014716390017
222.328793016	0.0199640683137
231.277139409	0.0180575344286
246.68054114	0.0151918263065
226.358765752	0.0190434576455
245.916637495	0.0153010750221
245.077205033	0.0154697450696
227.19792754	0.0189105936041
227.453491865	0.0188244004123
238.303158009	0.0166906143384
243.234495771	0.015790413222
221.656177336	0.0201294005766
222.112097747	0.0200037276774
239.386683931	0.0165002822003
253.134240531	0.0141278005652
246.605890417	0.0152020364733
250.389876955	0.0145541642752
241.727688895	0.0160549073839
252.893257396	0.0141888994235
228.080791312	0.0187219047514
231.428681571	0.0180114186079
247.53600278	0.0150560159548
220.233639385	0.0204535973754
243.616463926	0.0157326221843
246.084243458	0.0153020418668
243.472124216	0.0157680197952
253.647212282	0.0140376561444
227.187586522	0.0188909685986
245.512099776	0.0154019765486
230.582633865	0.0182211723786
243.639427625	0.0157107894216
244.611666603	0.0155135279932
229.556973214	0.018415555451
242.567287853	0.0159125741285
253.493846267	0.0140812160002
232.470538641	0.0178042927813
247.500113208	0.0150381101218
227.842786329	0.0187752703791
233.552349102	0.01758844854
243.414772883	0.0157521705193
214.114109654	0.0219516242854
246.575935843	0.015228819209
253.469406303	0.0140656601401
231.38389576	0.018016979302
228.597598074	0.0186268800875
233.479337945	0.0176372211839
249.357281136	0.0147240091629
243.425765275	0.0157267496619
226.637834239	0.0190267923997
250.068902162	0.0146217066518
246.861210186	0.0151496724483
222.797524591	0.0198642381265
241.628672426	0.0160585892827
231.564500767	0.0179851302783
238.133695317	0.0167005292093
248.466460054	0.0148573919732
218.342629737	0.0209425058958
250.262574469	0.0145922923258
251.952059224	0.0142995356204
238.683035857	0.0165902739711
237.989647364	0.0167381474985
232.598261215	0.0177844867602
251.350982425	0.0144173613614
250.641260555	0.0145151598622
228.976920138	0.0185119405523
234.545231133	0.0173881114351
253.954624868	0.0139952953114
228.41435802	0.0186544549247
247.00839462	0.0151412663935
226.73771875	0.0190026245299
248.957763686	0.0148116038499
249.215704333	0.0147609175356
238.008283773	0.0167478992521
236.783405671	0.0169495641693
252.232560878	0.0142752662925
232.115355689	0.0178666991842
253.177800168	0.0141106326629
240.363681578	0.0163051696837
249.522813417	0.0147408886855
238.448553308	0.0166325103369
228.545708835	0.0185828298683
250.74931052	0.014500692971
250.584712715	0.0145364132118
228.729422819	0.0185631498565
244.93227369	0.0154493635195
231.88914362	0.0179477720012
243.222340665	0.0157885434278
238.181039007	0.0167121778301
247.887009643	0.0149582749535
253.085309447	0.0141345946433
254.599610326	0.0139133762778
241.629523613	0.0160500724087
234.79940334	0.017320826572
228.937577099	0.0185227562325
243.805785241	0.0156817797158
251.429554163	0.0143898530032
228.604383276	0.0185713819375
250.684931005	0.0145019312489
250.896406138	0.0145161720347
233.477928049	0.017592466097
254.160422451	0.0139568510826
235.88807077	0.0171159429863
243.212500571	0.0158117284194
247.79250221	0.0149867961423
248.10441759	0.0149505230324
242.116936175	0.0159555722866
241.427120796	0.0161037275981
245.528064744	0.0153971167961
248.261992491	0.0149193543187
247.873152974	0.0149905024965
242.662753817	0.015894612717
238.201168191	0.0167085629824
243.509568392	0.0157140105076
238.221162511	0.0166757454352
256.464478235	0.0136091908695
250.869246769	0.0144639726064
255.253814207	0.0138125284155
255.079189808	0.0138329886095
246.923427453	0.015165528323
246.220897694	0.0152383053746
255.470675036	0.0137737891328
248.146699934	0.0149217636896
240.273823711	0.0162974101474
254.564400114	0.0139045725311
245.491411512	0.0153891721658
255.069185469	0.0138182775395
255.774916683	0.0137184846493
237.618112398	0.0167837811614
240.699449256	0.0162257982035
238.170716065	0.0166870342851
248.170063206	0.0149345691845
253.904811145	0.0139948670152
248.002529849	0.0149865443003
245.038023026	0.0154463797524
239.796669182	0.0163703742211
237.634794533	0.0167879479189
257.196573312	0.0134975199678
254.293294507	0.0139432315448
247.040789688	0.0151005374175
238.459916763	0.0166289630565
238.794116573	0.0165824581075
240.632153813	0.0162301600991
255.979575566	0.0136733422213
254.857419854	0.0138340963425
243.430054085	0.0157587339886
248.34691592	0.0149165271129
256.618712828	0.0136021688085
246.459450186	0.0152294962279
254.587083414	0.0139151628366
247.808351492	0.0150039082211
240.890733877	0.0162273743665
256.355906754	0.0136186724782
243.03873117	0.0158473919315
243.350394242	0.0157662066486
257.639124127	0.0134395991324
256.515971167	0.0135949754819
256.380859521	0.0136241485423
257.448111973	0.0134421433962
246.931730892	0.0151705121096
248.716644319	0.0148171993368
242.140255121	0.0159485017061
239.800638938	0.0163727042822
255.696313674	0.0137327176143
256.934239686	0.0135416435323
249.383099439	0.0147395137591
250.229484803	0.0146010673844
254.4313445	0.0139480287453
243.796296711	0.015686654702
254.783512002	0.0138713452587
252.830720035	0.014174113778
254.397648984	0.0139292504584
247.916927512	0.014975151321
252.966012311	0.0141592554329
244.535745979	0.0155644426801
249.235891755	0.0147836738136
257.885611477	0.0133794452753
254.148596667	0.0139829439188
253.430946495	0.0140537168477
254.312355453	0.0139672131088
257.446620072	0.0134551145082
257.963952362	0.0133989699423
256.574044137	0.0135875416231
251.662489032	0.0143569474817
257.151502705	0.0134855715314
254.529403467	0.013905637286
251.603735297	0.0143708841665
245.203031991	0.0154529122314
257.621291998	0.0134213947286
246.813581531	0.0151924019821
257.314983257	0.0134822495961
252.163914335	0.0143069478973
258.004074682	0.0133769367979
256.072038009	0.0136982848369
254.76783262	0.013880124738
246.81940809	0.0151619213186
252.540004156	0.014222330203
249.738635029	0.0147030677729
242.925109436	0.0158529659426
259.355645899	0.0131793116497
258.040721624	0.0133617814769
252.635032128	0.0142364005522
258.811432957	0.0132426951474
258.997859007	0.0132419397385
252.082949656	0.0142859346946
258.918800389	0.0132458633693
257.331063521	0.0134797300794
246.413877543	0.0152171326499
251.610486052	0.014362384962
258.977588371	0.0132455733219
256.540258176	0.0135948243014
250.053745758	0.0146454778138
257.943701185	0.0133754683144
255.492488557	0.0137828801222
259.563633951	0.013123927869
259.115127066	0.0132376403241
258.167168638	0.0133284729695
256.742650034	0.013570188218
257.760511782	0.0134009399152
258.991329699	0.0132516471671
250.405395204	0.01456744133
250.631609195	0.0145549358119
259.011473153	0.0132075504824
254.443237084	0.0139300612865
246.529887897	0.015180235549
253.639950176	0.0140636938794
258.240962032	0.0133285118925
254.895314155	0.0138589407429
258.736636936	0.0132456623623
253.337706808	0.0140877809791
258.540499826	0.0132896386925
259.250368494	0.0132025706837
250.285953111	0.0145854697072
253.286047969	0.0141288669129
257.340142005	0.0134612734021
259.364318773	0.0131876691955
248.88372194	0.0148146157272
260.117026139	0.0130755716143
257.399443137	0.0134555257563
254.930015589	0.0138510370338
255.800194857	0.013703434048
258.714853172	0.0132997449548
254.771110741	0.0138578454468
249.732304527	0.0147057904047
248.814531323	0.0148280578844
249.877415639	0.0146859797912
248.701898901	0.014841083137
258.739344295	0.0132924524395
258.386535897	0.0133147651188
254.021230498	0.0140201671115
254.187365548	0.0139457419174
256.423331918	0.0136278873196
253.356979323	0.0140624984419
256.679899008	0.0136028786548
255.840894743	0.0137090760149
255.901121102	0.0137030242791
251.899786503	0.0143023551157
256.312990846	0.0136556134732
250.480677054	0.0145585008649
258.431785545	0.0133327192752
258.858548243	0.0132214387046
254.324161128	0.0139712574701
255.566884693	0.0137376161396
250.619593687	0.0145358014398
259.023652832	0.0132234013844
256.999288871	0.0135583829292
248.351802999	0.0148970832257
260.053309701	0.0131036660286
254.784225318	0.0138567724264
257.002306842	0.0135561026565
259.506971922	0.0131313932297
258.624590048	0.0133135698034
251.919172551	0.0142935512369
258.833992501	0.0132649534227
253.911491808	0.0139894652181
259.629183138	0.0131445993378
250.370556904	0.0145574494588
259.062190536	0.0132266610797
259.064460939	0.0131984736333
257.004142039	0.0135567897699
259.32494576	0.0131835454708
254.66799569	0.0139058008407
254.969896419	0.0138273704715
258.473827888	0.0133242001456
258.317121352	0.0133128462712
257.850876442	0.013425083441
256.762315985	0.0135475419184
257.884458188	0.0134188152126
256.364359008	0.0136074146691
251.941857128	0.0143224789493
254.154351301	0.0139433173812
257.101510809	0.0135404603396
249.485501624	0.0147002379653
258.25776211	0.0133518275945
259.189296906	0.0132027764789
256.391927071	0.0136490843369
255.173444479	0.0137928952934
258.588023569	0.0133111030951
258.979763087	0.0131965979346
252.128095153	0.0143185500769
250.289131892	0.0145691188304
254.67081217	0.0139171731878
259.093733482	0.0131955349184
253.023905009	0.0141739845834
258.282741171	0.0133317566423
250.891057129	0.0145055412783
256.289983606	0.0136628028461
258.816766854	0.0132147675008
251.439348104	0.0143730585127
258.04826028	0.013368662892
257.456296163	0.0134775684416
253.637428883	0.0140769374959
258.141325743	0.0133836457148
257.454242909	0.013434761222
258.214480754	0.0133097258396
258.570775838	0.0132631368164
258.036878448	0.0133790980512
255.424878559	0.0137696520372
258.261076607	0.0133628033322
258.18462944	0.0133310351308
256.771806874	0.0135394549775
254.015858188	0.0139670070608
259.89144642	0.0131099935441
259.725155219	0.0131399324834
259.155100601	0.0132459993106
256.552783547	0.013570751622
260.275900917	0.0130045529729
253.61945412	0.0140263613116
259.492811757	0.0131269739781
258.768273209	0.0132597834687
251.434416886	0.0144217899
258.138803074	0.013378814665
260.530113958	0.0129816553361
258.316121467	0.0133077491138
257.726461413	0.0134056899909
254.425019903	0.0139050263366
259.799896227	0.0130824878933
253.839408866	0.0139975424704
259.63250148	0.0131254278173
259.950288424	0.0130564780323
255.952912673	0.013674430203
257.824503208	0.0133717652688
257.05467589	0.0134723823363
259.936689567	0.0130879395973
258.690327918	0.0132474223953
259.450944249	0.0131579106713
260.273860977	0.0130295924261
259.941699141	0.0130835733715
254.823928608	0.0138354072702
259.82632264	0.0130775439061
259.897653021	0.0130702544908
261.186606902	0.0128820367947
257.65518374	0.0134031619595
258.571264374	0.0132790862184
260.35727604	0.0130171160582
258.70933026	0.0132537755916
256.563216781	0.0135692646826
260.24027035	0.0130165937403
259.37286612	0.0131695925491
261.380321778	0.0128814773431
261.692042328	0.0128110490018
261.210061571	0.0128680038621
262.486904821	0.0126897315756
261.76997468	0.0127876860002
259.471744628	0.0131457358185
261.44634793	0.0128588614733
262.087780098	0.0127822302876
260.846523453	0.0129437350268
262.326384963	0.0127326880056
260.453562895	0.013009068689
259.640262073	0.0131227518171
258.958813158	0.013214497617
258.164910979	0.0133394204454
262.381090016	0.0127186696187
263.738474376	0.0125316231058
262.766910832	0.0126841275365
262.991490017	0.0126409873035
260.647389392	0.0129854737351
258.867477885	0.0132502836039
260.908721231	0.0129469491273
258.735607031	0.0132597090128
255.90396086	0.0136713527887
262.030857777	0.0127687222325
258.057912718	0.013365060085
261.96957464	0.0127992439508
255.877710758	0.0136767081812
261.157843427	0.0129113377917
262.703388146	0.012659881162
263.494973539	0.0125941230039
263.012587059	0.0126442264886
263.611841152	0.012556379927
263.365567544	0.0125652920726
264.445386891	0.0124408801152
263.572087871	0.0125385224201
263.084770552	0.0126501381479
260.550785255	0.0129915120148
263.529642135	0.0125822767519
264.539151075	0.0124521999646
264.404078781	0.0124481776865
263.671639346	0.0125482678221
263.137497584	0.0126415307845
260.015186053	0.0130705716178
259.998203386	0.0130719298185
263.787354804	0.0125328003378
262.07487479	0.0127851900053
260.799037502	0.0129828436855
263.037884024	0.0126455513203
264.872752722	0.0123963609798
264.372708553	0.0124599252272
264.903220381	0.0124169514793
264.579379955	0.012447271676
264.777825861	0.012418807007
263.721017366	0.0125911398598
261.746300163	0.0128584436772
261.350411429	0.0129147291648
257.873692622	0.0134255811644
258.853543327	0.0132835026828
256.272726568	0.0136702469541
255.773205901	0.0136937337128
259.943158932	0.0131086645265
253.20015415	0.0140876463158
258.956931024	0.0132620296613
259.190441376	0.0131593064956
259.662833906	0.0131527270578
259.48292154	0.0131276978013
258.982050342	0.0132562626865
255.725817023	0.0136972931331
257.17791013	0.0135173585971
257.870349098	0.0133869969576
258.475300398	0.0133490798823
257.648068823	0.0134143835941
259.809609918	0.0131472791494
257.755780356	0.0134047964682
259.380747828	0.0132032847107
260.338395868	0.0130094805249
261.670449542	0.0128802181893
254.819083937	0.0138428085097
255.801410756	0.0137329139625
258.797978224	0.0132425068533
258.176230411	0.0133792297432
255.365489053	0.0137471527504
256.322180963	0.0136626806757
254.043881111	0.0139840344112
257.61685141	0.0134795187754
259.752868731	0.0130900847203
259.247178958	0.0132222610593
256.917973514	0.0135330724417
253.065055086	0.0141481419424
259.325369502	0.0131519254071
258.029279566	0.0134003162078
256.68039331	0.0135590632278
256.46705268	0.0136292976347
258.52825514	0.0133153244606
254.308697425	0.0139510436887
253.173344586	0.0141166507733
256.838410695	0.0135820632426
254.166316503	0.0139386006723
256.244140061	0.0136433029209
257.845634963	0.0134380042837
259.75299638	0.0131193003322
255.210216848	0.0138278818025
260.629396696	0.012993020032
258.527684149	0.013344874391
259.620764506	0.0131211755396
260.814896831	0.0129976216971
260.050651606	0.0130662857521
259.609654851	0.0131715614505
257.722978965	0.013413266443
260.00710113	0.0131031352178
260.57161472	0.0129795265773
260.67321576	0.0130083652362
258.869574474	0.0132502509748
259.147728657	0.0132040193037
261.248438075	0.0129007776494
262.53814629	0.0127501292911
257.834961347	0.0133965802791
261.49839515	0.0128937395113
256.544660797	0.0135900701337
255.819338994	0.0137114800117
260.938104029	0.0129197368983
255.41775697	0.0137574440604
260.189771715	0.0130375689371
257.164906291	0.0135076377894
259.016501366	0.0132195292834
259.510107465	0.0131735520676
256.177185032	0.0136738276699
257.62904115	0.0134644880518
260.309324665	0.0130446878037
259.168951846	0.0132291537363
257.027924955	0.0135151331182
260.723610697	0.0129915640836
258.793595363	0.0132531799897
261.877646828	0.0128271106367
260.513459111	0.0130385884748
256.677869813	0.0135707505475
256.463910362	0.0136112869769
258.695355457	0.0133209786028
258.970049503	0.0132294041176
261.24337851	0.0129360358453
260.494960495	0.0129823634767
261.849471786	0.0128531001726
260.754943508	0.0129573413364
262.240941649	0.0128001570618
260.245505857	0.0130361113107
261.989618789	0.0128446949537
261.592735146	0.0128372099322
262.512523838	0.0127469234321
261.430442249	0.0128503657442
263.107522482	0.0126751680894
260.668325157	0.0129849543232
262.532883873	0.0127553824169
261.253489018	0.0129111931474
261.9422555	0.0128333957955
259.833994854	0.0130873390535
263.43812399	0.0126264153329
263.118235873	0.0126159482133
262.579840737	0.012756259974
260.489806653	0.0130016107205
262.778562002	0.0127326169276
263.166536038	0.0126080055338
262.438990388	0.0127630736338
261.68099684	0.012813966636
263.377920834	0.0126182278346
258.62343402	0.0133018584968
259.764740793	0.0131473367206
262.830219722	0.0126823971925
262.497440034	0.0127364168069
262.741448723	0.0126566843696
260.984240823	0.0129744381469
261.166290363	0.0129265612391
263.187922671	0.012638256973
263.889505202	0.0125515170157
261.95865991	0.0128026959831
261.701018465	0.0128162117829
262.606756634	0.0126985004845
261.851825581	0.0128006198087
263.779337654	0.0125867974371
260.127478657	0.0130702568585
260.61494063	0.0129995807658
261.607174208	0.0128139910452
262.091662603	0.0128139700202
262.413361202	0.0127562950297
260.913122197	0.0129829043477
262.631933779	0.0127278828915
260.951226168	0.0129766418116
264.050050796	0.0125270723525
262.204124765	0.0127861567606
262.367993239	0.0127538654324
262.392045956	0.0127729076172
261.713418291	0.0128434561613
262.053569615	0.0128033993003
261.810283498	0.0128212870422
262.129611308	0.0128071559623
261.097854419	0.0129435230046
260.226409446	0.0130694098936
263.048838179	0.0126478206073
263.378051234	0.0126360063918
263.529099694	0.0125794345446
263.486060883	0.0126062983388
262.673838745	0.0126687030201
262.345922974	0.0127518274791
263.357334354	0.0125797761939
263.662166	0.0126028037637
262.963673919	0.0126754536136
261.681905074	0.0128557432521
262.822832671	0.012687315921
263.348720374	0.0126366924913
264.200091616	0.0125033710842
262.036225776	0.0128050195308
263.928965669	0.0125412131865
264.359162223	0.0124853372004
264.41738889	0.0124789074611
262.252143118	0.0127802220383
264.07275832	0.0125223620704
263.926161671	0.0125475537385
264.449046789	0.0124786538634
264.475911182	0.012464761435
263.772620527	0.0125613200622
262.898655917	0.0126942750106
263.656230561	0.0125749558486
264.073169054	0.0124899491218
262.704264447	0.0126943446262
263.082971371	0.0126268909874
264.29721838	0.0124509940937
262.906161789	0.0126392975927
263.840775613	0.0125318480093
265.157279284	0.0123627919727
264.770050995	0.0124340998292
263.884213018	0.0125549618325
263.521192966	0.0126102921427
263.199475463	0.0126445558499
263.252064081	0.0126547336177
264.153274861	0.0125111701571
262.752568608	0.0127182233227
263.494118787	0.0125998664853
264.152187091	0.012510618433
263.925774511	0.0125507052224
263.745307694	0.0125779645312
262.888186535	0.0126934077346
263.517951001	0.0126136415186
262.44945073	0.0127599429914
263.455700022	0.0126141208364
263.357563126	0.0126386357913
264.313168457	0.0125127552598
263.387718405	0.0126362511871
264.064985128	0.0125466993221
263.285983029	0.0126457365707
263.037161669	0.0126809310718
263.195282756	0.0126577323913
264.146111931	0.0125138891887
264.60723091	0.0124511679268
263.952030964	0.0125370197477
263.676470798	0.0125907977946
264.502672679	0.0124593628553
263.426648604	0.0126138441287
265.095862178	0.0123724343174
263.316460106	0.012623785005
263.559667482	0.0125970106779
263.721452842	0.0125902586455
264.13143015	0.0125316180943
263.931979944	0.0125491487019
263.999373396	0.0125502960155
264.445120343	0.012489346697
263.716644356	0.012581741591
263.671425737	0.0125930936803
263.899710377	0.012558895059
263.7476968	0.0125789984602
264.359130368	0.0125008524389
264.244650011	0.0125146353784
264.801133315	0.0124249510517
264.885949724	0.0124028194336
264.356367852	0.0124720011528
264.720211319	0.0124315941303
264.780978934	0.0124280185575
264.724993826	0.0124289904262
265.065952346	0.0123855900405
264.393078974	0.0124835195409
264.962201424	0.012402192189
264.430173116	0.0124639672021
264.967951215	0.0123949057172
264.814654532	0.0124142764299
264.470969974	0.0124684743233
264.419893055	0.0124633947022
264.914958938	0.012401026728
264.415983332	0.0124774263762
264.494590276	0.0124660472464
264.193229754	0.0124947839914
264.988300122	0.0123925519354
264.127435395	0.012518701571
264.820509731	0.0124201362884
264.612917138	0.0124464731695
264.329995555	0.0124895967756
263.987913616	0.0125212940881
264.862811917	0.0124062934456
264.922744958	0.012396895766
264.72732741	0.0124133843209
264.722444177	0.0124068329086
264.860554899	0.0123920749045
264.884932708	0.0123922960895
265.472295022	0.0123097308293
264.959579284	0.0123827000073
265.298191243	0.0123493078146
264.366294919	0.0124701054521
265.095686574	0.0123775531557
265.407992986	0.012349176068
264.905008537	0.0124068255968
265.03550022	0.0123928954043
265.066996871	0.0123879638992
264.851393136	0.0124180253121
265.261992675	0.0123734687691
265.35403882	0.0123569344932
265.305605954	0.0123676861954
265.226847926	0.012372101701
265.311597682	0.0123671745475
264.889037189	0.0124301352202
265.181798441	0.0123816401743
265.199594258	0.012384113563
265.179647877	0.0123799116723
265.230466159	0.0123740967653
264.953741317	0.0124231156542
265.019375891	0.0124022334472
265.133518495	0.0123937025634
265.07622163	0.0123962881296
264.777682517	0.012448671981
265.092425938	0.0123968388013
264.736010912	0.0124431839493
265.009690757	0.0124130946207
264.941201602	0.0124163842314
265.010465733	0.0124142185068
264.47141056	0.0124948042596
264.753181567	0.0124527834453
264.427745933	0.0125012055996
264.757083309	0.0124537680943
264.684683529	0.0124645842971
264.949746699	0.0124206542843
264.521611193	0.0124878792531
264.991187874	0.0124148931301
264.456302255	0.0124848170032
264.517118399	0.0124762864514
264.458167785	0.0124846907242
264.699962918	0.0124515205151
264.485946697	0.0124809025075
264.723031906	0.0124564799555
264.462404656	0.0124960443684
264.661379145	0.012458072925
264.642742364	0.0124622165613
264.478611666	0.0124825389741
264.211814853	0.0125318174794
264.281951616	0.0125228190411
264.478699008	0.0124896562834
264.707290776	0.0124541434091
264.444599146	0.0124929244709
264.601708436	0.0124671627877
264.344786901	0.0125088560156
264.274556906	0.0125228167187
264.190695043	0.0125320779344
264.413042675	0.0124926804991
264.036576727	0.012556301414
264.39472145	0.0124949993361
264.167502386	0.012525137245
264.217010336	0.0125312328525
264.23131893	0.0125258856739
264.396884385	0.0124949538841
264.331069655	0.0125074440206
264.590574592	0.0124730660142
264.318732318	0.0125095522028
264.472989856	0.0124933636909
264.2743388	0.0125124789913
264.426104216	0.0124908710582
264.089863959	0.0125360436523
264.399171583	0.0125055313145
263.953563671	0.0125668882357
264.56680316	0.0124799146798
264.209590929	0.0125204617476
264.658346385	0.0124632328704
264.186075579	0.0125335338054
264.793472573	0.0124427363926
264.237111106	0.0125270579232
264.798754693	0.0124487064554
264.472624058	0.0124946921197
264.813143844	0.0124490245392
265.010834866	0.0124132220141
265.291651611	0.0123735226912
265.139951912	0.0123920738538
265.361074552	0.0123572441541
264.930012001	0.0124187706408
265.145465111	0.0123902374255
264.912045597	0.0124149644691
265.258201018	0.0123747596095
265.050798675	0.0124029173349
265.601204488	0.0123337145356
265.031557812	0.012406438574
265.327977292	0.0123703226279
264.988237237	0.0124025306144
265.580516242	0.0123370458125
265.107659768	0.0123935052771
265.674349936	0.0123228445896
265.382914656	0.0123592261692
265.568223967	0.0123402209814
265.381233043	0.0123575840741
265.730913053	0.0123149690262
265.448923107	0.0123494592219
265.814798888	0.0123032313222
265.418952382	0.012355744334
265.717497896	0.0123183403761
265.492564935	0.0123443499997
265.854881882	0.0122948236127
265.528457829	0.0123382179156
265.870722598	0.0122976722385
265.535480433	0.0123362471248
265.901376965	0.0122899713578
265.434143217	0.012352315776
265.877620296	0.0122957687156
265.555041884	0.0123373736739
265.938515298	0.0122867355196
265.649132794	0.0123196549596
265.86187073	0.0122988820273
265.692529313	0.0123146745038
265.856750684	0.0122943448271
265.602331614	0.0123240965217
265.956093437	0.0122811783727
265.675643689	0.0123181770136
265.980101513	0.0122796380584
266.404226842	0.012216163744
268.29248935	0.0119693776069
269.749033375	0.0117842263209
271.368033622	0.0115661905872
272.771052078	0.0113811324313
273.703158083	0.0112673907183
275.289728638	0.0110599988366
275.984818205	0.0109748595352
277.16847748	0.0108245581033
278.029436941	0.0107192534242
278.881403338	0.0106125107692
279.767138863	0.0105075118513
280.204215603	0.0104625012348
280.726921537	0.010405101821
281.529581396	0.0103098655548
282.371810268	0.010202834365
282.887328508	0.0101451076622
283.434804424	0.0100818745909
283.593295611	0.0100762311993
284.053972792	0.0100239942391
284.671566012	0.00995027327857
285.379155653	0.00986563443802
285.699592906	0.00982766982349
286.139648678	0.00978372399773
286.430566199	0.00974965603168
286.421587259	0.00975985524218
286.778056817	0.00972026626753
287.003829017	0.00969559970333
287.421426282	0.00964356764508
287.527920483	0.00963083479251
287.649734286	0.00961500144698
287.391665181	0.00965309070246
287.373866715	0.00965425309021
287.329206902	0.00965795664767
287.267917841	0.00966126341978
287.151949647	0.0096720134549
286.924764652	0.00969356873085
286.340898291	0.00976216125678
285.81165876	0.00982251230104
285.474635531	0.00984964008559
285.105333146	0.00989083498097
284.591704939	0.00994957561314
283.606704842	0.0100711667394
283.362820615	0.0100992932321
282.927240291	0.0101635722378
283.610754483	0.0100875754612
283.35614873	0.0101147787152
283.423424378	0.0100938038332
283.574091431	0.0100679113721
283.45561601	0.0100791458009
283.72036867	0.010042940424
283.935256576	0.0100237918536
283.919523882	0.0100259247243
298.574988227	0.00850748764332