100	-0.04471	0.0	0.99868879752	0.00131120248022	0.0
104	-0.03366	7.58993627881e-56	0.687474103888	0.296778754663	0.0157471414491
105	-0.03766	0.0	0.0	1.0	0.0
107	-0.03897	0.0	0.0	1.0	0.0
11	-0.09699	1.0	0.0	0.0	0.0
113	-0.04457	1.0	0.0	0.0	0.0
114	-0.005545	0.0	0.0	1.0	0.0
115	0.002741	1.0	0.0	0.0	0.0
116	0.04843	1.27181050665e-10	0.936619922786	0.0633800770864	0.0
117	0.02707	0.0	1.0	0.0	0.0
118	0.05849	0.0	1.0	0.0	0.0
119	0.0872	0.0	0.0323082624275	0.0	0.967691737572
121	0.09452	0.0	0.0	0.0	1.0
125	0.1784	0.0	0.0	0.0	1.0
126	0.4926	0.0	1.0	0.0	0.0
127	0.6302	0.0	0.0	0.0	1.0
128	2.268	0.0	0.949101624532	0.0	0.0508983754682
165	-0.08966	0.0	1.0	0.0	0.0
166	-0.08658	0.0	0.506440790411	0.0	0.493559209589
167	-0.1152	0.0	0.0	0.0	1.0
168	-0.1084	0.0	0.0	0.0	1.0
17	-0.1316	1.0	0.0	0.0	0.0
170	-0.08308	0.0	0.0	1.0	0.0
172	-0.07424	0.0	1.0	0.0	0.0
175	-0.08476	0.0	1.0	0.0	0.0
176	-0.05963	0.0	0.0	1.0	0.0
178	-0.0616	0.0	0.0	1.0	0.0
189	-0.02489	0.0	0.0	1.0	0.0
190	-0.0225	0.506950619672	0.0	0.493049380328	0.0
191	-0.02454	0.0	0.0	1.0	0.0
192	-0.02111	0.0	0.0	1.0	0.0
193	-0.02572	0.999999935365	0.0	6.46354251184e-08	0.0
194	-0.008606	0.942771078023	0.0	0.0572289219769	0.0
195	-0.007154	1.0	0.0	0.0	0.0
196	0.01753	1.0	0.0	0.0	0.0
197	0.022	0.0229111537851	0.0	0.977088846215	0.0
198	0.05589	0.999597252221	0.0	0.000402747779093	0.0
199	0.07332	1.0	0.0	0.0	0.0
200	0.1047	1.30326572992e-75	0.0	1.0	0.0
201	0.07121	0.999900682001	0.0	9.93179988111e-05	0.0
202	0.02433	0.546006141101	0.0	0.453993858899	0.0
206	-0.005783	0.80574421581	0.0	0.19425578419	0.0
207	0.00143	1.0	0.0	0.0	0.0
208	-0.01664	0.0223757835453	0.0	0.977624216455	0.0
211	-0.01774	4.59590238315e-76	0.0	1.0	0.0
23	-0.09127	0.473441946726	0.0	0.526558053274	0.0
24	-0.07995	0.0	0.0	1.0	0.0
25	-0.08683	1.0	0.0	0.0	0.0
26	-0.08941	0.0	0.0	1.0	0.0
39	-0.07989	0.0	1.0	0.0	0.0
40	-0.06522	0.0	0.0723338892026	0.0	0.927666110797
41	-0.04088	0.0	1.0	0.0	0.0
42	-0.01564	0.0	0.928646577315	0.0	0.0713534226847
43	-0.02349	0.0	1.0	0.0	0.0
45	-0.03114	0.0	0.425351222897	0.0	0.574648777103
46	-0.03666	0.0	0.990338163399	0.0	0.00966183660101
47	-0.01724	0.0	0.0	0.0	1.0
48	-0.02218	0.0	0.47724419934	0.0	0.52275580066
49	-0.04048	0.0	1.0	0.0	0.0
53	-0.06801	0.0	0.0	0.0	1.0
54	-0.04966	0.0	0.554046001324	0.0	0.445953998676
6	-0.06639	0.0	0.0	1.0	0.0
61	-0.06668	0.0	1.0	0.0	0.0
62	-0.05832	0.0	0.0405057038352	0.0	0.959494296165
63	-0.05803	0.0	0.0	0.0	1.0
64	-0.07095	0.0	0.0	0.0	1.0
65	-0.06529	0.0	1.0	0.0	0.0
66	-0.06078	0.0	1.0	0.0	0.0
67	-0.06444	0.0	0.0	0.0	1.0
68	-0.06969	0.0	1.0	0.0	0.0
69	-0.05937	0.0	1.0	0.0	1.15227977934e-304
7	-0.0847	0.0	1.0	0.0	0.0
70	-0.05623	0.0	0.0	0.0	1.0
72	-0.06011	0.0	0.0	0.0	1.0
73	-0.05297	0.0	0.0	0.0	1.0
74	-0.05319	0.0	0.664962694681	0.0	0.335037305319
76	-0.05534	0.0	0.438620928546	0.0	0.561379071454
79	-0.05149	0.0	0.0	1.0	0.0
80	-0.05223	0.733488013118	0.0	0.266511986882	0.0
84	-0.1203	0.0	0.0	1.0	0.0
86	-0.1008	0.0	1.0	1.43081029411e-284	0.0
90	-0.0582	0.0	1.0	0.0	0.0
91	-0.05673	0.0	0.0	0.463468499149	0.536531500851
92	-0.06425	0.0	0.0192887808854	0.0	0.980711219115
94	-0.04893	0.0	0.998100654504	0.00189934549554	0.0
95	-0.04996	0.0	0.985218416514	0.0	0.0147815834858
97	-0.0454	0.0	0.311284141268	0.688715858732	0.0
98	-0.04118	0.0	0.935529200251	0.0225802682105	0.0418905315381
99	-0.04376	0.0	0.00528942054176	0.994710579458	0.0