-80.4801400252	0.59847347893
-16.9094916473	0.29047725207
-76.564197409	0.573120279839
-46.6335594198	0.40646388586
-24.5633566553	0.313444606332
-52.0229545661	0.431570454809
-44.7448427733	0.40072498679
-50.7272409416	0.427252621303
-16.0931954582	0.279711598248
-54.2391797073	0.446430198701
-23.9291439699	0.318037471333
-6.75112424602	0.262485577114
-56.7212355665	0.459538626981
-2.84130188079	0.251171925671
-43.1331695122	0.393343223033
-33.035919736	0.352534770207
-40.6656276536	0.383432616837
-17.9040173097	0.296805466609
-36.567985436	0.366471089169
-8.62235930822	0.266909355523
-22.6523262928	0.301096390498
-26.3456522513	0.326383841406
2.64916479754	0.236351027502
9.3175513084	0.217693493211
-43.4539138856	0.396065961361
-30.8973773068	0.340427419007
-41.9629171228	0.388626479086
-48.0096094131	0.414075766072
-39.7669749753	0.375650349228
-8.34648558292	0.266868454543
26.309892365	0.180290890123
-25.8865720361	0.323283652424
-43.1204647541	0.394393011395
-26.4820365752	0.327550986346
16.2258667727	0.202245027538
-20.184125868	0.303898927598
-27.6768462834	0.331764229234
-0.214178675683	0.243166561744
-33.4101356201	0.343924824174
-26.2707347264	0.321238054988
-20.5482982	0.302294485973
8.40686181507	0.220454863739
-28.9628441208	0.32684131866
-35.4603334565	0.360371129639
4.84955557066	0.227878805342
-23.448048121	0.312068877077
11.0339545567	0.215180534088
35.739653663	0.16248930489
-9.06396084578	0.264573935368
-32.8466117679	0.350111747455
-2.78939506019	0.251093681153
-60.3690301216	0.474648908113
-14.0766549821	0.278633774799
-22.5170010078	0.305028734194
-13.6190291093	0.277428484972
-42.5725757058	0.390923126487
13.5855593605	0.209049224868
-17.7431956729	0.297012818355
-42.2184296359	0.385505381337
-18.0105355689	0.293709715578
-18.7486902825	0.294484194284
-21.8986659286	0.308749937523
22.5050144287	0.188888049982
-30.1893202002	0.334568582443
8.70518223595	0.220126817141
-27.8633774637	0.329752914602
-10.155464404	0.260938290763
-17.167288712	0.293584108744
-23.8382424225	0.312997455307
-38.7227208194	0.367634025116
2.72479203909	0.23300101655
-12.5830322757	0.26890166988
0.12539200965	0.238954330157
-43.6713431809	0.396587132396
-7.93229132094	0.262374145942
-30.019614328	0.330620353564
-4.20390979234	0.25417983236
-44.4380028287	0.399371834144
-44.5028315463	0.400890912935
-21.4484118027	0.30834156559
-20.1400376835	0.301810993182
24.2259373864	0.184241874484
-1.46978863496	0.247073084905
12.5871483541	0.209825611137
5.5071547992	0.228325140252
-19.5795093713	0.302513482618
-40.3165552032	0.382388657859
-2.99411950833	0.251600782579
-18.3333938579	0.298349767938
9.62864369445	0.217281381302
-6.4351829564	0.261600810443
12.4478627532	0.210901285019
-18.9562237523	0.290650731814
-45.7279716948	0.405625560534
9.67873580678	0.216884762652
-6.49142559179	0.258930715072
-14.1803390502	0.275471995815
-22.7803273103	0.314247413438
-2.1245427219	0.248981362627
28.3519695255	0.174983020675
-10.0079305273	0.271613434925
20.6968583236	0.192970254199
17.8313691265	0.198750134295
16.8604426048	0.201359219974
9.83445804454	0.216206079214
-9.50486212635	0.260947754414
-18.5104930921	0.295247968957
2.51988097965	0.236471776433
-36.2220762871	0.365505171142
-24.0853488568	0.31846890934
-7.05320003452	0.252551949153
-5.36077326572	0.247068978312
19.4068471728	0.19489157818
-47.9212579864	0.416382461704
19.0930062826	0.19313746028
4.14917531189	0.231904163519
-7.62485841948	0.260651498076
-15.4420934956	0.28048062333
18.8317352189	0.195573795299
-6.11462596977	0.258783959523
67.1374939408	0.113016048951
-11.5685009518	0.267434254515
25.8693755528	0.180669041696
32.2892080718	0.16893728771
-17.8531225415	0.295158511918
-10.0816759383	0.26409284872
45.6007426355	0.144889301549
72.7169448167	0.106638183225
76.7569949765	0.101372196767
3.13798821257	0.228311608301
-0.395179460936	0.243422809481
69.3806035187	0.110016220117
31.6379372075	0.170334756903
76.9216484459	0.101929972999
-22.8830896209	0.313467839247
-3.89017962359	0.25381140191
80.5365842608	0.0972416708859
-12.3806450728	0.272575120886
-12.6857356096	0.269207159728
8.53452090283	0.221086152398
11.784042799	0.212887851282
18.6108439951	0.196006490272
5.60325968879	0.228136020196
-29.1348506844	0.329968455949
-10.5918085693	0.2646699773
-25.0165484009	0.319776011983
-24.8301490902	0.321113523505
27.4575207331	0.176449917667
-10.203194533	0.272932872934
86.1360788907	0.0909075336036
32.0404413724	0.166242484636
5.87449617743	0.218238227646
54.1140813772	0.130972689239
-27.5768729006	0.32374058479
-1.02022717998	0.23648294476
-5.59918434859	0.24947027561
20.2837310204	0.192941107519
25.7728363995	0.181600373291
-10.6136718733	0.265369893476
-11.940478988	0.266517990896
-5.92947062024	0.248441294036
39.7625671211	0.15533743763
19.300723374	0.194595627071
2.84922031832	0.22441295907
3.70948145806	0.23237459429
3.21976009626	0.232470730601
27.5451728815	0.178236489691
40.1480297083	0.154614282844
9.10593576389	0.213159641964
8.30195302125	0.219146434069
20.7731086477	0.191370774398
26.9481742984	0.177320887783
-12.6521226968	0.270700185953
5.30629965803	0.228701812794
4.31024184668	0.221467458406
37.7730804282	0.158833028391
-0.113164328775	0.233517590949
-19.562093591	0.300926412182
2.94966847881	0.226640697385
10.8901015151	0.214133086641
-8.31507671815	0.260648037651
-17.5759764664	0.291861467934
59.4867258675	0.122168102446
-16.3364422484	0.290642872691
82.6246605094	0.0952208928183
66.8681794254	0.112326140954
35.0871860131	0.163531382849
24.3542478513	0.180617508599
-7.76430346594	0.260316363608
93.1294262139	0.0842372528039
96.9073216718	0.0807082604691
36.8711542848	0.160382123116
-27.09008773	0.32783517133
-17.9586901818	0.296284164566
14.0610525382	0.205743665386
10.1773087344	0.206904056757
6.59323431115	0.225020889257
25.5442699366	0.181870750335
16.8592939594	0.197211834115
7.71269753778	0.222085381733
12.394311205	0.204277562663
-27.3982635574	0.327948808566
84.9749802463	0.0932152673119
-11.7282086522	0.274320568582
12.7410819784	0.209612945291
32.9673828232	0.166338165135
-17.4167084766	0.293239566381
39.9119663696	0.153775615598
54.2292674098	0.130731449189
85.7301378897	0.0914793891366
9.96238253025	0.20751910293
47.0946625554	0.142191479588
20.8737477049	0.188858045423
-9.12525950807	0.268473783383
-0.267632803469	0.238453930769
101.849400189	0.0765499745725
53.354182445	0.13207248076
10.0248109522	0.207139898048
22.552202853	0.187604012446
6.36841887395	0.215905666636
23.3834157189	0.182091085443
11.6887758265	0.205412335047
46.4620653001	0.140756306064
-7.8204121815	0.264853828627
-11.3873152909	0.265565168309
5.18704040662	0.22661775939
-1.81575537584	0.237140634235
-6.4839759907	0.253371901866
8.18627848097	0.213050179885
-17.2126622298	0.294545772585
27.4755262067	0.174269935473
8.75803979356	0.21869019475
48.8111333296	0.138066684232
45.5532198782	0.145192446857
83.0900361557	0.0941523121751
-10.0623552965	0.268803112386
97.3112079347	0.0806710022056
-4.04537340317	0.243846432326
88.8038636679	0.0883532709859
-5.19919389653	0.246579103526
72.6261045857	0.105013741033
9.37504620836	0.209450279713
-0.563765485469	0.236277459282
23.0811509393	0.186285789771
39.2326756163	0.155759815931
17.6384810868	0.198491099497
-14.4490373599	0.284328857476
-13.0885048104	0.275546624775
112.562230422	0.0677043538088
-3.97657638109	0.243916255773
-1.42416527323	0.239010081794
26.7790452487	0.178481662034
-14.946199132	0.283068672997
9.57220134768	0.217690154793
110.296514735	0.0693335636509
-7.70637544617	0.262980178276
-32.5001470737	0.343923404264
120.981894665	0.061613183413
78.027465602	0.100744598983
-2.30589918844	0.24401010409
-26.2687887625	0.3202624569
68.0940812712	0.111204405757
-5.0773303783	0.255691350556
73.8831206536	0.105342303821
44.6627283735	0.144011291157
-0.0945855841881	0.236164114682
-0.956942722136	0.240677858218
3.88444683807	0.223802372209
10.6551390087	0.212797345692
8.68995384054	0.212235385566
-1.40507592244	0.24653806378
7.11686570935	0.220293053046
2.06830161504	0.229331915534
14.4000389533	0.198840487377
55.837443682	0.12684906569
30.4693769809	0.168327045078
83.4572129688	0.0943687065738
72.8281979774	0.106405497363
-4.43374120354	0.249843065381
59.8931606788	0.123117560122
9.59370918802	0.217493641736
68.3637502356	0.111161298766
15.0924248086	0.19972312592
47.7213324569	0.138847459949
-0.243252302204	0.237655394813
75.0286694719	0.104411121933
112.377612228	0.0676166315854
95.3915264876	0.0820844732503
27.9023447781	0.173249134379
9.71983042193	0.209931710795
-0.359853099336	0.236975790369
20.3126654409	0.191432112979
-3.16974330346	0.25016406506
61.4694689289	0.120887173607
85.8661259615	0.0923032556928
93.8305892201	0.0846463100316
101.081035288	0.0770155138067
15.0226878982	0.201617367949
12.3625070069	0.204026184919
0.841802615259	0.233541665644
21.5808266514	0.185555550423
57.4445427469	0.126483854694
5.05560006336	0.221728474554
61.2682325099	0.119402466287
37.6836805916	0.155066324015
31.4685471827	0.165792288054
25.3347245563	0.177777945527
34.3949055482	0.163339768366
-13.7761512186	0.277295490576
19.8450997362	0.187314197265
20.7210979135	0.188820537633
14.1046366334	0.199217376837
37.171892303	0.15695391774
2.77601205604	0.230057720569
51.8325784892	0.132553542751
65.5124980253	0.115789727378
38.9048928624	0.153227043488
68.34604104	0.110264068221
92.2917886811	0.0860921421458
-8.011904147	0.264456443473
8.13888519672	0.217591810469
59.8695317948	0.121089530863
10.0540347771	0.214388493093
97.1841670055	0.0799681180005
-0.66310976673	0.243298994188
96.3157097725	0.0819087219859
37.8323165845	0.154475338441
106.014078925	0.0732215885595
50.0099784633	0.137767873383
7.95628694355	0.214629068016
3.03271381679	0.227024201707
2.37784958024	0.229619981636
22.2743720865	0.186832288763
10.0876614108	0.216574788538
83.5259949716	0.0951459246318
37.8814731282	0.156898400655
10.3415077061	0.208546287124
46.2001759317	0.143563276331
43.7890840284	0.147572168627
29.6629191763	0.168992666994
114.36057063	0.0666896709681
-6.37828501283	0.254764373293
122.83806152	0.0604370446185
14.6620612684	0.201317520354
0.531924650944	0.234667359616
30.5861077685	0.170201609313
124.395568836	0.0590757445713
120.040957956	0.0622783641735
7.04137283627	0.216691041029
47.0491663525	0.142494512205
84.4559813772	0.0933272337135
18.7408116083	0.189296059925
60.0642237395	0.122049517168
70.3541150554	0.108146011264
47.6163934458	0.140230049295
32.8805946861	0.166575139742
60.8386357231	0.122324223818
7.50479341459	0.218926666977
28.7178098257	0.172466747419
43.8683074985	0.147745439511
18.7440792299	0.190021364934
37.0546065142	0.155413544873
86.6581249048	0.0901279782465
84.8323843672	0.0926793921584
35.0078128761	0.161109110165
42.6917329962	0.14673405355
47.0851572897	0.139742867678
31.9844738772	0.164115644839
10.3045575949	0.211643661053
32.3378561802	0.163891903965
113.511175434	0.0675997186878
97.4779365395	0.0813515863156
110.685739839	0.0693663669358
56.6670028866	0.125748242743
55.4406701088	0.12899745849
79.9525556027	0.0986451277506
71.0315081806	0.108594031169
86.0594701944	0.0917274046372
53.3105799117	0.13135885651
76.7772156797	0.100364030083
80.7054621917	0.0970532983838
50.8864263882	0.136787958893
11.2946821719	0.209823587692
37.3061064139	0.156258014827
53.503191313	0.130124826847
30.1287551704	0.17261096894
82.4910661778	0.0950227997697
108.614961543	0.0708393580576
104.141704395	0.0753096379326
111.244495931	0.0686322938915
130.510620551	0.0553052612481
23.3447743254	0.1817931441
72.8286055153	0.104888933702
68.4706055658	0.11028830916
95.2247584219	0.0825817329496
52.336087579	0.131760114832
80.3285084796	0.0960237417772
33.6652699578	0.165291036731
62.1003731439	0.117991067044
63.0659310745	0.119347222674
129.019468187	0.0559881514535
43.8518993646	0.144615380877
10.5646369143	0.208672784869
47.223040849	0.139455740148
34.3179272395	0.16188111512
59.2999497718	0.121877842355
40.6704681027	0.152067186435
97.5119443225	0.0810805132933
67.5534272646	0.113026033981
123.75794016	0.0597786178662
61.1825287002	0.119386712486
111.376996317	0.0694478411886
54.6345129096	0.131039023842
64.1178036654	0.116257480186
88.3439548947	0.0901331854218
89.3077585019	0.088319334005
88.6574308034	0.0899245554894
77.3394033616	0.100100300944
127.651494704	0.0575387623195
42.2284418132	0.150574335995
108.186334532	0.0717849542404
84.1022175819	0.0933150297397
104.918848826	0.0747720976602
94.4489650643	0.0841507733891
96.1046947763	0.0809897798112
90.1711367164	0.0884300014826
109.764866053	0.0694603836779
72.8180808129	0.104934573971
82.4318426976	0.096391217566
130.070775867	0.0554391260263
82.4230142347	0.094424723722
108.594399396	0.070794573031
57.2139140358	0.124730570607
77.00109842	0.102360601086
125.226527159	0.0584841866684
84.4516655612	0.0934044258882
62.9102252241	0.117315343191
105.195018222	0.0738436387702
103.94523733	0.0741188976314
63.4878156311	0.116362815101
84.2487366715	0.092225672231
137.93191945	0.050721112331
52.3042165061	0.132168546067
81.6365349888	0.0971445047984
69.2610247262	0.108766073609
111.786642118	0.069128624243
43.5118425783	0.146259699051
85.590758539	0.0930481577422
22.4429663309	0.184250637417
82.5153491384	0.0938745267368
43.2169871305	0.146490385917
47.8095258104	0.137942501685
51.0747563433	0.13591873236
42.6773693891	0.146640861927
97.1089321738	0.0797205678753
46.4509773892	0.143705527731
120.538786565	0.0615482885186
118.975399535	0.0636226394693
133.835281967	0.0536764542885
62.2331912182	0.120358382023
75.8328062167	0.101319005569
118.3675383	0.0641460649664
43.4716626788	0.148378925192
47.2284268868	0.142329723335
127.176733104	0.0579408518537
40.8988006836	0.152402774458
58.1457124825	0.125969023011
50.8296430037	0.136211098455
73.8962340334	0.105715502485
94.3573128905	0.0839466111971
45.7157262173	0.142194961782
65.253415072	0.116582455961
52.2925028613	0.133832039018
117.575914713	0.0641361326512
47.5783838624	0.141588796596
54.4747995704	0.128699600564
95.4416845725	0.0815215313465
70.6533119188	0.109856677034
115.267455897	0.0662142647223
32.9031761659	0.165420475784
109.43555867	0.0709983964785
44.9721282638	0.145039110661
34.9459778987	0.161494695361
74.8836678897	0.104740071064
40.2480892417	0.152474856238
63.2569356507	0.119006603596
59.0651561627	0.12449211975
65.3186784053	0.113898213972
104.000103783	0.0749410535623
64.8288885447	0.116838233948
58.368742996	0.124872780657
41.4165755868	0.151021191065
67.2644012325	0.113861650433
69.0111245398	0.109229815202
85.6545572902	0.0912773613469
50.5413576146	0.133859811611
137.433271227	0.0510620234246
126.312967519	0.0582454109619
103.276541828	0.0752805849416
70.5190440965	0.107747787685
66.6451709582	0.114556045494
68.9304831913	0.109450643741
56.5492825259	0.125686945649
80.1393293383	0.0973495634027
36.6510297082	0.157897915959
51.3777167924	0.133139289769
77.7432165795	0.0992490136941
94.7519658124	0.0839399861306
45.6582655851	0.142254646605
51.8101684303	0.132196905786
45.57803566	0.142528718642
50.4960459115	0.134122049731
68.4886998308	0.109918461532
80.4123807265	0.0963983322635
52.2783954323	0.131372433781
104.168442797	0.073927253903
56.3568063237	0.125777389226
118.928735629	0.0627928015624
62.0633976698	0.118133336529
68.1129995382	0.110218601089
59.9374094279	0.12171893101
67.4104114153	0.111661369478
65.0785245286	0.115195594756
71.815961385	0.105795565709
85.2202915648	0.0914558258395
61.2842289074	0.119107703829
99.859443215	0.0774194046755
64.3675030842	0.114948935267
98.9090452627	0.0782694590902
59.6575732065	0.121461866237
122.241885766	0.06030931864
65.6230811139	0.113251775716
99.9780870634	0.0773779204182
64.8370477302	0.114391649348
51.6805408189	0.133123078909
98.4055262824	0.0793445184063
65.7351284679	0.11348040133
68.0373936488	0.110285924466
74.3333147401	0.102715229774
58.5618359077	0.122828397276
79.1916202645	0.0975390665179
54.195043634	0.129602442575
55.0123715306	0.128708962323
56.6627899389	0.125953720887
47.5179110351	0.140275806557
63.2829987444	0.117009028987
66.3946098818	0.112565120642
68.5575173103	0.109965168822
59.2138567768	0.122540341813
63.8229011066	0.116329627724
90.8435977859	0.0860700532398
63.6287306484	0.117891783658
91.1643956432	0.0856259483471
54.7236298167	0.129871223858
113.199989218	0.067467385905
92.5071769504	0.0842465857516
54.4944522134	0.129222492093
69.4435174522	0.108915759246
92.134815975	0.0844310320855
58.8060474702	0.125128784974
112.152888385	0.0682450372731
69.1978662665	0.111499671361
59.6113796105	0.124077048884
99.5021297027	0.0777222408352
89.5531210125	0.0886863272063
124.2639822	0.0591795411059
87.3071568005	0.0908490919687
65.4893264527	0.113899350454
68.3763423124	0.11222415908
70.0490141749	0.107917316796
132.356511206	0.0540274722913
78.868935372	0.100037464951
114.42054416	0.0658934685185
109.040112136	0.0712684199394
58.6362442406	0.124620428332
52.8709590012	0.132593658896
53.2497658762	0.130680941755
126.875946499	0.0580736837068
39.1165007692	0.154032655962
101.975586378	0.0772731696396
91.320393075	0.0870170412595
96.4392822908	0.0822207260412
104.72607577	0.0736890386511
112.273103325	0.0680747211331
134.09780582	0.0530722977203
63.6726455983	0.115316847782
61.3812356415	0.118438326036
61.4079319043	0.119331473395
46.348907036	0.140341189884
46.1183044451	0.140411115207
104.275642459	0.0743748580821
134.135062124	0.0535941666069
73.334597587	0.106453108475
132.451443753	0.0544177306077
116.091429597	0.0656160300937
128.469934333	0.056713970202
98.4253413973	0.0788558233055
78.7585590486	0.0979812036614
102.205051769	0.0767147570241
125.70899086	0.0585959920338
129.638229275	0.0558368776466
81.7317084909	0.0949733313833
130.046481782	0.0561144741237
134.760898073	0.0530097868203
68.0941021145	0.110883384175
71.1122331891	0.10654687896
145.248367041	0.0469874720483
124.782049179	0.0596443247026
111.985419254	0.0677794162158
145.524093442	0.0468569415088
152.255332134	0.0435585597165
124.237521912	0.0601235271278
66.1164524212	0.113612763522
105.342613748	0.0727988884096
58.4562348833	0.123462378085
88.5667818671	0.0877727307706
105.775210111	0.074026981576
90.7245123374	0.0876657431363
140.485666811	0.0494784907
77.1273572324	0.100129761571
96.5328828099	0.0822695481038
74.210590667	0.105200028507
96.8628422147	0.0805733274974
73.1189461347	0.104308592354
102.907292739	0.0761812928814
140.852110613	0.0493838358196
138.175152089	0.0508999724262
127.518866082	0.0573503758123
116.973886375	0.0649318694245
134.017546945	0.0533038830884
103.538711359	0.0746457708746
132.109552092	0.0545858309531
108.002786026	0.0705266992723
124.966819062	0.0594454911552
127.246065378	0.0579232604407
63.3897962663	0.116643484445
105.563555778	0.0741426744225
88.171921421	0.0888683263879
111.706962022	0.0684537663799
87.680286161	0.0908751693776
115.634244127	0.0662734494224
109.49612341	0.0694579505097
67.5840513823	0.111574769141
102.345487286	0.0764403239785
69.4621487728	0.108595361362
88.770384696	0.0875747881807
143.814393767	0.0479707540495
132.527373857	0.0544236932035
106.869151768	0.0727045485993
119.805794043	0.0621142991824
75.4050841191	0.102272557553
69.8612436633	0.110750403057
80.70458968	0.0978127023446
108.766061817	0.0714405276858
93.3746002613	0.0841293831038
118.788511116	0.0636458085118
137.136857337	0.0517579421838
117.807652846	0.0634486558416
141.349208343	0.0493953769125
134.269448995	0.0534530013463
117.010876986	0.0639493806938
135.012285498	0.0529770570614
122.940431581	0.0600410752613
100.803987028	0.0765201823664
109.381009395	0.0696890476898
108.724914258	0.0705990401485
107.136454921	0.0720774176594
133.164453081	0.0539916849128
70.709251769	0.107003093852
108.199164132	0.0715698453055
110.866777075	0.0691679790406
126.322753724	0.0582695428301
131.02146178	0.054985856725
94.7041606914	0.0831336024085
106.083504847	0.0726888703732
107.779013432	0.0709967012314
127.368663956	0.0572419102273
111.36799256	0.069172960446
64.2570911055	0.115731412973
116.106406963	0.0659209051903
132.478650235	0.054594580856
70.3329132215	0.107476029826
67.7424910682	0.110460142783
74.2826655912	0.102793990127
87.6859998414	0.0908106332917
91.3709181768	0.0852493814006
126.861567695	0.0581368916461
116.038734425	0.0652786171088
124.897842423	0.0592886006033
94.5275914428	0.0841695730688
126.167305948	0.0585300249494
111.120500889	0.0693761625695
107.726966844	0.0725352332258
91.7326897678	0.0847734641325
97.6830365511	0.080661196591
76.3692722637	0.101038686482
104.881105496	0.0745057555234
111.172439629	0.0686681177586
85.2365660602	0.0915323029985
133.924057708	0.0534519384249
80.9820809642	0.0977615186822
73.3171274572	0.104490843489
87.9392044458	0.0889982871076
118.498693764	0.064122993786
109.614320472	0.0699202115855
101.690463458	0.0762460807969
100.931732088	0.0783103096316
111.891944522	0.0692309326741
92.0934434221	0.0858404391912
91.2106624626	0.0852060817116
100.251728599	0.0776487861455
95.3131395353	0.0816561231553
90.4627745907	0.0862863253196
120.824393256	0.0621914850584
120.443278659	0.0621595020446
125.192321446	0.0595388982092
132.935188013	0.0542144348847
113.946118667	0.0668020091151
121.649373835	0.0618134605069
139.113770369	0.0506816600502
99.2114917855	0.0798125676468
104.436960488	0.0752710883529
107.926047108	0.0723993839042
117.886428193	0.0646471242224
114.987188021	0.0668749896571
95.30705634	0.0833493056212
124.829659648	0.0589343261809
138.383336935	0.0510643674146
117.375239377	0.0650659785676
135.150129476	0.0529188672078
131.446595449	0.0551733373002
139.237069837	0.0505677240457
74.2843923926	0.103652223879
120.297934836	0.0629750814715
113.133615599	0.0682032664311
97.8174678103	0.0810739068454
102.782082809	0.0766933665166
115.473920666	0.0664497015475
136.516974841	0.0523227082277
129.32973526	0.0565942282694
128.087162911	0.0574352217462
151.417543384	0.0441594959038
78.5962094324	0.100553925547
130.860743783	0.0555585961978
111.423531297	0.0686111468802
103.794042872	0.0758616313038
117.73232796	0.0647320259582
135.575034956	0.0528140996076
131.992084767	0.0550084925662
134.235966125	0.0536222195373
104.787160088	0.0749926325025
114.440420246	0.0671174791219
130.080431609	0.0558762434087
116.809228097	0.0647841979582
107.801213298	0.072481247507
121.165261228	0.0618022695359
112.035417166	0.0679742674302
134.907647532	0.0531299638298
132.135336778	0.0547322465761
148.189038079	0.0457988527133
134.41199107	0.053395281553
89.5603554476	0.086914783652
148.406972528	0.0456535214372
133.316671457	0.0539248398988
110.535032633	0.0690364157371
144.649756452	0.0477532710091
120.602193327	0.0621429439108
102.455382536	0.0751771794161
121.987271901	0.0610650869717
133.059470696	0.0541516195532
132.507886421	0.0546370780749
127.954351145	0.0575393612691
104.663994714	0.0740249511527
128.702190311	0.0570065901122
138.118594402	0.0513274224059
142.30130019	0.0489773396792
140.60576646	0.0498880765536
112.983846339	0.0684324919039
106.708652736	0.0734109312841
131.1711957	0.0554953341737
144.399451505	0.0477392169599
125.613735135	0.0592518439072
123.176779285	0.060826586743
134.915757196	0.0530624601908
130.838904911	0.0554527130925
138.768392219	0.0508057715469
122.024860848	0.0614437119589
121.643094474	0.0610519395922
89.6920248479	0.0866263573969
127.567127564	0.0576330211868
122.859731557	0.0605051287899
111.955636551	0.0677210750309
85.5433484599	0.0909589632119
104.546611895	0.0736470662109
131.764330307	0.0550212276702
122.416689418	0.0610089548144
130.479555752	0.0554209446699
101.809714696	0.0760630760488
115.121025048	0.0657166211801
84.9491335984	0.0915841614767
132.918258497	0.0539880778357
115.244050337	0.0654215900202
110.929596318	0.0692964238722
135.057316221	0.0528560450495
116.524506615	0.0651480106848
132.200598884	0.0546785528859
124.146967598	0.0597732100678
129.726378064	0.056153657269
137.948091436	0.0511932351628
147.07637911	0.0464707946111
128.162988558	0.0570119797594
90.1346543639	0.0866543678038
104.166609579	0.074015290255
135.133437863	0.0528535807052
123.584066489	0.0597594695218
122.531683302	0.0606382655104
134.404085916	0.0534715222636
130.647967764	0.0554680830692
103.23680306	0.0749882858703
138.242352429	0.0509532362593
118.664722439	0.0636290447208
138.952044124	0.0506086484938
126.539877199	0.0582173115158
139.896345696	0.0503218672918
118.807857072	0.0639361661149
149.220771412	0.0453554395853
119.102497962	0.0637589011289
134.343275784	0.0531164492637
101.966852025	0.0757572525783
130.777109675	0.0554440124867
100.500211992	0.0769308006709
103.626053603	0.0743646317428
131.730683348	0.05493967464
112.629406044	0.0672886974477
125.982630025	0.0582698326726
76.7825295191	0.10049870076
116.249481101	0.0655640319782
115.114597352	0.0654442314855
99.0539638653	0.0783979547403
140.168507758	0.0501192981321
128.132109595	0.057571735477
126.520404168	0.0586899486947
104.32346849	0.0754029289682
98.5611306116	0.0804280852579
138.598588865	0.0510447329868
136.897055627	0.0518927842114
137.178804068	0.0519263619146
120.804544401	0.0626182699955
138.980333993	0.0507602405466
137.924784218	0.0515344142023
120.082335464	0.0625563840742
131.901909645	0.055122548041
104.131461243	0.0743343161166
132.994306903	0.0542859706412
126.03509853	0.0589891385885
120.979736224	0.0624880737891
106.049235939	0.0728284821888
133.002919687	0.0541194976993
144.555789127	0.0477006841171
144.642941489	0.0476540802642
101.594097343	0.0762324606767
107.941647361	0.0706286776452
137.473611492	0.0514737371435
114.011214337	0.0674865770281
149.048182094	0.0453699577312
144.094973539	0.0480354175836
125.556622347	0.0583878675647
121.598339114	0.0610996522179
120.218335213	0.0620933470247
156.62429616	0.0417595268382
144.557000928	0.0477667143606
109.808499798	0.0693843458749
132.712194644	0.054391061995
129.348086704	0.0559455404699
135.98189657	0.052261583747
125.313818506	0.0587074230978
129.903504508	0.0561067092175
119.587587685	0.0635421972807
154.697158703	0.0426507853674
132.154187949	0.0548869669023
149.200848306	0.0452743622334
159.681377374	0.0403340393819
143.279734958	0.0482353353213
142.007186029	0.0490742039584
133.564762581	0.0538260862999
140.550455529	0.0497838989251
122.14939652	0.061718120991
128.588757827	0.0573722062149
142.721688134	0.0486364395064
136.446856433	0.0519620014284
126.753135952	0.0579081974541
126.34968278	0.0588006187602
115.980816633	0.0661312283912
134.682648671	0.0532787186968
129.891225036	0.0564249019866
132.693663438	0.054388698002
135.366118859	0.0528647415329
117.662203891	0.0648919305855
120.162492031	0.0629813950752
134.229321718	0.0536230004838
142.153442795	0.0487939307618
131.141597386	0.0555493120874
136.206053561	0.0524369962546
140.434262324	0.0497936416212
146.554913857	0.0466271665946
129.350352277	0.056211842068
143.280204751	0.0484494401282
115.948620245	0.0660550588682
134.755702	0.05296477833
133.048464204	0.0539944577627
148.034846501	0.0458531493341
144.473686334	0.0477897259025
133.295146866	0.0541334914205
150.137724502	0.044776085873
147.85745996	0.0460330520288
145.341844776	0.0472837771173
150.07201883	0.0448157983336
134.012026582	0.0538823613388
138.255284969	0.0511757091889
143.436736823	0.0481225859472
125.422810209	0.0594544271
132.577249579	0.054562415294
142.95610495	0.0484452759583
141.104716072	0.0496234786426
157.98233787	0.0410326678702
139.414093131	0.0506403470745
167.431667091	0.0369499250872
145.470155831	0.0469845639148
129.062122281	0.0568297742201
151.868156183	0.0438154100698
130.679884646	0.0557633580242
131.828352455	0.0546672113123
126.962988321	0.0574332040686
140.057110912	0.0499935422156
136.242619312	0.0521190803079
136.824118093	0.0521435690277
151.797752376	0.0439828165779
139.853152353	0.0502419928386
131.557894983	0.0548610869672
144.552831287	0.0477246271234
139.093468988	0.0507483965943
118.749731609	0.0630863100147
165.247953918	0.0378836121159
153.248073632	0.0432322131248
142.303411947	0.0487287317199
163.263999548	0.0387402747691
139.057531019	0.0507410597913
147.73590705	0.0458711151235
137.625508559	0.0516649223747
134.882023695	0.0533507152572
141.338490276	0.0495698113357
151.09461477	0.0443245579347
125.184500834	0.0595122409693
159.397967555	0.0403922732218
130.419989308	0.0559144391013
141.673002376	0.0489898779348
144.147036253	0.0476949325778
149.623559752	0.0450754430822
148.70443621	0.0454828509902
152.750453869	0.043402006544
158.619675255	0.040744136479
161.227946367	0.0395739919428
150.794548539	0.0444417717643
158.221356777	0.0409282585452
151.908195866	0.0438558681849
144.055573162	0.0477846167538
137.517934216	0.051711114034
156.896385895	0.0415489979615
131.047192029	0.0556140022025
123.951709034	0.0596059917583
166.602607817	0.0372150967516
154.751881881	0.0424101818881
163.880070484	0.0384339549991
135.770008262	0.052686914767
126.641958696	0.0586667910542
151.159942684	0.0442990758469
151.558811085	0.0439979044055
142.819657958	0.0485240819024
157.393182026	0.0412236132695
134.503184103	0.0530867108378
127.270155203	0.0581637145657
167.984519618	0.0367078837239
152.296888238	0.0436226521143
147.574316404	0.0459307498304
144.571150049	0.0474688047126
148.488130877	0.0454475750402
136.736258363	0.0517357978946
127.763936287	0.0571839089958
136.703241154	0.0517563381942
154.516101831	0.0427323768906
162.290258638	0.0391574350519
150.798025624	0.0443390673149
153.577423621	0.0430921630613
155.839557562	0.0418932606147
156.710286029	0.0415813935111
160.774683194	0.0397796067537
154.572557866	0.0426447466695
143.727342705	0.0482623255635
138.091751695	0.0513241208096
157.402480148	0.0412421033818
150.30744911	0.0447272758054
153.129516853	0.0432197691473
139.498772723	0.0505519674492
154.109248923	0.0428577510674
166.110472736	0.0374654570992
139.8903671	0.0503005519345
166.259252032	0.0373553854893
152.936743445	0.0432625674601
152.712793462	0.0435789155854
159.136308449	0.0404203863715
167.650303836	0.0368555619982
144.600135025	0.0474426593158
151.629889874	0.0438197616478
165.726979065	0.0375974455296
163.321929341	0.0386960026566
156.052839914	0.0420097114994
133.030050232	0.0544924678012
138.397046821	0.0513406986755
163.42873767	0.0386137414252
157.180534782	0.0413969520012
165.082815451	0.0379275892127
148.761149147	0.0455838880754
161.225117429	0.0395434072875
168.898873737	0.0363224389495
164.390602249	0.0380527523645
154.434960163	0.0427228163716
160.839410568	0.0397972422199
161.313188074	0.0395250098642
143.225519092	0.0483840342175
157.993039439	0.041143679112
180.468518832	0.0319102017128
153.037726372	0.0432705744326
164.733106407	0.0379687557321
172.977676625	0.034738213747
174.201906165	0.0342424055104
164.510585963	0.0381441659115
159.448025194	0.0401445481304
179.802581957	0.0321416865404
172.786816382	0.0347170640586
161.46787977	0.0394951325122
163.83319872	0.038385765272
166.369287954	0.0373130203554
175.884250893	0.0336361439873
166.02743945	0.0373527818214
167.154997456	0.0370928551608
157.519199051	0.0410324307102
151.905835048	0.0440116508343
159.726229863	0.0400564863845
166.987919688	0.0371468559312
175.438646531	0.0338176106253
172.318067793	0.0348693530875
170.713774233	0.035627234066
175.591588563	0.0336290907337
163.79309911	0.0384956570189
164.616563358	0.0380599464548
168.761389106	0.0364200793352
173.132444025	0.0346087825312
167.248015739	0.0370573933627
181.605499979	0.0314916132107
161.941859442	0.0393032456664
177.56898692	0.0329570853344
161.257601388	0.0395999977874
182.515764267	0.0311798674499
177.36615346	0.0330853778635
179.888105412	0.0321435432383
171.005982713	0.0354868978978
176.643041078	0.0333169973677
181.663785355	0.0314772247419
173.519169142	0.034444344987
181.62140809	0.0314716231165
169.578943705	0.0361048419997
178.42382079	0.0326428510896
165.960899777	0.0374906605724
172.223940258	0.0349693505535
158.882491469	0.040513031377
182.305164398	0.0313217098484
167.036835544	0.0371495728537
156.499574489	0.0417806990902
180.37101976	0.0319915207698
170.511548618	0.0355225899487
166.448496448	0.0371244865274
164.149260749	0.0380662340202
178.119138036	0.032717699651
174.716968132	0.0340564467446
178.646380177	0.0325963506927
158.651778063	0.0405200325776
174.574064079	0.0341143675774
174.388763304	0.0342133527962
168.615336986	0.0364307787633
159.828047141	0.039968022572
174.955454846	0.0339580361347
176.157747542	0.0334684850806
169.257423691	0.0360181396264
180.751289502	0.031861153616
171.740439876	0.0350819508307
178.009427875	0.0328459575101
178.953029253	0.0325248223403
169.68373088	0.0360227631369
175.22662346	0.0339032441757
163.731295934	0.0385072137909
169.988015682	0.0357653280916
172.184833322	0.0348476327799
178.713216849	0.0325861331512
172.694446768	0.0348233310769
173.023009601	0.0347454312642
175.468580829	0.0337800443088
179.994309984	0.0320598616444
166.10203109	0.037237927228
180.331477072	0.0319921584158
188.022758107	0.0293679431358
174.123338191	0.0343581663176
178.473562801	0.0326916365754
178.255889469	0.032804833963
185.75017784	0.0301006951149
189.583667961	0.0288788492936
173.588742748	0.0345027236021
184.57874237	0.0304675254136
180.975487107	0.0317066009985
173.88387768	0.0342284536196
176.541435611	0.0333419666959
173.636999788	0.0343728728029
179.838249599	0.0321171574947
161.158264866	0.0393111970324
165.518205075	0.0374359349123
164.541334788	0.0379686777139
176.518480319	0.0332138814173
177.08574101	0.0331289671687
163.39146833	0.0383455417046
185.715269613	0.0301430257974
174.738638502	0.0340429915229
177.984600463	0.0328525371002
177.898473286	0.0329207364077
173.779460166	0.0344057006605
163.275615624	0.0383920455771
184.076155177	0.0306824648164
178.992217536	0.0324542963792
191.969670509	0.0280995102808
181.899956658	0.0314436245869
184.983867512	0.0303761658771
178.482472457	0.0326422999687
175.606873522	0.0335438773733
165.776797514	0.0377119331095
190.039872385	0.0286801882574
183.932812372	0.0307619035275
172.713380311	0.0348619108589
169.220915088	0.0362390279285
184.484218896	0.0304789694467
167.55016194	0.0366006376261
180.940393426	0.0316299958515
178.186434376	0.0326966676056
188.491043845	0.029219610741
171.944880483	0.0351478384837
174.292595345	0.0342564956031
178.992790313	0.0324622255962
184.698903534	0.0304784434551
180.901152428	0.0318089514258
173.768527391	0.0343965834147
173.129382964	0.0346751859283
175.2662546	0.0338223818285
166.464071873	0.0370485072341
184.724000877	0.0303776940122
178.543493937	0.0325561142407
184.60048551	0.03046711227
182.658567236	0.0310772185735
186.671693209	0.0297609330017
183.172852687	0.0309509805015
182.878415495	0.0311081392774
184.266726469	0.0306010605114
174.40147694	0.0340353887697
155.838114136	0.0420979933799
193.710664058	0.0275640147125
188.053181887	0.0293004790106
185.019211285	0.0303382896098
184.724125549	0.0304222106482
184.079547527	0.0306323534362
183.964040842	0.030671463552
175.581626012	0.0336547310346
175.177530486	0.0337673244865
186.690917609	0.029820152977
191.468096574	0.0282554058053
175.945099558	0.0334580563909
185.504686644	0.0301402296456
184.789166715	0.0304236427254
177.443876698	0.0329794116447
186.165555773	0.0299678523386
184.981057664	0.0303522081286
188.843465135	0.0290406012731
188.180753396	0.0293128517112
187.136171726	0.0295758389577
187.655967192	0.0294848930495
183.422736828	0.0307956093497
182.275411931	0.0312907242584
183.525066104	0.0307778543557
165.486220486	0.0374290551534
177.709417587	0.0329844715465
181.79949172	0.0314593886623
190.893326894	0.0284159896698
191.135612836	0.0283384721257
190.52212786	0.0285880548973
188.323153001	0.0292984998161
182.015534881	0.0314480861395
189.192333485	0.0289895265274
187.374281946	0.0296049937208
191.957236741	0.0281100775232
191.48678637	0.0282681685496
190.633660228	0.0285305428948
187.573634187	0.0295013207156
183.498715618	0.0308437904552
184.921038294	0.0303518448781
191.841986585	0.0281047678786
187.713388722	0.0294163147896
190.398897033	0.0285728110574
183.724167376	0.0307421112129
184.545254642	0.0304499657459
181.575623548	0.0314740792049
183.767482213	0.0306940616244
183.920662946	0.0306586963444
179.964197059	0.0320318189426
178.276242795	0.0326523603482
184.726754674	0.030359768767
182.409817747	0.0312286121327
181.187387015	0.0315526454041
184.512864622	0.0305416033574
187.262378701	0.0296163231767
185.564252428	0.0301984810738
184.644076633	0.0304607368865
183.607018194	0.0308885162376
192.545051125	0.0279174403598
180.363734472	0.0319682139642
191.619793957	0.0282062595828
189.394669094	0.0289428019639
182.883412062	0.0311269035113
181.961562408	0.0314490682012
180.230203424	0.0320562095936
177.575857542	0.033074289162
177.863986667	0.0329591061624
180.97388163	0.0317924030028
177.336208455	0.0331040553394
178.314330762	0.0328010401755
183.215100322	0.0310559133035
181.139331025	0.031737960592
184.990332536	0.0304015954617
187.59083154	0.0295648032253
187.627140185	0.0295218498595
185.886999285	0.0301511586139
186.652498016	0.0298499495366
187.069317843	0.0297547544893
193.790011745	0.027588787308
194.226381186	0.0274510516637
192.350063416	0.0280057652184
187.511573208	0.029573246198
195.357117898	0.0270956868209
189.460956157	0.0289332909803
188.963604274	0.0290889567602
192.3288216	0.0280347515407
193.947600114	0.0275055020202
188.404890346	0.0292024276723
195.202955112	0.027116978373
187.828089802	0.0294258280858
191.460683648	0.0282430231147
189.618822056	0.0288474342869
194.663239697	0.0272887545785
190.86565744	0.0284670330413
194.955772448	0.0272048461598
194.895656097	0.0272095414915
191.890661186	0.0281388661348
188.579046067	0.0292155160823
195.200839948	0.0271166786596
195.905294595	0.0269096459994
191.851293126	0.0281575110195
190.887520949	0.0284930235146
191.723531706	0.0282048031245
189.030581012	0.029101403937
191.181276901	0.0283795578466
190.317691148	0.0286808283627
191.519985571	0.0282577575502
191.826263746	0.0281745594694
187.958676475	0.0294009439095
191.738624009	0.0282019065092
190.435198753	0.0285965028714
191.754725811	0.0281984646307
187.134096148	0.0296802542671
189.50545637	0.0289217342958
194.505761855	0.0273293293922
192.187683673	0.0280581186453
193.504603464	0.0276413736085
190.155555029	0.028699342575
187.695107934	0.0294836866436
191.214789633	0.0283622761236
190.29090941	0.0286609063845
197.644870924	0.0263694797185
187.377653291	0.0296091778009
189.809942348	0.0287767983584
190.644820349	0.0284843601185
192.279816985	0.028009273892
190.817878081	0.0283825933546
187.5624229	0.0295363298664
187.388074752	0.029564772452
191.785469386	0.0281885362236
195.657304731	0.0269472118827
195.26425422	0.0271065255586
195.49520497	0.0270249435743
192.512130018	0.0279496479782
194.376902655	0.0273667034373
196.627017002	0.0267029162731
195.343514475	0.0271125805145
197.172246066	0.0265253256068
193.209822715	0.0277729417877
194.195452336	0.0274504690188
189.587185667	0.0289325347022
190.957823588	0.0284659767242
189.067122815	0.0290968017976
190.448794444	0.0285964411081
191.35923884	0.0283487461348
190.716649287	0.0285053222219
192.944952014	0.027821570554
189.802126443	0.0288137742955
191.41599213	0.0283206678228
193.691481223	0.0276229222064
191.784992218	0.0281701274289
189.65008701	0.0288491392715
191.255371224	0.0283709602434
193.78996714	0.0275902056334
188.251625821	0.0293277328875
193.219248593	0.0277531070637
191.855814858	0.0281802933239
191.130795833	0.02838550008
190.530416263	0.0286274128583
192.707080412	0.027895708186
193.19055222	0.0277417061972
198.063704903	0.0263034936933
193.279807339	0.0277337214571
191.219431692	0.0284063015678
193.790961402	0.0275549508176
196.608111225	0.0267219756285
195.622810867	0.0270032219184
193.754233045	0.0275710859604
192.046074324	0.0281024940628
194.967099682	0.027228642698
195.076583068	0.0272027765051
192.902979613	0.0278731927376
192.970496171	0.0278444391351
197.086645789	0.0265971259677
198.296569941	0.0261965570826
195.423794028	0.0270560357159
194.324003747	0.0273914244936
196.294544233	0.0268315604667
195.516318995	0.0270499045554
193.894871303	0.0275332910539
194.68131764	0.0272627633011
194.788750163	0.0272647823735
195.046515867	0.0271529436921
194.091479471	0.0274512954167
195.882806819	0.0269061540586
197.088046945	0.0265687919165
196.396878762	0.0267822313208
195.729139813	0.0270013988107
198.922913277	0.0260469039943
197.819775279	0.0263754022743
198.380785738	0.0261648725191
195.222313658	0.0271152486564
196.310263511	0.026783555404
197.606724662	0.0263969045961
198.538856922	0.0261637662548
198.332040686	0.026221126202
199.52458406	0.0258640460423
198.400720778	0.0261604598633
196.009076201	0.026877013469
195.294745141	0.0270935740072
197.358439962	0.0265129725391
198.623693405	0.026136741345
196.154940723	0.0268754264304
198.341892912	0.0262247676854
199.347294483	0.0259176604354
198.555997951	0.0261137386975
198.111178625	0.0262448524319
199.658722304	0.0258166034347
199.171442098	0.025981172707
200.068275924	0.0256812274985
199.717428033	0.0258225512694
200.917012533	0.0254587000781
200.786821537	0.025469045113
198.600400814	0.0260997166654
200.551443564	0.0255535870638
200.705530448	0.0255316847782
199.933077173	0.0257217778871
198.722018499	0.0261092038402
199.873267287	0.0257572958136
200.324657572	0.0256303227634
199.715977754	0.0257758419301
198.889682016	0.026015435689
200.401142428	0.0256088177899
198.915761906	0.0260558226565
200.249114276	0.025660174208
200.173847024	0.0256918020083
200.932945544	0.0254364761521
200.340491862	0.02559112728
200.38142445	0.0255805017318
201.251420939	0.0253493507256
201.034637918	0.0254402579617
200.726092582	0.0254874169948
200.899932129	0.0254775224792
201.422049029	0.0252998121109
199.767873437	0.0257549446979
199.452516887	0.0258482892825
201.56025287	0.0252649061151
200.263080147	0.0256641143095
201.699301831	0.025210940625
201.220055996	0.0253871734949
201.80167934	0.0251741495232
200.391949257	0.0255712406249
200.771306528	0.0254611589747
202.365680243	0.0250248912388
201.492448866	0.0253071324748
201.384216639	0.0252943191609
200.061835755	0.0257155175936
199.832821269	0.0257325551849
200.868583243	0.0254850901047
200.630370909	0.0255006753058
199.024987826	0.026002649231
191.631852693	0.0282408490788
190.25290213	0.0286497287089
191.935522101	0.028122202911
199.030593062	0.0259639201335
200.367726884	0.02558279357
193.411559066	0.0276693791795
198.789812732	0.0260627537413
199.074925092	0.0260073187758
187.777297095	0.0294758651445
190.280784569	0.0286536162902
199.87458372	0.0257682289984
191.834956919	0.0281559353637
201.193347139	0.0253551056921
197.125334962	0.0265750914467
194.441172923	0.0273768685308
199.564528408	0.0258102382806
199.119296883	0.0259603290865
193.301613048	0.0276966765874
195.254021915	0.0271022632738
197.0667975	0.0265769216083
199.01838499	0.0259766057297
197.979027247	0.0263301926649
198.179195495	0.0262296046846
198.757429993	0.026101802183
197.809636396	0.0263834952956
197.931603939	0.026345225822
197.793561326	0.0263878495615
201.54838545	0.0252722960293
198.95565137	0.026033845605
201.470684199	0.0253007740524
196.936936737	0.0266409669037
198.868049875	0.0260658201505
198.884658339	0.0260292006502
197.228309231	0.026504234804
198.161785484	0.0262684769498
198.739283465	0.0260814189084
197.345591322	0.0265160892014
195.846528242	0.0269682521287
195.896280122	0.0269507427927
199.083800077	0.0260054467199
197.062238299	0.0266045538974
198.97860657	0.0259892564952
197.245560019	0.0265029429903
198.617854471	0.0260974922047
198.654434134	0.0260851530688
200.444632881	0.0255824247058
200.595249734	0.0255669724961
199.922661249	0.0257133590506
199.660923417	0.025838175749
201.329338924	0.0253299425137
201.639779366	0.0252374057295
201.311151903	0.0253117189919
200.488256438	0.0255452135902
201.621102859	0.0252185443633
203.441253903	0.0247466382361
202.252315131	0.0250824823827
203.881761101	0.0245726021221
202.844200246	0.0248634549091
204.237168039	0.0244722301642
203.466037214	0.0246863399031
205.704101364	0.0240827564535
205.263164927	0.0242193443534
205.568064723	0.024151555537
204.762553958	0.0243737322424
205.887937425	0.0240146106334
206.388856465	0.0239019765617
206.7163464	0.0237931323834
206.028885606	0.0240213276575
207.390289187	0.0236348494428
206.392359754	0.023867471015
207.711877094	0.0235188351775
207.888927353	0.0234811219877
207.121819299	0.0236741072364
207.776973646	0.0235380390839
207.420853873	0.0236441996871
208.388388389	0.0233356292186
208.543879901	0.0233383835879
207.085371327	0.0237284270189
207.494225807	0.0236225127295
207.693833295	0.0235636147472
209.155874463	0.0231774576828
208.940354354	0.0231804098296
208.147810638	0.0233973612343
209.651793985	0.0230247889823
209.845000547	0.0229921222826
209.861315572	0.0229607959599
209.923123863	0.0229727703833
209.830591746	0.0229524871087
210.229219198	0.022856407674
209.627208286	0.0230455365967
210.088255918	0.0228889672802
210.189356508	0.0228848152147
210.206347776	0.0228599303873
209.122412098	0.0231285954243
209.543722113	0.0230255978954
210.490180288	0.0228176684237
210.532976013	0.0227831530391
210.365685703	0.0228521708053
210.825933212	0.0227298187601
210.954022493	0.0227064655495
210.844017787	0.022748167833
210.906372529	0.0227348939539
210.920518928	0.0227113103656
211.529397593	0.0225884616682
211.695729713	0.0225360550661
211.698230892	0.0225523846437
211.637277548	0.0225705036397
212.106507428	0.0224389140636
212.481621716	0.022357737914
212.393507679	0.0223766460025
213.112012199	0.0221934652726
212.108295298	0.0224503498583
211.943423705	0.0224900906653
212.84295593	0.0222665876038
212.523521051	0.0223304509138
213.267229101	0.022159122755
212.816319888	0.0222611500118
212.778331415	0.0222654454859
213.460030803	0.0221000358214
213.336414348	0.0221408871406
213.463663787	0.0221090298529
213.694017553	0.0220513280645
213.972509059	0.0219812584284
213.272012343	0.0221449722623
214.393537041	0.0218681650298
213.863969915	0.0220156963725
213.603617072	0.0220728770312
213.689711508	0.0220569734748
214.534399704	0.0218464918522
213.980922736	0.0219836553123
214.536502273	0.0218392903358
213.695516952	0.0220548210986
215.401738101	0.0216315438441
214.969687525	0.0217269442514
215.218473392	0.0216736156885
215.405172474	0.0216107162187
216.003046589	0.0214771623261
215.917485696	0.0214839978092
216.182533638	0.0214053874844
216.55316764	0.0213444341607
217.239905652	0.0211678847163
216.750769856	0.0212771670868
216.62074367	0.0213045854489
216.801040129	0.0212718746586
216.743066495	0.0212777789028
215.961843676	0.0214632418085
215.418018358	0.0215995301648
215.058575234	0.0216907232808
215.427329286	0.0215985431032
215.869874364	0.0214906095633
215.941410436	0.0214928098091
213.81417853	0.0220282612934
216.283169451	0.0213920685739
216.565617687	0.0213245737878
216.130847718	0.0214283972063
216.256935465	0.0214215574865
216.496180482	0.0213480737199
215.520242102	0.0215795568497
216.075039552	0.0214352309896
216.165571896	0.0214284420618
216.076216623	0.0214429352569
217.201207514	0.0211952852573
216.173686289	0.0214401814122
217.376228225	0.0211690674071
216.952440226	0.0212354925526
217.329440758	0.021176635347
217.06690517	0.0212066257292
217.875155257	0.0210372955253
216.897298291	0.0212466627996
218.186194523	0.0209504047406
216.773320397	0.0212753350461
217.996991672	0.0209893462018
217.365918538	0.0211421430964
218.325759253	0.0209183923571
217.544715184	0.0211041410311
218.321768429	0.0209449249836
217.71738636	0.0210798843244
218.885823416	0.0208085645496
217.979833092	0.0210129837218
218.980875841	0.0207815379549
218.051671483	0.020979239569
219.108417501	0.0207605520518
217.592973143	0.0211058331899
219.292816537	0.0207114924388
218.463657345	0.0209015170034
219.179108528	0.0207274534335
218.131518378	0.0209526596097
219.572090452	0.0206479665249
218.862808251	0.0208062534544
219.629121172	0.0206285415967
218.511301348	0.0208908080361
219.646373171	0.0206315660708
218.82748953	0.0208184266579
219.441641482	0.0206762891108
219.170904566	0.0207382886885
219.957312195	0.0205543452223
219.251708587	0.020706195714
220.111748465	0.0205227160108
219.25048087	0.0207012499967
219.495093866	0.0206399420596
218.965561679	0.0207603337036
219.797257942	0.0205711042148
219.297373664	0.0207028191875
220.018781332	0.0205473539746
219.28572095	0.0207098322629
219.942924165	0.0205511472888
219.458869463	0.0206499720065
220.225230661	0.0204906108583
219.959203447	0.0205491457417
220.219451592	0.0204971187795
219.785923209	0.0205945232007
220.032105405	0.0205388157645
219.398181649	0.0206840927301
220.036322038	0.0205391222934
219.722131919	0.0206086144832
219.810088779	0.0205796769138
220.03878294	0.0205134960808
219.862744757	0.0205560962414
220.384855541	0.0204374284405
219.958197971	0.0205467311981
220.492445407	0.0204336826671
219.879923422	0.0205671601749
220.63227353	0.0203984815212
219.748059233	0.0205996223868
220.535344245	0.0204110869985
219.711897587	0.0206123046487
220.652456091	0.0203915157864
219.732882014	0.0205989502011
220.44746809	0.0204420348329
219.332925727	0.0206962483382
220.475327005	0.0204371815407
219.500781975	0.0206605763891
220.384419046	0.0204556157824
219.5645962	0.0206461084521
220.684009366	0.0203895383436
219.33226587	0.0206991789398
220.528886037	0.0204238299694
219.4854756	0.0206633852
220.845775387	0.0203519279265
219.449501649	0.0206734957293
220.692527575	0.0203874834481
219.177576793	0.0207313964628
221.051749139	0.0202929707136
219.783193103	0.0205941964149
221.291704579	0.0202449735738
219.616894228	0.0206318943934
221.226618875	0.0202602768864
219.651664468	0.0206258155914
221.10484836	0.0202899322263
219.409913902	0.0206757656682
221.185109354	0.0202508705617
219.690553473	0.0206106371514
221.414355481	0.0202097901629
219.651976234	0.0206168873012
221.329767242	0.0202434209756
219.451263277	0.0206642082847
221.357436095	0.0202291762828
219.517474761	0.020645771046
221.125617351	0.0202821743785
219.712187008	0.0206078884428
221.307529206	0.0202327317052
219.882866881	0.0205668112953
221.097010119	0.0202946070506
219.953707801	0.0205534547697
221.185723603	0.0202742576391
219.819182187	0.0205802923383
221.350884844	0.0202362557029
220.090584383	0.0205175058773
221.239964031	0.0202416431748
220.014921003	0.0205217022456
221.388423007	0.020218578846
220.202043672	0.0204877625455
221.346813389	0.0202197973959
220.459060576	0.0204251549935
221.20377975	0.0202507192162
220.323840401	0.0204602055332
220.888709197	0.0203350966522
220.478466316	0.0204196378033
220.95690837	0.0203101129951
220.523884017	0.0204170889823
221.081622686	0.0202973636229
220.54565159	0.0204146386098
220.92196454	0.0203305379335
220.589463953	0.0204073469668
220.975152505	0.0203161104161
221.050891783	0.0202856563331
221.039292293	0.0202965480032
220.905721069	0.0203279550709
220.985260051	0.0203095573264
220.949178274	0.0203128903792
221.124236741	0.0202819916278
221.097472599	0.0202836276438
221.033409051	0.02028720788
221.007371537	0.0202916989606
221.199337681	0.0202551233638
221.127157825	0.0202771399459
221.224458504	0.0202571397237
221.139575412	0.0202798120888
221.17365786	0.0202660178638
221.205570375	0.020261809807
221.171385121	0.0202683796037
221.186048706	0.0202654548189
221.93214217	0.0200943029596
227.203819317	0.01893621358
231.963137061	0.0179515514923
236.221657504	0.0171120929535
239.800156363	0.0164347978385
242.765216274	0.0158855079998
245.636695835	0.0153701682645
248.030775638	0.0149746518474
250.447346182	0.0145811383324
252.250717779	0.0142874943891
253.338563641	0.0141168575608
254.184399371	0.013985790838
255.236607251	0.0138213548856
256.091268359	0.0136909677296
256.695056343	0.0136051639423
257.614204288	0.0134670796353
258.466440162	0.0133466665084
259.684224187	0.0131746611024
260.897224032	0.0129929670204
261.242304674	0.0129462063259
261.939117788	0.0128433013175
262.34992258	0.012784454781
262.469815277	0.0127679670627
262.89043368	0.0127076258319
263.306730215	0.012643523976
263.591850765	0.01260549556
263.485009929	0.0126239510591
263.898409298	0.0125622006361
264.078603121	0.0125359291697
263.972187232	0.012554886438
264.153059399	0.0125256476489
263.752376503	0.0125853640001
263.819037746	0.0125701515996
263.542107279	0.0126148542558
263.534920174	0.0126138147819
263.525734671	0.012612633302
263.3358685	0.0126386407578
263.137464626	0.0126683255293
262.568288344	0.0127483667525
262.653196927	0.0127345525394
262.731942337	0.0127271271233
262.779520528	0.0127193747169
262.452190969	0.0127675613971
262.173885193	0.0127981644141
261.835604568	0.0128478092236
261.941701348	0.0128234780589
261.903938796	0.012826411743
261.625727936	0.0128669790836
261.36209192	0.0129056034593
260.805560936	0.0129846724704
260.408175941	0.0130438199958
259.892645626	0.0131182123206
259.984462125	0.0131047853076
262.4187402	0.0127519712389