100	-0.04473	0.0	0.999129407056	0.000870592943549	0.0
104	-0.0335	7.92937946119e-17	0.636806651866	0.363046321994	0.000147026139948
105	-0.03746	0.0	0.0	1.0	0.0
107	-0.03891	0.0	0.0	1.0	0.0
11	-0.09882	1.0	0.0	0.0	0.0
113	-0.04513	1.0	0.0	0.0	0.0
114	-0.006445	0.0	0.0	1.0	0.0
115	0.008239	1.0	0.0	1.13527623727e-69	0.0
116	0.04707	4.65482206318e-29	0.983263329018	0.0167366709825	0.0
117	0.02626	0.0	1.0	0.0	0.0
118	0.05743	0.0	1.0	0.0	0.0
119	0.08582	0.0	0.0303298915554	0.0	0.969670108445
121	0.09377	0.0	0.0	0.0	1.0
125	0.1807	0.0	0.0	0.0	1.0
126	0.4913	0.0	1.0	0.0	0.0
127	0.6308	0.0	0.0	0.0	1.0
128	2.266	0.0	0.944551422013	0.0	0.0554485779867
165	-0.09847	0.0	1.0	0.0	0.0
166	-0.1057	0.0	0.99256783115	0.0	0.00743216885038
167	-0.1468	0.0	1.0	0.0	0.0
168	-0.1217	0.0	0.0	0.0	1.0
17	-0.1281	1.0	0.0	0.0	0.0
170	-0.09897	0.0	0.0	1.0	0.0
172	-0.07571	0.0	1.0	0.0	0.0
175	-0.09006	0.0	1.0	0.0	0.0
176	-0.0591	0.0	0.0	1.0	0.0
178	-0.0619	0.0	0.0	1.0	0.0
189	-0.02545	0.0	0.0	1.0	0.0
190	-0.02292	0.398823604538	0.0	0.601176395462	0.0
191	-0.02486	0.0	0.0	1.0	0.0
192	-0.02147	0.0	0.0	1.0	0.0
193	-0.02602	0.999999972232	0.0	2.77677022541e-08	0.0
194	-0.009117	0.943702739469	0.0	0.0562972605312	0.0
195	-0.007873	1.0	0.0	0.0	0.0
196	0.01671	1.0	0.0	0.0	0.0
197	0.02071	0.0123701166959	0.0	0.987629883304	0.0
198	0.05409	0.997335771647	0.0	0.00266422835323	0.0
199	0.07115	1.0	0.0	0.0	0.0
200	0.1027	0.0	0.0	1.0	0.0
201	0.07161	1.0	0.0	1.50054758464e-43	0.0
202	0.02732	0.472299031126	0.0	0.527700968874	0.0
206	-0.003577	0.671391270708	0.0	0.328608729292	0.0
207	0.002509	1.0	0.0	0.0	0.0
208	-0.0155	0.00421510204068	0.0	0.995784897959	0.0
211	-0.01697	1.41771487232e-146	0.0	1.0	0.0
23	-0.08754	0.524761850058	0.0	0.475238149942	0.0
24	-0.07698	0.0	0.0	1.0	0.0
25	-0.08376	1.0	0.0	0.0	0.0
26	-0.0868	0.0	0.0	1.0	0.0
39	-0.0788	0.0	1.0	0.0	0.0
40	-0.06465	0.0	0.0895183545886	0.0	0.910481645411
41	-0.04142	0.0	1.0	0.0	0.0
42	-0.01483	0.0	0.932093914498	0.0	0.0679060855018
43	-0.02208	0.0	1.0	0.0	0.0
45	-0.02965	0.0	0.445132328258	0.0	0.554867671742
46	-0.03537	0.0	0.992896708264	0.0	0.00710329173575
47	-0.0153	0.0	0.0	0.0	1.0
48	-0.02037	0.0	0.357180803437	0.0	0.642819196563
49	-0.03962	0.0	1.0	0.0	0.0
53	-0.07014	0.0	0.0	0.0	1.0
54	-0.05022	0.0	0.499041502253	0.0	0.500958497747
6	-0.06676	0.0	0.0	1.0	0.0
61	-0.06859	0.0	1.0	0.0	0.0
62	-0.0597	0.0	0.0334454404894	0.0	0.966554559511
63	-0.05901	0.0	0.0	0.0	1.0
64	-0.07231	0.0	0.0	0.0	1.0
65	-0.06639	0.0	1.0	0.0	0.0
66	-0.0615	0.0	1.0	0.0	0.0
67	-0.06496	0.0	0.0	0.0	1.0
68	-0.07022	0.0	1.0	0.0	0.0
69	-0.0597	0.0	1.0	0.0	0.0
7	-0.08621	0.0	1.0	0.0	0.0
70	-0.05632	0.0	0.0	0.0	1.0
72	-0.05996	0.0	0.0	0.0	1.0
73	-0.05269	0.0	0.0	0.0	1.0
74	-0.05273	0.0	0.735814209829	0.0	0.264185790171
76	-0.05437	0.0	0.523492297058	0.0	0.476507702942
79	-0.05039	0.0	0.0	1.0	0.0
80	-0.05152	0.564559015017	0.0	0.435440984983	0.0
84	-0.1194	0.0	0.0	1.0	0.0
86	-0.1017	0.0	1.0	0.0	0.0
90	-0.05985	0.0	1.0	0.0	0.0
91	-0.05809	0.0	0.0	0.495269209692	0.504730790308
92	-0.06548	0.0	0.0523194971188	7.01046610246e-164	0.947680502881
94	-0.04973	0.0	0.999027304971	0.000972695028536	0.0
95	-0.05059	0.0	0.982373482444	0.0	0.0176265175563
97	-0.04576	0.0	0.344235711012	0.655764288988	0.0
98	-0.04144	0.0	0.996763810604	0.000487377560905	0.00274881183551
99	-0.04391	0.0	0.00213931629409	0.997860683706	0.0