-81.7937376138	0.607623433208
-19.2054699506	0.298402628429
-54.7248106257	0.446596780224
-34.1784002225	0.356705764225
-29.4641032311	0.338516085139
-45.8632409544	0.405905572174
-22.9486171026	0.314995041737
-22.149992498	0.309979697124
-39.1761153667	0.377341384887
-54.6867953246	0.448105042692
-19.6626226056	0.292795422792
-5.92583479252	0.258689829658
-21.4810535398	0.309248583712
4.65145678098	0.229964521668
-44.178846739	0.398948910686
-66.4767820928	0.513156008416
2.80106017654	0.235749126389
6.98941717516	0.224158611844
-10.4420361335	0.27289593142
-28.119956916	0.330907967866
-20.8424697373	0.30519114833
0.707704561642	0.239870056781
-12.2412288758	0.278376503058
7.60491976555	0.222437581616
-50.6631870643	0.426525506898
-45.8245831822	0.405782542515
-7.30852718326	0.264116764428
-19.26642843	0.294120179482
-11.3236490161	0.276048472844
-23.9649297029	0.317991790759
15.8944896177	0.202512343334
-41.570643525	0.387592552244
-56.6587564641	0.459627560821
-37.0403607296	0.368803698056
-62.6508985558	0.490786453096
-9.30914314309	0.268217305326
3.59735182712	0.233442408213
-12.8016496884	0.277989572599
3.3467659748	0.233252254036
-40.9071811994	0.384946377241
-14.4596135948	0.286206154122
-24.1354158719	0.315564746935
-33.8698793619	0.354297601778
-23.2958418996	0.315524487278
-60.5676440681	0.479898991183
-41.4680392498	0.385003048308
36.0770035613	0.160706000185
-49.0597526278	0.421667138028
-38.6832838777	0.375603824057
-19.5948956076	0.303154325599
8.12904285399	0.2220447752
-51.832206534	0.431259424284
-19.1635661242	0.300053459864
-6.44389205128	0.24959438666
4.47272734831	0.231481498776
-8.36495318348	0.254833826689
-73.5657961894	0.555251892806
14.0952604664	0.204805335067
-17.7049323619	0.28834201618
-41.8363879273	0.386733154672
-9.80572284724	0.259537978678
-8.67811233901	0.264905450053
1.51349559095	0.238884059358
11.5961368034	0.209890462746
-61.1485602314	0.48361075316
-0.724802362988	0.241173803769
-25.6126170875	0.313604229024
-10.2564725588	0.268765296998
-21.090506416	0.303847655436
-12.26962844	0.267657171355
-7.2380665846	0.252343755097
-49.6400552554	0.421378458623
-38.224040316	0.368347402958
-19.6586083061	0.298671304745
37.8991458367	0.158276936842
-21.7499614947	0.31009451355
-46.3272281879	0.402931544728
-21.8270491369	0.2998393838
-24.9378842639	0.321325681147
1.86862304001	0.231405528314
-50.8633340309	0.430285249248
31.6836236893	0.170214343322
-13.7431300192	0.272845019016
-19.7244090811	0.291844174624
26.0151165868	0.181444649056
-19.9570948832	0.304034802652
-43.8765210627	0.398375988212
27.3144354131	0.177714216591
60.8403491629	0.122271768615
-3.60233517068	0.243524515358
14.6524531794	0.205851732732
-21.045254182	0.308288169686
4.40165740043	0.224553820526
-8.42297957135	0.259655533605
-27.2804274697	0.330654810623
-40.5151351783	0.383014962259
30.9285117783	0.170879458851
4.39083675894	0.229509351219
11.6711478451	0.213323649378
52.1479296825	0.134511501705
-31.9164547824	0.347513154927
-0.539620254962	0.244682015109
19.4984542532	0.19513624776
48.9102764898	0.139807781115
52.1468047486	0.134450604139
-26.077967216	0.323483432456
-35.0452682004	0.360172340962
-10.3769435858	0.263516571506
35.0015027669	0.161145227343
2.45390890371	0.22857513202
8.28187923411	0.214342825418
46.698761192	0.14337315258
36.2675283064	0.161290443562
58.1941202273	0.125776158958
-34.932366043	0.359693930269
4.3736746945	0.224552146481
15.1097079907	0.204008535661
80.7328658525	0.0974256270752
-11.7737632396	0.277082051391
-35.3340005875	0.3549318601
-12.4459309475	0.271345317698
31.0268697096	0.171263814039
-32.2753345392	0.349720321924
-11.1082217044	0.274296291967
-3.05906953397	0.250908515478
9.63281636302	0.210108210826
21.4987591755	0.190424268482
-36.2963856095	0.363874580234
-3.47163153426	0.24365297366
7.53660420917	0.221273112729
10.0671624811	0.210681908503
10.8172589531	0.206294750287
0.297302193729	0.232288430858
-23.2292011298	0.309851691362
-37.8530589086	0.372347722937
17.1432956115	0.200440754205
48.5196837411	0.139974188412
-1.72125525422	0.2405040247
-7.91370443226	0.25670403865
9.1644884936	0.218359783339
45.4512892925	0.144076892768
-23.6837227248	0.311202373288
-14.1825291636	0.28042776964
8.59549631591	0.212029004866
34.769833536	0.161972290569
-2.11694781691	0.244602767851
-0.479987796164	0.238233778494
13.744319139	0.19942813613
-20.5539995069	0.300347646175
-33.1430087427	0.347011122056
-5.69770898308	0.254370393131
8.62410586689	0.220112393103
-13.7857902607	0.273336758699
30.1024632756	0.17262759022
21.43668842	0.190141422625
10.6891423325	0.214612183695
-37.0952440518	0.366832195524
-10.1329575648	0.263529498343
-3.49938044076	0.246012764174
-20.9809368669	0.301920542342
0.165548553277	0.242089016931
58.6496320568	0.124896607116
101.463542209	0.0767773246719
85.8429252055	0.092422375637
88.0545980645	0.0899822801402
-24.2158492831	0.311741601092
21.2640884433	0.188968124931
77.1475801235	0.10132301684
25.5770739183	0.181470051771
32.5858716572	0.167825612102
19.5978583885	0.192888576692
5.0938720119	0.229525866228
20.4615388641	0.192656737711
8.91118988513	0.216163028923
-9.71648816173	0.264963273491
2.77091283307	0.235645357025
89.7386764009	0.0884945318584
27.0289172559	0.179089252298
10.95518292	0.209223833115
-7.75450249741	0.256562657002
2.40821876823	0.235862949479
24.3915912018	0.180847687082
75.0869133667	0.103954388699
-20.509999671	0.303017776997
51.9190797738	0.134914795781
35.5923965056	0.159495345647
70.2653397114	0.109642526082
9.03336623299	0.215470208693
59.9148626369	0.12135361312
27.5919403909	0.17708058511
14.9507322183	0.204988869653
24.5307778631	0.184115654535
28.8275911047	0.174383973251
99.5416675325	0.0787056687227
37.4977065975	0.159242096454
18.3587025383	0.197170441848
19.5352471843	0.192573660897
-3.28008237109	0.25164964603
-0.0380133934221	0.242897922792
29.2476968606	0.174109735668
46.5343372035	0.143321825257
-23.4132084481	0.313413818945
11.8280710952	0.206602081674
14.2223179024	0.200023723623
21.9074301085	0.188418093139
-22.3646189904	0.302528046348
18.0014000771	0.196083272544
3.77709564127	0.224412379623
0.507785230576	0.235419181811
23.6995725564	0.184119294592
25.2930474379	0.176705858225
8.27387580036	0.212487662034
26.508144632	0.17852734613
10.9482937512	0.206250911182
49.6329414043	0.138673266268
8.47388259674	0.2206503464
8.25196935688	0.214777469221
16.5339892961	0.197751407051
24.2526591708	0.178541551134
-17.7139790768	0.291733007033
2.56855510856	0.229798826375
49.5176829414	0.136545413287
-15.9120241462	0.283904157651
-3.43643582621	0.244782576449
23.4257861982	0.184310531098
-12.2033173273	0.275076519992
55.0927808265	0.130532372674
43.3726046307	0.148531874608
21.0530968445	0.190985186825
16.734940378	0.200342593718
18.6824970004	0.196536918913
16.2232095472	0.194929244033
-3.22299160839	0.249059466136
29.7248064991	0.172392548393
15.6371005715	0.201333665854
8.67300422094	0.214683799667
42.4210456114	0.150248916516
-6.02561823673	0.250462422053
-0.314629601425	0.242140883385
16.6499324187	0.198017742933
17.7614858954	0.198450065966
28.0388673754	0.175515164522
58.2811325081	0.125244692082
102.084544217	0.0771024792072
48.4999628372	0.140292521734
21.7172770325	0.189650944871
23.6204700335	0.179605538524
56.1805095917	0.128464910849
18.8214204215	0.188784541868
14.7737264889	0.199170215052
-7.70453898487	0.265060141929
27.0193380549	0.173257266131
75.4341331033	0.10188089231
13.5217022718	0.202652857284
48.1490103035	0.137986355059
16.8227724413	0.200025995581
19.1946547339	0.195052267306
-1.36698807628	0.243788780442
1.60242845195	0.22959178127
58.5145158253	0.125660096805
57.8520022809	0.126628790925
67.6043542895	0.111736298601
-12.3332734438	0.271434606672
42.223396681	0.147492104785
12.0352056921	0.203860621076
5.59182451975	0.222089421508
19.4677232205	0.194476441073
30.3361938204	0.172006981225
94.7968696	0.0836563625821
59.2880701998	0.124541441629
59.6510034177	0.124118579895
-22.7609688197	0.308132787719
4.70225004387	0.226443724067
35.5718129337	0.162302461924
5.49929134331	0.221174817806
47.5199714811	0.142011917401
48.8022156715	0.137060456484
64.2742365959	0.115695881029
50.7950332592	0.134936658977
67.3950233409	0.111728120215
85.749057531	0.0911537380955
15.8064576642	0.199792151897
86.4695240358	0.091492028684
20.4109909716	0.190243576458
25.5094214194	0.175854817447
-8.21784392361	0.26066594059
79.0309439151	0.0983042765924
65.6042666151	0.116064378843
2.81165386792	0.228442040903
51.5247477617	0.135748071597
8.96987183795	0.217435562712
19.0349576242	0.188882319358
9.66447942214	0.210450478289
14.9492094502	0.20043927405
6.60929800331	0.222772823038
12.3011128451	0.209049138222
34.8128580225	0.16074627845
14.9745697411	0.202920559283
7.3125006159	0.215117561947
35.0743576654	0.159979237303
70.9627217379	0.108727712173
50.5775699947	0.135473440938
49.4448442325	0.138657633495
-2.9866592921	0.247160837307
49.3289188128	0.139015173634
66.6928290795	0.112560833779
12.5455611735	0.208424222431
29.3360025814	0.173133700003
115.56375834	0.0654838072435
82.9141602825	0.0939254807143
-0.766471621924	0.238495939316
36.9500192488	0.159833604419
21.1008810533	0.190591423759
68.7305169736	0.112021982842
39.8902887323	0.151273743298
12.8575829761	0.205575235847
9.60703339412	0.211358132433
7.83723651803	0.215469745925
78.0615379768	0.101165663844
10.5632084416	0.209139409184
9.21627173344	0.214132839815
57.367695124	0.12543395075
44.6896722487	0.143659967707
85.8446957748	0.0927757842604
9.74308743104	0.210909681466
51.8310495924	0.134550052328
120.141932527	0.0625505277283
56.9568519731	0.127600095601
87.4711554593	0.0899206947125
13.3413002886	0.207529316955
65.2402341475	0.114060104567
35.4788938	0.159667059664
0.253226719606	0.237797444752
76.0697054172	0.102566213939
6.98319306861	0.218405400887
61.9430735568	0.120898102091
89.866316862	0.0880298718359
4.05105482004	0.231104236431
79.7417920228	0.0976543047902
18.2261735686	0.196199214674
3.72121369397	0.224725240759
37.3807762301	0.156225463116
67.6397006442	0.110827013665
74.4133097074	0.103332342094
36.4529778149	0.156616878234
-4.75553685867	0.250282961276
47.5773521773	0.141128274928
17.7941767246	0.192704346013
19.082966481	0.189780751518
31.1054309392	0.16916042237
-5.32763420187	0.253223222005
42.3788382939	0.147856755537
25.0655994412	0.181841237197
-0.956623269498	0.242404161597
24.433949095	0.178967402281
9.62336088908	0.2119640333
26.5153815496	0.177968881815
11.4357580225	0.207505616555
23.7919746586	0.182207773775
37.1031506125	0.157083444904
47.6504110807	0.140039325468
29.2823209116	0.173119456269
8.67861530956	0.214217509362
18.5808926029	0.192059909172
12.1372702293	0.205584441231
97.8941274525	0.0810733631755
14.9299237102	0.198840924194
116.432510308	0.0655277521454
33.5689198101	0.163321382739
32.2498356613	0.165774417595
51.6582779341	0.1340332074
14.8556142173	0.201108509885
19.0873117351	0.189497549009
23.0581621831	0.183386713786
99.4777055154	0.0780896066993
99.2655186692	0.0798031250402
103.598414501	0.0751053761909
79.7457647616	0.0990391161272
12.6941531782	0.205680554609
10.5179769868	0.208872844669
61.0017178385	0.119764939433
51.8868807267	0.132402079083
62.3774441063	0.118915198131
110.828382396	0.0697996237197
102.016737443	0.0771227188546
87.8608843412	0.0906713823375
-0.981461665662	0.240159716453
23.9279136627	0.185028251599
13.7360251965	0.207565557877
108.886327492	0.0704550398119
81.6108165857	0.0972515632025
29.0213378009	0.174465860324
50.7057434312	0.137061918916
82.0351261285	0.0967784505112
30.5719631657	0.169319050048
29.1490458612	0.174522953417
107.077710901	0.0722977580371
64.6259640405	0.116388919935
61.3065585688	0.120177430956
67.9013747957	0.113098002648
20.5682133344	0.189366448316
83.8155558572	0.0947508770753
83.5490223639	0.0950285134129
76.8187369137	0.101493875322
91.5632471484	0.0864981503837
39.9171920228	0.150690549231
12.6946004855	0.204602363414
27.0765487556	0.176002957556
40.6077386817	0.151855387404
51.9065426606	0.133122529972
49.6742185632	0.135601808153
50.7250475436	0.135755720824
75.8860239734	0.103574882843
57.553886111	0.126816511102
47.083470653	0.142596221532
115.48344679	0.066268900811
88.5543998194	0.0897497531769
44.5142208739	0.145715559106
85.9899946759	0.0925533761853
53.7149011669	0.131753694076
98.7249952255	0.0802910019705
57.8080909411	0.124060529614
42.5756081345	0.146094764274
86.0231432073	0.0925752930092
86.3219531483	0.0922906779549
91.6016179943	0.0869745015157
62.6086237908	0.117480845229
68.8523326465	0.109581025937
47.4795990022	0.138451012406
66.32877017	0.112465291939
15.2185306133	0.200658607679
35.0630001648	0.161560845678
17.9725199029	0.195958644156
77.4755199708	0.101284854161
103.377121541	0.0758654686962
54.8234555935	0.13042161717
130.199719555	0.0553814744368
106.147633166	0.0727111028699
86.9934613886	0.0906939613732
61.7084047746	0.120834734736
52.2235976781	0.132711239467
103.90811228	0.0741084948556
66.6015230019	0.114376749376
91.7391885872	0.0851255116931
127.519083629	0.0577969863327
131.612716884	0.0550210234249
146.297651637	0.0463811503899
87.4613210227	0.0892651942722
100.308022892	0.0772230050781
47.4033360719	0.140569541408
125.685292036	0.0588178550109
88.654231775	0.0877818352394
57.1942519018	0.125170052971
64.1558710571	0.115477846141
69.1563155075	0.108931727862
128.186714584	0.0566427398988
127.618515474	0.0575802506171
93.5465036831	0.0831923131695
106.341852164	0.0734554506603
64.9202861455	0.115672091846
112.972836245	0.0681970531896
71.31610978	0.1079044427
72.3904137282	0.105082447467
57.2284824758	0.126967819721
89.8656595367	0.0865856107428
71.6619775766	0.108144474831
90.6962153017	0.0862418427243
48.44536595	0.139423437856
75.6451895085	0.101382938077
60.1080191013	0.12330044246
101.507574505	0.0767326323985
79.6091368603	0.0992133616615
65.3135965952	0.114899917385
65.7760872322	0.113475859924
104.579537391	0.0740723051671
128.747755923	0.0562486838369
56.6795957494	0.125811813911
76.3290938138	0.100760967683
105.772505079	0.0729195846002
103.616214773	0.075988913369
59.1486980705	0.12426170939
86.4343102777	0.0905290117871
83.4119038522	0.0930510137234
53.9911933003	0.129959031989
73.9765065325	0.105564970522
89.2441341885	0.0874260524301
103.174805076	0.0757940702047
42.2895414582	0.149282237071
76.9933865926	0.100448744579
97.5730981706	0.0795942551292
96.1809857316	0.0826350065289
134.974197924	0.0530231060591
93.9600725734	0.0846009476083
28.8665044242	0.173096308556
44.4337661192	0.143745483896
111.790331175	0.0691292912936
74.7313938546	0.102371669445
31.5884095873	0.167742884593
113.371601763	0.066705770332
74.3398247531	0.105406273707
19.061140719	0.193929237288
96.0308933116	0.0812470237471
72.0780197136	0.105442320514
85.9670724237	0.0906735621599
60.9877867793	0.119670668145
149.414715055	0.0448391218951
64.1266651165	0.118020434133
88.3093759716	0.089776568945
79.0058066913	0.0976634223743
75.7394115203	0.101964811984
69.2706554609	0.108646985111
106.13428562	0.0733929747599
106.878321177	0.0730336467545
40.2208001798	0.152187284593
84.289527062	0.0924357602096
64.4299081185	0.11526238674
30.9932898314	0.166304966104
121.395722213	0.0619099101319
79.4789367531	0.097179740609
80.7763512169	0.0978092328738
65.0714429677	0.115080841094
98.3829524132	0.0789605196584
38.9806318018	0.154248602744
53.9736619748	0.130027212656
43.6061845145	0.144379499643
57.3471035276	0.124852703419
105.976498145	0.0729481713616
111.947502734	0.0690761397035
93.619259417	0.0838995637539
42.1984555322	0.148924689879
49.6273802297	0.138656553431
74.7698929583	0.102227638661
85.1066428394	0.0929558530981
56.477848773	0.127011411271
57.9827252233	0.124962965418
59.8041463114	0.121388028074
42.1656386448	0.149044447964
65.4062246723	0.113905303555
38.0483064738	0.155815810938
82.5094612305	0.0941360232798
35.9171010605	0.159717209448
113.75346327	0.0663435502986
105.065861481	0.0744296652541
88.5990268967	0.0897204612368
43.2708743196	0.147324325335
63.2904905951	0.118497675381
80.5254260824	0.0982499343623
136.705987025	0.0519558845694
48.5451494858	0.139115811223
136.839571294	0.0518581219142
55.3950218392	0.129346363548
48.1069158791	0.138918702559
102.798796487	0.0750338974411
116.123767051	0.0647586696214
37.8058801004	0.157129413908
81.1509501119	0.0975136539882
69.75252358	0.110876647201
43.5679418551	0.146863369177
28.4090365824	0.172902706869
68.1254267804	0.110229338147
66.1020433136	0.112603708048
118.918989181	0.0630376703345
106.21535535	0.0736643527984
28.8615017097	0.171776342792
103.694990366	0.0753947070092
101.633694815	0.077244582969
44.1168737113	0.143955551776
134.401020811	0.052936702578
69.8065874473	0.110829565873
107.230991739	0.0725155109706
89.9715232306	0.0884890987391
28.7624275166	0.173506173087
74.8728608914	0.102058989051
43.3577811592	0.144622447302
76.6551262751	0.100459257495
141.80693739	0.0490345139398
45.6409722874	0.144370565384
89.4208677761	0.0872133461946
58.990998308	0.121605136166
58.43471555	0.122845267591
40.9383617179	0.151242352678
57.0137185718	0.125035569691
63.3970005537	0.118473376741
122.391168505	0.0602580614624
64.3589065981	0.114954124909
140.328456861	0.049760028677
141.433954826	0.0490982173163
138.837135395	0.0508042284774
85.9421359292	0.0922794920693
55.4563602338	0.128934999718
82.6984218179	0.0955980134552
52.6250099912	0.13122455401
84.6639494087	0.0935117114622
55.9526428474	0.128253902712
32.5863097827	0.16570865212
102.227924552	0.0754563917243
39.052707697	0.154374342981
106.346147817	0.0722300837595
76.514164699	0.100327536426
50.8755429567	0.132838245207
125.152952166	0.0584428837275
62.2448739076	0.11840300988
51.9539382837	0.133228847321
51.5345052292	0.131878552724
107.957944773	0.0710791745368
77.3207588127	0.0992877524927
118.243948838	0.0639468680908
61.1297764974	0.119278037076
108.4118808	0.0717852236589
69.7110001581	0.108066141602
102.720251965	0.0751662637028
79.6597867281	0.0967421098059
68.6641804439	0.109471206219
79.7645057645	0.0984728138079
60.4188161465	0.122743041523
117.373653371	0.0642054568058
82.5444914282	0.0942764275316
133.58463295	0.0533830121485
142.151753908	0.0488292629108
103.699026409	0.0754259494093
110.409086657	0.069318755069
131.596072947	0.0552641450398
75.5439427378	0.103770567931
81.62473141	0.0949796947973
102.707958527	0.074921566362
101.687438817	0.0760721693778
141.796189109	0.0487590697396
73.5108959433	0.106051941548
107.654503161	0.0712183324915
117.573087221	0.0647768908527
75.0712209348	0.103852987864
99.3794127333	0.0787907648914
74.1296210843	0.103739347886
124.30740916	0.059381691956
76.0628704614	0.100841531327
129.582258375	0.0558892119721
76.0835251582	0.103304379321
102.270220715	0.0753289112784
116.765071747	0.0644484200596
68.3074899096	0.110045520696
50.5692593766	0.133958623375
122.631374139	0.0607654061714
101.784649241	0.0757452422796
96.1427623036	0.0825895447032
123.503858083	0.0597457128444
137.831295545	0.0510260548358
142.533501188	0.0486989091413
87.0404726063	0.0910838355998
74.3270007811	0.102770468786
135.626918588	0.0522719293888
131.424058585	0.0553085726253
150.040470025	0.0445494095191
65.9916754258	0.115349824996
76.3942484345	0.100396710913
62.6878271089	0.116809924201
150.392928877	0.0444029179522
112.100730281	0.0688070436623
116.765900117	0.0644783081144
78.2600175092	0.100247998241
74.5037759194	0.10254379256
90.8477336307	0.0860225429794
119.512000537	0.0634185174507
93.9746497961	0.0832716814418
79.6408266643	0.0991097791351
70.5111354735	0.109293691558
96.2298505277	0.0814916189548
80.3015432706	0.0980662199506
106.673961151	0.0718799998158
101.433116611	0.0762709662351
140.795963634	0.0496561254936
147.312507809	0.0459738236451
168.207220014	0.0364753165211
139.448888972	0.0506052634868
112.098016426	0.0676553101575
132.749552474	0.0543097505341
135.817927765	0.0521328052604
121.444443182	0.0611656405517
119.044890565	0.0628054275958
117.82904014	0.0636761412707
129.329974998	0.0561378631527
112.634992251	0.0676713079633
160.2709462	0.0398234999074
109.877171442	0.069879149792
138.803542759	0.0507244294328
145.703915087	0.0470410665677
124.526266971	0.0595585895044
172.571970282	0.0348277557698
151.192227136	0.0442307393833
163.282692546	0.0387361146918
150.322457691	0.0446433659009
142.03279897	0.0490625336305
148.623932953	0.0453930195124
133.188744042	0.054164805317
160.674127747	0.0397366052838
139.781637112	0.0502557937003
171.02905921	0.0354313698021
130.729610066	0.0556742799047
142.489171831	0.0487802390046
141.838134865	0.0492814816955
129.325070473	0.0565630537933
152.239886293	0.0438830078084
134.542570025	0.0533118473455
161.663339863	0.0394890165814
149.03719198	0.0452057470583
156.616907123	0.0416798594179
146.549665909	0.0464372195777
183.878367776	0.0307348535282
153.684464233	0.0429136099999
143.815218937	0.0481667343823
146.857550953	0.0463221420156
134.515775384	0.0534658201264
172.006815964	0.0350209920747
150.44563843	0.0447717601237
139.220163491	0.0505834772294
120.804962589	0.0626170818927
144.974039307	0.0474317992584
142.058240506	0.0492153115622
145.99952722	0.0469062384537
113.385360012	0.0680792205929
157.666698721	0.0411472216959
155.252741043	0.0424214785527
184.939125347	0.0303774521346
116.163845383	0.0659970352924
161.543241816	0.0393833722238
119.661663971	0.0634397805652
138.861729813	0.0507502037753
131.846454661	0.0552601529833
162.230836457	0.0391291498423
152.109771327	0.0439493377198
150.050679472	0.0447654406904
153.703916693	0.0431675350884
169.398452762	0.0360542217159
149.741506937	0.045146564565
184.94396312	0.0303659422966
123.78164976	0.0604653006859
185.720334973	0.0300917431806
133.033232882	0.0545308509805
166.223830966	0.0375138178977
129.426414165	0.0568168822584
155.894635487	0.0420389796109
98.1955386024	0.0808445527228
150.2888487	0.0446916039365
133.055103822	0.054503429511
176.82219139	0.033304571294
144.761707551	0.0477488512945
147.846876662	0.0459795542068
104.970574264	0.0749225994809
149.465568537	0.0450286541641
109.636583148	0.0710844102224
188.89183961	0.0290595874201
126.845727949	0.0584633977843
129.624066315	0.0565725565108
112.064818002	0.0690072639284
140.44108935	0.0498405406109
109.204552582	0.0712741580226
171.526704164	0.0353501144586
123.55342898	0.0607220446172
178.306375203	0.0327931170429
122.403677581	0.0615119345931
158.924026975	0.0407111202186
104.52192083	0.0752917738225
159.072949058	0.0405183515263
110.867350328	0.0700282415337
160.074021561	0.0400970344788
112.708474387	0.0685978772414
186.418194256	0.0299372146539
140.542334864	0.0501011502316
143.627200751	0.0483702960027
135.144152576	0.0532341552727
182.739868093	0.0311802954887
122.526923079	0.0614498983801
181.220155288	0.0317164331487
132.036480492	0.0551708677756
133.256585331	0.0543352596162
118.489294432	0.0642834058231
181.376004431	0.0316097446125
135.776213465	0.0528500502819
129.297603946	0.0568968341567
110.665378593	0.0702400453572
154.906805115	0.0424865146448
128.828747901	0.0571444775864
174.723966712	0.0341052281438
126.802186961	0.0584696939569
161.761309207	0.0393886015285
145.558720242	0.0473107412572
142.410859436	0.0489790479829
155.881803782	0.0421353094179
142.657040446	0.0489096749813
143.603061088	0.0483559675218
130.801645502	0.0559517141326
151.929670703	0.0440177475215
128.838689896	0.0571621878337
161.490676716	0.0395592435297
133.481503381	0.0541629823034
175.134656539	0.0339499041225
134.950341736	0.0533370242011
156.010838765	0.042060388734
139.187092386	0.0508352384375
143.575419753	0.0483624327856
119.6991268	0.0633282819857
142.72930694	0.0487960355657
150.237700685	0.044912747908
124.233323738	0.0601683152439
169.36391273	0.036208586434
130.380858077	0.0561205531945
153.137225148	0.0433644618945
145.790909933	0.0471737513365
145.683735268	0.047265910649
142.569970855	0.0489032232022
158.838042171	0.0407492147585
156.746015092	0.0417111343841
166.044601618	0.0375837094245
142.440164004	0.0490418386229
138.814678854	0.0510533292068
131.185932854	0.0556623246144
179.687814177	0.0322225734319
129.050707606	0.0570160222049
153.477330164	0.0430683491688
135.392136074	0.0531032193744
181.921839106	0.0314411660406
141.679227037	0.0494621765144
175.630118113	0.0336256049459
129.046511081	0.0570253610703
180.166926528	0.0320175854631
139.653769456	0.0505694526937
149.599530331	0.0451802051328
134.775789838	0.0534636109948
148.397788755	0.0458496891559
110.187953786	0.0705016797398
167.410229737	0.0370058721935
131.400461673	0.0555134927434
181.108375402	0.0317294720849
133.202905351	0.0544356175362
142.889599316	0.0485137994065
128.883258121	0.0571479233363
159.663825044	0.040356929133
123.461213234	0.0607375546325
152.884626802	0.0433488369157
126.690051861	0.0586100284712
159.401452318	0.0402551866285
116.557113261	0.0657256183102
176.047441923	0.0335051083497
126.2157338	0.0589283479663
161.37654762	0.0395280386678
124.058141601	0.0603867195225
153.85559794	0.0429129417161
133.924218907	0.053983395645
147.994907681	0.0460637395935
126.46589218	0.0587101243295
181.956147911	0.0313689204877
133.256257437	0.0543935867168
180.451462736	0.031932991728
114.864526649	0.0669926945008
154.019703107	0.0427790230482
150.330329149	0.0448645569874
170.765194264	0.0356227477158
118.084749697	0.0645679374641
155.249924361	0.0421393058066
123.400185418	0.0608090562992
178.006165887	0.0327662576767
125.688902074	0.0592464517973
177.309451393	0.0330935002778
150.536863993	0.0447449634638
147.662909638	0.046020537761
139.06259193	0.0509622347025
176.791673184	0.0332095778843
138.325120851	0.0513860419665
175.741310376	0.0335661667713
139.713948476	0.0505723023663
163.560306049	0.0385273933585
121.62413267	0.0620082704141
157.98266922	0.0409102438692
146.841566913	0.0466325007292
159.86700953	0.0400963070961
138.367667889	0.0513513238782
168.675621812	0.0364677517045
153.906548128	0.0430618467045
173.591597132	0.0343860776432
131.74897762	0.055286906981
171.83484236	0.035081703072
131.760720605	0.0553306784034
159.972655179	0.0401813139991
173.422434512	0.0345997973296
149.77335856	0.0449751494804
117.817928219	0.0647384292381
152.839567996	0.0432941878756
143.145574989	0.0486072541033
149.981867548	0.0448937523987
132.828418918	0.054612210033
147.956889032	0.0458135089372
158.073362054	0.0411000669873
179.127970425	0.0324028299056
151.755280521	0.0441216424436
125.073364294	0.0588309041898
161.417917619	0.0394704047705
136.474822416	0.0520435642831
127.859697348	0.0568574376599
153.176643915	0.0433818634919
161.921947453	0.0393067197867
120.295186033	0.0617190694547
156.386883584	0.0419125340238
128.995633225	0.0564747380316
147.82673957	0.046072017558
171.13332242	0.0354985782188
140.053615874	0.0503287673022
127.791503817	0.0579008895807
124.306841581	0.0593100993055
122.862763232	0.0611601811051
183.658185294	0.0308321387278
150.359514756	0.0447198762516
144.806359937	0.0477583592602
173.516102573	0.0345625885033
178.418075713	0.0327203061624
149.378392206	0.0453041702464
165.522919342	0.0377444840956
176.842839203	0.0333033033288
175.678727481	0.0337571254578
171.094260964	0.0355259193041
159.618847002	0.0403851663706
183.929895907	0.0307600020174
145.402014031	0.0469932052945
168.901059426	0.0363981755199
144.647697036	0.0477797039433
157.705261243	0.0412367579352
150.290233086	0.0447668596395
147.539717172	0.0460793469764
137.809249488	0.0514115278427
132.344981833	0.0547206936141
177.99508829	0.0328914036851
144.950665691	0.0476050596995
149.176987562	0.04536072006
172.736720552	0.0347852422185
167.377345758	0.0369319214404
154.20735592	0.0426720253945
152.147351147	0.0437150881746
163.248736644	0.0386618701957
163.067305634	0.0387153990553
155.279734563	0.0422981626018
163.596350601	0.0384652946512
155.00672505	0.0424892493621
159.638717884	0.0401237827797
145.413795272	0.0470508946932
165.371956701	0.0377637338159
145.150308457	0.0475434675965
154.060807053	0.042721969131
165.740840744	0.0377204178526
157.434918949	0.0411615994805
143.024097011	0.0483265416157
147.507297487	0.046094846564
142.848857618	0.0483924876414
146.083316629	0.0466861696604
154.128996933	0.0426674523232
151.180420113	0.0440735117562
142.00537632	0.0488483859092
167.749920235	0.0368277062414
161.753416312	0.0392506490714
155.567026745	0.0421345454709
144.945694786	0.0472131497754
166.827621017	0.0371797785167
142.360305524	0.0486274722384
178.314929757	0.0327483311567
170.650066631	0.035625489367
152.257105411	0.0435773907449
137.769673571	0.0511161716456
159.983310627	0.0400996562286
148.248087231	0.0458970107776
136.738326024	0.0516312716951
152.09797339	0.043684042542
137.349019148	0.0512458052997
141.767455248	0.0489787231999
158.964330103	0.0406025534941
159.013686693	0.0405943557046
177.927318291	0.0329340577774
152.371269324	0.0438229607016
161.613024837	0.0394288779772
176.081714949	0.033562304586
170.236227985	0.0358677247275
157.52004291	0.0413666873416
154.12763433	0.0429616902238
168.750149364	0.0364706270414
162.065670621	0.0392625052884
154.927310202	0.0425703627644
162.347352906	0.0389553790471
148.392268365	0.0458236070243
170.98342983	0.0355682780462
150.656186612	0.0445136184238
178.63943849	0.0325909035918
151.958099771	0.0438217643672
137.969087356	0.0514317678172
176.732311337	0.0332756422959
163.748775813	0.0385448094621
177.673958247	0.0329036392047
154.511320765	0.042583235762
155.577857718	0.0422658068038
172.555646927	0.0348624914121
178.428840071	0.0326907479302
174.920556649	0.0339177652609
150.598449483	0.0443638646604
154.951965136	0.0422445476325
166.614955936	0.0371794391926
172.396666567	0.0350182800527
161.770213861	0.0392775753718
161.249606633	0.0396304724869
165.062231001	0.0378236828317
163.008880495	0.0388577984706
173.926266918	0.0343712761271
147.293987574	0.0459690907272
153.509554176	0.0432395429469
182.168047278	0.0313155188516
159.676099193	0.0403464794162
149.579967212	0.0451853655914
151.341250526	0.0440297802857
168.718260314	0.0364357129561
153.829238716	0.0427797267048
159.651031478	0.0402801765833
141.372709398	0.0491336110954
151.946446818	0.043709976309
132.413574043	0.0541918612322
159.91735658	0.0401989627517
169.33588348	0.0361815163591
155.623134338	0.0422749003482
151.240419851	0.0441271343993
165.415972254	0.0378383700328
164.113849471	0.0384012772443
153.00936575	0.0432564740414
160.840699715	0.0398349132466
155.377417571	0.0423150485159
149.638198513	0.044805942546
168.8296497	0.0362980823046
151.996234342	0.0439857046302
171.876002895	0.034999987141
171.371757514	0.0354221516174
167.668561905	0.0367636447896
157.033055612	0.0415623539451
181.482173464	0.0315296471011
170.434113021	0.0357536893803
168.875352618	0.0363974939465
171.766317884	0.0352113605847
175.348377266	0.0338511646961
171.929845738	0.0351484642497
172.501516602	0.0349268972635
177.506879204	0.0329990130648
177.293306584	0.033113853931
161.791202506	0.0393967874851
147.578920765	0.0462281280752
170.646357438	0.0356661871281
159.977139594	0.0401617236565
152.131339199	0.0439517959114
161.267441628	0.0396532119284
157.847904805	0.0409227132676
170.06421333	0.0358543276184
175.205194721	0.0338455889439
159.264694218	0.040499937794
176.047224454	0.0336031819953
162.107646334	0.0391781671619
149.915894845	0.0450665763238
178.907653565	0.0325331858687
182.502771285	0.0312056844257
166.269133237	0.0374830273904
149.417376414	0.0453135179145
166.646181593	0.0372222861539
176.045559431	0.0335984734892
162.872142801	0.0389061232117
172.88080396	0.0347971735617
172.346459035	0.0349951239497
168.549485277	0.0365369125684
175.719435097	0.0337151832672
173.445336274	0.0346189351592
164.353628104	0.0382812348489
164.34164984	0.038307659116
160.720125816	0.0398763709006
156.862587296	0.0416462350765
169.864304847	0.0360155967905
159.404586018	0.0405091371984
157.198240954	0.0414599950295
157.671647393	0.0412898039085
178.725708496	0.0325394496812
158.663257212	0.040613596919
173.893312593	0.0344236956368
173.90862537	0.0343743562054
178.010503368	0.0328315918602
164.256884936	0.0382443571268
171.762163387	0.0352408063645
159.242750817	0.0404824115843
174.894401766	0.0340513049944
166.890168018	0.0371075141023
171.149837275	0.0354813607436
166.238975483	0.037369144401
156.546245583	0.0418016896884
179.28951954	0.0323701400187
162.857741632	0.0388374783849
169.455686969	0.0360929417176
172.025239953	0.0350382058195
167.266512627	0.0369392162524
168.199710851	0.0365697809909
178.435816834	0.0326547526094
167.718632849	0.0367917514941
181.235775233	0.0317161114903
171.425611554	0.0353243562658
160.542279848	0.039882333866
175.779154827	0.0336485146271
173.733601677	0.0344897065348
179.314979283	0.0323455451948
168.642513733	0.0364614384216
172.854441407	0.0348315513068
170.133933871	0.0359116605625
167.765350207	0.0366966820964
173.6782203	0.0344671967551
176.787835038	0.0333145898487
174.327936182	0.034153208222
180.667302655	0.0318921416648
162.807482658	0.0387837035571
160.174977659	0.0399113776397
166.438466298	0.0372301486316
161.932349848	0.0390376709294
163.173235924	0.0386649990275
171.091235325	0.035284023744
169.152935958	0.0362566228248
165.597895989	0.0375640166676
171.417910475	0.0352080790207
170.621060081	0.0355220440098
177.74547657	0.0328616099918
174.798649147	0.0339452542707
164.629252413	0.0380637351255
165.472010461	0.0376159468938
177.437713331	0.0330667297115
161.329322779	0.0393299298142
176.031633466	0.0335962910288
177.130990849	0.0331053724694
175.859027535	0.0335508434012
170.785590684	0.0355221348674
170.729865779	0.0355523175732
175.577368956	0.0336768144041
178.756272206	0.0325647232002
179.98999123	0.0320720615412
170.226294807	0.035833097707
167.964871304	0.0367001135021
175.112193705	0.0339292035148
176.143001765	0.0334944625055
178.814338349	0.032566966257
180.410166339	0.0319644618786
175.776998382	0.0336567793027
180.166541332	0.0320784750004
171.211935469	0.0353948499974
178.960205585	0.0325189852564
181.685175001	0.031522185256
179.387267492	0.0323456359213
172.483544968	0.0349486690869
170.916110245	0.0355756651633
170.428002434	0.0357681727631
178.593033118	0.0326377512008
180.735519136	0.0318726944629
172.287038357	0.0350376390962
172.154023039	0.0351148663294
180.942444575	0.0317565341288
173.322023844	0.0346403337333
168.724417556	0.0364801148248
175.672219156	0.0337371675221
169.519998341	0.0361470587924
167.475274392	0.0369809591042
170.934571468	0.0355893945891
171.752934478	0.0352579153781
166.667253732	0.037293229992
169.233072494	0.0362546243144
174.124390026	0.0343264752563
174.390755928	0.0341878361779
176.320374813	0.0334581130712
172.15702337	0.0350417634499
169.044387002	0.0362978177975
167.73301726	0.036809019911
176.942726811	0.0332717605196
175.045487666	0.0339130186878
177.736931366	0.0329364293215
172.022685401	0.0350506705327
182.331382279	0.0312731432113
180.481496525	0.0319022202797
182.694016653	0.0311479625005
174.66439716	0.034062286281
174.525109002	0.0340822213702
170.251992117	0.0357666730862
163.357185821	0.0387026645726
168.762518669	0.0363097840758
173.996944888	0.0342602081839
175.886629705	0.033534777722
174.549323139	0.034005747592
166.598658403	0.0372012806503
175.399732848	0.0337870209967
174.557752286	0.0341092610362
178.569306517	0.0326355782738
173.762870016	0.034406224754
178.398559555	0.0327141240754
180.179193257	0.031977170227
173.847135716	0.0344342194509
173.093146761	0.034720053588
168.337348942	0.0366391910012
166.902012584	0.0371892695615
172.334509768	0.0350272974446
179.799876009	0.0321615325852
171.587751305	0.0353071149566
174.015165967	0.0343713682471
172.912451879	0.034791374279
173.810373874	0.0344521342303
174.132874913	0.0343301900835
169.085688996	0.0362982269135
168.347107364	0.0366126324155
170.999975904	0.0355363901086
174.865199103	0.0340315818909
172.63693536	0.0348828372696
181.702404054	0.031507475637
181.878277951	0.0314416778105
179.610963032	0.0322444065415
178.809221441	0.0325124456872
179.083942281	0.0324180618287
180.978887674	0.0317057406827
180.545298781	0.031872931413
175.057921342	0.0338328434965
177.577953386	0.0329252409909
176.496235583	0.0332994177159
173.376969029	0.0345135620253
174.211868563	0.0341719076054
179.854274622	0.0320800038166
177.322653134	0.0329778800189
173.812184793	0.034327563418
175.175797409	0.0337793335871
176.054621464	0.0334879258998
174.204075553	0.0341412477535
171.597357474	0.0352077591401
173.654009313	0.034376696282
172.556848263	0.0347999828683
175.1877588	0.0337665273899
176.738836641	0.0332479192527
180.802053466	0.0317356837308
175.022560463	0.0339098693169
179.220740471	0.0323701537443
171.834439573	0.0351644851291
169.239571358	0.0360472325763
181.176072689	0.0316387696312
173.780218901	0.0344125270766
175.354477067	0.0338241812643
179.811645692	0.0321685923892
177.540425616	0.0330258594683
182.266582143	0.0312901774487
173.695083187	0.0344573895791
182.395137358	0.0312383610398
174.71664833	0.0340398568312
178.002602353	0.0328299521857
179.825668807	0.0321354204841
179.112650117	0.0324422862419
177.594837655	0.0329663127756
177.433911341	0.0330679032059
181.451263435	0.0315805744075
176.166360606	0.0335504091388
182.170695403	0.0312920514217
178.392491176	0.0327161319044
180.012438379	0.032098840745
175.843365809	0.0336781747679
171.35086875	0.035398371924
176.751441156	0.0333361650454
176.176181948	0.0335443855538
173.495921194	0.0345728864584
173.383977776	0.0345671391102
178.490269309	0.0326790339391
178.125267791	0.0328104533802
174.920324736	0.0340167756701
179.533874612	0.0322835273188
176.416367803	0.0334543368072
172.20473362	0.0350580560098
178.160273367	0.0328066500109
175.272547336	0.0338931717454
176.505735227	0.0334309794861
178.390863509	0.032714507074
178.058851006	0.0328534968525
178.220215243	0.0327762912295
177.861876921	0.032908092488
176.818788359	0.0332822579145
177.845930595	0.032902904827
182.051633704	0.0313739144866
179.422341388	0.0323043215292
182.554220305	0.0311932661417
182.878278068	0.0310537335233
181.802672648	0.0314306464679
180.912150693	0.031735915826
176.937798565	0.0331483996116
180.741469604	0.0317850417686
181.517299933	0.0314919251774
176.426170281	0.0333520502744
179.956660535	0.0320589511232
180.798450865	0.0317687393049
180.342477715	0.0319559780155
178.509274056	0.0326126544838
177.747776525	0.0328915000749
178.551253493	0.0325880494201
176.728911736	0.033290173553
178.864787907	0.0324958556811
180.080639781	0.0320508013327
181.780689721	0.031461044504
182.434231343	0.0312298065259
179.419602078	0.0323065718081
182.081572108	0.0313547469521
180.467973851	0.0319358691842
182.201157194	0.0313285271502
183.527225674	0.0308618772233
180.845385696	0.031785093663
183.493019067	0.0308787369485
181.60541518	0.0315056288553
179.14699937	0.032435212994
180.553211894	0.031912752894
179.352322383	0.0323486600401
178.511234505	0.0326410326786
179.845731739	0.0321754697765
178.569877701	0.0326322733821
180.564343899	0.0319349755024
180.759413929	0.0318320337347
182.125343451	0.0313629875145
183.031220396	0.0310363685572
181.526539368	0.0315695298093
180.896151505	0.0317924877188
180.765128311	0.0318244539635
182.020457715	0.0313843202564
184.407488902	0.0305573939489
181.3319461	0.0316345928197
184.718641632	0.0304609596515
183.3492232	0.03092360476
186.148581748	0.0299605971031
188.089958864	0.0293073722764
187.660029119	0.0294381673726
184.536893111	0.030461599319
184.373214856	0.0305139556456
186.025968792	0.0299499424845
184.109695833	0.0306072674373
187.024540134	0.0296196856859
186.554442039	0.0297751155444
187.162669614	0.0295570445064
185.606562513	0.0300845471413
183.663952726	0.0307545226976
185.530530076	0.0301207441525
186.811099305	0.029697376841
183.99384108	0.030644232394
184.558392315	0.0304684252918
186.273239118	0.0298903281785
183.627756744	0.0308000687228
185.13325966	0.0302851128135
187.025060277	0.0296662782251
186.490088447	0.029833048786
184.939491764	0.030374199326
187.601497224	0.0294699048752
187.318561192	0.0295817457187
187.427410569	0.0295463901596
184.143507026	0.0306504143461
184.36687441	0.0305600764952
182.390182934	0.0312586613309
188.432846609	0.0292088382858
184.681810804	0.0304635587126
188.808349724	0.0290839490437
188.102294749	0.0293326128251
190.605817917	0.0285176182372
189.818303506	0.0287634455252
193.354705566	0.0276530966853
190.801427803	0.0284367489086
192.177320717	0.0280227502126
192.147104698	0.0280435289519
192.879336331	0.0278005438042
191.523099887	0.0282446224884
193.393429654	0.0276537925804
191.435999522	0.0282717258648
189.594554319	0.0288724628017
193.223424753	0.0277152247029
193.896539434	0.0275196618502
193.607033836	0.0275788600536
191.826649492	0.0281654227266
193.593915098	0.0275962287937
192.805957046	0.0278540540552
191.925464473	0.0281255301555
191.502161875	0.028252119555
192.985009293	0.0277910732855
191.189854289	0.0283639810824
191.285232957	0.028337086066
194.005905121	0.0274768552132
195.703258947	0.0269526770945
195.821819127	0.0269221662581
193.559324339	0.0275971526401
192.409871398	0.0279681715808
193.078374092	0.0277507590766
195.14502258	0.0271218498372
193.901631655	0.0274960929629
193.914536035	0.0275059721753
194.376585534	0.0273478762591
194.803285435	0.0272261541142
194.977106462	0.0271664913577
193.073937013	0.0277357747318
193.984026761	0.0274570106805
196.589826572	0.0266720534685
195.6630145	0.0269387882481
195.570262322	0.0269824109675
196.402272405	0.0267145916833
195.892029021	0.026872392411
195.839421604	0.0268850227361
194.062993347	0.0274114585212
193.37200665	0.0276233604485
196.937878842	0.026545109324
195.207571001	0.0270620395741
195.950459768	0.0268294198284
196.595385246	0.0266515363989
196.123071814	0.0267948894357
194.694653198	0.0272259123665
196.417850991	0.0267020715024
194.705444329	0.027224040203
194.568531156	0.027271603196
197.07322071	0.0265141781808
197.297097597	0.0264608148371
197.164166183	0.0265007055582
194.864001813	0.0271783830483
194.807091602	0.0272015446592
197.601729285	0.0263649558066
196.478877892	0.0266993110108
197.837739271	0.0263052068797
198.227395825	0.0261778032782
196.709042972	0.0266337844717
198.254046201	0.0261740499533
198.364299643	0.0261442318714
197.527056629	0.0263994951282
197.797108352	0.026305888055
198.018012703	0.0262571068755
198.145386131	0.0262205992634
196.751295502	0.0266301665849
198.184819509	0.0262155542672
197.304906577	0.0264719063089
196.781558143	0.0266431095405
196.333979558	0.0267788508333
190.459859029	0.0285990639829
191.190371922	0.0283913778854
189.638132967	0.0288793854678
188.552038215	0.0292225225775
197.753009259	0.0263774108766
189.050413761	0.0290633205236
190.06083435	0.0287561968694
189.979751321	0.0287816022429
192.809867791	0.0278567763268
188.989348924	0.0290766534497
194.037335231	0.0275112570643
192.322939115	0.0280219952383
196.684320461	0.0266935733581
191.481622861	0.0283078348185
190.136225346	0.0286875273285
191.171342525	0.0283949624239
198.611639268	0.0261241179705
196.794530261	0.026634569802
196.043655429	0.0268328830916
193.463318954	0.0276567502165
195.476757655	0.0270084563368
195.994948087	0.0269067320899
195.629023719	0.0270002251715
197.215027709	0.0265048284544
195.154517454	0.0271586224287
195.128762742	0.0271808426994
198.662755699	0.0260932044809
198.104080891	0.0262727443385
196.426929825	0.0267885673836
197.145197564	0.0265760816492
195.812164738	0.0269782201977
197.99270687	0.0263210615678
196.895743028	0.0266377253914
198.714318623	0.026111982637
195.534741401	0.0270435783207
197.633952004	0.0263989673219
195.855453926	0.0269741156803
196.548593156	0.0267225924507
196.058451555	0.0268824133473
197.099987536	0.0265612583479
197.159008754	0.026537620293
196.532950851	0.0267422750212
196.508837351	0.0267322551962
196.433558617	0.0267483881314
194.980429054	0.0271788371313
196.219413602	0.0268203118736
195.339801275	0.0270662030732
197.85086276	0.026344868464
198.999231083	0.0260334982372
198.345239294	0.0262124790432
198.18698814	0.0262551758208
198.185602123	0.0262749883183
198.938168068	0.0260477225349
197.898864135	0.026329046022
198.486186932	0.0261714635275
197.646183773	0.0264102950797
198.696520444	0.0261220017992
198.212316609	0.0262745545478
197.723068205	0.0264054462698
197.288157994	0.0265257124839
197.899072734	0.0263672091596
197.805489097	0.0263957885226
196.612306769	0.0267397910698
197.132372583	0.0265842827443
198.30319743	0.0262357330393
197.49424742	0.0264878077855
197.713518851	0.0264054686322
198.764352968	0.026112744819
197.759148399	0.026391624662
198.420422845	0.0261984336826
197.261945301	0.0265355453837
198.218556314	0.0262749583798
196.909599786	0.0266511139905
198.68719118	0.0261288427031
197.989579144	0.0263403320254
197.207493217	0.0265705815139
197.998987634	0.0263270017864
198.778444799	0.0261130589513
197.362582214	0.0265190507276
198.266102105	0.0262482211908
197.395845308	0.0264995003688
198.959611661	0.026056058613
198.206061635	0.0262738366732
198.149554774	0.0262844295188
197.205918361	0.0265639171512
198.818453225	0.0260951614812
198.52293925	0.0261811197767
199.104466075	0.0260114789454
198.028306268	0.0263260685641
197.909345263	0.0263567472293
198.616408008	0.0261580637371
198.438035815	0.0261985047134
198.560904784	0.0261706388446
199.289008816	0.0259611787141
198.884236467	0.0260823821748
199.768807628	0.0258236959017
198.32967263	0.0262339869936
198.851946407	0.0260736463392
198.090968527	0.0262970656258
198.343310187	0.0262191288944
199.002013644	0.0260449464516
199.397284719	0.0259373589222
197.991935988	0.0263430812462
198.908456169	0.0260807172199
197.752062044	0.0264202741372
198.678646458	0.0261438258258
198.881505696	0.0260889714928
199.908660121	0.0257896324713
198.695717232	0.0261452060475
199.976750485	0.0257685621551
198.983425893	0.0260601579572
199.324439635	0.0259566096765
198.720474543	0.0261307570966
199.674087066	0.0258412625125
198.485463589	0.0261893049168
199.967674114	0.0257561299552
200.12059413	0.0257283886431
200.468928698	0.0256209051417
200.697149201	0.0255641854379
201.277199884	0.0253955906509
200.413589735	0.0256357624544
201.926184425	0.025213301641
200.992069899	0.0254798451773
201.893198412	0.0252201527528
201.320135477	0.0253833839266
202.647117604	0.0250057644222
201.191732181	0.0254190474801
202.451708188	0.0250515168531
201.327999078	0.0253704514204
202.542123552	0.0250201383008
202.643891243	0.0250099152123
203.239162464	0.0248349513518
203.21922956	0.0248455141918
203.85053832	0.0246691628125
203.602013528	0.0247402657729
203.726056972	0.024705328356
203.410813205	0.0247824684236
204.392136865	0.0245222333989
204.271786472	0.0245530896214
204.508332944	0.0244803286441
204.796576054	0.0244061571246
204.910047467	0.0243778021224
204.829089227	0.0243905979504
204.622562436	0.024455378542
205.138687528	0.0243122501096
204.577727314	0.0244658990844
205.148488031	0.0243087847134
204.656231555	0.024431466564
204.780609782	0.0243929256294
204.729033407	0.0244021914053
206.006502077	0.0240728852421
205.339543348	0.0242487108078
205.381140643	0.0242317021195
206.352253484	0.0239794246284
205.386005007	0.0242313921008
206.537618793	0.0239117696905
206.499356979	0.0239344970028
206.269571394	0.023996430082
206.519082562	0.0239279456468
207.254523851	0.0237208111005
207.174365162	0.0237497060427
207.424153234	0.0236851530012
207.458830726	0.0236697831015
207.977336259	0.0235387629033
207.127018761	0.0237617730322
208.501577938	0.0233989981151
207.676659384	0.0236001266095
208.617834304	0.023358291902
208.27364015	0.0234571170761
208.766821188	0.0233255759885
209.036213781	0.0232524829089
209.200655026	0.0232107480825
209.331939468	0.0231606183169
210.055285881	0.0229875285849
210.080772133	0.022975128203
210.1837111	0.0229495814313
209.813478593	0.0230437307919
211.234946454	0.022671514304
210.605772437	0.022836864758
212.025763586	0.0224604042362
211.275312151	0.0226652256928
212.088159519	0.0224553587579
211.635881799	0.0225718647345
212.265347938	0.022408763416
212.434547985	0.02235437195
213.174972058	0.0221783011086
213.871688297	0.0220086670389
214.131046273	0.0219151967377
214.587425069	0.0218315258135
214.910561528	0.0217402408699
215.556430496	0.0215906235165
215.825544699	0.0215123108163
216.109865176	0.0214415193471
216.480814051	0.0213528539911
216.695826455	0.0212951222076
217.236309921	0.0211304287559
217.991299882	0.0209954892833
218.307496505	0.0208883642131
217.923531066	0.020975475085
218.792386623	0.0207765878075
218.759016925	0.0207861579462
219.193629591	0.0206921256721
219.420600313	0.0206499667903
219.790389337	0.0205554253771
219.93189493	0.0205290174401
220.00534243	0.0205063428558
220.493809633	0.0203976820052
221.505824479	0.0201471216746
220.801199389	0.0203052440221
222.053470957	0.0200248362303
221.488513667	0.0201659728003
222.377965579	0.0199606441604
222.233278525	0.0199997590636
223.633429805	0.0196685406003
222.763997392	0.019878299773
223.973127527	0.0196075173544
222.890818994	0.0198395170393
224.326574566	0.0195227960171
223.419474226	0.0197316383926
224.73299009	0.0194260341604
223.773158081	0.0196502922594
225.061473671	0.0193467567658
223.320001202	0.0197201269432
224.903670411	0.0193689261399
224.32309044	0.0195298963658
225.535927001	0.0192698552326
224.156725883	0.0195671507995
225.531815103	0.0192726589342
224.095538309	0.0195841929026
225.545127186	0.0192671623521
224.368024007	0.019532566218
225.386779437	0.0193051485237
224.088256767	0.0195896192319
225.861251644	0.0191983468601
224.383586816	0.0195276569296
225.585114909	0.0192642724456
224.411889315	0.0195234585105
225.828823049	0.0192001356901
224.446657353	0.0195124268651
225.85857616	0.0191961708316
224.779309958	0.0194504670495
225.976703666	0.0191544369247
224.805611826	0.0194397355263
225.989528769	0.0191807227958
224.789910519	0.0194426577525
225.778898497	0.0192262445443
224.763077687	0.0194466631933
225.839598193	0.0192150715705
224.774372176	0.0194484610826
225.91604894	0.0191991259307
224.635450961	0.0194783741932
225.974539079	0.019187937438
224.913700788	0.019411720187
226.065985124	0.0191372748157
224.642435455	0.0194450907805
226.111512003	0.0191435017417
225.030386583	0.019365833385
225.872786056	0.0191803624282
225.426051101	0.019274259079
225.840267555	0.0191827777808
225.52645417	0.0192534734865
226.144711187	0.0191559120303
225.783702644	0.0192264980609
225.947190055	0.0191923269816
225.809184005	0.0192157951884
225.571302372	0.0192606413306
225.829748981	0.0192099147702
226.038689965	0.0191893887718
225.917464754	0.019206064096
226.038656986	0.0191805545994
225.963906706	0.0191892933466
225.947387509	0.0192062672227
225.95385704	0.0191984998005
226.142035836	0.01916492415
225.877991527	0.0192196057658
226.00293336	0.0191945693202
225.968483905	0.019199613232
226.031291487	0.0191837508528
226.190938844	0.0191331823887
226.039815102	0.019165806995
226.371677259	0.0190912406868
226.135674661	0.0191508387442
226.663422932	0.0190493426109
226.27336781	0.0191160333198
226.613071829	0.019052528164
226.541014364	0.0190667746144
226.504295077	0.0190547795212
226.466093708	0.0190725793096
226.784190419	0.0190152016877
226.60532704	0.0190504166192
226.656064436	0.0190438902549
226.711155198	0.0190277291799
226.663079254	0.0190377305523
227.654495542	0.018829844588
232.85797062	0.0177690321499
237.716159185	0.0168308514495
242.489712342	0.0159604411768
246.49309333	0.0152538979296
249.367019363	0.014761560507
251.492352152	0.0144228962822
253.49413032	0.014083223921
255.470332468	0.0137890974018
257.399743152	0.0134862540135
259.177965675	0.013228883421
259.649195541	0.0131514932821
260.74596743	0.0129928819154
261.589015068	0.0128780719331
262.487590719	0.0127475926504
262.95506107	0.0126772836889
263.799428966	0.0125655660699
264.140848113	0.0125143344653
264.835848656	0.0124189200767
264.891849428	0.012407598036
265.227523624	0.0123597515694
265.454888223	0.0123296673925
265.552124872	0.0123154809187
265.809367322	0.0122836414566
265.773858448	0.0122930291544
265.668222078	0.0123068409822
265.448947477	0.0123378338761
265.420538946	0.0123401776265
265.508204358	0.012320061709
265.293097728	0.0123481489643
265.138125609	0.0123391094953
265.283702109	0.0123055759605
265.52063655	0.0122728230445
265.687368979	0.0122568170228
265.728488942	0.0122461088974
266.039378177	0.0122125470391
266.147369228	0.0121975915011
266.197598485	0.0121958736472
266.324784605	0.0121782687872
266.134052706	0.0122037516367
266.217400161	0.0121994992089
266.10635239	0.0122161399305
266.082854314	0.0122259486748
266.186742317	0.0122176760791
265.991483081	0.0122451706721
265.886776052	0.0122605905522
265.384440465	0.0123264720118
265.093642438	0.012368450605
264.100754986	0.0125018664222
263.454209167	0.0125915322193
262.823119234	0.0126801888967
262.698997746	0.012695226108
262.706804721	0.0126939558452
265.440472516	0.0123173235797