100	-0.04409	0.0	0.99102198122	0.00897801877986	0.0
104	-0.03345	2.07657843774e-16	0.69362367636	0.299059230249	0.00731709339096
105	-0.03744	0.0	0.0	1.0	0.0
107	-0.03866	0.0	0.0	1.0	0.0
11	-0.09504	1.0	0.0	0.0	0.0
113	-0.04466	1.0	0.0	0.0	0.0
114	-0.006569	0.0	0.0	1.0	0.0
115	0.00169	1.0	0.0	0.0	0.0
116	0.04258	0.00214745241974	0.967020365168	0.0308321824126	0.0
117	0.02185	0.0	1.0	0.0	0.0
118	0.05233	0.0	1.0	0.0	0.0
119	0.07965	0.0	0.822087047342	0.0	0.177912952658
121	0.08634	0.0	0.0	0.0	1.0
125	0.1713	0.0	0.0	0.0	1.0
126	0.4877	0.0	1.0	0.0	0.0
127	0.6295	0.0	0.0	0.0	1.0
128	2.292	0.0	0.0166091185137	0.0	0.983390881486
165	-0.09382	0.0	1.0	0.0	0.0
166	-0.08774	0.0	0.552648355738	0.0	0.447351644262
167	-0.1132	0.0	0.0	0.0	1.0
168	-0.1088	0.0	0.0	0.0	1.0
17	-0.1308	1.0	0.0	0.0	0.0
170	-0.08191	0.0	0.0	1.0	0.0
172	-0.0744	0.0	1.0	0.0	0.0
175	-0.08212	0.0	1.0	0.0	0.0
176	-0.05868	0.0	0.0	1.0	0.0
178	-0.05948	0.0	0.0	1.0	0.0
189	-0.02464	0.0	0.0	1.0	0.0
190	-0.02244	0.365720829833	0.0	0.634279170167	0.0
191	-0.02449	0.0	0.0	1.0	0.0
192	-0.02127	0.0	0.0	1.0	0.0
193	-0.02596	0.999998386774	0.0	1.61322553893e-06	0.0
194	-0.009502	0.988317567008	0.0	0.011682432992	0.0
195	-0.008518	1.0	0.0	0.0	0.0
196	0.01532	1.0	0.0	0.0	0.0
197	0.01875	0.137463368365	0.0	0.862536631635	0.0
198	0.05113	0.999998419397	0.0	1.58060291526e-06	0.0
199	0.06831	1.0	0.0	0.0	0.0
200	0.1013	9.91854355967e-38	0.0	1.0	0.0
201	0.06931	1.0	0.0	3.08877036369e-35	0.0
202	0.02433	0.434053867728	0.0	0.565946132272	0.0
206	-0.006447	0.799024384586	0.0	0.200975615414	0.0
207	0.0005324	1.0	0.0	0.0	0.0
208	-0.01724	0.0330451464596	0.0	0.96695485354	0.0
211	-0.01821	6.2505679071e-24	0.0	1.0	0.0
23	-0.0926	0.461128371301	0.0	0.538871628699	0.0
24	-0.08106	0.0	0.0	1.0	0.0
25	-0.08808	1.0	0.0	0.0	0.0
26	-0.09032	0.0	0.0	1.0	0.0
39	-0.08149	0.0	1.0	0.0	0.0
40	-0.06448	0.0	0.191167931362	0.0	0.808832068638
41	-0.03665	0.0	1.0	0.0	0.0
42	-0.01604	0.0	0.97065522579	0.0	0.0293447742097
43	-0.02412	0.0	1.0	0.0	0.0
45	-0.03266	0.0	0.457643258915	0.0	0.542356741085
46	-0.0384	0.0	0.993736690704	0.0	0.00626330929642
47	-0.0222	0.0	0.0	0.0	1.0
48	-0.02735	0.0	0.558678741527	0.0	0.441321258473
49	-0.04409	0.0	1.0	0.0	0.0
53	-0.06946	0.0	0.0	0.0	1.0
54	-0.06029	0.0	0.465545973871	0.0	0.534454026129
6	-0.06543	0.0	0.0	1.0	0.0
61	-0.06395	0.0	1.0	0.0	0.0
62	-0.0572	0.0	0.0207877144895	0.0	0.979212285511
63	-0.05757	0.0	0.0	0.0	1.0
64	-0.07007	0.0	0.0	0.0	1.0
65	-0.0644	0.0	1.0	0.0	0.0
66	-0.06037	0.0	0.999982319591	0.0	1.76804092086e-05
67	-0.06441	0.0	0.0	0.0	1.0
68	-0.0693	0.0	1.0	0.0	0.0
69	-0.05907	0.0	1.0	0.0	1.98863931407e-54
7	-0.08238	0.0	1.0	0.0	0.0
70	-0.05628	0.0	8.76498510609e-67	0.0	1.0
72	-0.06007	0.0	0.0	0.0	1.0
73	-0.05311	0.0	0.0	0.0	1.0
74	-0.05352	0.0	0.779425613811	0.0	0.220574386189
76	-0.05602	0.0	0.461777841795	0.0	0.538222158205
79	-0.05186	0.0	0.0	1.0	0.0
80	-0.05255	0.68896876629	0.0	0.31103123371	0.0
84	-0.1184	0.0	0.0	1.0	0.0
86	-0.09792	0.0	1.0	1.41751831714e-14	0.0
90	-0.05596	0.0	1.0	0.0	0.0
91	-0.05459	0.0	0.0	0.260305598803	0.739694401197
92	-0.06197	0.0	0.0167029387171	0.0	0.983297061283
94	-0.04753	0.0	0.988715707134	0.0112842928656	0.0
95	-0.04859	0.0	0.978875938522	0.0	0.0211240614776
97	-0.04446	0.0	0.326268257383	0.673731742617	0.0
98	-0.04038	0.0	0.948991629309	0.0180826017211	0.0329257689695
99	-0.043	0.0	0.043639713185	0.956360286815	0.0