-79.7867211065	0.59332644549
-16.6105822863	0.288918001435
-54.6231411388	0.44260802168
-22.3357281171	0.302747404415
-5.96394631462	0.259487785291
-4.96965397236	0.25652862726
-33.5782904638	0.354806522762
-8.18251111133	0.265855714337
-70.8634969922	0.538796626706
-59.8897636111	0.47284375335
-56.8385905782	0.457180157804
-18.9766398093	0.288976950166
-58.9232891089	0.471394578753
-6.51820017981	0.261264453019
-29.2849886738	0.330719357934
-22.4528012862	0.303166477327
-4.68481248151	0.253206393693
-30.2183564497	0.33891687526
-24.2488825284	0.308552895126
-75.3175432444	0.567196620364
-55.6838624406	0.450913190247
-0.562494713934	0.243543617065
0.0757864878999	0.242826638303
-13.3851707018	0.280971548756
-8.81920470297	0.267753803203
11.8663108219	0.212908124356
-42.9743281056	0.394258799015
10.4650331991	0.215804317022
-59.3207403589	0.473851657969
-8.52695079211	0.26699730102
-16.9294049532	0.292487729357
-6.37414643636	0.260759723883
-32.62903842	0.350199234012
-31.9903543698	0.34769930017
6.45492408975	0.225169946215
-7.21715498569	0.261897991093
-22.7185412772	0.305680032221
-16.1770423567	0.29002233901
-24.4680204587	0.311670139536
-21.2472152896	0.308953907004
41.7481109745	0.151223163618
-21.0424861163	0.308218309707
-63.6706142408	0.496210159716
-9.99332884912	0.271386485849
-12.1141203905	0.276088646226
-26.4427922338	0.316713481764
5.58517106259	0.228748746129
-12.8542581391	0.281081001234
-57.0054839176	0.459484537401
11.0680238819	0.21416352118
-16.4469411843	0.290250892451
8.71464067751	0.219941258892
-24.373459984	0.318764433441
33.4475904947	0.16571863425
-55.4604077661	0.453121437277
-2.88797554552	0.251422385213
-8.37280732818	0.264217759311
14.8259047976	0.205791796501
-20.3835469938	0.301625682957
-34.1784702798	0.356947862705
-18.2061410052	0.290238750008
-34.4830513775	0.354592501414
-14.6568761201	0.278355431052
-35.4243579274	0.353742620859
-49.7689970873	0.419105450311
-11.8602257318	0.2690628358
60.9033073022	0.121633939593
-25.7215391057	0.322743120072
-9.91368761194	0.260149575634
-2.58547975095	0.246755869349
-11.4015657303	0.26565026383
3.35286408994	0.234334282082
-14.3144791929	0.274532464586
9.47636600996	0.218026756489
58.7237751181	0.124593105409
-62.5362401526	0.49051845952
27.5195677493	0.178403913612
-32.7844158912	0.34217471797
-14.9365622551	0.275967677022
-10.2119981971	0.272891464786
-9.34286725402	0.260900657805
-18.6649329026	0.290903013138
-13.3824885793	0.270537465467
-7.94188186343	0.253535203777
-1.75159063083	0.246569945446
49.5361297747	0.138401381683
21.0610130869	0.19101106994
62.1075212023	0.1200253761
23.6014802999	0.185600695863
-14.7416155179	0.285557252199
9.73655440001	0.215134912131
22.6170503846	0.185771206723
-47.4334343444	0.413190337392
6.48351670937	0.221054586954
-4.67276567417	0.252926250359
-6.53978362162	0.252591999493
3.97636785615	0.228094848492
-0.182598092755	0.243159630718
-8.18062164342	0.260469127267
-30.3828103156	0.334691879763
-8.13086794195	0.262321634258
36.2457534485	0.161525707811
0.059994595799	0.235938731729
-43.6628648883	0.391302315858
34.9036155195	0.164089417751
-2.46336934698	0.250190155569
-61.9012358446	0.484903851632
-17.3095913992	0.284727937438
40.1477544708	0.153896392088
26.5847872881	0.179534550429
47.2409403883	0.142594147348
56.2902645093	0.128019498622
-8.923405728	0.268866461611
-1.62675281182	0.247866927511
14.789887357	0.205052612606
5.29746288717	0.228125129076
-18.7101256578	0.29875030504
-13.3230642633	0.271100857407
-1.37070271079	0.241932172882
7.48365519592	0.219294438948
-8.87540311894	0.262667590219
18.5275604561	0.194547618602
30.6921715902	0.171775858315
32.3092141391	0.168776826224
-20.8469628215	0.302907742614
21.4146917391	0.189284303282
5.59196846873	0.227420404503
-26.8258822705	0.322489596148
-34.1893080345	0.352159104608
-7.4130661284	0.256276085651
40.3507704653	0.152803457623
69.3102064379	0.110230969381
13.6508569811	0.207834296101
5.06875539623	0.229858333738
-26.8369147279	0.328401402557
-23.2380247094	0.31461695086
-12.3598727338	0.275876389285
6.5236759874	0.217264781545
-6.35575667842	0.252323029216
41.8914284075	0.151414797734
-3.1312518588	0.245143458584
16.6677224365	0.200627998283
12.7215237171	0.209782196507
1.68296283789	0.228402374475
50.0242882928	0.136155107058
7.98240766633	0.218818269613
6.55538544219	0.215907159079
31.9112724276	0.168274790199
3.3437054772	0.225175292144
-5.33973109261	0.251179654309
-37.083903119	0.362945407219
-19.3321833473	0.2925456945
69.6471569387	0.110711798199
25.9597720857	0.178134947745
9.37875966388	0.210040458027
5.4885213251	0.226338146646
76.2857418197	0.102172967387
5.66185288669	0.218810743001
34.5477368455	0.164072663449
23.9006697501	0.185186264017
-24.5088195238	0.317164890299
46.8105400383	0.142599893162
9.55474907968	0.210915827091
44.1158153867	0.146831234035
-24.9205220372	0.320085721782
-31.3725512304	0.336887540956
-32.4843683066	0.349557485329
5.10371772049	0.224235308759
-29.3572400302	0.335271143901
20.8107184317	0.19194020905
-5.53830056348	0.258363531015
0.698768058913	0.231521444736
12.6874901888	0.202133558217
24.8928294777	0.183037049493
26.4481808966	0.178951518232
23.3349559706	0.185735633862
-0.242853392984	0.23864192819
10.284247316	0.211277333705
18.5168310441	0.197275383683
42.1021224418	0.15107852946
5.28589124154	0.21962140345
25.5132450762	0.180345639913
-18.1809036816	0.29087628117
15.5037086904	0.198351736166
-17.577991883	0.288158093466
11.2728111127	0.207550403134
-5.32465141006	0.248892113142
27.4782403279	0.178136594594
11.7961091431	0.212872682611
-16.9956480523	0.294140301171
15.9196921389	0.198463004435
47.850534271	0.140780888548
85.4439099837	0.0917577305613
10.6941563656	0.215492307726
80.2636620067	0.098418728617
-31.1022985974	0.34506226691
8.42294371966	0.218167046978
19.7364870179	0.191790848187
2.91269875582	0.230056059078
24.2441706505	0.180021192197
22.752017789	0.186408452794
49.5274535378	0.13608928235
-35.4864846952	0.359839499626
14.4291382951	0.206170108513
12.2250264923	0.210519872793
24.3038304707	0.184483078055
-31.9164618943	0.345556601186
8.15495941856	0.213540353336
19.0039530719	0.193209891475
-2.04501152843	0.239926569429
23.3863679299	0.183624533142
24.3480307184	0.183458047225
51.0370262199	0.134180883808
45.0656730152	0.144047201154
-4.39956685466	0.254026960459
3.1300569443	0.229750510206
44.3480360379	0.146912634673
-4.80134049775	0.250353898587
35.6009162643	0.161847686981
39.7697874917	0.151921400842
79.1098954323	0.0998342349134
1.09655313966	0.235836467812
8.50108467598	0.212138000852
19.7961557387	0.193529540869
59.3259838793	0.123089606242
35.1723420883	0.162309644522
12.8529607105	0.202366080548
117.637929439	0.0639921789377
13.0854036019	0.208960681755
18.0603001621	0.197925079852
-8.98438352069	0.265514165448
37.7186465239	0.155673622381
16.252619074	0.201962799182
-8.57208187775	0.260541229133
49.3378457587	0.136306262961
4.39735169528	0.227095295322
16.979999706	0.19736228601
36.978386681	0.15662414399
21.3715905568	0.186844395646
2.74316975963	0.231788317283
59.2881648636	0.122080095583
-27.1341986849	0.324562253782
11.1216940644	0.207385898268
-6.3679133272	0.254162493119
29.6962034743	0.172975851814
4.82477107056	0.2241933022
22.7144867974	0.187731407959
97.7260425661	0.0808288299991
13.7325577132	0.206719844659
19.1210336735	0.18878329144
26.8121301111	0.17879918459
31.8156537801	0.169279441467
9.01193587343	0.217033483623
64.5278880753	0.114962692758
79.8439703111	0.0970095684671
8.09970909019	0.220285053968
8.20088519125	0.219607369498
19.7982385398	0.191049143147
22.2376782931	0.186628717874
16.2410557062	0.198634947557
-10.6838441967	0.267827655804
-2.31989429393	0.2483898256
5.1118247219	0.221805950394
105.220393702	0.0739589130233
24.7198830693	0.181120205807
8.09479151571	0.218715096465
54.4417383929	0.130922328223
12.4116079807	0.210474290565
66.0378686783	0.11323423546
15.927981973	0.202774796155
2.94202393912	0.230090996439
-9.06057152803	0.263064472129
2.79415128456	0.230739293621
5.8978409299	0.220039681627
91.3593422155	0.0866264325677
28.4495141589	0.174002128619
23.5238960979	0.180160437521
74.1430248898	0.105654989654
105.239093365	0.0734913954631
51.6854730008	0.13559981198
53.8865011978	0.129526434862
57.4775136579	0.127067316397
98.1783563466	0.0794682707247
37.3670188824	0.155651285404
9.66166562483	0.215483104167
8.57276475355	0.216186042683
82.6260201072	0.096162197271
70.2228224214	0.108904690684
42.5774858956	0.149202657947
71.4485731559	0.107061441821
27.0532066892	0.175279137326
53.2323712552	0.133015634658
8.3828406077	0.214639742122
29.8568245764	0.169996772589
47.6329634501	0.138943685883
54.2351119482	0.131137683515
1.99485616088	0.231368212847
35.9712630026	0.158548082574
61.5511147049	0.121399215486
50.8493633115	0.136860453523
21.0363932434	0.190716128437
45.3751956586	0.142919502309
46.7978909084	0.142542249715
4.33984873777	0.224867172029
35.2895819182	0.159513382497
97.9336489657	0.0795119062336
104.699278843	0.0737323055024
84.5521627537	0.0925406031501
37.7702943493	0.157243550212
61.2332328506	0.119205608383
25.9792302162	0.175628393703
100.687346641	0.0773516838827
-1.04829906161	0.241975997617
61.8457232661	0.120679256071
23.5814287598	0.185250801615
105.46875956	0.0730183844745
0.778820974537	0.237175824393
46.6073177374	0.142656545824
48.5919426408	0.140062203277
88.0475545632	0.0904672066938
32.6047640927	0.16631960701
109.455580954	0.0706294119644
11.8676340089	0.205703046927
5.47663113853	0.22140237741
112.292036325	0.0676479681855
40.6666275595	0.153219345638
56.166165777	0.128669293573
66.6429175609	0.113624668394
9.1769950769	0.213459174537
34.3110636628	0.161205642991
31.396732207	0.169033008262
5.62134971101	0.220274259484
52.4996122248	0.131602874688
-13.1351323014	0.279334729536
4.6011494676	0.224063209769
34.391433149	0.160180210866
64.0756065668	0.117975845812
20.304361353	0.189845318996
5.33640336584	0.221393550446
25.9386362831	0.179535228251
6.3530031529	0.222795160523
44.4834722185	0.144006970829
-2.20959379181	0.241046511315
44.1077184816	0.145025813782
7.30834002702	0.217631954787
10.2213410389	0.21170416397
12.4525458792	0.204786430252
29.0071313371	0.170792284054
2.29729687899	0.231813623797
2.82645119686	0.230142980853
9.76751337648	0.210841589342
11.0416211913	0.210891452521
62.6373749513	0.118304468694
20.6865552307	0.191514425347
1.54676133664	0.232984497259
4.51905744237	0.228440787344
54.4066975253	0.128817537048
43.6681000622	0.148077442163
62.8343751732	0.119472026498
95.2739242423	0.083494827257
78.3490993746	0.100088272403
40.0921907854	0.151639946435
16.7713626923	0.197975295314
61.224422324	0.11920860987
15.6984696917	0.202050211336
118.581009308	0.0630418160462
97.0868007197	0.0817564307286
114.759662441	0.0663535770528
83.5958373415	0.0941574025186
45.678970825	0.144785124697
46.0867416468	0.141405435832
81.2236592281	0.0953654995263
71.1919365547	0.10706835349
22.6802681771	0.182094602229
116.640062357	0.0650293669445
42.0253531033	0.148845573218
91.5204214929	0.0867254644194
32.488130786	0.167128161149
8.88955144186	0.211987797271
30.5540659856	0.170334862245
99.8043980695	0.0793515331385
-0.916416983314	0.238584417228
20.6766627554	0.190826425911
102.906948738	0.0766065593607
110.415796359	0.0695280451241
39.4555676123	0.155183381111
6.3611727805	0.220270061098
19.2922503471	0.189069628183
39.2110488544	0.151881008457
38.3153895352	0.156519690828
3.25840137139	0.228611585697
23.3515980495	0.181747185814
18.6848787801	0.190140305815
43.8372382128	0.147684206374
75.6851935127	0.103635962972
106.380823254	0.0736543452652
47.7604607934	0.141496011835
70.5408180037	0.109666297914
77.0708865581	0.101596461896
57.6947235518	0.124015380426
48.0142367418	0.138570662009
21.0812375861	0.18999885222
42.5376896833	0.146877040413
90.6561260827	0.0863643357613
59.747493781	0.122164249652
87.2198683932	0.0900447802106
38.7962733197	0.15586032429
92.4746486744	0.085799606982
109.813492406	0.0708439681941
14.6186004784	0.203630205087
53.2528528466	0.132546572706
38.0206371505	0.157489318825
103.014842299	0.0755552304981
61.9676424972	0.118105816461
68.1949253603	0.112806307659
35.4292596212	0.158590647675
86.638031661	0.0898458865091
62.1658036038	0.11796919093
46.5725210925	0.14102387656
12.2417948191	0.205830719799
72.4518684387	0.107500680614
44.7304364804	0.146507636817
68.0856685737	0.110747167143
124.926362487	0.0590417237109
94.2318080388	0.0826005315375
18.3485565922	0.192069369764
71.1898468073	0.108868230424
56.2389238324	0.128755881824
131.395625876	0.0545398469579
104.721679926	0.0748730081863
64.8483887293	0.114930268593
108.84201467	0.0715390877683
95.504669351	0.0813842282442
86.0299975853	0.0903585671999
67.4040123165	0.113670847004
145.972245434	0.0465868762728
118.908446398	0.0629573600557
55.0495530381	0.130437047971
117.566039897	0.0636874609704
79.5763743312	0.0992307177664
111.617326297	0.06900173051
90.2716361835	0.0881768586638
119.450244663	0.0634992543221
69.3985792201	0.108952279249
101.148180188	0.0778654854931
115.624212369	0.0661951345792
118.24273363	0.0644019817362
67.9712591417	0.110925635511
123.716764377	0.0604884368227
130.447857427	0.0552694043948
121.202168174	0.0622540448138
117.843851827	0.0640037582111
94.6153727404	0.0840774502938
73.9123535112	0.104905603595
96.4470533244	0.0823622627399
113.353454245	0.0678648527378
108.677644794	0.0717071713934
95.9194853888	0.0812642886144
40.2396958883	0.154032336288
49.0277283776	0.138998256535
28.7297439478	0.17402124005
72.8802190856	0.105127398855
51.3986055861	0.132473974735
64.55605597	0.114733040378
47.4214934222	0.138341737564
8.57523090486	0.215345057089
12.6892110409	0.204892696796
21.5147632186	0.184421267061
34.2632928521	0.162840336063
79.9882130619	0.0989944953857
34.9076519579	0.161959857776
76.8622680385	0.0997264299775
96.573757137	0.0807219609737
108.807830146	0.0714738974349
130.596494747	0.055648436982
43.488868554	0.14426323232
126.006352162	0.058661201901
110.794238336	0.0684599351865
29.6654363729	0.172347447695
72.6811273283	0.107078139657
139.763270198	0.0498324280952
72.0899411248	0.107738099126
78.0223460984	0.0993838775582
62.8278975813	0.116702028606
51.0600614981	0.133801343768
61.4963948036	0.118825044943
121.531723808	0.061492510037
85.2503294793	0.0932656526275
82.426963467	0.0961393471886
100.075384653	0.0771703901268
46.3095946665	0.141616404142
53.1649120735	0.13084654083
88.8391023225	0.0877122399156
127.662376129	0.0577375854425
57.7572222879	0.124134241383
102.659339071	0.0754463148544
67.6141778985	0.110654114276
83.2989307011	0.09323610842
56.2840215992	0.125662444155
99.8644148915	0.0786783654165
70.8514639101	0.106761805626
138.793929739	0.0503787575276
65.3150084367	0.11602616448
70.0750858962	0.110318555073
71.1931630843	0.106316895089
78.5721794409	0.0999930363912
72.1836440961	0.105139341937
125.208162848	0.0591441363879
55.7938309232	0.128575432902
89.3797944406	0.0881395528703
71.5126288788	0.105979693564
115.76476322	0.0661053869884
63.8274850604	0.117717736003
51.0568678982	0.133761446379
85.3453907037	0.0914608409974
69.261297242	0.110941924222
89.9193687512	0.0870976557562
93.7416897903	0.084795130834
50.3824769376	0.137420752971
66.6239879393	0.112159684258
44.8818513375	0.144053362764
77.6662532348	0.099146887866
92.5771812894	0.0857761505103
112.189687243	0.0675060408417
77.9889152666	0.0984460709238
42.723099073	0.147789134637
95.6486894435	0.0816161329928
73.701087355	0.105114858497
128.453657199	0.0567958193984
54.8460295288	0.129914471505
98.5415986059	0.0785091979811
102.982951882	0.0760831066256
78.6786599766	0.0977154784785
71.6869234769	0.105763194696
94.9540907812	0.0836392149481
59.8519800054	0.121502610558
91.541757106	0.0853985710663
93.0986158987	0.0854514542999
69.5599478279	0.108328299526
133.005417579	0.0535938456999
81.5923699584	0.0948897237498
61.0595357637	0.120103315009
74.095339999	0.105252838067
58.7428281793	0.124606975186
108.267156008	0.0720679325165
55.8412956021	0.127043295859
66.2616119503	0.115300210495
67.2522802645	0.113490676127
74.6620527464	0.104717323804
29.5386928513	0.171445241389
28.2301779815	0.174030300455
78.8108900337	0.0984331981893
138.018511406	0.0506733305973
133.111348354	0.0540801387536
70.6864526225	0.107993167954
57.0025016612	0.125428014413
80.6936660275	0.0982268434036
87.6651997073	0.0887594042396
63.3229721382	0.116633468174
64.66109412	0.114730857315
150.578541813	0.044406290625
63.7908098954	0.115911733392
57.3553055292	0.126336089775
121.692124721	0.06075251418
55.4831771571	0.1267646453
57.8797438152	0.123234180069
88.0041707667	0.0900322706623
58.3508367377	0.123095020714
78.4177288224	0.0987382227811
71.9790772359	0.105377556221
59.551929171	0.120974274697
93.233412619	0.0849843369058
71.0653528843	0.106676260218
103.869224546	0.0749550353525
142.177527443	0.0486579802454
55.0317120793	0.129157879679
98.4683700185	0.0785501947935
73.2939419489	0.10379510901
87.4314971716	0.0905928713637
74.9341029747	0.101962084531
58.4296033843	0.122953209613
75.9020491448	0.100903832248
54.3026186153	0.127979954963
107.334228194	0.0712944483597
113.403958008	0.0674383489061
89.2373841482	0.0870614672574
80.4667626727	0.0980122460125
75.7067192361	0.102336493527
81.9611990599	0.094363693266
127.425023718	0.0574290057104
140.67430583	0.0498051251643
94.3210205054	0.0838902595281
110.450171736	0.0687466918595
62.5078750406	0.118578884809
113.299461078	0.0667662386774
81.4040885426	0.0955613748266
55.4603109376	0.127619148971
52.4062703972	0.132030826512
99.6816677135	0.0774977059124
102.932491609	0.0748886400668
127.218010629	0.0579496209345
76.1314659749	0.100993489877
113.702446216	0.0674602615859
102.379385748	0.0752341719362
72.8327436945	0.104890769946
90.7139687393	0.0859348452282
72.3481606881	0.105076742745
84.565310329	0.0939944691839
86.4111693245	0.091872061103
86.641770065	0.0902124248796
56.6306122217	0.124867871955
77.7843370481	0.0986489953998
81.7530277313	0.0945524785352
106.006959572	0.0738319367463
63.8293324362	0.11545886785
102.452138067	0.0752421014959
125.64574615	0.0589793106497
89.2035451783	0.0889258623202
142.142225678	0.0484823554945
76.9043422529	0.0996637569229
77.953736004	0.0988334454617
109.341105031	0.0708528943358
114.834805735	0.0665563698017
114.869964042	0.0654715489071
86.5593880664	0.0919879186828
116.449360513	0.065672521741
144.213676064	0.047434262112
105.646543354	0.0726224836643
137.62673619	0.0515021894593
135.254797993	0.0529440209997
122.337485869	0.0606203241385
116.440432397	0.0648428626052
80.4386438963	0.0960235623863
68.2388151846	0.109741565151
110.926649237	0.0696155118603
116.289574393	0.0649832803691
154.798247077	0.0424458051751
110.320522619	0.0688109515206
135.945689902	0.0520913575637
117.710109115	0.0635998370484
163.159809444	0.0384830457169
117.068999712	0.0638840348851
118.410229859	0.0635539907746
124.131767487	0.0597422143629
178.429669533	0.0326066182712
107.720367694	0.0712715033386
133.760021775	0.0536213463139
102.824595074	0.0753140912085
179.96332802	0.0320444058439
138.365834966	0.0506741202131
102.179094335	0.0769225768775
151.369170455	0.0440149161268
129.227219465	0.0562125802136
180.041139242	0.0320404521522
159.223689442	0.0403288033207
100.654918523	0.0768081850673
61.4049864297	0.118968922565
82.3291206522	0.0940920687354
108.584101727	0.0707714190161
153.450607301	0.0431507203544
125.320167378	0.0585763305033
110.691477614	0.0688760759304
108.354022627	0.0705349692971
122.491765202	0.0605994103013
127.318959875	0.0573742160416
118.251980035	0.0635064812156
132.767251284	0.0537665551147
139.226813333	0.0501935713907
180.794136684	0.0318653481751
128.183835566	0.0572131996768
172.369813061	0.0349730480587
140.999707534	0.0493439558617
160.517216071	0.0397656460513
141.224797558	0.0492069316668
174.574329477	0.0341312821036
156.21974036	0.0417153033321
175.493080654	0.0337518328487
157.10339402	0.0413140084422
134.530015555	0.0531797805012
176.801773495	0.0332446179209
139.833847287	0.0502078345851
141.953450935	0.0488593620663
173.545532577	0.034535386472
134.957095424	0.0529095807276
161.281564182	0.0395612946812
143.773263285	0.0480253200729
126.592186467	0.0585707985832
144.634931346	0.0474042480008
166.265801902	0.0374846448151
148.369806757	0.0454708026958
160.429504231	0.0400052713185
158.473713415	0.0406610378726
150.31361366	0.0448643189721
173.798097948	0.0343549632064
133.901472102	0.0539627390578
165.046042964	0.0378338438734
133.990444764	0.0539224733222
152.213915606	0.0436819297095
136.062041266	0.0527027880333
146.082054173	0.0466751251717
132.543790171	0.0548194414227
145.712087284	0.0469929432153
119.508659654	0.0634989092639
164.468930702	0.0380906665704
145.519157887	0.0473686092986
170.427878685	0.0356791069384
121.854658986	0.061824538835
161.475346897	0.0393583269802
113.654116457	0.067914179604
163.549251353	0.0385354622594
113.623424585	0.0679150658034
163.615009447	0.0385451799603
110.635355264	0.0702853671943
154.355568076	0.0426239996929
114.17643163	0.0674907140817
149.736289526	0.0449926179358
113.921763968	0.0676625472026
155.43374268	0.042089056995
134.950829989	0.0533881289692
182.161036595	0.0313988977954
121.281438065	0.0622856732869
157.046878728	0.0415285288085
129.407403126	0.0567099066531
163.695048734	0.0384915910728
129.4813494	0.0567433952796
180.701851001	0.031910109172
124.89595402	0.0598061743388
163.17451534	0.0388081792498
154.915137297	0.0425415745919
183.103644909	0.0311155986247
128.499084761	0.0572993653716
166.634476849	0.037341596152
113.461088066	0.0679855489622
179.556118714	0.0323089993601
126.3372215	0.0588748512695
149.524803696	0.0452173285061
118.72139281	0.0641777278123
136.167491184	0.0525266577028
146.505274437	0.0468496724765
167.494753229	0.0369937532527
139.477426288	0.0506198007058
178.362260996	0.0328091826788
151.375307427	0.0443269030508
129.992085686	0.0564027207912
124.091023364	0.060369113981
140.962283559	0.0498369436875
117.616892498	0.064909988355
165.598517551	0.0377520532586
147.142108262	0.0465005730792
138.442472002	0.0513144641756
128.864279553	0.0571857073393
138.046889664	0.0515438279542
120.130322701	0.063066108278
161.991111087	0.0393267542506
130.859184387	0.0557722940294
169.326957075	0.0362444181003
136.860371325	0.0522356083417
123.773446204	0.0605942258724
126.515213049	0.0587078381008
136.681701835	0.0522686934771
146.325415883	0.0469426275458
125.024696813	0.0597327514679
127.652471104	0.0579509062662
148.078501268	0.0460241581157
144.48070032	0.0478278614447
155.654540727	0.0421978895311
159.341691278	0.0404996168062
134.250321348	0.0537008551174
148.432676445	0.0457691878575
137.122689751	0.0520628530081
140.259679766	0.0501593592408
138.535315745	0.0512423403897
157.342267612	0.0414644921441
129.099521767	0.0570255029428
155.615247169	0.0422691006224
127.648575187	0.0578904344895
144.149422342	0.0480562077985
140.210565552	0.0502114659921
134.495700857	0.0535411152061
178.727215995	0.0326365090582
139.44434661	0.0507045306625
168.517338017	0.0365768901994
153.433156878	0.0432753660544
163.576066521	0.0386359446287
146.09459522	0.0470583922334
175.778970973	0.0337257223859
153.271040349	0.0434015478744
175.97187298	0.0336640774929
150.532827498	0.0447049045647
180.175282605	0.0320707899391
134.714715871	0.0535233767853
178.158593186	0.0328486107596
128.036350913	0.0576274360175
182.956257516	0.0310557249885
129.591091506	0.0566367254446
181.509613221	0.0316649340101
137.022737896	0.0521464899282
149.435699148	0.0452656900038
151.6310465	0.0441679508814
186.951008633	0.0297682768655
132.200323828	0.0549789606093
170.089656743	0.0359510840771
135.653476923	0.0529481248331
152.88251391	0.0435493191521
126.36324949	0.05874916884
151.334455899	0.0442824571208
144.883717153	0.0476613136728
133.180260134	0.054403361947
156.854289207	0.041643721184
143.333791995	0.048552779594
164.802481918	0.0381215272834
184.993815207	0.0304447906488
136.253562584	0.0525123436641
171.266741211	0.0354930386855
142.527450465	0.048985653766
131.291694094	0.055651427214
119.936437001	0.0632626856481
126.454053773	0.0587708624972
120.637727608	0.062720610241
153.285374506	0.0433570335766
157.393267729	0.0413986408925
152.410140217	0.0438015461731
142.472086932	0.04902682937
143.671732967	0.0483206131084
126.704242808	0.0586257127432
119.762100919	0.0633861340841
129.306916572	0.0568935109315
144.872109832	0.0476765405254
115.070703469	0.0668136871558
149.355567525	0.0453064128089
128.170807202	0.0576401247637
160.034044339	0.0402231554818
125.918341762	0.0591564742384
153.401340639	0.043163626008
136.631265604	0.0523881209064
165.236768929	0.0379421313784
124.987515094	0.0597521275232
185.113461537	0.0303746143525
116.516134168	0.0657570339821
174.035786604	0.0343232445532
147.967698963	0.0460849082724
145.935073565	0.0470722414482
114.159752038	0.0675449092282
179.575076698	0.0323348706135
131.734257314	0.0553519664571
157.344736305	0.0414384311926
120.385498423	0.062954976629
169.407977698	0.0361609629698
128.371521951	0.0574481840351
185.138405258	0.0303954757762
126.800772949	0.0585351831731
161.351876227	0.0394707946287
149.25792325	0.0454117309161
164.251560345	0.0383533426749
114.339906285	0.0673571462994
173.987933665	0.0342253943949
140.352156841	0.0502171629316
177.823330111	0.03281155469
125.843515972	0.0591914536523
154.215992122	0.0426936092824
128.847266688	0.0571197297655
185.615847469	0.0301033252954
134.162139959	0.0538419781436
168.976625895	0.0362047327607
147.774597865	0.0461637356564
191.609948426	0.0281746763086
126.2795922	0.0587382276221
159.961706871	0.0400460330753
168.326683751	0.0366524652461
155.710942566	0.0421827344037
141.028232937	0.0498186057697
155.964746714	0.0419170604263
154.359862711	0.042640049936
159.504548633	0.040429424827
125.989078155	0.0589838506378
130.648651197	0.0558965484644
135.180630099	0.0525991591538
138.07868971	0.0515368982504
149.796434605	0.0447926135984
156.376501651	0.0415665793866
154.106658312	0.0425864000247
153.619524111	0.04284294067
127.850054448	0.0569811481759
134.563098233	0.0528392863923
172.799253821	0.0348367498279
125.441670027	0.0585166539173
156.900559411	0.0416059676099
145.653099234	0.0468501946265
154.438553921	0.0425092222908
118.679011048	0.0632641167271
158.558801173	0.0408704641339
181.322770816	0.0317233330714
188.564282155	0.02927902234
149.452352179	0.0452642406262
172.905913475	0.0348472093724
148.058928859	0.0455557000243
172.462544572	0.0350124266241
159.46443843	0.0404546314739
149.569649739	0.0451202932976
175.270608746	0.0339289888618
160.341856172	0.040092445136
167.053557889	0.0371613006912
161.02006979	0.0397610196097
163.389746696	0.038765626207
175.741140086	0.033775026573
151.973017808	0.0437237975606
181.671265109	0.0316135214945
180.973808254	0.0317585057032
162.199902078	0.0392142787973
189.386671602	0.0289905395435
160.407308705	0.0400451562387
156.938631595	0.0412439240609
180.715117809	0.0319630031725
179.426672005	0.0323086111161
155.765021391	0.0417701315515
159.763026044	0.0402830492935
186.070001079	0.0300640930653
155.911639357	0.0419725665684
170.661698314	0.0356714338647
162.944563224	0.0388005160092
149.734292575	0.0451236521366
165.349711755	0.0378187818954
188.949030911	0.0291182001971
181.884701153	0.0314427925465
158.436684877	0.0406947299314
179.052136393	0.0325623841233
170.196429037	0.0358044986944
155.049531372	0.0423432235849
171.188660156	0.0355569157587
188.052270956	0.0294722916791
147.548957529	0.0461766194591
136.271683282	0.0524644256858
175.719544888	0.0337957559416
151.024739422	0.0444347138394
151.727012593	0.0440598131266
161.796216667	0.0394406524541
130.609200837	0.0560618106407
170.014616437	0.0356876752508
149.535927746	0.0447778216712
186.986297896	0.0296798559889
143.115939423	0.0480848507564
179.173970615	0.0324814617293
171.862637835	0.0351911085689
175.412571561	0.0336558892254
171.257427308	0.0354413111113
139.089759117	0.0502590108993
166.393548164	0.0372989246969
133.501646359	0.0534524940083
171.628825942	0.0353916577588
179.584542198	0.0323682454875
155.271455638	0.0422390730722
163.590074855	0.0385759191171
163.664825779	0.0385294645849
170.855198505	0.0355679028773
146.570168672	0.0464046564456
173.599314088	0.0344062703461
186.439831318	0.0299591576289
185.712956225	0.0301866073084
177.365708992	0.0330365819925
175.9248976	0.0336383471851
157.491311942	0.0411235264198
172.767748215	0.0346447688384
182.147930679	0.0312968797816
175.618278986	0.0336099392945
180.248552734	0.031986794893
168.16648223	0.0366091756599
183.092276099	0.0310517554615
189.946706859	0.0287054013848
169.392057672	0.0360591366889
167.355037676	0.0368662527314
192.416088777	0.0279930989121
182.016798894	0.0314133776756
185.993022946	0.0300597774848
186.706097232	0.0297773220854
171.044674958	0.0354849580268
171.906462002	0.0350487856403
193.567973805	0.0276433165365
190.987915848	0.0283794993059
176.015801444	0.0336676409291
173.452388683	0.0345285327004
173.337058022	0.0346843283416
169.631031519	0.0359041076971
192.293886544	0.0280645795951
168.94704721	0.036151308432
179.657787688	0.0323270899064
180.574974283	0.0317750706302
184.664328041	0.0305745816623
178.863137736	0.0323904734041
170.387749787	0.0358229199245
164.487341176	0.0380029030207
170.041507046	0.0359330741175
169.328866615	0.0361000116816
187.792878373	0.0295310948884
174.604085499	0.0339803115699
191.002452242	0.0284896907285
179.921861628	0.0319972068681
183.814177328	0.0308563297313
161.519553448	0.0392187423775
185.149770656	0.0304121171429
171.935456825	0.0349546014296
181.270593793	0.0317573246103
188.522800139	0.0291270006255
183.407605189	0.0310049320094
179.790545773	0.0321452704069
174.554691177	0.0342311712275
177.87292127	0.0328622094789
166.30890237	0.0374998717105
185.862289003	0.0300550191469
177.836747893	0.0330081278641
189.408615344	0.0288670784867
184.203641602	0.0307495242493
174.180021742	0.0342226578955
180.218048847	0.0321450448226
166.948258725	0.037134706086
175.248154058	0.0339758214872
189.065411164	0.0289725579573
194.028943203	0.0275356082767
186.958131767	0.0296428074061
190.399248541	0.0286961014015
174.595376068	0.0340102031053
189.717646441	0.0289099791006
166.875038428	0.0370767791544
172.457675381	0.0350409972592
171.296705816	0.0352031119618
193.530654135	0.0276852154689
179.131053254	0.0322913082047
196.120523128	0.0268948442072
163.513297714	0.0384946197296
178.040758208	0.0329342800744
165.199216788	0.0377668377936
179.685740781	0.0323041487981
178.336044096	0.0325889753635
176.488640767	0.0334889276094
178.863423273	0.032394075417
188.136394578	0.0294164995975
169.85255249	0.0358011879564
189.117269603	0.0291011361848
183.927851172	0.0306262367532
182.077163982	0.0314755880925
191.17226221	0.0283088073509
186.332986079	0.0299819412924
177.579894455	0.0329503998984
190.473925996	0.0286460672599
177.921383678	0.0328274162847
183.96381146	0.0307760977829
176.964758423	0.0331197153603
184.794295375	0.030524211424
178.600401867	0.0326494880888
193.600706521	0.0276601072645
182.111804098	0.0313635106776
200.508808752	0.0255700274567
193.276645995	0.0277180359674
181.254132776	0.031739078568
198.625155579	0.0261326525719
193.556996486	0.0276581359539
184.831090057	0.0304449356717
188.215196787	0.0293580111577
195.41861332	0.0270808214158
185.785752031	0.0301701616449
182.007483376	0.0314890661179
192.793883659	0.0278927070126
197.706329979	0.0264051970583
197.645356019	0.0264124419344
191.317087752	0.0283722945665
186.40480987	0.0299458993706
197.107885677	0.026565509572
187.988401461	0.0294163218561
198.600823573	0.0261315320074
200.953251541	0.0254739723399
190.086879182	0.0287360022724
183.944272008	0.0308370061755
181.460259572	0.0316321582125
183.999177999	0.0308211456549
196.169791904	0.0268371715727
191.456696472	0.0283587781505
195.117519796	0.0271469888335
193.621446632	0.027682439293
189.028076458	0.0290584351503
183.781404363	0.0308862857096
185.263566347	0.0302857598972
185.50603274	0.0303014058812
192.924035352	0.0278101202382
196.060372272	0.0269077318506
182.629577384	0.0311713691692
178.287763768	0.032839976144
180.375637036	0.032003789746
182.614060277	0.031292603226
194.897564934	0.0272169130441
196.767129038	0.0266844277624
182.568924642	0.0311504926337
196.333444434	0.0268137677686
186.49040966	0.0298396056496
182.524613025	0.031299302461
188.640744856	0.0291448067591
192.676945491	0.0279568368863
189.084750877	0.0290266789301
199.066751611	0.0260031358678
179.85808851	0.0321836509147
188.442230176	0.0292839863351
193.905867046	0.0275248345477
194.808699218	0.027236628807
185.333895694	0.0302494170411
192.451422704	0.0279573640345
184.612652897	0.0304841734754
200.671302681	0.0255226501367
193.648325833	0.0276091845359
187.610446448	0.0295425971084
197.910806039	0.0263460361924
201.857799769	0.0251958512451
185.467931549	0.0302783386472
196.566623401	0.0267635550494
182.979218717	0.0310548055689
186.557251854	0.0298601636122
185.935858423	0.030070252346
193.346386047	0.0277417916904
190.309157076	0.0286912332573
187.778510079	0.0295212200338
195.385048353	0.0271157121515
193.020160672	0.0278193508804
194.107994036	0.0275037184562
201.999779596	0.0251699324119
190.880650838	0.0285092235914
196.153411789	0.0268765184212
189.41436939	0.028981753061
191.171641415	0.0283245327924
187.828745862	0.0295244556841
172.047332732	0.0349190041429
197.945465992	0.0263287641699
187.484107771	0.0295936580841
191.896037526	0.0281899842824
185.249909957	0.0302660624781
198.198456415	0.0262462825383
180.854953753	0.031742652959
182.14948377	0.0314118579294
168.91761915	0.0362035357488
155.903763506	0.0417526378863
176.627749108	0.0332349307091
183.05697044	0.031125125883
184.298789974	0.030590526415
190.903330395	0.0284549379608
184.332341812	0.0306811194716
169.519087283	0.0362206091482
178.167912052	0.0328082528664
187.666435934	0.0293736849874
180.23142818	0.0321393155938
193.896948341	0.0275826758763
194.23265846	0.0274378044423
193.555013531	0.0276547005053
181.080738974	0.0317482732644
181.128433122	0.0317770107523
192.135681627	0.0281327364534
193.882326247	0.0275346064235
200.924572638	0.0254736002918
183.209324728	0.0309945210266
183.43465199	0.0310000213473
193.965666639	0.0275547459691
188.756431497	0.0291791911548
188.40182283	0.0292854854231
186.704957517	0.0298993256685
193.913345201	0.0275449734398
183.736350698	0.0308479900922
189.000035735	0.0291024136216
188.417646952	0.0292571349558
180.858252287	0.0317467992673
182.289320003	0.0312873223297
174.524390988	0.0339703399199
184.92286402	0.0304341985857
180.601516853	0.0318266348397
179.819414037	0.0322554727161
185.095772918	0.0304526833318
183.583821716	0.0309833813868
200.012683188	0.025744105281
198.777994982	0.0261068785168
191.746494607	0.0282475097308
192.795959687	0.0279258100862
191.184798778	0.0284115935003
189.19374942	0.0290788090948
197.482770847	0.026484139019
193.401732761	0.0277352206172
195.789302999	0.0269987359726
201.482480336	0.0253355810388
201.627006843	0.0252977999666
198.979383226	0.0260598493971
195.556134214	0.0270731371601
194.384851654	0.0274160928961
195.336846502	0.0271222149229
203.083103577	0.0248581105421
200.829669707	0.0255170694323
197.642908839	0.0264364282258
199.403847897	0.0259326114599
197.069654221	0.0266048396874
191.292364584	0.0283472385419
181.080578129	0.031711139486
194.163535499	0.0274259247741
190.271007298	0.0286364343619
185.551738691	0.0301409124212
188.965738465	0.029035827722
181.120163768	0.0316400979862
189.308985574	0.0289452673661
176.34882737	0.0333580134831
200.675726669	0.0255632262755
201.357321324	0.0253593878979
189.014744062	0.0291376472549
193.462723993	0.0277135317399
196.609212038	0.026779384349
198.761160749	0.0261401689506
192.670100516	0.0279612705684
189.533445671	0.0289905885852
193.979513208	0.0275834043565
195.32892243	0.0271709063461
191.165424507	0.0284253743127
186.477711062	0.029959588529
189.754889258	0.0288765296237
195.613301478	0.0270332527548
183.64465718	0.0309086466815
189.338402499	0.0290485429446
192.094004599	0.0281099374588
193.872111453	0.0275819613933
195.455592687	0.0270989208656
191.750950136	0.0281900832774
197.168132105	0.0265611725854
190.777412494	0.0285093094844
203.114754827	0.0248562630059
196.995148305	0.0266217875032
196.096579056	0.0268771686084
186.913125163	0.0297837388003
200.246983042	0.0256699675137
194.575647475	0.0273333941415
191.062950765	0.0284319668118
195.186524842	0.0271604145681
198.732994483	0.0260955574924
192.713612419	0.0279369287791
192.845908808	0.0278390657805
199.181683878	0.0259692833855
190.531681094	0.028538706237
189.573658206	0.0289288297275
185.347544779	0.0302226875639
188.353245898	0.0292788587055
190.486027811	0.0285534116578
197.212944752	0.0265098761182
196.041068174	0.0268519785024
197.989268673	0.0263196412676
198.937091205	0.0260457132866
192.967181765	0.0278191465705
191.346552967	0.0283391863138
197.602394218	0.026419895408
200.367931176	0.0256162006204
198.90398873	0.026047635112
197.441460075	0.0265002126804
198.810055237	0.0261011245309
200.021238549	0.0257515686451
204.141323507	0.0245759894469
197.923642801	0.0263506597303
194.912386743	0.0272630476908
199.674878752	0.0258351030302
204.826783256	0.0243757211009
201.360230579	0.0253809557066
199.540985085	0.02587945325
196.807460926	0.0267107788183
201.259677636	0.0253968771781
200.04348755	0.0257294608685
195.695564679	0.027029672748
198.403580974	0.0262075673334
197.930912705	0.026382008689
198.274290064	0.0262787770471
196.401457137	0.026805420106
196.474438336	0.0268099217687
199.320055973	0.0259438409888
196.229293818	0.0268329286222
191.437527908	0.0283323686247
194.747381901	0.0272883107584
198.23943779	0.0262716503235
190.756817565	0.0285514774054
192.438701658	0.0280368988898
192.692976219	0.0279465432107
194.79613805	0.0272992665249
194.833279024	0.0272489182242
202.530238247	0.0250349497177
194.546085137	0.0273522233751
202.527380574	0.0250410732083
199.392037802	0.0259426047985
197.792387393	0.0263839830861
197.323737005	0.0265491000937
202.163049666	0.0251266090043
196.36679519	0.0268318772428
194.634784624	0.0273178710383
200.788311171	0.0255063359637
200.648779306	0.0255443834298
196.988729591	0.026617620713
193.367852555	0.0277020112336
201.720560497	0.025242442556
196.272916353	0.0268093375616
196.517932646	0.0267686267128
199.706948952	0.0258007460986
200.697661027	0.0255496049268
203.609400796	0.0247348190889
203.342154108	0.0248067862799
202.600451258	0.02498496756
201.111745724	0.0254146867708
200.117603358	0.0257029499385
206.341768002	0.0239722580563
206.217313683	0.0240162535761
205.164573968	0.0242752274485
203.146683475	0.0248601953359
205.114402729	0.0243207307264
205.174199123	0.0243018135921
203.066299975	0.0248638374678
200.677949224	0.0255432535157
204.528458065	0.024479099197
204.201810091	0.0245708349923
202.243547839	0.0250949550207
199.953841809	0.0257761147562
201.811891639	0.0252189574244
198.141321919	0.0262862014723
198.706651008	0.0261119810362
199.954058142	0.0257760969287
197.67100111	0.0264453611995
200.582417762	0.0255628559227
199.177680887	0.0259974962221
202.904771266	0.0249266635979
202.80547656	0.0249440670995
203.995572459	0.0245966479154
198.136049255	0.0262786731442
199.535113631	0.0258693682211
201.792503749	0.025214758832
204.448323518	0.0244900151031
201.767712826	0.0252169016493
201.068602726	0.0254474142091
202.048736049	0.0251662986197
202.594044512	0.0249917087681
199.331094899	0.0259180203549
197.358388306	0.0265003968633
200.838578074	0.0255120153198
196.168178311	0.0268802534138
198.298967757	0.0262360707266
197.885674331	0.0263335057949
200.153292451	0.0257015961045
200.892614401	0.0254815358507
202.054430773	0.0251570057775
197.250896149	0.0265489674489
199.401066394	0.0258892138778
197.936695832	0.0263266450534
202.872035967	0.0249329725565
205.275822463	0.0242630353636
201.289805671	0.0253751151713
204.642867759	0.0244451812342
206.12912472	0.0240375146393
207.464395141	0.0236583326833
204.152844384	0.0245513367663
202.586393091	0.0249924775253
205.135279292	0.0242773497979
208.038931918	0.0234883538858
205.035554077	0.0243300516892
206.818726296	0.0238254751336
207.562933479	0.0236390116446
206.636128339	0.0238671204984
203.692958969	0.0246823019776
206.693821632	0.0238684158271
206.855594369	0.0238349826872
204.9407553	0.0243329282828
204.186104383	0.0245686925398
207.062979986	0.0237796343421
206.608406291	0.0238759595158
203.397150697	0.0247648369834
201.945037901	0.0251771822674
205.471469218	0.0242159175274
203.47564932	0.0247593975394
205.26395472	0.0242403294547
205.366795784	0.0242410079325
206.656985523	0.023860376778
207.079100284	0.0237447615704
204.131013311	0.0245551576749
205.160879515	0.0242675434838
208.655050469	0.0233513204198
208.379942066	0.0234292390856
207.242796234	0.0237010062796
207.413669662	0.0236845799887
208.317181278	0.0234475107159
208.622664359	0.023334289492
205.552738944	0.0241598960214
205.264897302	0.0242404595951
208.839092536	0.0233032581658
208.687737623	0.0233462666124
208.304640665	0.0234133461996
208.418309318	0.023417440987
208.781975514	0.0232842192479
208.819714488	0.0233106141049
210.561439246	0.0228437780475
207.377876119	0.0236879864119
210.449827628	0.022860416572
209.105553707	0.0232000981178
208.721072648	0.0233325956128
209.509556576	0.0230992352782
208.149646292	0.0234762984468
200.537838423	0.0255862781721
198.154012779	0.0262979478737
193.703431347	0.0275934322099
207.16063816	0.0237172865224
208.707888401	0.023337765913
207.908892716	0.0235172117254
204.235570072	0.0245234058362
200.585418912	0.0255567393595
205.413068601	0.0242141372707
207.606251979	0.0236226317043
202.63383123	0.0249761447546
204.70679294	0.0244019439555
203.803973988	0.0246433674766
204.210390801	0.0245589511391
199.809731208	0.025807703919
202.950254095	0.0248890792489
203.514847123	0.0247452052581
201.790187351	0.0252430310457
199.848624355	0.0257636548521
203.853984315	0.0246644741306
204.432850187	0.0244750042561
203.945760549	0.0246258027253
202.519198888	0.0250327915801
203.101535075	0.0248760855109
204.910116861	0.0243725319556
201.754214717	0.0252497464425
200.150846635	0.0257093942314
206.964358161	0.0238143999509
207.177333076	0.0237244033371
202.9863869	0.0248751830911
208.750182062	0.0233095949987
205.646156476	0.0241679147753
205.633483031	0.0241704354057
202.498554316	0.0250405086204
207.093165531	0.0237516289784
203.750981792	0.0246915452852
204.912791471	0.0243397920757
202.971236822	0.0249106004249
207.351654077	0.0236723194019
205.328888822	0.0242260802215
207.324761683	0.0236791720507
204.589953899	0.0244315422369
207.076105313	0.0237587778331
205.942622636	0.0240867243604
208.638067344	0.0233432369046
206.690283601	0.0238815011172
205.114191289	0.0243135826361
207.906108513	0.0235377200825
209.010894588	0.023239562102
205.654313901	0.0241630748381
206.10396079	0.0240414264967
203.981825934	0.0246238793348
207.553255419	0.0236207231803
207.042467706	0.023764704421
206.543218357	0.0239254009682
207.002276934	0.0237682249
206.939729002	0.0237942202006
207.538526397	0.0236269646872
205.959923066	0.0240579649027
207.125776067	0.0237653257461
206.910033223	0.0238235513223
208.849260003	0.0232981085591
209.419551214	0.0231240272809
206.660113032	0.0238639364413
208.151228967	0.0234840837287
206.644629448	0.0238896359721
208.663487414	0.0233429543116
208.630396411	0.0233541941114
207.174740471	0.0237472900114
210.459270323	0.0228505515603
209.720184177	0.0230569506199
209.551186672	0.0231087571747
210.043966327	0.0229842439318
209.356393203	0.0231680960963
210.987799178	0.0227121404257
210.335253888	0.0228833936242
211.073675867	0.0226883507586
211.312481044	0.0226269806829
210.083908556	0.0229647360952
209.493446868	0.0231331585703
209.409504832	0.0231525468152
211.854963412	0.0224897325654
211.026658184	0.022698195182
211.216504186	0.022659985437
210.41521883	0.0228816219887
208.956221662	0.0232727178939
211.769557302	0.0225121166788
210.912743588	0.0227430345037
211.047729264	0.0226974281172
210.301589614	0.0228895964748
211.825790727	0.0224968316907
210.76399642	0.0227915736486
211.939624355	0.0224654375594
210.631928963	0.0228034307219
210.428785058	0.022858828053
211.902903418	0.0224716818967
211.625590839	0.0225431687873
210.797825846	0.0227828511357
212.470838938	0.0223281814808
211.471417945	0.0225849837741
210.52962257	0.0228320452062
212.406684185	0.0223421128502
212.116354847	0.0224231495781
210.906130725	0.0227590079028
211.994464748	0.0224721272515
212.574529534	0.0223041965453
211.834859663	0.0224904887488
212.382350979	0.0223463088153
211.31287096	0.022645201425
212.066958956	0.0224317011009
212.144896271	0.0224068288682
211.191654855	0.0226582305971
212.460902546	0.0223267477209
212.184793202	0.0223992164352
210.915565842	0.0227490771688
212.315929784	0.0223692015777
210.992590889	0.0227089342164
210.713256299	0.0227835527403
212.006291127	0.0224450427512
211.523915125	0.0225859849976
211.66628556	0.022534449808
211.576989469	0.0225655532998
211.991514542	0.0224497300241
211.025733118	0.0227115508689
210.978934119	0.0227401286343
212.583856732	0.0222996098409
211.543553717	0.02258406621
212.268021814	0.0223779618785
211.88853783	0.0224734158426
212.715975583	0.0222644184566
210.920876049	0.0227256263557
212.027197139	0.0224567241645
212.387549754	0.0223468718622
212.26537226	0.0223739155944
211.922042941	0.0224893375767
211.557600802	0.0225912707619
211.28994691	0.0226595118131
212.887092165	0.0222402363114
212.924258871	0.0222159905672
211.768219368	0.0225048373674
211.605625274	0.0225473334812
211.998908175	0.0224719478763
211.800197483	0.0224990492144
212.084638086	0.0224223985467
211.029767049	0.0226973475417
211.325942463	0.0226454458995
210.223008961	0.0229379037784
210.730070924	0.0228057550249
211.515941355	0.0225750269186
210.913596808	0.0227539635609
211.816228851	0.0225249832446
210.76118071	0.0227947097167
211.120672081	0.0226745826563
210.733110852	0.0227709462457
211.354607071	0.0226334217019
211.318580157	0.0226285645142
210.542374222	0.0228396454293
211.018647309	0.0227250994859
210.663178745	0.0227916002041
210.586412268	0.0228103330572
211.109118946	0.0226935581631
211.013771643	0.0227179417569
210.061240581	0.0229474070443
210.614482852	0.0228032700965
210.207501745	0.0229173319049
209.797342359	0.0230189552392
210.229449317	0.0229139183108
209.668185925	0.0230526546443
210.025762105	0.0229763268001
208.958076548	0.0232722330254
209.963952991	0.0229780342367
209.306683043	0.023177164411
208.357588381	0.0234305257367
208.527419129	0.0233864202375
208.293169553	0.0234479520751
209.368151597	0.0231386998477
209.304249933	0.0231509618413
209.896040407	0.0230258650255
210.320825459	0.0228980662585
210.965059894	0.022748036838
211.288172465	0.0226671450535
209.9255323	0.0229929982353
210.339581991	0.0229075107435
210.171431161	0.0229341203696
212.092729629	0.0224409023102
210.076170052	0.0229808427096
211.469297797	0.0225971027655
210.568436906	0.0228498352834
210.505974661	0.0228664266038
210.604260014	0.0228424717954
211.528120463	0.0225782538019
210.401966972	0.0228657816758
211.78490894	0.0225122153321
210.329406626	0.0229128500894
211.768000969	0.0225412711869
210.333677593	0.0228869597667
211.87900902	0.0225062337941
210.663170712	0.0228073699172
211.882085528	0.0225021549662
211.250700571	0.02266538438
211.813701025	0.022499533333
211.187695849	0.0226884102797
212.187780261	0.0224371327889
211.310081276	0.0226591705039
211.926264383	0.0225015853513
211.005180372	0.0227387075091
212.228639406	0.022409385895
211.48641357	0.0226086869025
212.345696478	0.0223894084323
211.84987927	0.0225079496072
212.509714631	0.022343444209
211.800151298	0.0225090112862
212.428486877	0.0223541885168
211.873290667	0.0224920788336
212.384985858	0.0223757041997
212.013798976	0.0224814793915
212.976283102	0.0222120396632
211.838832704	0.0225221263622
212.970554493	0.0222216892148
212.049609682	0.0224431808553
212.724131504	0.0222672022725
211.483837502	0.022582778366
213.094031765	0.0221879323646
212.434477353	0.0223617236045
212.854461342	0.0222637785544
211.970189616	0.0224900305616
213.09115485	0.0221921240026
212.161026359	0.0224392761455
212.388542824	0.0223818913726
211.765818122	0.022541204373
212.750018266	0.0222723933592
212.32959122	0.0223801356645
212.489750291	0.022332378371
212.566637409	0.0223177251285
212.429243061	0.0223441707115
212.509334051	0.0223296738614
212.53024628	0.0223229285112
212.552441001	0.0223093614365
212.892467955	0.0222452342553
212.910039356	0.0222265308226
212.717103485	0.0222888608267
213.085573292	0.0221971321442
212.591891625	0.0223062106277
212.725538872	0.0222893952112
212.731330526	0.0222898324744
212.692483398	0.0222995167628
212.338734411	0.0223947447857
213.185853668	0.0221597931378
212.432816952	0.0223669999383
213.06608412	0.0222118387327
212.39769408	0.0223757889712
213.35657101	0.0221333300671
212.358247218	0.0223862254838
213.34953552	0.0221278059324
211.881576763	0.0224856738982
213.089918478	0.0221949003776
212.00240564	0.0224645666301
213.305013365	0.0221251373745
212.142020467	0.0224383983368
213.343949983	0.0221224704049
212.066916982	0.0224582248095
213.284403009	0.0221581343112
212.029514648	0.0224669198349
213.120048388	0.022197765381
211.756003568	0.0225302334398
213.297875902	0.0221422611273
211.975840524	0.0224850469666
213.371004408	0.0221166974566
211.975792462	0.0224753431538
213.33179769	0.0221208959906
211.469750659	0.0225854277892
213.190958141	0.0221497685851
211.759363314	0.0225159464781
213.206864535	0.0221472841205
211.465338977	0.0225839600938
213.238630228	0.0221391990157
211.559957814	0.0225621388348
213.247516792	0.0221555525047
212.108754137	0.0224460848352
213.238152245	0.0221621391222
211.977461203	0.0224815242348
213.236864701	0.0221525333844
212.037468126	0.0224626802597
212.817648457	0.0222731871348
212.133819294	0.0224322086748
212.813251013	0.0222703594705
212.128829764	0.0224348777828
212.752123854	0.0222678329399
212.122173004	0.0224260547352
212.943676623	0.0222281160873
212.283550848	0.0223916318879
212.853001108	0.0222482113954
212.423706762	0.0223621300454
212.893550412	0.0222491863531
212.463305163	0.022355684404
212.791096633	0.0222658867207
212.277313218	0.0223878879253
212.821573868	0.0222663974704
212.404116319	0.0223635724219
212.795612243	0.0222666174709
212.45542716	0.0223526294651
212.59323266	0.0223119591215
212.501743437	0.0223395249056
212.527855588	0.0223293895366
212.466808296	0.0223490253279
212.549766791	0.0223294124615
212.341198388	0.0223732211701
212.576668144	0.0223277610836
212.392314579	0.0223679694343
212.353869336	0.0223735962326
212.334309557	0.0223864566911
212.323090214	0.0223952609994
212.404844273	0.0223681239501
212.313280344	0.0223943814774
212.342270812	0.0223930251807
212.26410885	0.0224004400756
212.622873333	0.0223193144392
212.40505243	0.0223689728738
212.526543281	0.0223445818705
212.400987077	0.0223680546156
212.572702573	0.0223229192745
212.485369919	0.0223471837743
212.419542032	0.0223713019047
212.284752444	0.0224033608701
212.402350943	0.0223696019357
212.327104954	0.0223884610076
212.429651469	0.0223702509312
212.220829618	0.0224181211843
215.178789364	0.021682111616
219.840799162	0.0205785642561
224.072858085	0.0196296663745
227.323541008	0.0189306906725
230.283049661	0.0183169946577
233.321824185	0.0176944729252
235.888276566	0.0171919810277
238.404083616	0.0167080294241
240.92317593	0.0162348917807
243.124192301	0.0158387862488
245.145315931	0.0154842840011
246.927946748	0.0151857850863
248.672817239	0.0148999995486
249.998591399	0.0146752229405
251.014130928	0.0145135357135
252.209123697	0.0143216747906
252.864702463	0.0142181171188
253.820411512	0.0140706554448
254.191079011	0.0140131357609
255.211362256	0.0138532077044
255.59112451	0.0137877227865
256.193204606	0.0137024392098
256.266358878	0.0136933501097
256.845695133	0.0135994694393
257.289737149	0.0135318592576
257.444650073	0.0135100231931
257.858876442	0.0134487351053
257.916919164	0.0134448431884
258.192923697	0.0134055589959
258.486956404	0.0133591540427
258.65572366	0.0133248613588
258.513768828	0.0133514230365
258.673536405	0.0133211914592
258.455396281	0.0133454247988
258.216867891	0.0133800205029
258.080203279	0.0133951093932
258.012505889	0.0134025046486
258.010122002	0.0133933988134
258.343329796	0.0133388176577
258.421757959	0.0133246930535
258.487634224	0.0133142624891
258.543048876	0.0133064294348
258.444669232	0.0133183589827
258.28321555	0.0133435870832
258.241612249	0.0133499259529
258.130019618	0.0133661842413
257.899117924	0.0134003386483
257.695588767	0.0134299426627
257.370128214	0.0134804243494
257.090060344	0.0135229015873
256.600253582	0.0135995558732
255.733953198	0.0137322831945
255.859192365	0.0137134848054
218.848978316	0.0207599987212