-79.8262048685	0.593689726835
-15.1223533133	0.284944360095
-31.8054755329	0.342070672991
-27.3851639083	0.325150589877
-3.6474710629	0.252149096965
-35.0773091896	0.356810625138
-41.8760994109	0.381889094352
-57.5225073799	0.461602496903
-25.006963936	0.321216537934
-11.7552138515	0.278021037048
-42.7347663396	0.392554396524
-9.08432395334	0.268635991951
-33.5101468243	0.343781643965
-56.1727846486	0.449974611288
-51.1240799766	0.430503517987
-47.4641687652	0.414180381259
-45.3254814204	0.398438715813
-14.3863333154	0.283063071289
-53.4470842505	0.441831703558
5.10027087459	0.230119475952
-7.41749642119	0.264611982947
-52.405840066	0.434151288312
-47.4551894136	0.410980660993
-20.4270083092	0.306303562215
-13.315568793	0.279476443349
-13.6171329222	0.281384036829
-43.9944217504	0.38869176632
-17.6686162869	0.29624429021
-48.671968275	0.419629106509
27.4611753747	0.178139998427
-24.9800273148	0.308728243225
-16.691778519	0.279919526855
-48.4923151259	0.410357324254
-48.0967169871	0.417494217485
-57.5751653154	0.464472425946
-21.2552870943	0.296254748376
-41.5858976906	0.388051905732
-58.4532469036	0.469179827275
-65.5877033339	0.507476896281
-20.517757245	0.294959151254
-17.965592916	0.297576278057
-9.36291469642	0.270265279311
-39.0569495936	0.368427898265
19.9158620976	0.194659272038
-17.903337843	0.286081122243
-12.8360511039	0.267843745604
-1.00600979565	0.243273435956
-50.6595688443	0.422664673726
25.4312476224	0.180872395556
12.375428511	0.21178556083
-37.6704506998	0.361980757924
30.9842723002	0.170742227292
-12.2730785226	0.278259611467
-4.59367799457	0.256256155129
-42.8660446002	0.39043138215
18.6907340862	0.194830947748
-9.05529322028	0.267717896166
7.76258590935	0.222279422164
9.7506464519	0.217515478906
38.8809694093	0.156863427169
43.3174219283	0.147983774785
-17.8621675067	0.294253251317
12.0744973684	0.210563328222
-2.17039362622	0.246577579477
1.05283582667	0.240219080447
-9.16543281816	0.257998294451
52.5975798597	0.133384287584
-3.70128808762	0.253778713814
-47.2110280284	0.413419247886
-42.3270910429	0.383330297224
10.4204514922	0.216450667203
-7.07734694125	0.259055678186
-27.3724351889	0.32926188026
29.4472371025	0.174604083276
-34.8153085472	0.359879396013
45.9182663883	0.144667026621
16.5442946185	0.19916396846
20.2872932755	0.191351656054
-16.7492145736	0.289879210422
19.4189792988	0.195414182647
50.9340992947	0.13564540219
-53.4547895196	0.443345285668
17.6824523465	0.198197582441
24.886237808	0.183084971236
-2.4466191342	0.246459612221
-22.0277501524	0.301152138179
-3.95847387773	0.254136595736
-5.62637284145	0.25884753905
-24.8676101627	0.311391116691
-2.47200568526	0.24480873164
16.992763389	0.197614003767
-32.9959660664	0.344335901904
53.5765977701	0.131769125679
-0.426076913334	0.244236742615
17.168426894	0.199937921014
-7.02486628526	0.261836083428
-11.5328549815	0.268558799638
-25.4630103375	0.32321124832
11.5487577555	0.210183169635
-3.55438070571	0.249448386582
-12.3381902158	0.279437012673
15.2309246631	0.204652462679
66.2448970616	0.114566000564
58.3220270302	0.124686168096
2.2896293244	0.225991687588
-6.06320705443	0.260284767133
-20.3894853292	0.305481331092
-5.75441063125	0.247439215323
5.17008830647	0.224075286477
-4.67390865251	0.256412249056
-16.7205784603	0.2862060941
22.6669564019	0.187995864495
-9.86501686564	0.261137515323
5.77460790751	0.227836600771
4.70009199033	0.225911275175
-17.4251171016	0.295277987191
11.4597265904	0.209338947756
-22.3682748335	0.310681364919
1.85301627565	0.237057289993
-13.6602542391	0.273763300227
78.6317432467	0.0990626401452
13.3076212244	0.209250951957
-38.477461197	0.371840969956
2.97284518309	0.232535834103
-7.69735749896	0.263512482116
14.9272864446	0.202170894114
-45.4662585316	0.400763111755
7.60494092211	0.219427977574
1.96316935019	0.233778520084
54.8614390996	0.130718311463
-16.8296037937	0.291764645033
-7.65255956981	0.264212805683
21.1495037534	0.189423081822
-3.18152277801	0.250778920003
-20.1933555702	0.300241070757
2.70541048092	0.235904283476
-7.73542043993	0.257061725489
57.5729806115	0.125516078827
5.82977133123	0.217902374972
1.33317741195	0.233270937036
25.1722056872	0.18206020197
-30.7879740118	0.334131345007
47.268641146	0.142608167727
-1.95413287658	0.248308533465
-5.15155004107	0.248188781365
86.1770884689	0.0912121630982
8.0243074502	0.221999322243
-13.5718913228	0.283084668593
-6.5248153639	0.250449878629
11.6822370018	0.203730845106
-26.1492636914	0.325546682656
34.3137219916	0.163452880263
-4.09371047095	0.245101899704
33.9075241287	0.165665487427
16.617631649	0.196709976913
-12.0875937098	0.269557601793
23.377127413	0.184854166531
-7.09572703119	0.254011537119
-6.95625202412	0.252374127712
25.0188236376	0.180639123132
6.1595187674	0.22367745987
16.9432920313	0.196688630459
15.8178914577	0.202094008254
12.3110044662	0.202393641625
32.3574090355	0.167130929428
-0.511243219838	0.234580795786
-1.94551546753	0.239461979815
-6.41620980751	0.252497167556
29.1984453343	0.173672299938
-2.4917180854	0.241362937725
96.9622955002	0.0805712639528
24.7051538753	0.180195851054
-34.0367431888	0.349931081107
8.92025876786	0.211131692447
15.0145269909	0.196939346603
23.9441986071	0.183092942913
17.708053904	0.1950400072
-24.0702625035	0.313373608493
107.342811444	0.0719153195466
-10.9386482137	0.269729302009
-15.8884794602	0.282821612292
-9.98369133598	0.267237040564
11.5487690895	0.206278757529
-19.9916331671	0.299450825051
12.7067562613	0.202676714108
24.8606469686	0.183295405979
-28.4208987096	0.32767641683
1.52297070247	0.229816023759
9.41111136791	0.216914837047
78.8787337841	0.0988183533976
61.6092259049	0.119348649831
87.2999659342	0.089450527774
47.5647710259	0.141271804076
106.966720407	0.0720698501309
17.5202085334	0.199309600479
50.6134276279	0.136040409625
-4.37048378457	0.252850373828
-24.0705122043	0.308958948415
84.0916230372	0.093882122461
15.6688514206	0.200564823865
75.2233223086	0.104164899222
4.42600851726	0.221611942031
22.0391224788	0.185785000316
37.9923487192	0.156745771822
14.3558246909	0.206024198264
34.874637298	0.160383305722
27.776043911	0.177182973879
-10.281196077	0.269349413136
65.5776102602	0.113738038954
40.1184100466	0.153962003184
-16.687537881	0.288013989061
0.120249079839	0.234278854595
42.2423395017	0.150713387285
33.9910411294	0.162060427909
29.0800840149	0.173117343763
32.1201338396	0.165079381814
20.4641629095	0.190002811875
108.323591035	0.0713903859588
58.8091443221	0.124384947806
23.0189796316	0.185331134352
-24.0874940439	0.317941511418
5.23465613009	0.228153621875
33.4992161167	0.165267493475
-11.4583465439	0.266592553563
15.4893006172	0.203597806045
24.6468641925	0.179679193992
-12.9633839468	0.273813991346
24.9809901966	0.178154960733
24.651125071	0.179672298921
107.466464567	0.0722476142828
4.44124658977	0.23042453914
118.31683799	0.0635421114976
17.19614435	0.198611690698
-12.9809787169	0.279919659355
55.9205034693	0.129270109815
70.8777825525	0.108113603919
2.8072521343	0.234555697807
20.9225723006	0.189363872069
2.52870736234	0.234075554297
-3.26208374791	0.242358601531
105.638751554	0.0729672043365
85.1923689158	0.0926342993455
49.1557106289	0.13847940767
19.3239693016	0.191833188623
-9.63813123494	0.268037184642
27.9869978874	0.177062008011
49.7236103659	0.138541691311
17.4583796703	0.196604634756
-9.10026342619	0.268509077403
69.1755592527	0.110667695741
39.6791598611	0.155086411618
25.8852134454	0.179209557662
-10.0793630087	0.268633642855
-3.90659163543	0.253166258469
52.0135213397	0.135054266875
18.8792737099	0.190697626458
31.1568625821	0.170666469707
31.9387117523	0.165952553741
-24.9824301246	0.318099008355
82.0542527331	0.0962533958766
29.4551659723	0.173499678571
24.5579035582	0.180420658577
39.1651418143	0.153825206949
32.4053222548	0.167092131468
28.3472632184	0.175713208481
-12.1428813533	0.271842880294
82.5200397228	0.0955453285451
31.6992607697	0.166162575179
29.8930552173	0.168354506669
90.1407657448	0.0879864039571
10.9306861483	0.208624954736
30.4342499949	0.17036248062
22.2673809948	0.186664802844
84.2035805912	0.0928089402807
4.57930705986	0.222976647451
24.3512663082	0.180483167429
42.8032444404	0.149704794603
53.7687768858	0.132421218194
3.95643406461	0.225781300125
61.2697696812	0.119164546397
19.990962027	0.190024859395
82.1912698411	0.0961776385454
49.9311388545	0.137903363623
2.5792161814	0.235515966651
44.085811578	0.147233064778
20.8690847177	0.189063795438
14.2775986948	0.199956765722
70.4939798366	0.108695921715
112.044998579	0.0678339657138
-4.10395134967	0.248890439132
10.4476599508	0.207922557823
47.5199833902	0.142067140953
32.3409122489	0.167362767763
19.5781511756	0.188020527053
16.2216356155	0.201867416451
24.4816097771	0.181472967046
31.6891254712	0.166521907924
22.3749576199	0.185955559083
6.61048511791	0.221492228674
6.49217392487	0.218858002896
82.7470035759	0.0957593368291
41.2374996158	0.151800792033
20.5740056432	0.191311362073
52.2414575021	0.134761914805
80.9188108219	0.0969306366487
82.7277927093	0.0948856557164
29.1808979079	0.172347321217
27.1480826106	0.175969519277
89.5575436539	0.0883183916599
10.3739845581	0.211223396561
26.2897029083	0.175978171789
89.3949495803	0.0890781903133
1.96813949453	0.236028399004
44.2400426432	0.146265673425
40.877685859	0.152646970452
38.4171134245	0.157064048174
78.3519855626	0.100105965736
9.77451202701	0.216944479591
42.4320580965	0.150184522738
20.7576888389	0.188790566325
40.8646102827	0.149497456752
115.978750877	0.0651882425338
39.3817173686	0.155385524006
114.41384024	0.0660500339937
21.761871703	0.189557894464
72.5346651184	0.107583744295
92.4653330738	0.0861338329873
32.4286010249	0.16799430939
87.674858577	0.0904501996314
11.6383080483	0.207492534372
100.740361361	0.077675472472
38.3946002369	0.157183336107
99.0180896282	0.0793436050873
14.4297243086	0.202365831236
79.3107147514	0.0995867315965
71.6085879793	0.108395421303
15.0968618623	0.198387100818
21.9005031518	0.185779677656
-2.38468517517	0.248410829892
18.317955628	0.19340345876
56.3091951544	0.126434518025
69.7093669825	0.111016302974
71.6789160183	0.108520073591
28.1903729176	0.172146086953
5.19381682579	0.223234266896
27.0647523699	0.1757756497
61.9522789038	0.120914618063
23.0852609486	0.183498951942
67.3765257899	0.11103853065
75.6877117631	0.103836691781
98.7698795103	0.0784416835113
92.335484286	0.0845962267538
32.2102482663	0.166252286909
5.34140120332	0.224013429603
58.4900274697	0.123042808359
9.18509629052	0.211174729059
106.173352026	0.0722475386635
93.5780886875	0.0829147804754
120.852015829	0.061602006598
102.266401687	0.0771182310042
67.5407427725	0.111027699836
33.6026022897	0.164312114975
76.5744646564	0.102906114143
24.7193174991	0.181034018927
110.559596377	0.0691308815964
85.3798503731	0.0923071948468
72.3639224351	0.107538666151
132.223300586	0.0544996200533
80.5898383775	0.0972026124792
20.5004462408	0.189767899092
82.2027277782	0.0959061262618
120.469282493	0.0621422508535
35.4134333497	0.162052225753
39.1383786354	0.155997525748
84.4953376403	0.0917311871219
93.5828876177	0.0833097259276
43.9102853512	0.147643612653
90.6700894484	0.0872833356033
87.6280619195	0.0898351162551
128.675749485	0.0563190670379
32.1090962149	0.166142012444
124.524908557	0.0588491083855
116.657196984	0.0650629986331
71.2506235289	0.109105477708
45.15255775	0.145642798308
11.8985871103	0.206352083557
66.3383606387	0.115078766296
41.9399766585	0.148582949804
30.037898904	0.17135112187
44.5918788738	0.145738640355
84.5277442219	0.0925183124371
12.2139254678	0.207826929545
47.5674453933	0.139320217107
68.7332869701	0.112213534809
81.7651674022	0.0954053478909
23.5152324928	0.182687992187
54.4423891404	0.12896638582
48.220469532	0.140813022587
37.9715282509	0.154602826536
42.9739772714	0.14614293218
83.6095030529	0.0951413807496
52.3205249948	0.132088834275
24.7226030379	0.179532222353
50.6779182756	0.13417653024
37.0554700112	0.155862915215
80.5681601773	0.096426691682
86.0036392011	0.092268234461
42.9350696091	0.147941557788
35.9218192479	0.161456118059
102.615695992	0.0752994532485
97.7252110298	0.0795814987157
87.7287565443	0.0891561054876
116.84590871	0.0640983377142
74.433109394	0.103371122896
57.713065685	0.124318399215
42.2976901452	0.14826100639
35.0714811896	0.162886679885
117.679531741	0.0639109573798
21.1146530771	0.187355958556
90.7733081233	0.0858107490694
20.9162533577	0.189524470506
24.5367474466	0.182833510304
50.0488961082	0.137411019757
77.3258778233	0.10192844301
33.8709405415	0.163937857117
72.4601996167	0.106932895233
65.1777620294	0.115183809882
78.862491612	0.09889282274
99.9680828343	0.0782754569848
69.7106212104	0.108203774059
39.1730732072	0.154670243795
54.6449477544	0.129058026193
35.4428703153	0.159501020203
63.7998520087	0.115998822056
93.8062571359	0.0828437169971
57.7000494224	0.125221739722
63.0282035546	0.118924646506
127.14853931	0.0573798209873
112.229665959	0.0681000280169
111.108082983	0.0696583901192
60.056204462	0.123062399081
87.9278116158	0.0891043828966
33.1325697518	0.165516942285
71.7518964882	0.106422078402
89.0660926331	0.0889745908447
61.3202246068	0.120246891086
50.5146162767	0.137261788897
94.2631225392	0.0826986724588
81.8540030997	0.0948258465706
23.9738719398	0.182204452539
4.8488004236	0.225156315423
56.7260310309	0.127798725007
129.537645354	0.0557350112671
124.211958985	0.0591820215828
116.218699754	0.0645642366395
85.3503884635	0.0932479022447
92.3397446659	0.0858037957246
114.953318934	0.0660443610904
25.8997578355	0.179051237865
113.371891639	0.0670520964753
51.8314399954	0.133780423986
78.8357597079	0.0978125736932
85.857427858	0.092129503096
35.8581393885	0.159471679121
97.9776442705	0.0801604377203
80.6468822209	0.0961095274932
88.1979115148	0.0882384748929
88.1627154326	0.0885868017088
32.507612795	0.166082753715
85.21049166	0.0929858854233
77.1801833522	0.0994868727562
47.0814881607	0.140695119565
132.715925374	0.0538955035302
78.5543222938	0.0979515950168
115.337410898	0.0655060390118
59.1854106754	0.123689709317
50.7350518019	0.133997076837
75.5598796304	0.101307881624
43.8988349458	0.14468940599
19.5258024422	0.189007301076
102.388839536	0.076812501372
30.5776156034	0.170807843197
66.5221309175	0.113688584789
131.737556235	0.0549300716061
90.8209902865	0.087653974206
95.808493343	0.0827803451857
108.281379949	0.0716407820103
87.4041385128	0.0911364073891
100.534560448	0.0786143607752
101.77247964	0.0768742065167
86.4075818098	0.0921387860271
115.113226967	0.0666213852648
108.999318557	0.0714086879538
73.197704556	0.106394434914
116.508765931	0.0655755408622
130.81245105	0.0554241927252
52.6630172592	0.132877385579
141.724197488	0.0488651042364
46.3228033833	0.143296494238
72.5635217644	0.10686632522
62.1228210088	0.120305387109
84.7491824569	0.0917748082902
70.5375987446	0.107731945356
42.0540232186	0.148938472928
76.4867933326	0.10197056938
67.9693634619	0.110126864341
42.7086799427	0.147827401256
57.1712114064	0.123946092687
68.2155953178	0.109850505319
67.1406655764	0.113818225209
78.843965814	0.0999582657225
91.805707596	0.0866036876843
116.416133227	0.0655996213001
78.9603364635	0.0999976602282
107.344295209	0.0727275271747
37.4738548847	0.156948711624
70.2391493554	0.107396914416
57.8192094553	0.125536108379
32.1559619042	0.165746312514
131.456374984	0.0546768611842
98.7046554035	0.0790193981002
74.2164749237	0.103582264937
69.901537683	0.108697903686
67.7604282005	0.110297700726
107.767097635	0.0722651057988
82.8328750286	0.0937480739899
56.9846067296	0.125688456298
77.431654471	0.10187877276
137.446827216	0.0512724149837
94.797413504	0.0818507797987
63.6550770538	0.116405050313
108.81886613	0.0714886990559
66.0395073494	0.115589615054
65.9488265793	0.113938393023
80.7606822191	0.0977788504464
50.5098673456	0.134951371546
79.2805172557	0.0975745922133
44.8681804546	0.142979867961
55.150177428	0.12938029023
96.7895846602	0.0803590168929
67.970708934	0.110375153433
29.1424832593	0.171918221831
51.7363211479	0.131972079033
67.2850117158	0.110968573444
118.990919317	0.0635917907677
77.2483449755	0.0992810710947
50.2648209525	0.137038738214
49.407445512	0.136981234455
44.3792698835	0.143331544478
62.9756671995	0.116365249771
100.643778655	0.0783286851961
70.0044881451	0.108090097482
58.7001086332	0.125383705672
140.668048452	0.0495351900771
118.44747874	0.0631512340557
77.7397200111	0.100175238533
63.8322149235	0.114741455048
82.8203442746	0.0938446769221
60.9912659556	0.122085303757
59.7222598592	0.123733619324
65.4187523028	0.115657182953
78.9479052455	0.0986357062391
89.7036609302	0.0868670374181
96.2176991677	0.0806245472791
108.007270763	0.0708197647464
90.3995773424	0.0862193414102
72.5268247897	0.104586059379
48.3609846629	0.138222355047
111.320788749	0.0692709708405
46.039719207	0.140350423062
23.568994606	0.183115904043
44.7601919098	0.142199622382
75.7623620697	0.101135255084
34.0675696208	0.16389789359
111.962805824	0.0678132371347
67.6685752606	0.110350557333
97.3466745453	0.0795954916718
68.6061739777	0.112182224598
88.2260950646	0.0902456555215
67.4711402628	0.112902010711
116.462439573	0.0655361385977
76.7451594881	0.10090066508
136.008879653	0.0520034069858
42.5413289846	0.148827299811
65.9212288084	0.113331687129
98.6502608967	0.0785042874228
123.747603028	0.0593704329313
93.0454228947	0.0836140793146
70.9559431062	0.106304424187
47.1713797789	0.141635384238
99.1555675525	0.0789564428042
96.3716020885	0.0805768904718
57.6908897134	0.124485597105
76.1268119815	0.100509500746
112.76581475	0.0669656788882
74.7368076569	0.104272099127
90.3661403464	0.0879926213881
54.5431724871	0.13022408398
123.40685399	0.0605050050023
66.9958370481	0.114030554792
93.3189846475	0.0850140225497
120.508828173	0.0625724122276
50.1663144422	0.136419756022
94.6692639045	0.0837051460609
99.4037884482	0.0786793800752
69.0626251971	0.109306978707
137.444997547	0.0513981011107
65.4444270476	0.115391874076
85.4893528988	0.0927957323422
59.7870132043	0.122675094275
81.3277021628	0.0974353320757
59.0978950178	0.123629661408
34.7764680386	0.161774436213
95.7402802475	0.0822607522449
99.5345065569	0.0793414505637
76.24422743	0.100137594292
118.918326749	0.0636732853111
64.8246619372	0.116950266593
65.0231352001	0.116593758925
75.5302821002	0.103653154391
110.218816865	0.0694140525667
89.1562995219	0.0874604150994
77.5654251625	0.0991498099443
100.222202461	0.0787515642918
95.0565944154	0.0835713064014
130.206012552	0.0561278133511
72.7829205166	0.1048965267
108.643389636	0.0707161874574
71.6896690048	0.108574555282
75.7329021154	0.100609287076
83.6503823826	0.0930248441116
145.935590997	0.046647631738
155.124049987	0.0421039362755
85.9754720172	0.0904927696267
72.2217813284	0.104610503861
69.4896567918	0.107545100938
87.0826600741	0.0892503554234
99.1022482595	0.0798477421456
81.3886486258	0.0953180098762
145.687200642	0.0470667836563
88.7143937941	0.089451236684
83.3105068631	0.0953931817751
95.0754811016	0.0818156678135
85.3969507728	0.0908890624221
77.1017131055	0.100163803332
102.068992644	0.0772091904686
105.583110539	0.0729689292497
89.4917296083	0.0887441306212
82.5616662238	0.0961741728587
102.580695249	0.0756479097843
81.7812446018	0.094563884411
62.1172302882	0.117292198923
131.324372213	0.0552515553119
122.554191705	0.060780422657
111.086476225	0.0695840258331
75.8315816177	0.101257165108
99.1699785666	0.0795723310799
98.3984065006	0.0786777347873
146.127983105	0.0467591815267
86.0239936748	0.0904536060803
100.748541833	0.0766922038609
105.574860234	0.0732558378624
111.679621075	0.0680278996298
96.789687021	0.081589805466
92.2532032479	0.0845674649568
140.43526198	0.0499656528667
128.50568397	0.0569358231742
100.307453492	0.0787152709816
76.8710172181	0.0995292482672
155.118513312	0.0421646128585
130.039042819	0.0563169555101
115.116261679	0.0658119788969
73.6824717359	0.106188349035
110.239407557	0.0704800838222
120.513375385	0.0620043859147
111.070583295	0.0694878146983
84.7317780405	0.0917129488235
137.76628181	0.051531050407
103.530763038	0.0759112916427
129.486981863	0.0565192275764
85.875992391	0.0909240338296
85.3766309332	0.0929947913935
135.454248584	0.0525440018545
145.989705514	0.0469841649851
80.8478895951	0.0954838639141
128.243082571	0.0574381931851
85.0669416819	0.093274841008
86.2979117139	0.0902830702731
66.0827541746	0.112941076628
57.4152269939	0.123523970848
72.3944279246	0.104140060786
124.213515012	0.0597246955388
151.432176503	0.0439423879676
146.322908871	0.0467016081338
137.9374857	0.0513446711523
87.1600962031	0.0895057137671
83.122611672	0.0933810454045
76.4525289876	0.0998124982545
75.9078908836	0.100754825674
97.1587138747	0.0815381611048
163.993230057	0.0383298222953
130.287701581	0.0560333848239
156.218208072	0.0418602457719
119.756488983	0.0630204596877
111.783384452	0.0692387856457
155.271135092	0.0420917349537
108.810260233	0.0714604559994
159.117238686	0.0403179722883
72.9327783109	0.107029657532
105.363949969	0.0730180821909
83.8331442858	0.0947413307485
99.2433958094	0.078608606245
82.8052605182	0.0955936538837
88.3178700916	0.0883859314041
97.1287791592	0.08035108447
131.05767887	0.0553796447401
84.3467717136	0.092376779144
129.158327776	0.0561977808929
116.943623639	0.0645293509307
110.821661419	0.0687095554817
123.568520907	0.0605302192773
134.43157346	0.0530044276206
86.3214906309	0.0919455033894
100.700077715	0.0770736813062
87.7840265618	0.0904784040838
86.3280951974	0.0901404388783
153.914629666	0.0428592968173
111.299222382	0.0685971032415
116.310174809	0.0648797518091
92.5199211443	0.0860693988872
123.023549588	0.0602013617798
124.845413043	0.059770696047
141.303598228	0.0492510201192
107.515924949	0.0727043062258
142.252792316	0.0486650990614
98.1747868522	0.0807900805146
140.926121916	0.0493898442786
136.569387494	0.0523563081585
152.401010927	0.0436053314594
117.676596255	0.0648219128379
127.667439867	0.0573644887828
136.344284692	0.0524774059995
134.607166986	0.0530416108618
124.309467112	0.0601468127016
159.839972441	0.0400606634195
99.2076101195	0.0796972218543
162.358614009	0.0390572129716
130.507191368	0.056050191041
139.612395689	0.0501518252952
139.031385141	0.0509295226293
141.928468096	0.0491418667471
152.350089187	0.0438320007979
148.016668578	0.045672894518
172.907484727	0.0348058479579
121.638870297	0.0611362921108
145.215620269	0.0475002221045
139.444582739	0.0504090039616
153.470020744	0.0433136640317
158.994346507	0.0404740499035
120.398398587	0.0628631201818
164.903745689	0.0379449569414
101.1893171	0.0781489150645
165.77479925	0.0376055449844
124.770339851	0.0598118512726
144.461199418	0.0476104892353
137.076208459	0.0520715840317
134.679151998	0.0529856130866
122.316583472	0.0615735360339
166.313372152	0.0373517263148
113.073102461	0.0682594984502
142.948222786	0.0486239126256
172.856109788	0.0348700436305
143.636206491	0.048008648488
177.937680636	0.0329416960155
127.661472123	0.0572961115423
158.15426305	0.0411417290493
154.495333124	0.0426526860465
150.339644189	0.0448778099806
145.948946202	0.0467888055757
175.521793287	0.0338680643878
121.652974357	0.0611740443995
153.604718608	0.0432582185278
151.951393597	0.0439217676538
180.26323718	0.032106082721
156.450617593	0.0417678447281
120.705324264	0.0626607223908
179.802437799	0.032244588033
131.231321582	0.0556139182018
143.518526254	0.0480800465455
142.284222551	0.0491423031422
154.605401315	0.042502997843
136.598664446	0.0523551031661
143.942115124	0.048142098537
172.110047685	0.0351361514199
151.978432018	0.0439035498386
144.50988643	0.0477885302144
162.790357983	0.0390198146355
149.648208049	0.0451389203521
152.593669544	0.043542472289
179.558534611	0.0323755029735
130.250966374	0.0556207810694
162.176886216	0.0392350897681
159.685503887	0.0402984077293
176.572513662	0.0334665134726
148.289061169	0.0456931645866
177.49719191	0.0331301961927
157.239191279	0.0414071511451
181.474610694	0.0316725884923
175.549232599	0.0338338177006
153.357049192	0.0433928396677
182.926223989	0.0311643157326
162.84915899	0.0390305607102
156.289257106	0.0418097477983
177.624281827	0.0330633513925
145.462486002	0.0472898871685
159.975343931	0.0402059826573
167.971994817	0.0368243985991
166.68885273	0.0373425638949
175.08647809	0.0339953968679
144.886549555	0.0476226952431
177.693510803	0.0330381273946
160.220064403	0.0401250965972
178.697349945	0.0326912528286
158.938499322	0.0407068420926
167.958723947	0.0368528123416
162.482724508	0.039181546183
157.280008115	0.0415221196684
180.217380063	0.0321344660161
141.441646402	0.049525813993
169.741985275	0.0361276394204
149.199637136	0.0453929508465
176.520005758	0.0334716570829
151.343807586	0.0443389642536
171.237342957	0.0355197974136
170.342819302	0.0358909404381
143.032618449	0.0486909731603
167.663457472	0.0369714551627
149.726218386	0.0451970318866
146.754814385	0.0466953584692
120.379754597	0.0629307996129
128.066117041	0.0575823700821
164.358277588	0.0383189447946
147.613768922	0.0462414584103
155.303584554	0.0423689049879
137.921435046	0.0515631900147
166.915644914	0.0372313553819
153.411494962	0.0433430330844
150.852187571	0.0445835287995
140.612435157	0.0500348998323
124.086330679	0.0603093791379
158.044696505	0.0411569446561
127.642380777	0.0579284984273
141.987069271	0.0491230277746
128.33933753	0.057471102181
135.885167748	0.052602396889
132.902236985	0.0545982980199
160.104495013	0.0401339140601
124.569493358	0.0600108649607
175.696297643	0.0336919578728
114.755160636	0.0670503436916
165.027991175	0.0379232243651
118.061821418	0.0645961993276
158.52288233	0.0407862085448
121.145809771	0.0623689556014
151.447205653	0.0442404380221
124.515853404	0.0600692566503
146.631951819	0.04673111334
136.12985672	0.0526816713834
139.844567047	0.0504817923831
125.834288278	0.0591834712621
150.765756482	0.0446627453652
112.611759682	0.0686991372286
154.493543217	0.042835151922
105.73400555	0.0742015165967
157.823446989	0.0412211633813
113.223671739	0.0682591268852
155.087106854	0.0424469364599
96.2690982177	0.082590140443
170.404856557	0.0356894309022
115.641455267	0.0663965932153
157.790820831	0.0411528190225
137.135181723	0.0520297944815
152.809158277	0.0435514992647
134.265620057	0.0532182322515
111.726100318	0.0694499722827
177.343049315	0.033081235173
100.496223651	0.078794888292
166.163676471	0.0373528525997
122.545422006	0.0614121437772
167.732697057	0.0367301218062
143.119375814	0.0486260286336
149.975462774	0.0447072040738
116.647050536	0.0655800923063
151.754920074	0.0440891398465
141.284846564	0.0493910294017
125.122630184	0.0596561917534
149.792361967	0.0448870114739
121.203615303	0.0623517369861
144.942347695	0.0474305669743
125.609025395	0.0592742049516
140.392223187	0.0499113558324
119.158842036	0.0637072982941
176.893481222	0.033164060238
117.191499362	0.065243310826
161.747908645	0.0391424419741
129.885866083	0.0564797243103
174.180799563	0.0341775546873
126.862591096	0.0584429924035
178.854342349	0.0324294011979
124.723717397	0.0598866185223
176.319298321	0.0333655515244
132.053712411	0.0551625420151
159.776050621	0.0402535235562
142.661083968	0.0489160455705
151.133589399	0.044224345592
137.184465099	0.0519919629339
157.649767206	0.0412172735766
135.375194374	0.0531199779737
141.278084652	0.0492223871534
172.810856601	0.0348397151856
169.545652237	0.0361600620886
178.335096674	0.0327386374471
143.886502308	0.0482540948264
151.065392625	0.0443813770848
145.784878822	0.0472439299313
165.096933128	0.0378859435347
130.666728633	0.0559640881793
156.908230296	0.0414685220816
140.970927569	0.0497986765192
175.829635561	0.0335917387919
149.735355906	0.0451803125507
152.467351165	0.0436499919848
171.284625719	0.0354522245665
164.558065719	0.0380340828773
142.133547074	0.0491536549849
172.487255471	0.0347884703959
150.816328609	0.04452662221
154.052395111	0.0426593973721
165.295278759	0.0378874035772
166.258464453	0.0373072621713
152.183154773	0.0438664228801
166.03183396	0.0373913797145
153.855911106	0.0430556657893
147.229770334	0.0460664282932
157.927519554	0.0411247688107
145.606960831	0.0468851350411
170.46440421	0.0357167869238
160.728934683	0.0396185265153
177.865440565	0.0328734863319
165.774888128	0.0374739403064
163.914072913	0.0384090354142
144.467104388	0.0475142015794
171.310677251	0.0352781748586
141.772456439	0.0489606619389
174.212484155	0.0341745313117
161.860728413	0.0391160979568
162.900493528	0.0388096123082
170.205287909	0.0356999847987
157.030094994	0.0414445974185
158.896294595	0.0404241639467
162.700721643	0.0389217339302
145.436780611	0.0469748242895
174.06660652	0.0342301154821
157.476650783	0.0410686425263
169.441109425	0.0360897986557
156.245615589	0.041731709081
155.965602646	0.0420083904962
157.79786005	0.0409186893479
178.016785497	0.0327729580224
148.529225446	0.0454862239911
159.8858698	0.040042585881
154.42454349	0.0425619985635
162.192217355	0.038974394331
163.839335183	0.0382814357819
171.713043522	0.0350939793926
157.304401413	0.0411472971253
171.143550009	0.0353084661053
150.524348511	0.0443989835266
165.180788843	0.0377074942668
163.261560632	0.0385692186357
157.265238847	0.0412985723061
167.260053508	0.0368832211988
172.744351572	0.0347044640472
165.058885854	0.0377460949828
175.536089542	0.0336430054242
155.77080036	0.0418656402428
161.027652037	0.0396026149266
174.856863178	0.0338814098673
171.973407896	0.0350390414854
177.641400783	0.0328594834737
172.451761354	0.0348509950628
173.652313919	0.0343381448221
165.511915907	0.0376809705996
161.994277777	0.0390755223821
175.40668642	0.0337009459859
162.165285118	0.038982191167
184.088684333	0.0306239851334
172.861968838	0.0346276353583
167.123010079	0.0370920990673
175.453384666	0.0336605425628
169.205777493	0.0362255299763
162.363275896	0.038905753311
171.043849755	0.0354559798286
171.239675367	0.0352476585344
183.724356834	0.0307640150211
172.393197805	0.0348059291112
166.453669523	0.0373452107631
168.792567826	0.0362580916612
171.222140077	0.0353648586843
160.292500774	0.0398082441976
173.591502152	0.034408492502
162.475774209	0.0388952820977
185.91116606	0.0300074892563
172.569222507	0.034719851162
174.265354977	0.0341900438131
160.372031665	0.0397518775155
176.32214567	0.0334042818598
159.341187355	0.0402167318272
178.653024935	0.0325709770497
178.89334525	0.0323876527397
175.456094154	0.0337707240211
178.501704645	0.0325293688184
166.94199504	0.0371430116875
173.683428785	0.0343515397766
175.024900724	0.0339000242386
175.227296862	0.0337187434857
184.350656872	0.0305599276773
177.816333796	0.0327793212703
176.781511818	0.0332934146039
174.557033816	0.0340426644487
169.164812691	0.0362668291399
172.143338305	0.0349457897084
177.750609597	0.0329308972141
180.791259246	0.0317331345359
181.189007091	0.0316951299857
184.853211772	0.0303367425599
167.253784322	0.0370341218255
182.887832424	0.0310091640738
170.348724945	0.0357690977697
169.018011327	0.0361843023275
173.218019302	0.0346321437101
176.277191685	0.0333728353627
183.191436286	0.0309749999678
184.137012899	0.030573570901
166.875082571	0.0372017967898
184.274000309	0.0305271187589
178.499467194	0.0326529877228
185.812376462	0.030023737526
182.574447862	0.0311994079571
185.883930388	0.0299975208314
169.54311425	0.0360649789375
180.638413708	0.0317822976149
169.536631004	0.0360982055595
181.591355318	0.0314534244157
184.280608451	0.0305876731775
182.180748507	0.031262667226
176.233691109	0.0334722399167
183.174377756	0.0309407304231
167.836690677	0.0367444451607
185.965182938	0.029985586027
178.774640241	0.032515449874
172.869000646	0.0347086123352
177.774176344	0.0328601980307
184.053840016	0.0306258126758
180.015460388	0.0320459105854
180.671118533	0.0318187177779
176.295084268	0.0333998894947
177.908106299	0.0328515297113
174.824843855	0.0339204882651
156.308986573	0.0418340409184
154.864996919	0.0422983305741
173.342205201	0.0344485182283
171.879855851	0.0350404951066
160.082754643	0.0400894340014
167.7366856	0.0366277534259
156.58463344	0.0414804512896
155.562055557	0.0422519054861
169.219008773	0.0361896311863
178.343365742	0.0326722494167
165.352401934	0.0375834541623
171.87015776	0.0351108326219
176.967440831	0.0331932130694
181.310739157	0.0316196406148
175.8943218	0.0336021600589
157.187703285	0.0411361351951
172.691946346	0.0347993293176
176.540676651	0.0332525413685
176.083120021	0.0335164551476
166.722765444	0.0370342955011
175.894387745	0.0335806069931
159.29140005	0.0402758385516
169.818951263	0.0359782390031
177.703190745	0.0329081843957
164.484077306	0.0381935495483
176.579311527	0.0332719787257
176.747877799	0.0332673346692
180.987743913	0.0316993044015
169.591173601	0.0360237864185
173.355157533	0.0345021519786
174.985882904	0.0339118403069
172.463433743	0.034801435819
161.142435462	0.039673904433
165.907259804	0.0375620726652
178.568498016	0.0325424906022
180.288779834	0.0319135014668
179.16747232	0.0323427495274
179.596441805	0.0322143309882
181.261804573	0.031600275406
169.459317049	0.0360014521174
172.330345832	0.0349235356619
164.049378781	0.0384017483644
172.72682717	0.0347792058079
178.601591467	0.0325223212783
174.30950555	0.034062722398
179.390583501	0.0322918835461
180.097474087	0.031922575404
179.48602793	0.0322783617523
164.718860196	0.0381017814313
180.379809167	0.0319905888058
176.733359693	0.0331428794503
168.228779063	0.0365825971053
173.584301112	0.0343888049147
166.289680331	0.0373179587322
167.096510299	0.036816411219
169.267916461	0.0360651803114
171.721234057	0.0350997964549
179.06382983	0.0323617717162
176.774535683	0.0332303002679
180.529892404	0.031875781833
179.621934981	0.0322248307962
177.394937637	0.0330413166553
169.674042681	0.0359961297556
182.120907786	0.0312964807415
174.519280969	0.0339759037076
178.286098082	0.0326886906535
170.901536256	0.0355246087121
181.755315911	0.0314143666088
180.756134527	0.0317844124812
181.645893706	0.0314870079013
182.152741523	0.0313233427392
174.791114608	0.0340255143558
174.305123741	0.0342182848437
179.077964849	0.0323958498699
176.91725635	0.0331682091089
180.31489163	0.0319679401759
176.723462883	0.0333008489758
170.370383708	0.0357748312985
174.655015217	0.0340688438403
169.165579924	0.0362210850444
178.621175795	0.0325919748117
172.558325241	0.0349065910666
173.041824134	0.0347157870971
179.153493482	0.0324215309819
170.109268024	0.0358716111182
168.638651716	0.036476094828
170.817952682	0.0355891898326
173.797075685	0.0344387897311
176.430453686	0.033412771043
169.889053182	0.0359533500507
178.156312095	0.0327735988767
169.87079746	0.0359728970211
173.362831786	0.034574146845
177.23491171	0.033125433672
180.51955457	0.0318733396621
179.252506566	0.0323413355305
172.041820551	0.0348838089601
175.473340352	0.033662174368
183.091948132	0.0309598012798
176.011680673	0.0335774814954
180.711431636	0.0317941813728
181.499228413	0.0315467072431
183.633835171	0.0307766297427
187.758323699	0.0294002587336
178.961397018	0.0323991048729
184.023627831	0.0306708027887
186.575688768	0.0297898857805
183.62968634	0.0308209076348
179.281989604	0.0323115001434
175.956385608	0.0334917879519
184.776953423	0.0303776982038
182.984206345	0.0309899031305
184.652521843	0.0304520473923
186.680099791	0.0297705591276
179.214823642	0.0322738004832
181.852244925	0.0314356497993
181.901525405	0.0314068570972
188.898295508	0.0290403496202
180.701601675	0.0317601159941
179.078364794	0.0324242875331
174.869803742	0.0339706464565
179.923589736	0.0320923063038
179.070537525	0.0324274034764
181.833126535	0.0313586398162
172.762680823	0.0347823772925
177.85965933	0.0328145126898
180.029750594	0.0319765144199
174.49593522	0.0341011906401
185.289442881	0.0301944615403
175.523873762	0.0336062628197
178.51509607	0.032577929915
171.929104895	0.0351375857708
173.096731028	0.0346675678945
162.281503519	0.0391739405795
184.058356825	0.0306511782889
188.940404192	0.0290279494181
181.80231356	0.0313673023466
182.314473716	0.0312064613406
183.523587634	0.0307985384757
180.569388468	0.0318473607146
191.07193236	0.0283179415162
189.116204866	0.0289546245463
185.282722754	0.0302091154638
182.347170041	0.0312187858475
188.066935964	0.0292997163806
190.077280839	0.0286648839327
189.913787187	0.028701219074
182.368201089	0.0312506489183
183.902074715	0.0307261379242
188.742159674	0.0291121246677
184.151793307	0.0306355545663
186.342789165	0.0299063571978
183.477790682	0.0308758438644
182.603398472	0.0311851308533
185.755181411	0.0300989801018
185.82518527	0.0300771564
180.161260577	0.032055725745
178.808653791	0.0325483906826
182.710454564	0.0311602975196
180.161318762	0.032044384747
177.296121228	0.0330917101479
178.137386369	0.0327789853774
179.915458429	0.0321458585404
184.037938779	0.0307039144231
181.861540717	0.0314446842446
177.448268545	0.0330446297716
183.746857325	0.0307971628634
179.828467697	0.0321785814957
180.665309773	0.031854800809
182.188527196	0.0313282710821
183.638522751	0.0308151795343
185.841281484	0.0300491333965
187.829243467	0.0293981482378
183.278845507	0.0309066762029
190.716766636	0.0284716742293
183.097726654	0.0309780787519
192.848452996	0.0277780550639
188.751128246	0.0290767332501
188.94982794	0.0289894370163
182.799504382	0.0310725221676
189.318206907	0.028845884748
188.235500022	0.0292534365145
186.141549167	0.0298919890149
189.545897863	0.0288319673095
188.539124374	0.0290958881888
185.108453885	0.0303130328518
184.161561229	0.0305452639354
188.836250578	0.0290735658594
183.707608567	0.0306657234816
187.525011217	0.0294958455986
186.044492033	0.0299050241556
186.774133696	0.0297360230601
177.548018465	0.0328786066907
180.13246645	0.0318652635268
185.806749291	0.0300826661008
179.252434758	0.0322915848769
185.510630895	0.0301220298661
181.138733157	0.0315271966676
183.582090282	0.0307941156484
184.475874426	0.0304025598343
186.216442105	0.0298845881488
180.643328311	0.0317410603338
184.32993673	0.0305172668797
184.214777064	0.0305162665113
184.545423368	0.0304613032168
181.898000507	0.0313439697664
190.122438131	0.0286289720841
188.060513212	0.0292617437182
185.756287278	0.0300529605456
184.950870757	0.0303134908198
185.410049907	0.0301528967673
190.361113061	0.0285647896916
192.297055581	0.027949040415
189.322554875	0.0289010535123
186.400550022	0.0298759770599
190.361777161	0.0285725034929
191.864543378	0.0281055952218
190.655859049	0.0284966974103
187.636795325	0.029470153154
188.267996742	0.0292705394166
191.217032278	0.0283128360558
189.917225439	0.0287158147707
185.876496502	0.0300584663379
187.644105999	0.0294708320469
190.995529545	0.0283949100706
191.842113778	0.0281080685858
190.317229273	0.0285842784179
190.229362872	0.0286104110127
190.207370215	0.028617245511
191.967123426	0.0280536874798
190.286908603	0.0285869060635
186.744013184	0.029757459398
186.82860695	0.0297386157382
192.040885388	0.0280517381557
192.431626522	0.0279074650542
187.776171817	0.0294025690237
189.082569352	0.0289420918908
192.530418712	0.0278922863529
191.505583278	0.0281669570151
189.952164774	0.0287081957996
188.185173763	0.0292292905445
187.469410344	0.0295223311151
189.849562724	0.0287018292779
189.946693838	0.0287225457121
186.379534349	0.0298127623239
191.003916959	0.0283714806248
189.567244209	0.028794791524
190.253213954	0.0285989077977
187.954961583	0.0293317414117
186.90671277	0.029721380498
190.508210508	0.0284754245446
190.370862141	0.0285634456179
190.334547386	0.0285559628964
191.090479914	0.0283190073658
190.967028334	0.0283603713816
191.050350221	0.0283476926469
190.575434962	0.0284868428754
188.344859195	0.0292287463734
187.086880939	0.0296351179831
192.922438593	0.0277659926983
193.404545654	0.0276171060166
190.160904304	0.0286339013054
192.075253873	0.0280417291311
193.110064181	0.0277185414126
193.871837917	0.0274823621983
190.564097862	0.0285277728841
190.366254017	0.0285951106582
191.498240825	0.0282438379394
192.661688791	0.0278718655994
193.063881064	0.0277410387356
192.108365405	0.0280542905754
193.359217363	0.0276664334703
193.734418601	0.0275437289231
191.049882583	0.0283890494391
189.981141081	0.0287387178095
191.688846873	0.0282057517704
193.077615458	0.0277613577577
191.296332951	0.0283054993737
192.400351009	0.0279693892379
193.764149762	0.0275434279045
193.592425945	0.0275746356237
191.04598272	0.0283793531124
191.735707516	0.0281614127068
194.21721756	0.0273972204787
192.606888235	0.0278832692449
194.383723278	0.0273385932095
192.738556062	0.0278465865835
192.385681391	0.0279437318181
194.017510423	0.0274437986382
192.42759343	0.0279271445667
191.637739559	0.0281885712881
194.711307975	0.0272333561215
194.158696026	0.0274150727724
193.45061701	0.0275978648808
192.866812999	0.0278170017962
193.521628062	0.0275914236879
194.458754497	0.027307931705
191.595808812	0.0281837578876
192.611325613	0.0278786271271
194.198560269	0.0273801761228
193.900442002	0.0274907539975
193.151772747	0.0276883825392
193.976053034	0.0274515599011
194.768752347	0.0272142741205
194.382741245	0.027326656931
192.357542225	0.0279522469576
193.46430119	0.027610669932
195.0300952	0.0271249086421
194.270138071	0.0273740982611
195.511365909	0.0269912137154
195.665724359	0.0269589789139
195.855964644	0.0268960879644
194.350888173	0.0273529384997
193.294327672	0.0276820056069
195.935476756	0.0268901189241
195.218238112	0.0271142144313
194.526827915	0.0273036952867
195.62968156	0.0269814609502
195.851702323	0.0269084331705
195.540931324	0.0270049949011
193.279472815	0.0276871884788
195.649281561	0.0269524772213
195.527863501	0.0269926458261
195.367869909	0.0270524242341
194.458569024	0.0273147823074
194.854061217	0.0272022303768
194.41908647	0.0273296868238
195.564563801	0.0269912358464
195.695341508	0.0269484904723
195.399861596	0.0270280423709
195.604348471	0.0269882858825
195.560474668	0.0269827025282
195.883388508	0.0269046896286
195.865742053	0.0268995730436
194.274616756	0.0273805095439
196.503766023	0.0267217601281
195.023341085	0.027169178508
195.175770143	0.0271140968319
194.725617742	0.0272698546677
194.548185816	0.0273096116584
192.969759388	0.0277894340172
193.580657221	0.0276066946907
194.276076161	0.0274145863046
191.812686633	0.028191331372
184.762680803	0.030493595545
193.215474866	0.0277275405507
192.94798657	0.0278141891099
187.038042329	0.0297466385809
184.792408421	0.0304781687635
194.137844886	0.027437405182
192.580673701	0.027935788707
188.054058832	0.0294040541293
188.953459031	0.0290953319146
189.831823571	0.0288040361201
194.528523052	0.0273058942425
188.762049017	0.0291501291814
186.248618121	0.0299905533859
194.087122432	0.0274512183579
186.379910075	0.0299567188272
191.671429717	0.0282278516701
186.143404812	0.0300384700377
187.782435137	0.029477138161
191.646407275	0.0282196422199
184.367822953	0.0306003874196
193.396774698	0.0276473226006
185.226958793	0.0302954408592
193.813284086	0.0275073348716
190.387150764	0.028636810189
191.091422492	0.0283654823858
193.115650002	0.0277635595054
192.347156852	0.0279746621544
190.847498931	0.0284335151727
190.921945524	0.0284303868385
191.351170906	0.0282779942514
189.947290444	0.0287374423979
192.406402505	0.0279715241159
192.500352057	0.0279279806199
191.928958987	0.0281116429247
192.522768466	0.0279566873674
191.028774639	0.028397162345
192.104696222	0.0280573802965
192.330387214	0.0279939952867
193.186312656	0.0277268434544
192.596645242	0.027911010813
191.717515405	0.0281739534262
193.042671704	0.0277719293238
191.183417098	0.028343015221
192.395857429	0.0279951702366
192.473144348	0.0279385524896
191.651824594	0.028212437456
189.65029006	0.0288336870884
192.689391007	0.0278910069712
194.496605587	0.0273217919165
192.553220113	0.0279073958424
193.222879777	0.0277236533913
192.945675595	0.0278019710629
193.136956005	0.027758286982
193.034898254	0.0277806488172
193.367892395	0.0276893576779
193.240237783	0.0277379538835
192.332744318	0.028011594096
192.180817129	0.0280442866534
193.227169255	0.0277423411722
193.71462328	0.0275792581461
193.871848878	0.0275362289588
193.414975493	0.0276918257717
193.90779461	0.0275273057531
194.022702686	0.0274993027475
193.244884778	0.027728554016
192.933029561	0.0278299213348
194.438027946	0.0273690709292
194.418060001	0.0273643886013
193.403155716	0.02766737136
194.457861713	0.0273498135726
192.908097067	0.0278247362424
193.505695519	0.0276368272787
191.788075756	0.0281659185396
193.382316112	0.0276642501879
193.543686676	0.0276301837594
193.024282763	0.0277908600271
192.812031267	0.0278669847542
192.932340952	0.0278286264229
193.793760445	0.0275701180281
193.092977166	0.0277806573109
193.799137787	0.0275560755734
192.960295176	0.0278188607591
193.619838738	0.0276107935749
193.448205817	0.0276668525155
193.672689286	0.0276052200209
193.606192184	0.0276351524019
192.807367809	0.0278793508471
192.931631787	0.0278401486888
192.217764944	0.0280637928531
191.46564745	0.0283098164123
191.344969167	0.028333784456
191.669917292	0.0282322531597
191.318337272	0.028344850855
191.581588091	0.028269987105
192.277817977	0.0280609621142
192.060380235	0.0281304603255
191.006066119	0.0284609014346
192.122366907	0.0281038889947
192.142588626	0.0281029386608
191.94041526	0.0281603925189
191.566407443	0.0282804085609
192.30525243	0.0280470176722
191.822849571	0.0281988530992
192.91501451	0.0278516073492
192.391538973	0.0280252312212
193.156043359	0.0277797647628
192.494750049	0.0279878817188
192.88419004	0.0278580840816
192.756303746	0.0279007867573
192.702246389	0.0279113678721
193.287136457	0.0277286010444
193.448105293	0.0276829047503
192.957380056	0.0278316570459
192.996466016	0.0278167566633
192.915798608	0.0278466740333
193.547762313	0.0276576821288
193.710420804	0.0276060625657
193.413045298	0.0276966426729
193.193749429	0.0277603997088
193.787547605	0.0275798991254
193.556769236	0.0276568103513
193.455596647	0.0276826600934
193.427793319	0.0276859354763
194.18077969	0.0274700890063
193.880324414	0.0275580758057
194.071924497	0.0275007227707
194.05942764	0.0275056829105
193.632711431	0.0276334982804
193.784648211	0.0275837809758
193.725659728	0.0275983678565
193.509818442	0.0276570366289
193.989544733	0.027518631345
194.312579688	0.0274283325096
194.036317307	0.0275053179966
194.430971911	0.0273900270485
193.816939638	0.0275711501333
193.628183978	0.0276230316978
194.526724428	0.0273594033333
194.294558047	0.0274334813734
193.980761423	0.027529564045
194.149801399	0.02747759143
194.381743777	0.027398240659
193.922750878	0.0275347973662
194.740718529	0.0272977513824
194.219455253	0.027455176913
194.863823042	0.0272607519582
193.582525231	0.0276573741868
194.344230518	0.0274252044996
193.789110548	0.0275804657757
194.31073877	0.0274332206283
194.033134494	0.0275163924298
194.692023347	0.0273156367281
193.763113238	0.0275987304102
194.488311026	0.0273786584185
193.799168404	0.0275887598731
194.016946435	0.0275192517083
193.924709399	0.0275442066935
194.18980362	0.0274519674402
193.772578812	0.0275768888909
194.719179029	0.0272958263242
193.669506747	0.0276109187718
194.234518048	0.0274326367797
193.847803411	0.0275523501246
194.860726728	0.0272611383268
193.722683649	0.0276111718966
194.890940221	0.0272498408028
194.209325817	0.0274477670532
194.691871004	0.0272899589176
194.688427055	0.0273027685085
195.017155741	0.0271932604395
195.137276906	0.0271680648387
195.232550294	0.0271264596825
194.928535209	0.0272164882353
195.657283734	0.0270169692935
195.697267445	0.0269986709107
195.992730583	0.0269050164585
195.741896385	0.0269868245991
195.989533036	0.0268870846686
195.911235755	0.0269326416876
196.227896416	0.0268310325665
195.589477709	0.02702001135
196.688735381	0.026693252192
196.046145008	0.0269084590875
196.233184488	0.0268442023861
195.868793187	0.0269623719805
196.423538636	0.0267909151477
196.462280064	0.0267657500194
196.831560985	0.0266362070506
196.125148326	0.0268564091645
197.216183111	0.0265445206027
196.325197827	0.0267992921014
197.17705276	0.0265539329103
196.880855279	0.026641348245
197.597693092	0.0264190306995
196.823215382	0.0266724274189
197.710299619	0.0263849398991
196.689081636	0.0266866509773
197.674025137	0.0263903000268
196.676509681	0.026688475053
198.041545918	0.0262948806995
197.284822073	0.0265329983089
198.207959727	0.0262526643682
197.267235697	0.0265404015042
198.339785434	0.0262047546852
197.135520662	0.0265816065292
198.068073283	0.0263006959959
197.084109157	0.0265977832603
198.36836566	0.026199693433
197.01256031	0.026619198549
198.014675639	0.0263158889647
197.608759711	0.0264309198168
198.50060306	0.0261715404236
197.536084158	0.0264448480492
198.734014689	0.0260793450242
197.679722347	0.026414862002
198.800455426	0.0260645359479
197.752299028	0.0263852486144
198.947884518	0.0260224892394
197.820978641	0.026362220272
198.814387268	0.0260802571751
197.726785282	0.0263896086807
198.986995079	0.02600517375
197.60506778	0.0264151873415
199.022411473	0.0260080266505
198.090575227	0.0262841789606
199.263131349	0.025928178193
197.777717569	0.0263633169899
199.307776618	0.0259297963614
198.230503822	0.0262419073657
199.468854216	0.0258698015437
198.196530692	0.0262424214238
199.352896698	0.0259169314951
198.243603021	0.0262329774764
199.495622753	0.0258598864518
198.129729829	0.0262576416474
199.476453465	0.0258789217774
198.478236317	0.0261699975543
199.501330409	0.0258656199135
198.54774206	0.0261537867136
199.479381465	0.0258765063097
198.605698974	0.0261392016118
199.579232849	0.0258492961423
198.596008782	0.0261383777022
199.142280316	0.0259847674753
198.631656577	0.0261177952268
199.301664674	0.0259122344076
198.589622533	0.026120402505
199.490976185	0.0258554570377
198.787292722	0.0260804728933
199.672300312	0.0258169440815
198.547977549	0.0261347120301
199.316304945	0.0259131337406
198.420729085	0.0261675767005
199.366373633	0.0259144491919
198.860736943	0.0260523969004
199.478302445	0.0258687455734
198.749045431	0.0260928443457
199.626875858	0.0258297298724
198.911543176	0.0260468684276
199.628863849	0.0258426467883
199.267010598	0.0259430958133
199.728900768	0.0257959996508
199.629633168	0.0258199812513
199.757128234	0.0257971284582
200.003347193	0.0257243166091
200.196379732	0.0256651600769
200.27169971	0.0256362987491
200.43984099	0.0255886583897
200.543985736	0.0255597863234
200.522236633	0.0255726043743
200.986272745	0.0254439583742
200.858727882	0.0254750437465
201.565370325	0.025275056588
201.526787015	0.0252857491252
201.974304962	0.0251546322237
202.268075977	0.025064645825
202.428358614	0.0250116642719
202.441163741	0.0250053821915
202.859959015	0.0249054060669
202.920124142	0.024893302677
203.332428806	0.0247685226373
203.505505379	0.0247184543519
203.61553595	0.0246822238642
203.732546669	0.0246453491968
203.763037554	0.0246410883982
203.862940151	0.0246214821136
203.830397779	0.0246345750501
204.002798009	0.0245822112242
204.052153248	0.0245572173612
204.045182054	0.0245589735102
204.145284249	0.0245271598727
204.057356924	0.0245652675354
204.250894477	0.0245181395718
204.248985634	0.0245079003983
204.338437932	0.0244816409889
204.474130065	0.0244453465582
204.343072455	0.0244729300775
204.520160271	0.0244358777734
204.438485741	0.0244490942487
204.523502001	0.0244233245054
204.59889682	0.024411876316
204.572247399	0.0244145211336
204.779163152	0.0243560221328
204.795119981	0.0243506902286
204.698425323	0.0243762498159
204.851283617	0.0243470451966
204.774504772	0.0243695860152
204.927179781	0.0243306137895
204.93270038	0.0243257719738
206.733314697	0.0238270280329
211.391336664	0.0226059623775
216.040005544	0.0214505985758
220.03936701	0.0205057750974
223.80911798	0.0196524328574
227.207737798	0.0189072412689
230.278910505	0.0182666033276
232.945714343	0.0177256927559
235.385063824	0.0172353655067
237.741871739	0.0167901684304
240.247002219	0.0163122156313
242.559219719	0.015897536699
244.53403134	0.0155444814487
246.549369973	0.0151943331418
248.07584105	0.0149367117646
249.374929016	0.0147210132857
250.557510186	0.014535501592
251.804962808	0.0143489414195
252.971329266	0.014164214398
253.874949499	0.0140232372149
254.641227457	0.0139051499247
255.284786746	0.0138091138508
256.044453477	0.0136963988251
256.698288367	0.0136000979501
257.896419363	0.0134258622099
258.874911491	0.013284592977
259.84466217	0.0131381218275
260.214941102	0.013087936334
260.98626258	0.0129734666341
261.122413348	0.0129556059101
261.557271039	0.0128929743199
261.678851507	0.0128754838567
261.445848866	0.0129095752304
261.47061643	0.0129086809364
261.132067369	0.0129561006964
260.935566812	0.0129808795985
260.646542988	0.0130236530209
260.32213003	0.0130680649891
260.190722743	0.0130910888089
260.384202442	0.0130553358667
260.407948788	0.0130511727566
260.404309112	0.013047643589
260.252377185	0.0130683994565
260.201881956	0.0130744743966
259.850025674	0.0131254336036
259.684575187	0.0131473111476
259.264204643	0.0132094980179
258.677321459	0.0132943988939
258.161375389	0.0133709073974
257.897631334	0.0134078686476
257.405172876	0.0134835122344
256.833686728	0.0135676425857
256.859035973	0.0135635668709
260.844859257	0.0129798875722