100	-0.04462	0.0	0.992531983229	0.00746801677132	0.0
104	-0.03367	9.8148359326e-15	0.634553547892	0.36427619841	0.00117025369789
105	-0.0377	0.0	0.0	1.0	0.0
107	-0.03901	0.0	0.0	1.0	0.0
11	-0.09641	1.0	0.0	0.0	0.0
113	-0.04474	1.0	0.0	0.0	0.0
114	-0.005844	0.0	0.0	1.0	0.0
115	0.002768	1.0	0.0	2.68293681689e-265	0.0
116	0.04564	4.24216471991e-09	0.990146655351	0.00985334040723	0.0
117	0.0245	0.0	1.0	0.0	0.0
118	0.05573	0.0	1.0	0.0	0.0
119	0.08406	0.0	0.190027102236	0.0	0.809972897764
121	0.09139	0.0	0.0	0.0	1.0
125	0.1775	0.0	0.0	0.0	1.0
126	0.4917	0.0	1.0	0.0	0.0
127	0.6329	0.0	0.0	0.0	1.0
128	2.289	0.0	0.0181406263079	0.0	0.981859373692
165	-0.08942	0.0	1.0	0.0	0.0
166	-0.08651	0.0	0.495072220918	0.0	0.504927779082
167	-0.1156	0.0	0.0	0.0	1.0
168	-0.1084	0.0	0.0	0.0	1.0
17	-0.1322	1.0	0.0	0.0	0.0
170	-0.08261	0.0	0.0	1.0	0.0
172	-0.07376	0.0	1.0	0.0	0.0
175	-0.08395	0.0	1.0	0.0	0.0
176	-0.05915	0.0	0.0	1.0	0.0
178	-0.06088	0.0	0.0	1.0	0.0
189	-0.02491	0.0	0.0	1.0	0.0
190	-0.02258	0.408634587273	0.0	0.591365412727	0.0
191	-0.02463	0.0	0.0	1.0	0.0
192	-0.02127	0.0	0.0	1.0	0.0
193	-0.02592	0.998492177599	0.0	0.00150782240074	0.0
194	-0.008977	0.974116795959	0.0	0.0258832040406	0.0
195	-0.007639	1.0	0.0	0.0	0.0
196	0.01693	1.0	0.0	0.0	0.0
197	0.02108	0.0633888759583	0.0	0.936611124042	0.0
198	0.05466	0.995095369694	0.0	0.00490463030642	0.0
199	0.07256	1.0	0.0	0.0	0.0
200	0.105	2.47250777e-227	0.0	1.0	0.0
201	0.07244	1.0	0.0	5.39367335183e-61	0.0
202	0.02547	0.512915256665	0.0	0.487084743335	0.0
206	-0.005838	0.793883944271	0.0	0.206116055729	0.0
207	0.001307	1.0	0.0	0.0	0.0
208	-0.01675	0.00694541434909	0.0	0.993054585651	0.0
211	-0.01791	0.0172742145014	0.0	0.982725785499	0.0
23	-0.09255	0.524657048049	0.0	0.475342951951	0.0
24	-0.081	0.0	0.0	1.0	0.0
25	-0.08802	1.0	0.0	0.0	0.0
26	-0.09043	0.0	0.0	1.0	0.0
39	-0.08196	0.0	1.0	0.0	0.0
40	-0.06709	0.0	0.128749775586	0.0	0.871250224414
41	-0.04099	0.0	1.0	0.0	0.0
42	-0.01515	0.0	0.940172534169	0.0	0.0598274658311
43	-0.02344	0.0	1.0	0.0	0.0
45	-0.03122	0.0	0.574953322012	0.0	0.425046677988
46	-0.03684	0.0	0.991756496323	0.0	0.00824350367744
47	-0.01721	0.0	0.0	0.0	1.0
48	-0.0222	0.0	0.416765449977	0.0	0.583234550023
49	-0.04053	0.0	1.0	0.0	0.0
53	-0.06753	0.0	0.0	0.0	1.0
54	-0.05072	0.0	0.635158852887	0.0	0.364841147113
6	-0.06632	0.0	0.0	1.0	0.0
61	-0.06701	0.0	1.0	0.0	0.0
62	-0.05877	0.0	0.0598979906303	0.0	0.94010200937
63	-0.05852	0.0	0.0	0.0	1.0
64	-0.07154	0.0	0.0	0.0	1.0
65	-0.06577	0.0	1.0	0.0	0.0
66	-0.06122	0.0	1.0	0.0	6.18891905345e-263
67	-0.06491	0.0	0.0	0.0	1.0
68	-0.07017	0.0	1.0	0.0	0.0
69	-0.05975	0.0	1.0	0.0	8.13587982863e-32
7	-0.08417	0.0	1.0	0.0	0.0
70	-0.05655	0.0	0.0	0.0	1.0
72	-0.06046	0.0	0.0	0.0	1.0
73	-0.05324	0.0	0.0	0.0	1.0
74	-0.05345	0.0	0.743957427424	0.0	0.256042572576
76	-0.0556	0.0	0.471233472864	0.0	0.528766527136
79	-0.0518	0.0	0.0	1.0	0.0
80	-0.05256	0.730959036393	0.0	0.269040963607	0.0
84	-0.1203	0.0	0.0	1.0	0.0
86	-0.1002	0.0	1.0	2.85479468242e-93	0.0
90	-0.05753	0.0	1.0	0.0	0.0
91	-0.05608	0.0	0.0	0.428795719171	0.571204280829
92	-0.06358	0.0	0.0408837374893	0.0	0.959116262511
94	-0.04856	0.0	0.997646576747	0.0023534232526	0.0
95	-0.0496	0.0	0.946955294464	0.0	0.0530447055362
97	-0.0452	0.0	0.345533045176	0.654466954824	0.0
98	-0.041	0.0	0.983959032375	0.000957769121297	0.0150831985041
99	-0.0436	0.0	0.0269529046486	0.973047095351	0.0