100	-0.04559	0.0	1.0	2.24845860175e-39	0.0
104	-0.03449	0.0	0.705467495374	0.294532504626	3.56594504128e-111
105	-0.03841	0.0	0.0	1.0	0.0
107	-0.03933	0.0	0.0	1.0	0.0
11	-0.1013	1.0	0.0	0.0	0.0
113	-0.0463	1.0	0.0	0.0	0.0
114	-0.007596	0.0	0.0	1.0	0.0
115	0.00322	1.0	0.0	0.0	0.0
116	0.04272	2.09949805426e-90	1.0	4.39193769666e-14	0.0
117	0.04079	0.0	1.0	0.0	0.0
118	0.06947	0.0	1.0	0.0	0.0
119	0.1008	0.0	0.0	0.0	1.0
121	0.1129	0.0	0.0	0.0	1.0
125	0.1951	0.0	0.0	0.0	1.0
126	0.4875	0.0	1.0	0.0	0.0
127	0.6285	0.0	0.0	0.0	1.0
128	2.264	0.0	0.999994340884	0.0	5.65911638495e-06
165	-0.079	0.0	1.0	0.0	0.0
166	-0.1047	0.0	0.9994755579	0.0	0.000524442100017
167	-0.1685	0.0	1.0	0.0	0.0
168	-0.1397	0.0	0.0	0.0	1.0
17	-0.1284	1.0	0.0	0.0	0.0
170	-0.1008	0.0	0.0	1.0	0.0
172	-0.08384	0.0	1.0	0.0	0.0
175	-0.09631	0.0	1.0	0.0	0.0
176	-0.06547	0.0	0.0	1.0	0.0
178	-0.06455	0.0	0.0	1.0	0.0
189	-0.02567	0.0	0.0	1.0	0.0
190	-0.02314	0.308814081685	0.0	0.691185918315	0.0
191	-0.02511	0.0	0.0	1.0	0.0
192	-0.02171	0.0	0.0	1.0	0.0
193	-0.02635	1.0	0.0	0.0	0.0
194	-0.009426	0.998099344733	0.0	0.00190065526742	0.0
195	-0.008437	1.0	0.0	0.0	0.0
196	0.01639	1.0	0.0	0.0	0.0
197	0.01952	0.0054883098042	0.0	0.994511690196	0.0
198	0.05264	1.0	0.0	2.77250918188e-16	0.0
199	0.07027	1.0	0.0	0.0	0.0
200	0.1042	0.0	0.0	1.0	0.0
201	0.0715	1.0	0.0	0.0	0.0
202	0.02778	0.488612506391	0.0	0.511387493609	0.0
206	-0.003095	0.600585261327	0.0	0.399414738673	0.0
207	0.00317	1.0	0.0	0.0	0.0
208	-0.01478	4.79259199676e-08	0.0	0.999999952074	0.0
211	-0.01642	0.0	0.0	1.0	0.0
23	-0.08761	0.437547144844	0.0	0.562452855156	0.0
24	-0.07711	0.0	0.0	1.0	0.0
25	-0.0846	1.0	0.0	0.0	0.0
26	-0.08815	0.0	0.0	1.0	0.0
39	-0.07661	0.0	1.0	0.0	0.0
40	-0.06213	0.0	0.00102346389775	0.0	0.998976536102
41	-0.03727	0.0	1.0	0.0	0.0
42	-0.01018	0.0	0.798523471108	0.0	0.201476528892
43	-0.02495	0.0	1.0	0.0	0.0
45	-0.03803	0.0	0.618385670755	0.0	0.381614329245
46	-0.04191	0.0	1.0	0.0	0.0
47	-0.0219	0.0	0.0	0.0	1.0
48	-0.02679	0.0	0.582647902679	0.0	0.417352097321
49	-0.04185	0.0	1.0	0.0	0.0
53	-0.05507	0.0	0.0	0.0	1.0
54	-0.04056	0.0	0.534567004939	0.0	0.465432995061
6	-0.06729	0.0	0.0	1.0	0.0
61	-0.05393	0.0	1.0	0.0	0.0
62	-0.05105	0.0	0.0	0.0	1.0
63	-0.05131	0.0	0.0	0.0	1.0
64	-0.0634	0.0	0.0	0.0	1.0
65	-0.05912	0.0	1.0	0.0	0.0
66	-0.05662	0.0	1.0	0.0	0.0
67	-0.06137	0.0	0.0	0.0	1.0
68	-0.06626	0.0	1.0	0.0	0.0
69	-0.05706	0.0	1.0	0.0	0.0
7	-0.0866	0.0	1.0	0.0	0.0
70	-0.05543	0.0	0.0	0.0	1.0
72	-0.05982	0.0	0.0	0.0	1.0
73	-0.05371	0.0	0.0	0.0	1.0
74	-0.05496	0.0	0.913014932774	0.0	0.0869850672264
76	-0.05916	0.0	0.433314117477	0.0	0.566685882523
79	-0.05326	0.0	0.0	1.0	0.0
80	-0.05323	0.903053374323	0.0	0.0969466256772	0.0
84	-0.1209	0.0	0.0	1.0	0.0
86	-0.1018	0.0	1.0	0.0	0.0
90	-0.05915	0.0	1.0	0.0	0.0
91	-0.05745	0.0	0.0	0.472372800119	0.527627199881
92	-0.06503	0.0	0.0114488499812	0.0	0.988551150019
94	-0.04967	0.0	1.0	3.79024731609e-131	0.0
95	-0.05068	0.0	0.999999779426	0.0	2.20574261751e-07
97	-0.04617	0.0	0.374253301817	0.625746698183	0.0
98	-0.0419	0.0	0.999999994967	1.05422260475e-69	5.03296922344e-09
99	-0.04462	0.0	0.000121316552997	0.999878683447	0.0