100	-0.04528	0.0	0.99994355023	5.64497699993e-05	0.0
104	-0.03387	0.0	0.751231811881	0.248768188119	6.77580818344e-20
105	-0.03775	0.0	0.0	1.0	0.0
107	-0.03897	0.0	0.0	1.0	0.0
11	-0.1009	1.0	0.0	0.0	0.0
113	-0.04613	1.0	0.0	0.0	0.0
114	-0.007432	0.0	0.0	1.0	0.0
115	0.002908	1.0	0.0	0.0	0.0
116	0.04217	1.37783295652e-25	0.999937084168	6.29158319951e-05	0.0
117	0.04087	0.0	1.0	0.0	0.0
118	0.07009	0.0	1.0	0.0	0.0
119	0.1012	0.0	0.0	0.0	1.0
121	0.1138	0.0	0.0	0.0	1.0
125	0.1941	0.0	0.0	0.0	1.0
126	0.4878	0.0	1.0	0.0	0.0
127	0.6284	0.0	0.0	0.0	1.0
128	2.289	0.0	2.44799554738e-05	0.0	0.999975520045
165	-0.07893	0.0	1.0	0.0	0.0
166	-0.1038	0.0	0.999971074699	0.0	2.89253008792e-05
167	-0.1673	0.0	1.0	0.0	0.0
168	-0.1392	0.0	0.0	0.0	1.0
17	-0.1284	1.0	0.0	0.0	0.0
170	-0.1028	0.0	0.0	1.0	0.0
172	-0.08484	0.0	1.0	0.0	0.0
175	-0.09775	0.0	1.0	0.0	0.0
176	-0.06603	0.0	0.0	1.0	0.0
178	-0.06517	0.0	0.0	1.0	0.0
189	-0.02563	0.0	0.0	1.0	0.0
190	-0.02307	0.434475339279	0.0	0.565524660721	0.0
191	-0.02502	0.0	0.0	1.0	0.0
192	-0.02162	0.0	0.0	1.0	0.0
193	-0.02626	1.0	0.0	0.0	0.0
194	-0.009421	0.99661226514	0.0	0.00338773486005	0.0
195	-0.008431	1.0	0.0	0.0	0.0
196	0.0163	1.0	0.0	0.0	0.0
197	0.01949	0.0163055301999	0.0	0.9836944698	0.0
198	0.05269	1.0	0.0	1.41278480385e-62	0.0
199	0.07078	1.0	0.0	0.0	0.0
200	0.1049	0.0	0.0	1.0	0.0
201	0.07335	1.0	0.0	0.0	0.0
202	0.02742	0.547729871714	0.0	0.452270128286	0.0
206	-0.004082	0.798032065361	0.0	0.201967934639	0.0
207	0.002506	1.0	0.0	0.0	0.0
208	-0.01533	9.26535832885e-08	0.0	0.999999907346	0.0
211	-0.01685	0.0	0.0	1.0	0.0
23	-0.08771	0.532342733139	0.0	0.467657266861	0.0
24	-0.07678	0.0	0.0	1.0	0.0
25	-0.08367	1.0	0.0	0.0	0.0
26	-0.08657	0.0	0.0	1.0	0.0
39	-0.0765	0.0	1.0	0.0	0.0
40	-0.05987	0.0	9.67810417495e-05	0.0	0.999903218958
41	-0.03184	0.0	1.0	0.0	0.0
42	-0.0006885	0.0	0.0344941559548	0.0	0.965505844045
43	-0.0204	0.0	1.0	0.0	0.0
45	-0.03711	0.0	0.495863997109	0.0	0.504136002891
46	-0.04084	0.0	1.0	0.0	2.29959921091e-188
47	-0.02013	0.0	0.0	0.0	1.0
48	-0.02572	0.0	0.540047837529	0.0	0.459952162471
49	-0.04114	0.0	1.0	0.0	0.0
53	-0.05394	0.0	0.0	0.0	1.0
54	-0.04104	0.0	0.36596754165	0.0	0.63403245835
6	-0.06702	0.0	0.0	1.0	0.0
61	-0.064	0.0	1.0	0.0	0.0
62	-0.05273	0.0	3.4242035556e-06	0.0	0.999996575796
63	-0.05312	0.0	0.0	0.0	1.0
64	-0.06501	0.0	0.0	0.0	1.0
65	-0.06005	0.0	1.0	0.0	0.0
66	-0.05711	0.0	1.0	0.0	0.0
67	-0.06143	0.0	0.0	0.0	1.0
68	-0.06596	0.0	1.0	0.0	0.0
69	-0.05649	0.0	1.0	0.0	0.0
7	-0.08624	0.0	1.0	0.0	0.0
70	-0.0543	0.0	0.0	0.0	1.0
72	-0.05832	0.0	0.0	0.0	1.0
73	-0.0519	0.0	0.0	0.0	1.0
74	-0.0527	0.0	0.742800423624	0.0	0.257199576376
76	-0.0562	0.0	0.482935097151	0.0	0.517064902849
79	-0.05148	0.0	0.0	1.0	0.0
80	-0.05175	0.714736890093	0.0	0.285263109907	0.0
84	-0.1196	0.0	0.0	1.0	0.0
86	-0.1016	0.0	1.0	0.0	0.0
90	-0.05959	0.0	1.0	0.0	0.0
91	-0.05819	0.0	0.0	0.640677886122	0.359322113878
92	-0.06581	0.0	0.0119016917934	0.0	0.988098308207
94	-0.05008	0.0	1.0	2.20762936714e-25	0.0
95	-0.05119	0.0	0.994591895201	0.0	0.00540810479938
97	-0.04626	0.0	0.321673553956	0.678326446044	0.0
98	-0.04201	0.0	1.0	1.86852747858e-13	8.78840231353e-16
99	-0.0446	0.0	4.75423797871e-06	0.999995245762	0.0