100	-0.04489	0.0	0.999997125981	2.87401910987e-06	0.0
104	-0.03395	0.0	0.687390949022	0.312609050978	5.75071809494e-34
105	-0.0379	0.0	0.0	1.0	0.0
107	-0.03893	0.0	0.0	1.0	0.0
11	-0.09821	1.0	0.0	0.0	0.0
113	-0.0455	1.0	0.0	0.0	0.0
114	-0.006839	0.0	0.0	1.0	0.0
115	0.0026	1.0	0.0	0.0	0.0
116	0.04343	2.67458790522e-191	0.999999983697	1.63028003212e-08	0.0
117	0.04216	0.0	1.0	0.0	1.64040158252e-48
118	0.07082	0.0	1.0	0.0	0.0
119	0.1021	0.0	0.0	0.0	1.0
121	0.115	0.0	0.0	0.0	1.0
125	0.1977	0.0	0.0	0.0	1.0
126	0.4867	0.0	1.0	0.0	0.0
127	0.629	0.0	0.0	0.0	1.0
128	2.262	0.0	0.99999998056	0.0	1.94404027322e-08
165	-0.08086	0.0	1.0	0.0	0.0
166	-0.1051	0.0	0.999686509077	0.0	0.000313490922518
167	-0.168	0.0	1.0	0.0	0.0
168	-0.1394	0.0	0.0	0.0	1.0
17	-0.1296	1.0	0.0	0.0	0.0
170	-0.1004	0.0	0.0	1.0	0.0
172	-0.08309	0.0	1.0	0.0	0.0
175	-0.09534	0.0	1.0	0.0	0.0
176	-0.06461	0.0	0.0	1.0	0.0
178	-0.06373	0.0	0.0	1.0	0.0
189	-0.0252	0.0	0.0	1.0	0.0
190	-0.02278	0.41054105764	0.0	0.58945894236	0.0
191	-0.02479	0.0	0.0	1.0	0.0
192	-0.02143	0.0	0.0	1.0	0.0
193	-0.02609	1.0	0.0	0.0	0.0
194	-0.00924	0.99677892231	0.0	0.00322107768974	0.0
195	-0.008085	1.0	0.0	0.0	0.0
196	0.01637	1.0	0.0	0.0	0.0
197	0.02008	0.00839852196231	0.0	0.991601478038	0.0
198	0.0531	1.0	0.0	2.70229082754e-58	0.0
199	0.07062	1.0	0.0	0.0	0.0
200	0.1027	0.0	0.0	1.0	0.0
201	0.07024	1.0	0.0	0.0	0.0
202	0.02553	0.487807321919	0.0	0.512192678081	0.0
206	-0.004851	0.848547780959	0.0	0.151452219041	0.0
207	0.00184	1.0	0.0	0.0	0.0
208	-0.01609	4.96037126774e-19	0.0	1.0	0.0
211	-0.01738	0.0	0.0	1.0	0.0
23	-0.08972	0.450153298611	0.0	0.549846701389	0.0
24	-0.07867	0.0	0.0	1.0	0.0
25	-0.08599	1.0	0.0	0.0	0.0
26	-0.08893	0.0	0.0	1.0	0.0
39	-0.07546	0.0	1.0	0.0	0.0
40	-0.06014	0.0	0.000730878219744	0.0	0.99926912178
41	-0.03953	0.0	1.0	0.0	0.0
42	-0.01519	0.0	0.989604977082	0.0	0.0103950229184
43	-0.02702	0.0	1.0	0.0	0.0
45	-0.03727	0.0	0.604687232022	0.0	0.395312767978
46	-0.0412	0.0	1.0	0.0	0.0
47	-0.02151	0.0	0.0	0.0	1.0
48	-0.02645	0.0	0.448010136356	0.0	0.551989863644
49	-0.04224	0.0	1.0	0.0	0.0
53	-0.05919	0.0	0.0	0.0	1.0
54	-0.03808	0.0	0.621800802038	0.0	0.378199197962
6	-0.06648	0.0	0.0	1.0	0.0
61	-0.06906	0.0	1.0	0.0	0.0
62	-0.04952	0.0	0.0	0.0	1.0
63	-0.04962	0.0	0.0	0.0	1.0
64	-0.06162	0.0	0.0	0.0	1.0
65	-0.05753	0.0	1.0	0.0	0.0
66	-0.05504	0.0	1.0	0.0	0.0
67	-0.05973	0.0	0.0	0.0	1.0
68	-0.06481	0.0	1.0	0.0	0.0
69	-0.05579	0.0	1.0	0.0	0.0
7	-0.0849	0.0	1.0	0.0	0.0
70	-0.05421	0.0	0.0	0.0	1.0
72	-0.05895	0.0	0.0	0.0	1.0
73	-0.05296	0.0	0.0	0.0	1.0
74	-0.05439	0.0	0.88036803141	0.0	0.11963196859
76	-0.05923	0.0	0.482097085824	0.0	0.517902914176
79	-0.05332	0.0	0.0	1.0	0.0
80	-0.05312	0.90778762256	0.0	0.0922123774403	0.0
84	-0.12	0.0	0.0	1.0	0.0
86	-0.1004	0.0	1.0	0.0	0.0
90	-0.05802	0.0	1.0	0.0	0.0
91	-0.05645	0.0	0.0	0.407880693921	0.592119306079
92	-0.06394	0.0	0.000916936980646	0.0	0.999083063019
94	-0.04884	0.0	0.9999999999	9.95367795018e-11	0.0
95	-0.04985	0.0	0.999744615037	0.0	0.000255384962811
97	-0.04545	0.0	0.290222876353	0.709777123647	0.0
98	-0.04122	0.0	0.999997701675	1.75717717992e-08	2.28075285682e-06
99	-0.04388	0.0	0.00054931218364	0.999450687816	0.0