-67.9352031696	0.521646810069
2.90054493952	0.234428129457
-8.16446033723	0.266412973821
-47.5737249363	0.415254039445
-13.7443396067	0.283693342961
-34.7704239305	0.358914512393
23.9384928945	0.185343021895
63.35090891	0.119071977797
-34.9449829002	0.35993879866
44.5167860445	0.143656280464
68.8106850362	0.109772348359
27.9314980375	0.169885390973
41.4842872838	0.151944083835
-18.8887230816	0.299020598941
-42.7091952189	0.389787496977
31.1738255431	0.163780539814
20.4738330504	0.186353112773
0.214386168027	0.236408686846
13.7578640726	0.205307954478
8.41389780562	0.215946408885
15.8048892038	0.20278219383
-13.5699693247	0.276857949838
24.3054021439	0.177657152008
15.2940019068	0.198271565685
21.0888264591	0.18523463853
-23.1266203997	0.311810047265
12.5716881683	0.206650041834
1.09343963855	0.238421190251
11.5921549912	0.209192755922
12.6793006735	0.207613181419
20.2565121324	0.193033392577
26.5981447978	0.172806409172
38.7782262968	0.152633959413
14.7287123286	0.200212920859
-7.13776050254	0.258573283282
2.26764287024	0.229229455092
-10.8098906515	0.271962244327
15.9606934127	0.19872258707
-26.337612886	0.320216429102
51.3259366464	0.132829556121
-33.1758773297	0.348917913172
-6.68884619646	0.260019259018
17.390935314	0.198211752981
22.9000605967	0.187319864418
-20.381915844	0.305720121115
21.9954269121	0.180943970729
213.077824466	0.0221832489462
13.6642548807	0.205754770665
22.3318924714	0.187600566756
12.9425981995	0.205255065951
-37.0641523472	0.368637886418
104.275039808	0.0755726152136
39.5064879973	0.152693205753
13.4066939104	0.208423404156
17.299847145	0.192794777423
14.3912617719	0.206442492826
-9.24373216261	0.266785208898
44.6652326879	0.141171439253
-45.5778453552	0.404766721422
-1.6256315115	0.244461057293
12.1841325063	0.209696215501
4.98639070308	0.226679831149
4.13617540295	0.229858779001
1.4614099845	0.235939149866
7.62068426001	0.215501420577
1.45172090531	0.234595972863
-27.8435394764	0.326729906463
8.14793372496	0.218054362492
-13.3547041782	0.277911759177
71.301920926	0.106768108839
6.51510597671	0.224004422934
5.65244338515	0.224274966764
37.9244643173	0.151483886576
-35.9748623278	0.362752751263
156.667897689	0.0417556083854
-4.03508662728	0.251349687553
26.7448544021	0.172765035782
22.3789680465	0.182476090129
148.505095864	0.0452976673079
54.912929435	0.130551345932
-32.3703816118	0.349644406292
-7.79873387587	0.257559463457
6.64315729728	0.217169225917
71.3246315762	0.109036214156
12.9359673889	0.208833626273
-4.91838469077	0.255803105595
-4.34183877799	0.254084609353
16.9790551469	0.199847037101
29.4862616996	0.172818942157
10.5336142534	0.208831283945
-46.7427941041	0.410326091301
-26.4495027384	0.324699212146
-18.8937333664	0.299220352258
65.5296794018	0.114476820933
29.4707380976	0.167693301322
11.6825177348	0.206878486837
4.07668074937	0.228690530267
8.48576912216	0.213621999283
37.3959280729	0.155412697943
-42.7639385789	0.392894411173
-0.471878597898	0.244133376551
32.6021419236	0.167939722746
182.870966913	0.0311973248555
-15.2040319909	0.286012203689
-23.0788137252	0.314656619295
70.5533909092	0.107551102859
3.22911620179	0.232725928834
38.7208057778	0.155075399114
23.4850805363	0.178204735046
-37.2015186371	0.364569175291
27.3739700646	0.171596360569
28.3102024094	0.176407467719
46.0033812114	0.139584420335
50.522923722	0.133656280195
2.92177431222	0.230663604584
48.8127870954	0.140150689567
26.9199551914	0.172824232009
148.719157425	0.0457753143088
41.3718235483	0.152012708603
66.3489140675	0.115334486188
69.8705873043	0.108482143462
21.6739930054	0.189512307146
-16.9787734562	0.287722285323
191.533873288	0.0282276761946
-2.86481225249	0.248767064097
47.4058862543	0.138544797312
45.6985870342	0.140237665015
79.4323415799	0.0996228846075
-13.5473549416	0.28280097835
-41.7004528931	0.388680157527
9.05258437371	0.218936846954
40.1242603649	0.150387618836
17.7143969764	0.19228599208
-18.3474918515	0.297407657496
20.966697898	0.186303801161
89.0721750013	0.0874516965807
-11.133493442	0.272459824771
10.4664729548	0.210699345239
-17.2697954085	0.285970595948
101.58632654	0.0755759375492
29.4090549259	0.166958448378
3.36298104339	0.229706990089
-2.60374524095	0.244709983463
52.5586683897	0.134219106474
94.5848595293	0.0842062301996
12.3481340933	0.210908076017
2.19086800295	0.235959701551
45.0066970039	0.145805709507
2.79353826857	0.234030363568
25.100192141	0.182059074254
75.6419472471	0.103902957401
16.0435937095	0.200522380069
22.0224265634	0.188639077906
14.8097857728	0.203507567226
15.5188584885	0.198925211338
-18.810192165	0.294297232691
32.8098988963	0.164557174261
-9.03939214469	0.259334842865
21.5390800536	0.184766801027
9.19718363667	0.214302178906
82.0226132101	0.0968502606231
174.939024029	0.0341101479215
107.8387507	0.0726459901597
39.032613357	0.152624978483
6.9724344502	0.223413114094
131.29870767	0.0557432905463
85.2416111427	0.0921105214409
32.1704193413	0.163731872515
46.1627046552	0.139497711268
-14.2862283799	0.284184057812
66.894451329	0.11193101965
158.551294717	0.0409955626129
9.89934813745	0.215040135649
21.6504582511	0.189304367491
16.9667775786	0.199554859878
33.363969541	0.163505969755
-31.9075733186	0.346047863552
32.0671019602	0.165166601696
16.1865654991	0.201544493056
154.16072911	0.0429605141726
10.8736535883	0.209732956812
82.894841757	0.0940426436483
5.5585197549	0.218778351337
12.9019336154	0.206821329066
80.2532013855	0.0971887023127
8.97571717433	0.21650542546
117.679518115	0.0647557203647
72.372536731	0.107707973827
45.1187373021	0.142457029468
21.7417358948	0.183166617584
33.5156725922	0.165717247905
51.5829010388	0.135729999649
40.9573056278	0.14688739544
124.33144001	0.0595452756142
86.5517777291	0.0898812041502
172.182965414	0.0348946525834
27.7473099262	0.17513093548
14.3702316969	0.201333125856
-17.7167856612	0.287728649354
4.77207271339	0.226859187902
-4.09068655635	0.248601127875
16.4120749981	0.198830409219
21.6023884235	0.188894198082
152.758717717	0.0431996281312
26.4398318749	0.176850027066
212.865276468	0.0222842269882
26.8177530242	0.173354459394
10.6729006365	0.212424423127
-3.43423636921	0.252251273576
37.3293492406	0.158852114011
68.2971402539	0.112826665366
-10.490932419	0.273063446502
58.0449620488	0.123973868549
150.013386852	0.0448653533161
22.2061695795	0.183529600367
29.0922033162	0.173897417437
243.132990483	0.01584660273
5.2524464006	0.226014471528
31.5288422272	0.169363932294
58.9167887868	0.125258832526
50.3698693408	0.137348849049
74.5547405884	0.105120782173
-0.361913850863	0.242835870787
12.6074234397	0.209905785569
0.453944381718	0.241532666398
34.0163321852	0.165152234268
22.021261036	0.181558245106
41.9654341594	0.151158939568
45.3555903008	0.141859690896
14.3843286356	0.203772434229
66.0968706193	0.113169451807
14.8125774504	0.202877900315
61.3172846427	0.12192097629
12.2784555668	0.208819051464
7.60943763728	0.216062611869
34.4017984453	0.16393868652
14.1152535505	0.204545550056
-2.93255055999	0.246088406836
22.9062449334	0.181978915382
15.3842819092	0.199251002499
100.205714298	0.0767829702046
12.2315160033	0.207899391461
22.9978292495	0.186020893518
13.8903458874	0.204724191756
184.959775955	0.0304912466726
7.97999015603	0.218682055737
51.3803333589	0.132785033167
98.3449029618	0.0807334224328
21.8984626118	0.18387561398
8.13954263439	0.219540271937
52.9651692844	0.133112540787
57.7535821727	0.12686525186
64.4379893175	0.115370670289
68.4756378482	0.11010261363
79.2331024611	0.0999324255166
46.9008645272	0.138302695571
33.0883896585	0.162338449571
72.8442805184	0.107162744357
68.9575349491	0.109299987227
7.65099130338	0.222137533939
51.2867038258	0.136005408497
65.2689902171	0.113702955357
48.6600594582	0.140239131435
73.0644805923	0.107038968282
27.8626076613	0.176405545382
14.3712331769	0.199475910117
11.7792719554	0.20875465985
8.00339654809	0.219533007676
50.9598369213	0.132329949817
83.4465863783	0.0946055974204
53.1140475531	0.133225869928
18.4122416472	0.197016532215
33.5798324068	0.165694192131
-17.8090868653	0.295690488031
41.8564086609	0.148850226538
48.3678212443	0.139012221646
36.5299050319	0.154628579519
19.3494593244	0.189157786156
46.6744548923	0.143432229914
45.9798361539	0.140404866806
-1.90035768475	0.246291658264
80.7739100962	0.0958037610169
-4.17869945001	0.253636364196
19.5508991109	0.193217236424
52.3953881257	0.134361294565
26.3650526567	0.179415496113
17.151559164	0.19850412476
85.387364506	0.093264964839
10.8846910608	0.212762009174
69.5015314912	0.111191913195
27.067856662	0.178457652599
21.8135507091	0.188297254084
-1.35269603354	0.244568014879
46.4735805689	0.143395325701
101.803781251	0.0773489806392
21.1658999257	0.189677260065
136.06896921	0.052564756565
16.6128886837	0.197348760805
60.7543500669	0.119660535867
17.5327787652	0.194493434091
14.4612566406	0.203815956843
93.7586874659	0.0849776278327
15.6276935472	0.198944119144
14.6632058521	0.201846951242
32.6662446825	0.167430937036
15.210965276	0.201837557409
68.8803639397	0.111855018365
152.893042303	0.0429818196272
77.5519756057	0.101369918874
18.5307555282	0.192707534909
65.0130414707	0.116803275256
3.40526223098	0.230462164912
80.4657357709	0.098498915063
13.6984500501	0.205566304524
80.8280557015	0.0961890625904
13.8465693222	0.207205894185
11.9110646347	0.211787495841
27.665943559	0.177003049317
30.9570445234	0.170726264957
7.36339396339	0.223127622387
28.7978791164	0.175485704386
20.310044325	0.189646642385
53.2472791239	0.130235856525
62.1784317927	0.117767744487
58.2810217972	0.12290555233
66.0732252285	0.112561124424
39.3092703925	0.153886767643
102.917653661	0.0767531727965
117.356075964	0.065244642541
23.3751530812	0.185752085276
45.1631374336	0.145831085224
29.7834731188	0.171095426676
34.4516126755	0.162893374206
34.4244068959	0.163880202429
47.2759103404	0.138100337415
118.013269305	0.0647312429622
86.4930842381	0.0921570335205
30.0431709538	0.171992763335
58.1210729414	0.126225799403
16.383325715	0.200435399325
72.6127636762	0.107427397663
47.1442407737	0.141092060036
77.4704569549	0.0994644809687
86.1698026152	0.0904527418918
130.478069651	0.0562377254885
56.4611660736	0.128672813378
129.593145544	0.0560489427749
38.7927048821	0.151168357619
248.932716923	0.0147587050053
22.5062159937	0.186673577661
35.8581344413	0.161203957537
24.3320671676	0.183099071542
23.0794101828	0.185755589666
16.8795414754	0.199094361237
59.0116749515	0.121515192693
125.759898531	0.0578491688997
41.4507142916	0.146496627676
157.289500243	0.0409711711766
85.4227772478	0.0909762804144
134.657618767	0.0524692787496
30.8863514311	0.165601049251
45.9916150036	0.13936035355
26.5806516124	0.178477308194
36.2787271689	0.160474065346
21.1087227569	0.189812364724
17.1356031416	0.197317724368
23.9734469054	0.184018662206
7.20459292501	0.221935400445
48.2278514247	0.138238833418
5.96081554187	0.224068163883
63.7275907672	0.11553448342
154.533568777	0.042493348307
154.758679811	0.0427207973692
59.6534392985	0.120679105588
83.5845605331	0.095032388637
200.491078816	0.025593502232
120.015999573	0.0618824251931
25.2455418866	0.182531682663
53.7506334622	0.131245242887
46.2157679222	0.141367991008
176.028789291	0.0334159432705
157.247164871	0.0408698580366
85.8856739366	0.0919671262496
54.4627369011	0.12848482382
18.8701795541	0.192581570471
183.147869302	0.0308421039474
57.9452933706	0.123668836567
142.418890354	0.0481058397002
108.012319326	0.072455537181
214.497755541	0.0218052624541
135.838333812	0.0519697538068
55.8046904952	0.129241388284
186.805247256	0.0298401538478
79.3312937891	0.0998517103885
62.8158464205	0.117426884057
69.0311195689	0.111880516627
40.0393847336	0.154495864243
79.4056978412	0.0996724484734
53.3018417595	0.131633789949
70.5194673786	0.109915681625
73.7234249213	0.105392055777
93.3020516186	0.0850319474877
37.4221912778	0.156220859637
39.8708410451	0.153008055102
123.144329848	0.0610744928537
119.879247279	0.0633820762253
167.831838112	0.0368547410706
57.9066958785	0.122920245386
89.4845639095	0.0871079623503
116.863525969	0.065535254593
71.7282244177	0.105649420422
84.302234371	0.092104703962
70.094346432	0.110588444299
147.262705933	0.0464201043092
63.8612677362	0.115542236274
38.9755786101	0.15134815237
95.5842013799	0.0810166999969
55.8087274355	0.126487597171
64.7902466111	0.114192141282
55.8779809037	0.12659786735
109.913404799	0.0708165198817
67.3038443864	0.111121705064
67.672550434	0.110503083807
91.2386440696	0.0851180905253
95.050738398	0.0837848413314
40.6044605152	0.152918326454
49.1836451997	0.139147955449
212.11378302	0.0222849860136
56.2031512584	0.126243196865
67.7521727858	0.113302155012
88.9390246948	0.0896280087424
38.8883967204	0.155832566087
135.613609162	0.0530341589196
83.4437886029	0.0927576091935
154.290912789	0.0429381034672
73.9207966274	0.10301022336
149.661275672	0.0446375779189
68.683213026	0.109388811788
82.9478819274	0.0954220473905
74.1534766718	0.102761527878
93.2374071322	0.0854308274227
73.5498715702	0.10351509516
68.005137441	0.11161985238
50.7328791007	0.13497003665
66.6808224001	0.111822809774
112.258284137	0.0673803298159
67.7112033058	0.110576183403
117.456716587	0.0635040275592
69.7966346202	0.107932509975
72.2445221744	0.104844687589
78.8515006253	0.0977358460779
63.937944634	0.115530794166
102.43128157	0.0761787602463
51.6806396519	0.135364691316
75.9031911048	0.100773847929
55.1132620853	0.126249109102
69.5689700946	0.108160912571
69.1498122083	0.10876461358
71.0817171467	0.10688252658
110.225858048	0.0706766666407
116.46956687	0.0652841599674
92.1140714212	0.086531226484
107.541972127	0.072869845222
64.4549177747	0.117494201372
75.2316418594	0.101656541184
59.8929226111	0.120967849695
120.742861695	0.062783412396
149.454527669	0.0451847779751
62.8234202001	0.119686206672
168.915846303	0.0360618531428
109.086464637	0.0715929922109
93.9555764013	0.0824417661773
163.114564553	0.0387586561352
80.7417307539	0.0957796708368
138.911755827	0.0510753782404
85.3675492545	0.0909140864235
94.3243334976	0.0844375910075
73.7795140045	0.106088185952
194.745732686	0.02725532743
89.2059582329	0.0893673317118
77.7082656586	0.0988721408919
182.639145836	0.031273402585
158.823724	0.0406734837812
99.4056530591	0.0797540014329
128.407842911	0.056314975225
107.918836019	0.0706089828147
70.9722125729	0.106522902278
73.102242047	0.105428136744
76.3188726957	0.100489355468
68.8309506143	0.109094544179
138.854367976	0.050572072903
81.897316697	0.0945351289415
95.1396487258	0.0837165990909
112.090780218	0.0674491762394
98.0275874169	0.0809985912218
155.903618498	0.0414604611066
126.380864787	0.0577133663087
161.818365343	0.0394809117788
162.170714406	0.0389693759926
73.1962976138	0.103773496945
46.2281648851	0.141457822417
51.1859098852	0.133730072025
96.0563417642	0.0828851268361
78.2737276673	0.0992668622705
100.130630174	0.0780445218687
110.591465894	0.0699400168506
129.015640926	0.056486093402
122.110030257	0.0606460400685
107.094011261	0.0712696646582
163.503365437	0.0384866814246
198.730787866	0.0261011734
193.270404112	0.0277557457954
92.3568424246	0.0863304434505
151.322293542	0.0444473553468
152.646630946	0.0437787541981
187.279834732	0.0296637262058
99.6574211144	0.0774944078693
110.651608012	0.0699770937548
111.219116381	0.0681130123594
71.9041712524	0.106004303788
125.39189016	0.0591239081281
128.219927132	0.0576662234125
159.799031287	0.0404012136273
105.412102951	0.0741203827921
164.122867815	0.0384154623994
145.068025825	0.0469905032627
77.9616415409	0.098407957739
107.106275891	0.0711349007869
117.999119222	0.0636707479551
238.266675157	0.0166551411648
173.703548986	0.0344446981878
126.704784115	0.0583365844842
125.633819739	0.0593711624791
232.913509654	0.0177562185746
126.483730742	0.0587072556097
202.44624848	0.0249993052634
181.214122558	0.0317745656345
100.249448248	0.0770272517068
220.441250523	0.0203584281195
212.597992759	0.0222570394514
147.5683913	0.0456304707174
106.872114735	0.0724741381939
173.98755861	0.0342298230425
118.446976607	0.0630130500277
164.45292607	0.0382825503177
187.88990729	0.0294951922541
235.339130539	0.0172825169674
108.99764267	0.0701458855908
98.850567557	0.0781995989431
100.513076423	0.0788022158163
118.016802595	0.0637138373874
141.671388114	0.0487919349638
142.009512687	0.0493421826097
92.9869589892	0.0836816103865
123.674056834	0.0601991857094
206.090900945	0.0240008111487
137.798135575	0.0508727201842
102.233456299	0.075209066886
94.080036898	0.0822618520608
84.2399867423	0.0918678138406
123.740270054	0.0596324884278
141.458468486	0.0490679769779
115.549511002	0.066096976613
122.852011109	0.0599477162512
150.108274939	0.0448961851297
86.0823641196	0.0896804447366
130.198759242	0.0554062213989
122.969469018	0.0600111215543
164.224071072	0.038056414749
96.0101147298	0.0812547638587
245.073422854	0.015460014111
113.185696544	0.0675343255485
174.429377037	0.0340796473009
169.045671337	0.0362072395251
147.640119912	0.046326429023
122.481604573	0.060047583089
110.91652794	0.0681633812473
103.210203557	0.074706196808
121.012524534	0.0617907627675
178.846884998	0.0326723859058
113.907148883	0.0660054646838
131.16572233	0.0548524805385
128.531017868	0.0570632654111
99.4165694444	0.0771518769311
105.711320872	0.0732400138707
96.0364269966	0.0805139142746
105.882217864	0.0725668446877
205.144969138	0.0242701121266
138.480118825	0.0506109146955
223.645790461	0.0196678755111
164.95912706	0.0378451373162
105.565550918	0.0721293879127
96.792579882	0.082179096728
78.3701608568	0.0987138735104
103.55783311	0.0736827768602
125.759704373	0.0582538689917
97.1300025618	0.0799545389029
188.822460405	0.0290331657276
79.9877985115	0.096015959565
94.8099088246	0.0815327585061
97.9568303253	0.0784429287953
199.198032698	0.0259563737806
215.197553626	0.0216172331858
188.325823461	0.0293582135241
155.613078597	0.0419388070762
147.817084713	0.0457920252419
144.158286122	0.0475846416146
214.750440872	0.0217191174252
139.876510234	0.0498848446793
153.676291588	0.0432652624529
171.676468511	0.0353950512745
208.627029963	0.0233121336612
139.007543566	0.0504392503975
96.9308828357	0.0801584104943
103.066608298	0.0765793274064
128.365172819	0.057575321745
161.683058857	0.0395313939371
133.907936779	0.0537985713824
126.849916718	0.0575250796851
186.720252202	0.0298748497085
171.303025542	0.0352563120367
202.979134114	0.0249018775631
148.273644922	0.045408171842
186.721436615	0.0298842353454
157.008247317	0.0413718038952
166.399519012	0.0374080247285
157.989718409	0.0408215603977
120.082893281	0.0620238350646
164.916614341	0.0378021074831
172.12120033	0.0349123789345
170.864851379	0.0356160524607
157.596957	0.0409930083158
129.047513443	0.056248784615
116.422964345	0.0645377322826
156.641831772	0.0414984529261
158.406315429	0.0406375610881
223.979623524	0.0196243687
170.29309308	0.0356495190793
121.354821984	0.0612166830561
130.148683685	0.0554232759055
228.555435266	0.0185975224702
203.47059723	0.0247545888233
178.717462897	0.0324893527638
220.084672404	0.0204704595516
202.129897006	0.0251097317578
188.625752141	0.0292116499525
169.05722019	0.036288378657
152.025536884	0.0440145939612
241.119259563	0.016174972321
129.209189978	0.0570148611625
166.057816734	0.0374998597083
119.062912514	0.0639568871421
147.143688431	0.046288383248
144.337970031	0.0480398860704
144.2483202	0.0477929356324
165.28640732	0.0379222010621
143.221182956	0.0485134691312
147.048674014	0.0466035770355
196.53267475	0.026752001731
206.559946713	0.0238908193405
139.246183593	0.0502120443412
101.614776023	0.0753258123197
198.111809435	0.026251455807
219.002125653	0.0207546029176
148.951613548	0.04538547393
183.275502441	0.0310761210032
141.246275867	0.049759133342
193.897921573	0.0274647054533
137.043947757	0.0514084095309
132.062049947	0.0544412708876
134.620974133	0.0532471471218
158.378815785	0.0405892741498
163.593074967	0.0387239952482
119.152926341	0.0638726080019
199.737832814	0.0257933002885
186.208065863	0.0298845789077
192.759655798	0.0278978336142
199.42267469	0.0257938304285
163.900942817	0.03818511767
174.658383236	0.0342176146832
166.663305265	0.0373358369001
167.981939124	0.0366233283987
195.228324345	0.0271655121909
227.492762286	0.0188296986219
172.903992262	0.0347361847107
218.185786816	0.020903440093
150.881352264	0.044651965853
177.247996817	0.0330354951467
159.73424317	0.0403632029992
239.095205343	0.0165547912455
150.382896006	0.0449094228638
147.424328016	0.0463080890308
174.053017511	0.0344114255765
186.261152697	0.0300205424906
210.79557894	0.0227921275806
143.876556926	0.0476064501148
152.133561626	0.044042765373
184.324850193	0.0306916862355
237.665197368	0.0167897239594
159.39851673	0.0405309304773
187.889502594	0.0294922688338
136.584739441	0.0516211432458
146.75448055	0.0467756738203
188.033572352	0.0294282686529
194.965961856	0.0271935265259
209.152400976	0.0231379761527
171.938795747	0.0352416245979
160.096772527	0.0398202481365
152.498492662	0.0438687338502
173.049797471	0.0347917417974
199.22959028	0.025899637481
190.076386657	0.0287254029706
154.023428371	0.0426474386902
170.695737128	0.035686331056
178.536880273	0.0325918640224
218.475939164	0.0208693748817
152.35526148	0.0435921576313
183.260726931	0.0310819270734
179.796131653	0.0321580141739
189.411301371	0.0289778445249
140.644573856	0.0496902007555
157.068168998	0.0416486277703
140.847803351	0.0492650550007
184.259791658	0.0307141026272
191.516845061	0.0282381330407
155.843694045	0.0419833194505
237.513745004	0.0168212600118
147.724531718	0.0456764135589
183.362058803	0.0310163388133
134.702658854	0.0527037442646
159.39164525	0.0405781303801
173.446054599	0.0344761237361
223.003951595	0.0198248703594
183.878845266	0.0308793564309
152.477703242	0.0435366451126
192.358719056	0.0279358545406
169.206363445	0.0362959819537
138.450036477	0.050545317525
194.848699254	0.0272618582832
148.511842893	0.0454854732397
182.651875236	0.0312469962194
236.80649707	0.0169913344944
243.46806023	0.015751170943
165.649217032	0.0378611443961
202.829186935	0.0248850682999
205.446377705	0.0241745151139
163.79257619	0.0383046751533
208.321223008	0.0234225404501
168.264308416	0.036689419604
204.715062365	0.0244117085549
169.563126601	0.0362236587649
174.793382939	0.0341079523001
231.49649324	0.0180168056399
213.729987723	0.0220343222631
212.215322032	0.0223712028044
208.064509736	0.0234690082191
184.41435157	0.0306302260472
169.876428085	0.0361189656745
197.812189824	0.0262857377874
204.365991112	0.0245080220875
245.600979098	0.0153292077959
165.383655834	0.0379742077387
211.379215407	0.0225837608626
175.965772772	0.033682277632
230.687915676	0.0181567533342
206.743515773	0.0238348503545
210.686502132	0.0227595509205
205.576817317	0.0241436124679
206.360349997	0.0239439667429
194.879120982	0.0272591782783
231.618506032	0.017986903055
227.732339763	0.018835942947
190.954974347	0.0284738468437
196.781052811	0.0266793500803
189.354613854	0.028938780155
182.366589389	0.0313763990198
211.281444639	0.0226209488901
181.256328684	0.0317829957739
187.104027809	0.0296452761173
236.174266889	0.0171378450965
251.092611178	0.014453313275
208.921757526	0.0232754676577
199.199411275	0.0258677269737
238.764464462	0.0166370796183
194.362505977	0.0273903820552
194.855956809	0.0272697529303
196.39953952	0.026689662419
243.641907903	0.015727069847
218.913524922	0.0207510013858
208.420947647	0.0234183309838
188.472000299	0.0293123947332
176.784839014	0.0334065194847
187.239502995	0.0296010405973
237.429361689	0.0168644864726
210.117423485	0.0229451033733
203.165553108	0.0248241354737
212.189863524	0.0224107641161
238.755923286	0.0165806900265
184.498946223	0.0306478026713
173.707673843	0.0345128954113
198.925245026	0.0260026887193
209.994279788	0.0230044789559
219.72524014	0.0205899185115
214.488287313	0.0218380815456
198.498652686	0.0260779479412
205.886147761	0.0240772777306
223.805132216	0.0196656788899
178.7340066	0.0326990699361
199.928243824	0.0256590227827
214.937159605	0.0217549698545
214.588158759	0.0218106581138
246.039282086	0.0153139796985
192.565087979	0.0278238084019
200.699717835	0.0255351762249
223.557808821	0.0196982860698
223.936863784	0.0196291541737
173.695472357	0.0342663312606
210.111994249	0.0229709181063
227.505752234	0.0188163774599
211.60719032	0.0225467674694
171.162269836	0.0353314511531
242.483906242	0.0159446687482
227.267322406	0.0188876416185
243.287921851	0.0158116951797
240.71671866	0.0161883792281
200.651659761	0.0255226265769
201.375876922	0.0253452413873
250.313382192	0.0145422052099
201.363546615	0.0252921871648
197.20396108	0.0264816041519
209.392649136	0.0231576651572
245.998415948	0.0152763782715
224.631969683	0.0194591928787
224.463223747	0.0195183800505
219.956805796	0.0205470020294
216.402144823	0.0213490342959
247.80929863	0.0150164148861
222.48716956	0.0199252134456
226.972333793	0.0189856194256
205.086571691	0.0242553148202
236.268171799	0.0171003896241
214.997284849	0.021684146332
232.035302669	0.0179470259276
230.156065331	0.0183021918908
192.488437639	0.0280161211509
231.066559882	0.0181106242508
185.891383489	0.0301633836426
218.019504915	0.0209401057506
226.746849537	0.0190200370084
183.300016949	0.0309710115409
235.080180241	0.0173157701876
198.323440937	0.0261132065916
216.916872244	0.0212761673803
188.071856599	0.0294455695649
232.448609069	0.0178343192498
216.349823474	0.0213942043087
206.67771299	0.0237818307862
233.134995816	0.0177051180857
186.90759747	0.0297366955485
218.131792771	0.0209614839357
194.621794859	0.0272838806816
227.64818019	0.0188318006432
245.960437638	0.015275673774
219.674737381	0.0205585858865
219.800592128	0.0205124924148
207.236104567	0.0237059373357
245.557605538	0.0153642743426
203.566905119	0.0246978390018
235.183908246	0.0172525520344
225.972660458	0.0191893055052
232.130756493	0.0178582317554
234.598103311	0.0173710504208
205.876510717	0.0240293314745
207.002520107	0.0237893421729
247.876120287	0.0149781541745
197.769072973	0.0262713588745
229.768013673	0.0183561563544
217.669596967	0.0210718987584
241.485435547	0.0161207945301
193.153896925	0.0276540298196
231.914983813	0.0179139742028
230.87243793	0.0181697955791
206.647326936	0.0238635195331
218.621943964	0.0208153473778
216.934024007	0.0212091478836
205.595579697	0.0241506926919
229.116934635	0.0185356437179
192.063838237	0.0279795580823
233.507564606	0.01759046347
218.189687207	0.020947634781
226.516539695	0.0190887605544
203.785728535	0.0246048448266
219.904448427	0.020516588834
246.025447482	0.0153323386484
212.35498568	0.0224079253566
224.556409513	0.0194341551928
237.48697938	0.016815739927
209.448735455	0.0231350817033
220.487989943	0.0204219945079
213.453566451	0.0220421004247
227.762512302	0.0187575107531
230.473382616	0.0182493590435
206.361065255	0.0239180858568
242.946415201	0.0158201434577
209.993071293	0.022936991055
226.112270477	0.0191637259049
238.58217322	0.0166397655736
222.138281142	0.0199874159611
231.584211797	0.0180030340566
217.617829462	0.021085777512
246.408222461	0.0152432878506
218.305216511	0.0208722355388
210.336451791	0.0228460680444
224.386892276	0.0195373613462
237.845136056	0.0167733176748
232.145198263	0.0178787333222
225.530750696	0.0192494807432
254.165231438	0.0139753266264
242.852377645	0.0158443389984
254.11545721	0.0139841695486
224.528603798	0.0194718420946
212.065599813	0.0224385688229
254.890654646	0.0138586117456
238.347360492	0.0166824073415
225.661193708	0.0192158958906
250.611251015	0.0145713521409
253.310596169	0.0140826492676
218.674133156	0.0208017380369
238.355524052	0.0166571379968
226.149859743	0.0191574775596
249.477943591	0.0147043091331
215.333339514	0.0215932399275
241.63248412	0.0160578639752
256.863367042	0.0135747474732
232.94074386	0.017701282808
246.230978496	0.0152894395115
244.531719881	0.0155383470055
248.295867659	0.0149262515163
247.694046412	0.0150281028383
224.163391942	0.0195842259971
237.823249709	0.0167543215013
226.630904322	0.0190451934167
218.606349628	0.0208148368363
241.547424102	0.0161209516421
257.493897802	0.0134540156193
247.928056127	0.0150048084128
243.568490129	0.0157056774058
252.771654592	0.0141960039739
228.883520572	0.0185290146376
228.497502404	0.0186586591141
236.361967647	0.0170216724994
243.659803979	0.0157391033024
247.738290256	0.0150139713357
242.466890875	0.0159530888352
253.82711239	0.0140004118893
249.50604747	0.014741109336
254.890731433	0.0138659560623
213.92025008	0.02199438108
245.845322565	0.0153124621966
217.904934798	0.0210208179745
231.02854669	0.0181186822839
239.639406705	0.0164770503532
238.24349341	0.0166660870966
245.322380847	0.0154665966964
249.30064348	0.0147427102579
247.586150185	0.0150750065799
240.780358207	0.016209191597
227.013481132	0.0189703265541
229.536493227	0.018404039375
242.938358566	0.0158786427834
250.874178813	0.0144752194192
228.604653617	0.0186334478713
256.66429585	0.0135756685112
241.470673948	0.0161035272924
250.985907459	0.0144451879866
234.88200281	0.017369313844
239.295103306	0.0164842416118
220.070296778	0.0205156559038
233.751470908	0.017529084662
251.016513568	0.0144954563626
251.784933789	0.0143279717172
257.607661906	0.0134565762338
229.345752898	0.0184630975318
244.457976274	0.0155901006795
234.889190036	0.017304429035
239.430440522	0.0165124822431
229.346930658	0.0184665966025
239.135677302	0.0165404322526
257.324334955	0.0134785336701
257.086753936	0.0135428524701
248.177137396	0.014942014363
240.733707166	0.0162703850385
246.599058723	0.0151669593859
226.549176681	0.0190523405163
248.373935275	0.0149000367246
228.8829027	0.0185778299624
254.318945029	0.013919050443
231.51688947	0.0180128028936
248.750995609	0.0148360225817
258.302138518	0.0133525053279
234.211759662	0.0174407247133
256.21658594	0.0136944269792
245.417558552	0.0153929955094
224.824502267	0.0193850724958
250.150973271	0.0145760702044
258.216365855	0.0133691152828
234.81675539	0.0173664482941
250.410924465	0.0145608107049
235.687374797	0.017150024648
234.006935972	0.0175033350157
246.778618394	0.0151853563022
226.994618537	0.0189487104755
259.381553427	0.0131539356722
254.044113944	0.0140166242455
239.471219252	0.0164744551034
249.955187545	0.0146489561514
242.666568569	0.0158729445078
252.389260916	0.0142889129905
231.826805531	0.0179588737095
229.212057953	0.0184536344737
251.445248797	0.0143811352043
254.350790071	0.0139570151948
234.416387103	0.0174580569383
243.327431975	0.0157988416551
246.199587065	0.0152355490363
247.232168924	0.0151094362188
257.437652521	0.013464543976
246.566641982	0.015210076351
259.721141686	0.0131061058008
256.110643565	0.0136952977971
241.665478778	0.0160543078192
236.213125476	0.017073325367
245.868655732	0.0153176855201
248.161867377	0.0149755742041
257.359769867	0.0134757447906
258.176932796	0.0133804089245
244.537422129	0.0155372907085
259.850357845	0.013119892476
240.538927832	0.0162734304582
255.20016447	0.0138194695931
253.500977755	0.0140826348869
240.644491992	0.0162412344067
256.780305127	0.0135514685099
251.684462071	0.0143831222831
246.783046551	0.0151504645684
240.199984986	0.0163314852073
245.526094617	0.0153715971188
249.174569062	0.0147961797693
255.980977746	0.0136913891435
243.533276462	0.0157287298002
249.028905599	0.0147609847146
260.88667485	0.0129600124167
247.107257768	0.0151247988762
260.411011279	0.0130253923651
255.611185305	0.0137264124656
244.521273819	0.0155346413048
250.005757017	0.0146387990922
256.97557942	0.0135342956357
247.16899984	0.0150943004932
253.133676384	0.0141528594607
258.426396201	0.0133264375797
251.071086022	0.0144596096445
254.501709857	0.013887495061
235.489284831	0.0171991025916
258.330734977	0.0133198053765
245.162656013	0.0154274425135
257.860766818	0.0133803201549
260.736303498	0.0129860178345
261.252949949	0.0128820130697
243.543076281	0.0157562299387
249.546452853	0.0147039380943
249.9185806	0.0146724063871
253.14048125	0.0140992217268
260.957797079	0.0129537014993
259.526457332	0.0131387195286
250.707910682	0.0144968852447
257.918814341	0.0133787096508
247.645968222	0.0150126146476
254.415810741	0.0139341882029
250.789495446	0.0144874835182
255.003590991	0.0138085572787
259.590430877	0.0131672612476
261.150932838	0.0129370164395
251.364652476	0.0144153092404
250.720557508	0.0145120455001
241.663119991	0.0160957196158
258.905915467	0.0132415815124
254.218175941	0.0139437882642
258.954098519	0.013224051418
254.366230042	0.0139361823112
255.607707885	0.0137492364825
248.337047892	0.0148807691925
260.415983602	0.0130139128111
249.26386405	0.0147404509861
260.758586709	0.0129745667511
258.784987978	0.0132476935932
251.672879342	0.0143677181722
242.101920932	0.0160130062483
258.161406467	0.0133707607504
244.127815862	0.0155988131615
260.614180527	0.0129732104327
251.734176281	0.014371063432
252.603014658	0.0142085012968
255.307753861	0.0137889642407
252.704949803	0.0141741321955
254.880745622	0.013853274291
256.581097174	0.0135832496789
260.755189846	0.012981730956
253.670148953	0.0140574691596
258.726722678	0.0132848565316
246.434244284	0.0152497231717
257.474794526	0.0134559523459
260.886319264	0.0129563583776
257.594143334	0.0134308767132
251.595875832	0.0143490670486
259.679714438	0.0131403735219
251.368621031	0.0144097784214
248.288903801	0.014899485582
258.826218269	0.0132421124502
260.584971871	0.0130077153215
253.603602715	0.0140835290947
260.175574614	0.0130649324592
249.585358134	0.0147051395163
255.171187762	0.0137979813266
254.327717731	0.0139422861177
253.841980793	0.0140038904859
253.33710243	0.0140739402227
259.611485304	0.0131398116149
253.464599322	0.0140802766397
244.189732386	0.0155972638022
255.984143824	0.0136751252506
261.111377448	0.0129180013474
249.217748007	0.0147543232114
261.593167159	0.0128483481386
245.414377467	0.0154046893826
254.354293752	0.0139176089749
245.827760041	0.0153276884922
254.765857512	0.0138619135592
246.52964814	0.0151876343986
261.343847213	0.0129016732139
258.930771087	0.0132482097633
247.838452551	0.0149645868791
257.882815259	0.0133827659609
260.250154023	0.0130357157472
254.006571679	0.0139822567245
261.048333211	0.0129161948654
254.781642565	0.0138724557616
259.270343396	0.0131863695008
247.113242879	0.015100446806
258.427312651	0.0133213109855
260.9599522	0.0129302529622
250.583386559	0.0145355955919
260.056237709	0.0130719563566
252.899918843	0.0141396600595
258.144077042	0.0133767833502
254.498344252	0.0139017205899
249.445183923	0.0147053315504
261.084469437	0.012939849238
259.886313889	0.013107221289
253.399998154	0.014080060807
250.820410322	0.0145167394373
260.015599997	0.0130732065368
260.483411276	0.0130331818979
247.287190893	0.0150557369753
260.90188812	0.012967214456
247.237425938	0.0150727423707
256.574727613	0.0136181448206
255.855428312	0.0136878366682
253.315283114	0.0140864558308
258.667078888	0.013274847697
258.627071928	0.0133088766823
254.324701861	0.0139177427197
259.352116815	0.0131829989918
260.437530167	0.013024982347
254.814819734	0.0138687510303
255.304060248	0.01378894387
259.981718574	0.0130846601695
257.395841592	0.0134540574943
260.649906891	0.0130079148662
248.757691753	0.014817075491
259.628690349	0.013148522558
250.30583162	0.0145667939167
257.3675669	0.0134724709629
247.241600636	0.0150730524178
260.361978795	0.0130351983478
259.082601376	0.0132206665515
246.679502002	0.0151801708353
254.96009196	0.0138425126931
251.40043538	0.0144430484295
258.018329375	0.0133529238283
257.09566745	0.0135075888916
250.097811732	0.0145916095078
249.208784009	0.0147841222012
258.475940453	0.0132754327206
254.925465592	0.0138489113942
254.389002214	0.0139101415177
245.829641305	0.0153761158643
257.825943632	0.0133896407039
249.981898204	0.0146353283785
251.627683193	0.0143405422476
256.212182014	0.0136782099702
257.665484654	0.0134076742203
258.144264266	0.013369000526
252.369902913	0.0142242711282
252.860880868	0.0141850830721
259.524594259	0.0131239437282
248.675508212	0.0148682089894
259.551417914	0.0131504804719
254.108605255	0.0139906364052
259.465124465	0.0131425022203
247.313643812	0.0150997060349
259.952787165	0.013060121222
259.519156274	0.0131654062814
258.223334965	0.0133117300387
254.447732727	0.0139244837516
256.97842791	0.0135115831865
251.147918728	0.0144770862852
256.355053661	0.0136104939056
257.597408081	0.0134592853674
250.100439335	0.0145986910541
257.941763396	0.0133953057398
256.055750027	0.013644951696
257.984726082	0.0133961455131
257.896746503	0.0133932100248
255.976297845	0.0137022411389
256.030623707	0.0136625931631
250.029890026	0.014644244517
252.633409851	0.0142507029807
256.459356872	0.0136274765025
249.841721515	0.0146393568974
250.980416471	0.0144748589526
257.450673872	0.0134355415854
253.707270854	0.0140587132876
257.706025893	0.0133869859078
249.729353788	0.0147024245953
258.590933189	0.0132506665683
258.507647124	0.0133224551503
247.376310851	0.0150685113075
259.027178237	0.0132482740649
255.234139251	0.0137696889572
255.136090089	0.0138455168279
254.678998757	0.0138613307057
254.503627785	0.0139415211783
257.874386662	0.013418053456
255.64112876	0.0137109122959
252.426488989	0.0142418834499
254.813519244	0.0138634830202
256.987190105	0.0135553158149
256.517019949	0.013585995256
258.129543812	0.0133696648602
252.815912126	0.0141640482339
254.625245059	0.0139126260469
249.972164453	0.0146221817714
250.971945854	0.01448081393
249.677863848	0.0146775982403
245.502167297	0.0153884223103
258.40915158	0.0132777895129
255.863761097	0.0137327743924
255.349279767	0.0138082622508
258.698833004	0.0132811585274
255.849052081	0.013694266578
257.729486025	0.0133919087221
255.07778365	0.0138142629207
252.549543727	0.0142603897967
251.976003784	0.0143200441942
259.297119382	0.0132204323558
255.548412876	0.0137448315724
258.519723596	0.0132791525727
254.016400451	0.0139900735765
258.951879639	0.0132696781733
258.244414123	0.0133752010074
252.974325103	0.0141713395753
256.755887714	0.0135393919752
254.374044556	0.0139173090305
255.837130916	0.0137014420514
258.45280246	0.0133297544399
258.652750925	0.0133058661232
254.77888735	0.0138866060757
257.512467612	0.0134552370706
252.527496273	0.0142220322511
255.954251676	0.0136836045988
258.299431104	0.0133507056598
257.013311907	0.0135507321665
257.958439281	0.0134020705951
257.201265142	0.0135009192808
258.924519007	0.0132171983447
254.450358999	0.0139205990975
251.552316102	0.0144050840703
257.040683279	0.013550558224
256.306152735	0.0136580736436
255.42971073	0.0137496185902
258.218983255	0.0133191644343
252.12965554	0.0142627784472
254.342497407	0.0139719445758
258.444104634	0.0133372979355
257.854048877	0.0134292985128
257.805662009	0.0134500333399
253.933392724	0.0140222114382
256.951631294	0.0135587851259
258.099545098	0.013388673153
257.691854484	0.0134492199984
258.489161848	0.0133372580223
258.058400063	0.0133974174763
260.014960881	0.0131069869665
255.585814182	0.013767740272
257.532471772	0.0134704918477
258.249740027	0.0133776471953
255.997063365	0.0137273431054
258.814861005	0.0132795121969
253.077076745	0.0141751835463
257.94488287	0.013403016005
256.083118558	0.0137024864511
257.567239487	0.0134704589395
256.155332614	0.0136830533231
258.443676286	0.0133431578909
254.688020035	0.0139090538325
260.014937313	0.0130972580661
254.387952572	0.0139650835503
259.418890945	0.0131831681344
258.313772387	0.0133615812004
259.261143848	0.0132152018737
259.319989348	0.0132137273616
258.727068448	0.0133152778799
258.808797053	0.0132823621157
254.9349692	0.0138830303999
259.200080354	0.0132294241605
254.333527493	0.0139603444944
258.908092993	0.0132690866722
258.78596297	0.013285941595
257.595267353	0.0134630468845
259.162387667	0.0132383828875
256.474767601	0.0136331461732
259.264543203	0.0132135879013
258.008058974	0.0134125731249
259.746827812	0.0131557955895
258.372819536	0.0133526260433
259.230611257	0.0132220035531
259.923998498	0.0131258449835
257.412492085	0.0134918591402
260.062185866	0.0131103101793
259.11078634	0.0132532787144
258.523953661	0.013323396185
258.418643464	0.0133472266975
262.446428312	0.0127493220755
260.381564088	0.0130465637555
260.741505493	0.0130070800914
261.330333831	0.0129267957966
261.733620059	0.0128741304078
259.89256279	0.0131274180984
259.777273462	0.0131392898981
258.846057943	0.0132841510295
257.345323407	0.0135113047707
260.805868544	0.0129908870188
261.722570486	0.012872268493
259.371085789	0.0132025939684
257.898945029	0.0134198171321
257.418138449	0.0134906646964
261.374120076	0.0129270924944
259.743782007	0.0131421494398
262.039566804	0.012817121237
261.989724305	0.0128331476272
261.724529288	0.0128625229288
262.207764982	0.0127984966056
260.589811156	0.0130183522874
261.116348774	0.0129523539317
262.625130845	0.0127488785064
261.099148094	0.0129442551956
262.34832831	0.0127780091357
259.583310602	0.0131831758073
263.124465779	0.0126486917804
262.561515921	0.0127531999059
262.279969169	0.0127751969882
260.617706158	0.0130216641717
262.640197281	0.0127240197521
261.584606763	0.0128717899585
260.194625344	0.013079947466
262.819177835	0.0127172779069
262.952445256	0.0126976543055
262.003371275	0.0128215963326
262.161433175	0.0127819879063
259.992895551	0.0131078619506
262.403754908	0.012749543876
262.041096858	0.012817032698
259.518303531	0.013161160003
260.990572292	0.0129479422903
259.451351818	0.0131699258794
258.504000116	0.013266148013
256.302041894	0.0136055715172
257.489814352	0.0134520177315
256.368299685	0.0135832838968
255.694197533	0.0136924807039
256.533969936	0.0136319685039
256.022889497	0.0136443984146
256.875749967	0.0135697698705
254.131578815	0.0139652401038
257.321394305	0.0135199563322
256.359518097	0.0136168817864
253.584818776	0.0140599194688
258.955149586	0.0132566150365
253.203136088	0.0140994312044
256.645247307	0.013605983055
258.629638435	0.0133049965209
259.567970515	0.0131706581853
259.621704949	0.0131754349816
259.513086285	0.013176540483
260.685628135	0.0129958308617
261.939103195	0.0128027659008
260.488864306	0.0130418410245
259.158797264	0.0132202758824
260.816819222	0.012973372264
260.694312959	0.0129820381473
259.519293442	0.0131797353076
259.197123628	0.0132172607439
257.491141573	0.0134845674989
256.49196704	0.0136390972989
257.160417194	0.0135362500971
258.473243496	0.013325356432
258.497541482	0.0133236336654
259.844733812	0.0130767772301
258.26012968	0.0133388852135
254.498895073	0.0138970757295
255.718736965	0.0137195033392
255.669413638	0.0137043220132
258.560057908	0.0132656078612
261.01065267	0.0129784782036
253.183469433	0.0141086620664
259.0003228	0.0132553994995
256.657455866	0.0135391133621
256.7818781	0.0135280599642
255.983376455	0.0136457829194
253.716831943	0.0140215621665
261.217921163	0.0129505926782
255.230373017	0.0138083387042
260.134017585	0.0130655617567
257.299122026	0.0134483108759
257.094614348	0.013500530939
256.665197559	0.013551563763
261.615626754	0.0128789815345
254.600677675	0.0139019559043
258.837703408	0.0132689548092
261.619729973	0.0128454920277
259.566812877	0.0131555254472
255.502139743	0.0137278789946
259.236035248	0.0132188309654
259.340056816	0.0131553875189
260.332241915	0.0130294036513
256.394050144	0.0135803895474
257.175352288	0.0135098911376
260.40705661	0.0130163592931
260.709586519	0.0130094490547
258.269994224	0.0133361036324
261.668171981	0.0128750578626
258.967102887	0.01323320039
256.691014935	0.0135641158642
258.34120543	0.0133230375998
260.155783132	0.0130538678545
260.214382195	0.0130609283117
256.35650894	0.0136109415631
258.646861061	0.013281395711
259.64760312	0.013122151184
260.852529339	0.0129778278084
259.699631066	0.0131020041678
259.625509386	0.0131438223809
260.341105484	0.0130354076211
259.812601456	0.0131348515338
257.85374228	0.0133871064631
259.030564111	0.0131987447655
263.059318852	0.0126602289763
258.896820019	0.0132379196168
259.609797911	0.0131416541543
259.776463687	0.0131107592601
262.013505703	0.012806344438
258.559027351	0.0132901628321
262.804949319	0.0127176335846
259.623066895	0.0131479444496
261.12064519	0.0129341146287
263.740397341	0.0125515284166
261.76741854	0.0128392448628
261.327687639	0.012888268561
262.366017256	0.0127538565906
260.29033542	0.0130517630365
261.718554025	0.0128507356858
261.332927866	0.0129142165204
261.044026357	0.0129190119494
262.861236871	0.0126666449907
261.578875746	0.0128604808112
261.61883288	0.0128764977878
262.66058566	0.0126924776276
262.07440432	0.0128127855671
262.586818632	0.0127195433203
262.804266003	0.0126883597469
263.34278666	0.0126267057105
262.086714966	0.0128037666793
260.239056418	0.0130539911476
261.454158862	0.0128897694857
261.785029633	0.0128413358652
261.453832685	0.0128965929782
263.103191734	0.0126642031355
263.370685244	0.0126371316246
263.159795037	0.0126208694171
264.005148283	0.0125159486727
263.166004826	0.0126394971896
263.835843236	0.0125621140905
262.819465519	0.0126851275116
261.608420258	0.0128816390319
264.761613851	0.0124138540984
263.226065076	0.0126349181413
263.273705261	0.0126175385813
262.525254524	0.0127305642411
263.678105779	0.0125514803365
261.892192909	0.0128145003365
263.322039655	0.0126070927573
262.926348574	0.0126588717983
263.604558782	0.0125703285411
263.073160663	0.0126475407948
264.306155178	0.0124790947206
262.961065715	0.0126580150577
264.361564942	0.0124659634869
263.222204581	0.0126342514018
264.528367734	0.0124554247048
264.433081175	0.0124738854261
264.608155718	0.0124485442186
263.715697317	0.0125655994554
265.062755676	0.0123890211112
264.31013318	0.0124864898292
263.509015992	0.0125985624224
264.578997293	0.0124513244789
263.415070026	0.0126209758055
263.961761529	0.0125208001779
263.810738709	0.0125499121278
264.400989361	0.012457148608
264.997994747	0.0124050560853
264.417307376	0.012472561214
264.515479551	0.0124607262087
264.547593014	0.0124599490042
263.609634261	0.0125871743489
264.486099431	0.0124719918221
263.624642331	0.0125859315229
264.464336168	0.0124656175909
263.523704761	0.0125997589067
264.400427066	0.0124801030778
263.29799058	0.0126443834942
263.785130394	0.0125569127032
264.202594355	0.0125179594044
263.918511056	0.0125417053891
263.754241223	0.0125700116452
263.579214602	0.0125892661856
264.748969776	0.0124341932312
264.1418623	0.0125166237493
263.861783991	0.0125544698425
263.647004398	0.0125712516207
264.236610765	0.0125138328889
263.484409059	0.012597310267
264.350000126	0.0124990259925
263.936112613	0.012531094656
264.519288237	0.0124632057929
263.568045134	0.0125929564046
263.670697088	0.0125869982675
264.161789145	0.0125091362463
264.585337639	0.0124582414969
263.764865993	0.0125662663716
264.470693921	0.0124793908645
264.010885294	0.0125308719964
263.510506591	0.0126163651879
264.147540703	0.012501983015
263.661538492	0.0125968086629
263.623655125	0.0125775302372
264.146280129	0.0125289818372
263.697232364	0.0125706460601
264.611162484	0.0124543712656
264.321534617	0.0124832248418
263.66934101	0.0125957823368
263.817509146	0.0125503052809
264.570992227	0.0124617758999
263.685735301	0.0125695805542
264.277231064	0.0124990464044
264.07257693	0.0125192993708
263.849653902	0.0125712502745
264.257074295	0.0124920078142
263.879539565	0.0125522316515
264.218372325	0.0124975596056
264.650997124	0.0124521801951
263.828934693	0.0125532759958
264.567341052	0.0124590321042
264.01955366	0.0125174772886
264.790479581	0.0124325984407
264.235649748	0.0124870791227
264.179462023	0.0125233039624
264.382101104	0.0124711956096
264.664328527	0.0124453618903
264.527252573	0.0124534193131
264.783114077	0.0124353901176
264.089274839	0.0125124134946
264.164964342	0.0125150629346
264.415319074	0.0124700438932
264.634570644	0.0124588451453
264.247416394	0.0124882458464
264.297085076	0.0124928834529
264.033502319	0.012515267871
264.489702543	0.0124621259685
264.303685926	0.0124632122498
264.936237761	0.0123999546007
264.73109979	0.0124035736566
265.169536306	0.0123592884452
264.564611889	0.0124246504154
264.939690351	0.012394725908
264.31491502	0.0124825959128
264.987154374	0.0123914919909
264.957186283	0.0123721452805
265.266726634	0.012350214243
265.07386962	0.0123787128894
265.014281463	0.012382662861
265.594103474	0.0123065964948
265.432690516	0.0123346509803
264.755269572	0.0124278200256
265.002775124	0.0123800354018
264.684391789	0.0124247405069
264.880314884	0.0123928742922
265.014334776	0.0123948845315
265.470615006	0.0123018224822
265.300933569	0.012332524522
265.555376363	0.0122948876519
265.245433007	0.0123484708458
266.118558139	0.0122223713407
265.89960969	0.0122554320032
265.612437815	0.0122819556615
265.349891729	0.0123195682204
265.875616446	0.0122493701467
265.729451016	0.0122779667807
265.80225145	0.0122585220026
266.055032626	0.0122264555816
265.636870421	0.0122866984472
265.374545486	0.012311275774
265.704357779	0.0122682960025
265.775973032	0.0122611779624
265.621599148	0.012290007575
265.28838266	0.012324051629
264.921458826	0.0123713889214
265.339667514	0.0123235229666
265.345364422	0.0123229500048
265.855278018	0.0122433695219
266.515536416	0.0121513182418
266.772663683	0.0121175895295
267.173845039	0.0120653671278
267.097187385	0.0120802946337
267.189200817	0.0120679361951
267.232859593	0.0120550949955
267.472992616	0.0120287252907
267.525211944	0.0120194188152
267.305778696	0.0120534113573
267.451552434	0.0120284403357
267.623784181	0.0120092798269
267.876710749	0.011977886667
267.652610578	0.0120020891079
267.953130869	0.0119675175529
267.859117	0.0119803362184
268.022745182	0.0119589656873
268.300778058	0.0119207849774
268.404486982	0.011903605004
268.481157223	0.0118949311178
268.797115027	0.0118544225351
268.519946153	0.0118918227468
268.776534497	0.011857978286
268.825480356	0.0118513196978
269.147212239	0.0118072996246
269.070491266	0.0118152399162
269.056363621	0.0118150134869
269.063063954	0.0118199305448
269.126560931	0.0118057843205
269.364286768	0.0117789643429
269.523134545	0.011758545786
269.217544067	0.01179342546
269.417577332	0.0117683004606
269.344035294	0.0117777387328
269.906565339	0.0117081921749
269.756600127	0.0117273062691
269.874822555	0.0117105102026
269.814681896	0.011720278527
269.897369423	0.0117049219521
269.798403811	0.0117169347837
270.160735127	0.0116750512354
270.116533151	0.0116796192371
270.273023694	0.0116582709678
270.197872952	0.0116708274678
270.256034391	0.0116583047866
270.447520595	0.0116371064941
270.583838131	0.0116179912368
270.306769905	0.0116501366698
270.744001742	0.0115997548667
270.693742912	0.0116049143919
270.753998139	0.0115987842912
270.721241871	0.0115981209695
270.880935061	0.0115803720652
270.688899227	0.0116002603373
270.922319348	0.0115768616071
270.951125176	0.0115680948276
271.050101847	0.011557450985
271.047698864	0.0115546505554
271.110346868	0.0115473064936
271.075214091	0.011554043947
271.179688224	0.0115423013317
271.232160139	0.0115322326458
271.293531979	0.0115283622007
271.18395523	0.0115366065673
271.26094843	0.0115276046015
271.31813065	0.0115212506914
271.239141932	0.0115299403458
271.321986978	0.0115202335611
271.471033215	0.0115048254951
271.353833477	0.0115165279391
271.533872321	0.0114952176116
271.36453209	0.0115140685625
271.388106003	0.0115102473388
271.215546106	0.0115305468283
271.53379977	0.0114929427493
271.384745283	0.0115111137776
271.410076744	0.0115064900234
271.425726751	0.0115082343051
271.626085515	0.0114843250905
271.401585688	0.0115077185449
271.620256243	0.0114826176964
271.417789406	0.0115061974919
272.347470151	0.0113866666952
273.734506591	0.0112102639772
274.94548742	0.0110619136395
275.89256354	0.010946957134
276.778499694	0.0108390160596
277.633424593	0.0107356741582
278.440475875	0.0106377266149
279.228528646	0.0105459288642
279.980359304	0.0104576066386
280.923997459	0.0103451253442
281.505904956	0.0102771229941
282.382010494	0.0101772693728
282.615094726	0.0101487203914
282.954468506	0.0101078678264
283.684572893	0.0100245647917
284.597488398	0.00993066780897
285.227120159	0.00985939063159
285.613140794	0.00981895119659
286.090620234	0.009767087185
286.747653606	0.00969027536092
287.211665031	0.00964315445719
287.368649445	0.00962282783375
287.742985064	0.00957907561524
288.335280308	0.00952423023843
288.762080945	0.00947792446332
288.909061868	0.00946259549182
289.070264835	0.00944258976379
289.107026625	0.00943474941342
289.136977847	0.00943566885446
289.04326523	0.0094412798205
289.178037556	0.00943336909741
288.989061197	0.0094523911526
288.902973204	0.00946519590246
288.653681638	0.00949086701698
288.284903569	0.00953082903357
288.003738089	0.00955988222958
287.636211127	0.0095986498509
287.259898529	0.00963910707097
287.026901532	0.00966689541102
286.780232928	0.00969231027166
286.618741599	0.00971106971259
286.410069668	0.00973149439124
286.315327939	0.00974171351669
286.377414222	0.00973529634943
286.484996361	0.00972379250775
286.528178334	0.00971957206922
286.325896935	0.00974020168395
286.231375404	0.00975207610474
285.986833821	0.00977881573894
285.545851345	0.00982565476464
285.0911707	0.00987050212032
284.506003824	0.00993842651312
284.512809807	0.0099381785317
299.53067848	0.00840357157043