100	-0.04507	0.0	1.0	8.88951978186e-17	0.0
104	-0.03396	0.0	0.670916897298	0.329083102702	6.70454827287e-71
105	-0.03795	0.0	0.0	1.0	0.0
107	-0.03916	0.0	0.0	1.0	0.0
11	-0.09869	1.0	0.0	0.0	0.0
113	-0.04572	1.0	0.0	0.0	0.0
114	-0.007392	0.0	0.0	1.0	0.0
115	0.003574	1.0	0.0	0.0	0.0
116	0.04571	0.0	0.999999773488	2.26511920496e-07	0.0
117	0.04052	0.0	1.0	0.0	0.0
118	0.06876	0.0	1.0	0.0	0.0
119	0.09977	0.0	0.0	0.0	1.0
121	0.1112	0.0	0.0	0.0	1.0
125	0.1948	0.0	0.0	0.0	1.0
126	0.4872	0.0	1.0	0.0	0.0
127	0.6286	0.0	0.0	0.0	1.0
128	2.264	0.0	0.999996660801	0.0	3.33919932053e-06
165	-0.07807	0.0	1.0	0.0	0.0
166	-0.1048	0.0	0.997067574229	0.0	0.00293242577061
167	-0.169	0.0	1.0	0.0	0.0
168	-0.1384	0.0	0.0	0.0	1.0
17	-0.1292	1.0	0.0	0.0	0.0
170	-0.1024	0.0	0.0	1.0	0.0
172	-0.08405	0.0	1.0	0.0	0.0
175	-0.0967	0.0	1.0	0.0	0.0
176	-0.06587	0.0	0.0	1.0	0.0
178	-0.06526	0.0	0.0	1.0	0.0
189	-0.02557	0.0	0.0	1.0	0.0
190	-0.02309	0.414645969878	0.0	0.585354030122	0.0
191	-0.02508	0.0	0.0	1.0	0.0
192	-0.02174	0.0	0.0	1.0	0.0
193	-0.02639	1.0	0.0	0.0	0.0
194	-0.009552	0.999694816315	0.0	0.000305183684813	0.0
195	-0.008389	1.0	0.0	0.0	0.0
196	0.01613	1.0	0.0	0.0	0.0
197	0.02004	0.00428045919567	0.0	0.995719540804	0.0
198	0.05313	1.0	0.0	1.26351275532e-165	0.0
199	0.07112	1.0	0.0	0.0	0.0
200	0.1043	0.0	0.0	1.0	0.0
201	0.07211	1.0	0.0	0.0	0.0
202	0.02657	0.469969144753	0.0	0.530030855247	0.0
206	-0.004126	0.795215471807	0.0	0.204784528193	0.0
207	0.002447	1.0	0.0	0.0	0.0
208	-0.01553	3.05367821822e-19	0.0	1.0	0.0
211	-0.0171	0.0	0.0	1.0	0.0
23	-0.08907	0.462797407288	0.0	0.537202592712	0.0
24	-0.07824	0.0	0.0	1.0	0.0
25	-0.08548	1.0	0.0	0.0	0.0
26	-0.08858	0.0	0.0	1.0	0.0
39	-0.07467	0.0	1.0	0.0	0.0
40	-0.05724	0.0	0.00384773871947	0.0	0.996152261281
41	-0.04154	0.0	1.0	0.0	0.0
42	-0.01358	0.0	0.996709564596	0.0	0.00329043540372
43	-0.0272	0.0	1.0	0.0	0.0
45	-0.03822	0.0	0.457568101893	0.0	0.542431898107
46	-0.04233	0.0	1.0	0.0	0.0
47	-0.02129	0.0	0.0	0.0	1.0
48	-0.02554	0.0	0.426395256652	0.0	0.573604743348
49	-0.04119	0.0	1.0	0.0	0.0
53	-0.05563	0.0	0.0	0.0	1.0
54	-0.03483	0.0	0.558722435339	0.0	0.441277564661
6	-0.06704	0.0	0.0	1.0	0.0
61	-0.05609	0.0	1.0	0.0	0.0
62	-0.05194	0.0	7.79322149995e-129	0.0	1.0
63	-0.05133	0.0	0.0	0.0	1.0
64	-0.0645	0.0	0.0	0.0	1.0
65	-0.06001	0.0	1.0	0.0	0.0
66	-0.05692	0.0	1.0	0.0	0.0
67	-0.06153	0.0	0.0	0.0	1.0
68	-0.06696	0.0	1.0	0.0	0.0
69	-0.05732	0.0	1.0	0.0	0.0
7	-0.08599	0.0	1.0	0.0	0.0
70	-0.05531	0.0	0.0	0.0	1.0
72	-0.06003	0.0	0.0	0.0	1.0
73	-0.05361	0.0	0.0	0.0	1.0
74	-0.0548	0.0	0.874438221532	0.0	0.125561778468
76	-0.05906	0.0	0.500411057025	0.0	0.499588942975
79	-0.05317	0.0	0.0	1.0	0.0
80	-0.05316	0.906888329404	0.0	0.0931116705961	0.0
84	-0.1205	0.0	0.0	1.0	0.0
86	-0.1015	0.0	1.0	0.0	0.0
90	-0.0591	0.0	1.0	0.0	0.0
91	-0.05741	0.0	0.0	0.576634704966	0.423365295034
92	-0.06489	0.0	0.000142236676941	0.0	0.999857763323
94	-0.04947	0.0	1.0	1.26469255907e-29	0.0
95	-0.05039	0.0	0.999925521257	0.0	7.44787431376e-05
97	-0.04583	0.0	0.233638593753	0.766361406247	0.0
98	-0.04151	0.0	0.999849253695	9.58497282533e-07	0.000149787807738
99	-0.0441	0.0	1.42534604762e-05	0.99998574654	0.0