100	-0.04485	0.0	1.0	5.36793816393e-16	0.0
104	-0.03376	0.0	0.701753639946	0.298246164272	1.95781877045e-07
105	-0.03772	0.0	0.0	1.0	0.0
107	-0.03888	0.0	0.0	1.0	0.0
11	-0.09521	1.0	0.0	0.0	0.0
113	-0.04424	1.0	0.0	0.0	0.0
114	-0.00622	0.0	0.0	1.0	0.0
115	0.004494	1.0	0.0	0.0	0.0
116	0.04739	0.0	0.988288916705	0.0117110832949	0.0
117	0.03761	0.0	1.0	0.0	9.28015939798e-214
118	0.06539	0.0	1.0	0.0	0.0
119	0.09607	0.0	0.0	0.0	1.0
121	0.105	0.0	0.0	0.0	1.0
125	0.1911	0.0	0.0	0.0	1.0
126	0.4887	0.0	1.0	0.0	0.0
127	0.6302	0.0	0.0	0.0	1.0
128	2.263	0.0	0.994567155621	0.0	0.00543284437885
165	-0.09337	0.0	1.0	0.0	0.0
166	-0.1116	0.0	0.999505829592	0.0	0.000494170408319
167	-0.1582	0.0	1.0	0.0	0.0
168	-0.1241	0.0	0.0	0.0	1.0
17	-0.1281	1.0	0.0	0.0	0.0
170	-0.1054	0.0	0.0	1.0	0.0
172	-0.07855	0.0	1.0	0.0	0.0
175	-0.09414	0.0	1.0	0.0	0.0
176	-0.06256	0.0	0.0	1.0	0.0
178	-0.06439	0.0	0.0	1.0	0.0
189	-0.02522	0.0	0.0	1.0	0.0
190	-0.02274	0.40907550802	0.0	0.59092449198	0.0
191	-0.02472	0.0	0.0	1.0	0.0
192	-0.02131	0.0	0.0	1.0	0.0
193	-0.02583	1.0	0.0	1.81583256465e-147	0.0
194	-0.008922	0.985372832773	0.0	0.0146271672267	0.0
195	-0.007401	1.0	0.0	0.0	0.0
196	0.01699	1.0	0.0	0.0	0.0
197	0.02139	0.0210075160311	0.0	0.978992483969	0.0
198	0.05445	1.0	0.0	1.81058297383e-13	0.0
199	0.07213	1.0	0.0	0.0	0.0
200	0.1036	0.0	0.0	1.0	0.0
201	0.07267	1.0	0.0	0.0	0.0
202	0.02715	0.510222297463	0.0	0.489777702537	0.0
206	-0.004178	0.831700786718	0.0	0.168299213282	0.0
207	0.002243	1.0	0.0	0.0	0.0
208	-0.01565	0.00166830925362	0.0	0.998331690746	0.0
211	-0.01716	0.0	0.0	1.0	0.0
23	-0.08896	0.51870409346	0.0	0.48129590654	0.0
24	-0.07812	0.0	0.0	1.0	0.0
25	-0.0853	1.0	0.0	0.0	0.0
26	-0.08833	0.0	0.0	1.0	0.0
39	-0.07209	0.0	1.0	0.0	0.0
40	-0.0594	0.0	0.00226246516332	0.0	0.997737534837
41	-0.04028	0.0	1.0	0.0	0.0
42	-0.01345	0.0	0.975635403459	0.0	0.0243645965407
43	-0.02537	0.0	1.0	0.0	0.0
45	-0.03588	0.0	0.598039365332	0.0	0.401960634668
46	-0.03967	0.0	0.996635493558	0.0	0.00336450644207
47	-0.0192	0.0	0.0	0.0	1.0
48	-0.02435	0.0	0.468221838543	0.0	0.531778161457
49	-0.04065	0.0	1.0	0.0	0.0
53	-0.05845	0.0	0.0	0.0	1.0
54	-0.03556	0.0	0.612511520786	0.0	0.387488479214
6	-0.06599	0.0	0.0	1.0	0.0
61	-0.06821	0.0	1.0	0.0	0.0
62	-0.04959	0.0	3.9744371646e-17	0.0	1.0
63	-0.04908	0.0	0.0	0.0	1.0
64	-0.06175	0.0	0.0	0.0	1.0
65	-0.05752	0.0	1.0	0.0	0.0
66	-0.05489	0.0	1.0	0.0	0.0
67	-0.05939	0.0	0.0	0.0	1.0
68	-0.06433	0.0	1.0	0.0	0.0
69	-0.05527	0.0	1.0	0.0	0.0
7	-0.08454	0.0	1.0	0.0	0.0
70	-0.05351	0.0	0.0	0.0	1.0
72	-0.05812	0.0	0.0	0.0	1.0
73	-0.05208	0.0	0.0	0.0	1.0
74	-0.05337	0.0	0.861848658322	0.0	0.138151341678
76	-0.05804	0.0	0.587722165784	0.0	0.412277834216
79	-0.05259	0.0	0.0	1.0	0.0
80	-0.05262	0.85727276837	0.0	0.14272723163	0.0
84	-0.1199	0.0	0.0	1.0	0.0
86	-0.1008	0.0	1.0	0.0	0.0
90	-0.0587	0.0	1.0	0.0	0.0
91	-0.05718	0.0	0.0	0.488654475903	0.511345524097
92	-0.06467	0.0	0.0144835088462	0.0	0.985516491154
94	-0.04922	0.0	1.0	1.24194553312e-13	0.0
95	-0.05022	0.0	0.990178024917	0.0	0.00982197508304
97	-0.0456	0.0	0.256908342193	0.743091657807	0.0
98	-0.04133	0.0	0.999887195065	0.000112609007682	1.95927250761e-07
99	-0.04393	0.0	0.00450573376316	0.995494266237	0.0