6	0.0	0.0	1.0	0.0
7	0.0	1.0	0.0	0.0
11	1.0	0.0	0.0	0.0
17	1.0	0.0	0.0	0.0
23	0.501742332223	0.0	0.498257667777	0.0
24	0.0	0.0	1.0	0.0
25	1.0	0.0	0.0	0.0
26	0.0	0.0	1.0	0.0
39	0.0	1.0	0.0	0.0
40	0.0	0.0896495341714	0.0	0.910350465829
41	0.0	1.0	0.0	0.0
42	0.0	0.6861840424	0.0	0.3138159576
43	0.0	1.0	0.0	0.0
45	0.0	0.424393341076	0.0	0.575606658924
46	0.0	0.99511907115	0.0	0.00488092884993
47	0.0	0.0	0.0	1.0
48	0.0	0.42322620057	0.0	0.57677379943
49	0.0	1.0	0.0	0.0
53	0.0	0.0	0.0	1.0
54	0.0	0.463324520867	0.0	0.536675479133
61	0.0	1.0	0.0	0.0
62	0.0	0.00108244417892	0.0	0.998917555821
63	0.0	0.0	0.0	1.0
64	0.0	0.0	0.0	1.0
65	0.0	1.0	0.0	0.0
66	0.0	1.0	0.0	2.18177834819e-24
67	0.0	0.0	0.0	1.0
68	0.0	1.0	0.0	0.0
69	0.0	1.0	0.0	4.31779774552e-21
70	0.0	0.0	0.0	1.0
72	0.0	0.0	0.0	1.0
73	0.0	0.0	0.0	1.0
74	0.0	0.735482968827	0.0	0.264517031173
76	0.0	0.477109413694	0.0	0.522890586306
79	0.0	0.0	1.0	0.0
80	0.584675976466	0.0	0.415324023534	0.0
84	0.0	0.0	1.0	0.0
86	0.0	1.0	0.0	0.0
90	0.0	1.0	0.0	0.0
91	0.0	0.0	0.337307753269	0.662692246731
92	0.0	0.0157125982139	0.0	0.984287401786
94	0.0	0.999852085	0.000147915000067	0.0
95	0.0	0.953517425632	0.0	0.0464825743679
97	0.0	0.313905407858	0.686094592142	0.0
98	0.0	0.929419345371	0.00942141953812	0.0611592350904
99	0.0	0.011955881372	0.988044118628	0.0
100	0.0	0.995834244926	0.00416575507405	0.0
104	1.89962625261e-42	0.648367277158	0.351632062281	6.60561563954e-07
105	0.0	0.0	1.0	0.0
107	0.0	0.0	1.0	0.0
113	1.0	0.0	0.0	0.0
114	0.0	0.0	1.0	0.0
115	1.0	0.0	9.46241877318e-34	0.0
116	3.06878542407e-40	0.972266830251	0.0277331697487	0.0
117	0.0	1.0	0.0	0.0
118	0.0	1.0	0.0	0.0
119	0.0	0.0283485681777	0.0	0.971651431822
121	0.0	0.0	0.0	1.0
125	0.0	0.0	0.0	1.0
126	0.0	1.0	0.0	0.0
127	0.0	0.0	0.0	1.0
128	0.0	0.975155719207	0.0	0.0248442807933
165	0.0	1.0	0.0	0.0
166	0.0	0.253149504423	0.0	0.746850495577
167	0.0	0.0	0.0	1.0
168	0.0	0.0	0.0	1.0
170	0.0	0.0	1.0	0.0
172	0.0	1.0	0.0	0.0
175	0.0	1.0	0.0	0.0
176	0.0	0.0	1.0	0.0
178	0.0	0.0	1.0	0.0
189	0.0	0.0	1.0	0.0
190	0.367406503434	0.0	0.632593496566	0.0
191	0.0	0.0	1.0	0.0
192	0.0	0.0	1.0	0.0
193	0.99989027087	0.0	0.000109729129572	0.0
194	0.948589085592	0.0	0.0514109144076	0.0
195	1.0	0.0	0.0	0.0
196	1.0	0.0	0.0	0.0
197	0.00556331675396	0.0	0.994436683246	0.0
198	0.991587075526	0.0	0.00841292447427	0.0
199	1.0	0.0	0.0	0.0
200	0.0	0.0	1.0	0.0
201	1.0	0.0	2.84280645561e-281	0.0
202	0.505353264282	0.0	0.494646735718	0.0
206	0.594702740244	0.0	0.405297259756	0.0
207	1.0	0.0	0.0	0.0
208	0.00467458924511	0.0	0.995325410755	0.0
211	3.43573513652e-71	0.0	1.0	0.0
