-68.3644482437	0.524195113324
3.8330079031	0.231936194355
140.263787816	0.0494981927041
-25.9068060392	0.32385288689
24.2842721613	0.184500210961
-32.8799336101	0.351624090196
6.3673220251	0.216507766752
12.6150815021	0.204374224306
-12.0367353845	0.278063405713
-39.941342426	0.378919467145
34.9873640241	0.157310202543
-26.7755301669	0.327860301882
13.3251136226	0.203568019871
36.6792839148	0.153961009574
33.7135997572	0.164960165926
9.95887387876	0.210038337179
-33.0233610764	0.35029301677
-64.1939813837	0.499652779985
37.8575732266	0.152178138844
55.3449749616	0.127597798013
43.1078058102	0.149214727423
25.0882551864	0.17860582342
123.128204525	0.0606981294616
10.6793738132	0.215268105513
15.363227536	0.20220235893
11.22111995	0.207500389591
-18.8151516441	0.294131071746
12.2119886235	0.20693222597
12.5609468408	0.204826869823
-11.4115712977	0.275507012372
40.1677929236	0.153941886058
1.79855795972	0.235682039059
-3.07654319034	0.251270468559
37.4430207918	0.156341927276
17.121974147	0.191241198965
101.41821127	0.0763525901677
-0.567264268646	0.243638271069
32.006361169	0.166399048367
37.9579888797	0.151449332565
29.051511631	0.173057626814
-18.7436871476	0.300162645865
-47.1572965722	0.409545801494
17.216271497	0.193214577129
31.1488180991	0.170686314731
-25.7532660368	0.319413207726
30.442161895	0.172263900145
30.1161039479	0.170485754759
16.6686755428	0.194842692789
13.1650627923	0.204084386863
-12.7178346586	0.27859860946
37.4553678255	0.153423549561
43.3618380923	0.14315974778
34.42518278	0.159021095789
8.20347536458	0.218138511155
13.8256597934	0.205777308797
14.1731655954	0.200755462036
61.1403439199	0.122182126618
40.1693534743	0.153095394363
-8.34111415689	0.261885365762
44.6133584023	0.145998391657
35.4881354197	0.156268843924
-10.8373541289	0.274389569897
13.4548759827	0.203784514664
53.6989027466	0.132746897861
19.2033004085	0.192480234102
14.454892425	0.203240595648
-6.17462250328	0.253968605922
-12.8044530699	0.276809998854
-24.8855437901	0.316348668753
-12.5491107277	0.274823583766
36.4218071329	0.158472766531
100.602455572	0.0787153869124
56.0758256882	0.129069284293
-12.8302404031	0.280411515744
-11.2737769453	0.272223948471
-2.99525076528	0.251147584939
-10.5009926508	0.271504276739
31.8569298886	0.163860765923
25.2513910198	0.180699198658
-10.4979543684	0.272892869067
-3.16603921099	0.250758818241
43.6318479025	0.143303826182
8.05844384615	0.212155251892
-5.87417844129	0.25949960646
-3.53564338421	0.252719474158
-9.61065581894	0.270322627969
-18.0014564469	0.291214310935
5.24486313647	0.221763700187
15.4034807995	0.195498229777
-11.6337462482	0.276708065205
85.5036227413	0.092902069604
-23.8286057697	0.317533270677
42.5586438089	0.150402811755
48.0560906621	0.141393870208
9.19759983886	0.218728299563
-24.282078289	0.318225859816
-27.4978830805	0.326876002396
103.394492756	0.0743229356446
36.3150768013	0.15526405266
1.92309681642	0.234059664402
-22.4451262794	0.311666714437
23.4494025844	0.18605917837
-14.3557147352	0.282218103204
60.1485845456	0.121856576387
36.7751422858	0.153914714858
9.35983808407	0.218510966574
-24.6516133634	0.320457217195
28.3720294667	0.169882292474
42.7110090663	0.144109144427
22.0141022739	0.182654918618
37.7393389944	0.155810461425
-20.0862629559	0.303455436057
34.1136102903	0.159481162222
-8.94539171863	0.268781054628
-12.9503352555	0.277293639448
-12.0549835428	0.271488437463
12.4342637097	0.210979200713
33.5589109721	0.161621082902
-23.7823998748	0.313979618365
-8.78384291662	0.261254041533
3.91409234998	0.226052435054
-22.8763516862	0.30736650518
36.2882692813	0.158449001293
30.7455605159	0.169494664731
37.6091522274	0.155546052444
13.8162314443	0.206060380335
42.1027407336	0.151075524637
37.3545221959	0.155784471393
9.54284894642	0.217317853702
45.7481370707	0.13964377173
12.8133116282	0.208717713232
13.296358601	0.20895920247
25.9125132244	0.175196218759
-30.3020028248	0.339561885041
87.1331077466	0.0915226585954
36.4725169904	0.156266855135
19.9527120294	0.189198126129
90.9015551468	0.0858054703873
16.0662633316	0.199946246214
37.3843495683	0.155167131108
37.5039963329	0.15394615564
24.8906626133	0.180831365847
19.675118168	0.190109206799
36.010710851	0.156590811835
-3.9050582137	0.251123008565
30.0166508388	0.169934744004
23.6434031911	0.180825896372
30.4787405095	0.170617709042
32.2433243623	0.167603165011
17.7517821599	0.19369636004
10.2739999817	0.216265967153
9.30468910678	0.216641336315
11.3257922748	0.211406170512
-10.8944868493	0.273927629015
79.2490620004	0.09988354248
18.5364749773	0.194747576688
35.7000680437	0.156475180615
34.6490578439	0.160669386209
12.3713324213	0.206481675736
147.049225762	0.0463880286753
59.5348415062	0.124373915822
6.57253464384	0.221581090802
55.8047340117	0.126758073901
34.0068413748	0.159996011446
40.8796945615	0.149062010771
35.0877525741	0.163457245598
29.0957274467	0.170818492696
28.1156870532	0.174386358948
10.2677601704	0.212553150543
79.0801269444	0.100030391227
25.2290844512	0.17796591868
23.8650272921	0.183996522236
37.7339659794	0.152635517417
28.2996414487	0.170832583106
-11.055156145	0.273362117514
37.9418896026	0.153392382456
61.5567973208	0.121353803849
37.7844683392	0.152373191203
-1.49139324092	0.239075354262
0.0160228139976	0.236164535834
34.6132380211	0.161975663265
157.379500047	0.0411035793157
33.9740420735	0.16097703717
23.8607396503	0.185172468056
5.06574607638	0.226323903279
26.8389047203	0.173109050461
52.4524076448	0.134501876185
83.6104226743	0.0951337762268
97.143063299	0.0818118384296
41.1494029823	0.146333726502
16.8834038197	0.20022769224
37.4839968111	0.155442540177
38.6659443003	0.150838310811
7.46529450348	0.221277835641
50.9596288007	0.133332953663
4.54148479099	0.226834267831
-5.09853518247	0.255520369642
14.9706418337	0.19949817696
8.22120140022	0.221102631155
-1.89210713748	0.246823329638
1.44577689273	0.238526202745
79.291430528	0.09877159467
39.1129177144	0.150116225151
78.7471465403	0.100325772835
62.4038952443	0.120366417116
63.8721226335	0.115731609114
28.6091675998	0.169969387974
-22.6076800423	0.308241228232
62.130906542	0.120640173819
51.8973893811	0.131484526675
26.8586249551	0.174137807341
63.4917961832	0.118846705221
25.7610504165	0.179642546894
59.237247831	0.122434685115
32.6977834625	0.161592817253
56.6009707703	0.128515718171
28.3726969218	0.174311592666
41.7712537456	0.146695757468
35.2976513461	0.162287395628
70.1433863281	0.110556800533
26.989662428	0.176655671569
78.7187367339	0.100494656685
48.6375188477	0.135256924747
72.0766669157	0.108097518286
39.3586879516	0.149448578845
36.9168113916	0.159151520606
19.3860145365	0.194992331893
42.2382315579	0.14489350568
37.9996129018	0.152529819266
45.6936092025	0.144638912906
53.140583331	0.131223663008
3.87062911978	0.224666879125
24.0426812671	0.184262520123
51.1897882394	0.133443871242
6.027356525	0.223402614361
109.412247578	0.0712842341043
20.8199276218	0.186649873717
89.7596755646	0.0888569576115
20.755699315	0.186539272389
18.2494172638	0.191817193475
37.3405979019	0.156769417835
38.1117607625	0.154479713057
53.0569206804	0.130667109443
-19.2466994014	0.299335421051
80.8981824952	0.0979388702745
24.9115222975	0.181202999145
41.7145446542	0.146505908326
48.9179126649	0.139898542952
112.442344005	0.0683745739843
64.4545619806	0.115022027817
25.2782104384	0.178726261305
104.808541424	0.0751209959542
-10.2989854216	0.2715990875
-5.53012598425	0.258432589552
56.635148312	0.125592499831
43.6489922094	0.143849145606
39.1572531695	0.149981321865
53.4072851453	0.129190048381
53.7430779011	0.131952929278
9.03253146572	0.218145879263
66.3154690221	0.113927218854
21.5545031895	0.184919146236
30.6311074883	0.171579389588
23.1200670251	0.183562956402
29.7262315207	0.169290244295
30.3641817568	0.169187363071
13.2915873216	0.207637400816
78.8593967576	0.0998316951628
49.7819919141	0.138133740636
37.6242273197	0.153801335471
0.715797662335	0.23525983215
29.4191315829	0.172424944729
65.2639121682	0.11457192536
25.5079476343	0.180080016047
89.0267031079	0.0896797474614
-0.422436922719	0.243992899988
37.7257513169	0.157476790894
71.2339469629	0.109296324628
-7.2274415964	0.263176724806
80.6980446861	0.0981960302102
24.7926665149	0.178298100785
27.2732739066	0.176604423961
31.6008876133	0.168023142074
22.5978912378	0.186635571499
50.4440601288	0.134686037404
22.370824998	0.184656164927
153.349245974	0.0427439064741
112.229270998	0.0676140109168
28.8625856356	0.1686037768
0.40009689404	0.239917890021
35.709268264	0.159136774943
32.8332903724	0.164898557735
15.551258587	0.197969912187
28.1526562556	0.172210479182
76.7385095499	0.100347167223
33.1932173654	0.164554530725
62.4229486081	0.119932264757
44.8164650038	0.142966341975
40.2423498229	0.148244850558
24.9864717449	0.18073071945
50.8442778697	0.136730829963
38.1401353627	0.152374701484
10.004529802	0.212370096754
-1.16328029874	0.24491960016
42.9791131603	0.144577015064
148.516489875	0.0456779590449
67.3707713575	0.111072186097
73.9049235006	0.104616403786
118.305765994	0.0640290423237
29.9969871659	0.170709299848
66.8939574758	0.111686090132
23.8928363587	0.1815417043
71.7422478646	0.10862409054
48.5639708811	0.13794497197
149.190431556	0.0448967891734
48.5786202399	0.135601996436
29.9131070075	0.168463763174
60.658323903	0.122894221
30.8411950726	0.164731595247
25.8184172767	0.175617582456
108.850350111	0.071456851929
33.0323916891	0.161061330592
17.9845377417	0.191383013323
84.0040117477	0.0943124863186
29.9261829761	0.167462992262
82.2965654391	0.0966346336374
34.7496163007	0.160718848671
129.654467795	0.0567316026299
69.9105499984	0.110761647641
37.2570904689	0.156211647169
74.7862449656	0.104806571241
84.0880303515	0.0947541414751
69.2936768017	0.111583337929
39.2004411363	0.150380489238
79.9310157552	0.0990706406032
31.1131411047	0.166667457448
44.0269601064	0.142787902857
25.6926922293	0.180259819618
36.3637643381	0.156721032256
84.9025835144	0.0937205976029
25.8724286097	0.176770781852
33.3028284454	0.161401731712
58.6396198145	0.122280938572
39.1511070601	0.1503140413
127.971235136	0.057783082302
31.6169871702	0.169609465713
15.0363336081	0.201835224091
35.2721577324	0.15960688618
31.4113654592	0.16907968419
120.156572996	0.0632166500836
29.9665314073	0.170738009064
19.2442123821	0.192557979911
31.2642088483	0.168010966341
25.5213157037	0.178878930975
125.426595591	0.0589769301527
95.7225300477	0.0831757137327
35.6325975135	0.158950403027
174.992286081	0.0337405173273
25.2697354323	0.179797903678
55.9842881984	0.129260269136
25.4455391172	0.180750273504
112.787052595	0.0684234575269
20.9247181478	0.189144277116
75.3879441744	0.101494864063
35.360604914	0.158687210855
32.3414295983	0.167169705859
64.3817826618	0.117911776612
116.130051251	0.0657188963462
50.0265406101	0.138002653855
76.5222105056	0.101653572202
76.8928857964	0.100452765775
33.1009406813	0.162841629267
38.5451983828	0.154539050684
88.2996909337	0.0900007813561
49.9154544171	0.135162238254
76.5162630744	0.103006543766
115.013160265	0.0659230875438
76.1076553203	0.10335869904
175.853626854	0.0335977847756
68.0436099383	0.113174434326
50.4492458672	0.137198806006
69.9299468805	0.107833962019
63.0140380027	0.116847692834
54.6645873362	0.128094060634
39.5326327682	0.149818356001
31.1455704034	0.165918524172
165.430905094	0.0378640114865
28.4156261914	0.16964387655
47.0209672086	0.140115313708
31.911574762	0.168480546862
60.6098902463	0.122607699281
51.6893819235	0.135198240076
32.5386213974	0.166744377793
27.5785612331	0.176245771188
174.179133935	0.0341934753597
71.8455993775	0.108220659871
33.8732274802	0.162850014005
35.2655192742	0.161911023089
42.1684067352	0.150503347218
89.9424541676	0.0877771716464
28.8792781343	0.171984613608
87.5520664993	0.0910101378764
35.3336029627	0.161831260536
67.1557322638	0.114179823569
32.2456935341	0.166667911306
34.4211001768	0.163467621967
110.054844688	0.0708459315509
113.32032696	0.0664753584283
131.705926438	0.0545794016572
29.2891578692	0.172294451232
134.839912497	0.0524155182077
37.8384069901	0.152903116863
44.0890918721	0.142144216722
54.9210746792	0.128420452573
108.517760076	0.0720444277492
70.2566906763	0.11018574488
75.5388173416	0.103950490893
46.4687725352	0.141345908776
41.0064577528	0.147464696546
42.4654985929	0.144830065476
59.8873771061	0.123849933626
132.389570134	0.0545113774331
96.0053913177	0.0809883452665
51.8479159075	0.13085671907
56.8995547762	0.126290337877
127.878325529	0.056915343948
159.973335133	0.0397888317612
61.7502494125	0.118550113029
23.2241210673	0.18352631535
104.151712529	0.0736430838902
38.8828412123	0.152391173528
31.7406200892	0.167297372515
34.5861591997	0.160732242692
25.0915453108	0.177648348235
46.3307463614	0.139764165444
55.4628862795	0.129902068952
49.5420689269	0.138481668242
27.6024273397	0.176464830211
71.6291420636	0.105797880411
64.3486286494	0.114692478637
61.8182188546	0.117765650333
62.1316580148	0.117898004504
67.3038190593	0.111299875754
115.326195113	0.0655473348077
103.762180798	0.076001856876
131.576228077	0.0555033526663
34.9748578506	0.161326816385
30.1596664184	0.172057070593
76.9349690563	0.0999562858219
65.613983526	0.113283030102
52.5067441672	0.131058880442
109.238183891	0.0698991752246
72.9621234266	0.10403964008
68.3552729638	0.109563243009
147.766860656	0.0459365070072
152.923295553	0.0434259539531
35.3285033477	0.161465196644
49.7638128351	0.138163530234
91.8861822379	0.0846969442647
119.297600132	0.0637446450694
81.103236377	0.0953425535505
59.0115600039	0.123593100208
41.9540632367	0.149520173377
104.279878077	0.0755514365014
154.919075651	0.0425583434708
96.5011256981	0.0823968541977
67.5987771873	0.113535978637
92.6619933656	0.0841810232393
69.4606527243	0.108440726112
83.6082295952	0.0927031557647
104.69826928	0.0731265444737
50.6613625213	0.132417331226
37.862668599	0.153920676481
73.1129832413	0.105031338408
90.1653079675	0.0885206105572
47.0601099524	0.140560500405
98.3985935817	0.0807484394786
114.060926016	0.0667894852907
118.844948679	0.0641242204131
37.8949903834	0.156881816533
105.417543951	0.0732705179747
110.025586668	0.0705381782981
67.1575266328	0.114102197961
144.123740667	0.0474165962001
59.2566433531	0.124338481452
69.0258653968	0.109365221365
76.2304618985	0.103264482568
83.9106748977	0.0920672251642
89.0469293239	0.0894517550509
69.2560625138	0.111346507066
66.7816349454	0.114575365501
74.4232448683	0.103146348816
67.979508722	0.110472370987
53.7426896013	0.129287137392
126.747570636	0.0584903547792
90.1939268261	0.088344695882
141.561651659	0.0488857931001
58.3139392451	0.123363428295
100.711230986	0.0766230705188
147.58656365	0.0462614911785
115.541922667	0.0665126546736
70.0082293892	0.110427900084
54.5095783997	0.130996732741
56.3955573011	0.128358443989
154.425218724	0.0428215306443
109.955106913	0.0708500315398
68.0268491467	0.110284846048
108.869898597	0.0717333217429
108.543942928	0.0719477413417
63.1291744083	0.119182866854
46.9080853437	0.142400155753
51.535159813	0.135488016225
105.49846683	0.074554039153
128.440919704	0.0575145187869
46.9300823696	0.142591151677
83.887017594	0.0927383120281
91.5422665144	0.0871821401815
82.5380742099	0.0936577168755
58.2176238712	0.122066014578
100.983557428	0.0763418604805
70.1335474911	0.10767528777
132.221858243	0.0542249073774
137.753289269	0.0507978836805
173.408575713	0.0345966050143
92.1074478376	0.0846404475057
100.501520899	0.0787966091127
89.6054630016	0.0890072964639
68.7496467949	0.11203378522
71.3605375802	0.108834201569
60.5900518735	0.122815998631
177.292862731	0.0331264664569
93.9470101641	0.0848654597394
103.965707914	0.0745477772496
76.7299371249	0.0997821783537
114.690436659	0.0672274295968
173.902843548	0.0342205250734
174.798009256	0.0341521071467
123.955025516	0.060486821669
52.6403340421	0.133825763
165.800144515	0.0377828731528
56.674359279	0.128133586879
146.642181487	0.0461514448473
156.262058176	0.0417895691115
105.2688491	0.0747387314452
96.6592099034	0.0805837332626
138.439769598	0.051349733445
77.4273372242	0.101942166634
148.597853973	0.0457330644008
133.04875153	0.0536014977013
96.2982617443	0.0826899916931
148.283976135	0.0452339588614
77.9209466413	0.0983427647138
83.5289615888	0.0925897922492
56.9954887335	0.127630897589
88.50599539	0.0880856886454
87.9029008251	0.0886314840131
59.8877421879	0.119953784378
125.868117751	0.0590952042642
157.450367653	0.0414148842937
52.0612639638	0.134795718686
112.588224756	0.0669934223695
98.2615982348	0.0808137768223
68.9803861688	0.109752894944
87.7966630142	0.0907986215224
81.6034307177	0.0949772431009
113.017442015	0.0684795563038
86.2999797324	0.0901572420159
127.570852306	0.0579672776015
114.626310568	0.066384199314
117.715094025	0.0649664742308
107.550554086	0.0712473738802
144.036047549	0.0482251152026
160.820905243	0.0399284162216
159.985378186	0.0402949949848
149.06221791	0.0455244742111
103.68156223	0.0741658122693
148.651640655	0.0451346290258
183.187559143	0.0310502688124
138.355405645	0.0514120742011
122.8441461	0.0600390258623
77.4304345403	0.101927729703
142.419242467	0.0482552037495
139.998319452	0.0504878047685
135.393032745	0.0530669677121
149.526782568	0.0450895348435
170.299829103	0.0355681817031
180.492707384	0.0319319744684
152.630662137	0.0437842831355
125.526368548	0.0593861077415
138.981089143	0.0502412583308
160.704282782	0.0395071526243
201.697544427	0.025184017081
104.307132123	0.0755262128381
125.709878792	0.0580470845633
107.760017404	0.070882917651
196.281062653	0.0267698214401
125.423997292	0.0583059694177
98.5702478755	0.0785326467569
110.312842995	0.0706210223696
120.192911097	0.0617224725777
107.215639088	0.0730911617335
181.287448985	0.0315982485731
132.564951056	0.054932197356
131.395744892	0.0556237941476
184.638905074	0.0306020427444
89.6672390695	0.0889974229143
201.494318969	0.0252481818254
112.375936336	0.0690168996385
175.019929976	0.0340926773804
131.74075411	0.0554167643703
106.436865078	0.07377109405
109.045575262	0.0716488172713
139.954889993	0.0505128116677
130.534569012	0.0561700631381
157.280213812	0.041567465253
152.773940399	0.04320799456
215.232890183	0.0216676270813
144.550801213	0.0478804050512
217.709343036	0.0210344085911
183.262719616	0.0310290630858
167.608626985	0.0369452162791
135.308427626	0.0522771019396
137.219892412	0.0513245524057
111.419392871	0.0683019514256
166.394319769	0.037368492636
161.882837893	0.03917654438
181.15517156	0.0318008380983
209.829487148	0.0229233399763
167.625465403	0.0366904769494
142.278216675	0.0492196075452
165.572419988	0.0377642018842
87.7534699401	0.0908995430887
141.438309438	0.0494817088067
225.207059645	0.0192631879908
133.09980208	0.0537283073409
155.796438663	0.0418018883859
130.029802975	0.0554523829183
79.8292558127	0.0991116267064
89.2386772259	0.0893259013537
92.0447981175	0.086603569135
87.3581324566	0.0912303506389
131.636957194	0.054450274732
162.961565486	0.0390094959827
171.926235121	0.0351919079459
95.141010877	0.0836686906428
143.877623299	0.0483353863025
158.457053979	0.0407681208943
111.476101619	0.0685143495503
86.3157311177	0.0900948850896
89.7600710118	0.0868866491764
105.421354783	0.0746438712275
189.395370386	0.028936180721
131.564994286	0.0555413671283
212.533184554	0.0222993213724
127.185769712	0.0582994229954
100.810236953	0.0785557166786
141.383969068	0.0497267218349
181.589898006	0.0316643611947
133.863068726	0.0540766646476
137.195968693	0.0521248024183
153.075034996	0.0429843918209
142.667231882	0.0489490715981
162.969347811	0.0389868817142
155.904527679	0.0417174959185
150.968280882	0.0442153904843
77.5483433552	0.0993225289656
90.2447250747	0.0860500653774
215.718835815	0.0215505312858
111.718167456	0.0677703325652
131.258350311	0.0554711651215
179.813943484	0.0321723901388
105.909908561	0.0742037190432
144.051954147	0.0482379028042
187.570272384	0.029461279758
186.657242549	0.0298053626898
98.5616382997	0.0789393864121
199.791633563	0.0257569764219
182.128156561	0.0314669205242
171.330077751	0.0354968608497
218.596054843	0.0208017518044
130.958855866	0.0549411098812
200.268137764	0.0255974945179
176.074019915	0.0336293184477
157.022361732	0.0416906793279
187.378210889	0.0295629714841
152.699569275	0.0435721638966
194.383975978	0.0273989066697
163.149104184	0.038618365521
154.116047482	0.0427832126718
103.932197307	0.0739437886249
131.592491235	0.054576303349
136.678593481	0.0524205666158
121.972428079	0.0618953221861
209.430109347	0.0231050528933
201.145717383	0.0252905778291
194.490087252	0.0272848339202
149.721976274	0.0446253397084
143.992743711	0.0482389707089
166.705692347	0.0374006164336
178.286498764	0.0328368657625
217.288744005	0.0211244956387
163.894255769	0.0384094739814
158.59746968	0.0407484116308
225.987100238	0.0191416994931
158.954648183	0.0403734434765
172.593282945	0.0347501429322
166.550675095	0.0374803613053
211.995070325	0.0224077688812
190.539663784	0.0285546848182
166.007236902	0.0374848579762
183.681641213	0.0308312010581
202.009254798	0.025125640584
190.328410753	0.0287096087204
228.258439503	0.018605694255
190.337178938	0.0286213514567
167.934958678	0.0366182498339
165.683166611	0.0378376157587
159.118774443	0.0405684709702
226.993579229	0.0188739590144
177.3089193	0.0330578500604
183.09177762	0.0310968075019
210.409005741	0.0227754784271
196.36342004	0.0267446099107
219.900059903	0.0205394730438
187.402332602	0.0296617936349
207.932505021	0.0235081358901
224.149994372	0.0194940332447
173.659799674	0.0346091227122
187.193752636	0.029696575115
160.53301697	0.0400879090062
209.309167046	0.0230750790576
163.050509956	0.0388683046844
168.584106135	0.0363301399636
165.796906215	0.0376633378353
203.355381946	0.0246636144912
149.808778169	0.0452060879654
218.449189929	0.0208111972869
202.819596574	0.024915264392
178.828861936	0.0325009215911
152.88792703	0.0436595635986
164.319783503	0.0382185654857
219.196733675	0.0206380236931
168.198919707	0.0364775123165
154.825487649	0.0427366159795
215.99883108	0.0213878944881
203.387123571	0.0247417728886
191.133328839	0.0283177848481
150.424047892	0.0449114677036
189.045380198	0.0290240295059
197.89063595	0.0262887512387
206.267371316	0.0238999979915
169.124042033	0.0361837570218
176.778547091	0.0334256048665
216.244605772	0.0213300068363
214.098486653	0.0219007207211
187.177274702	0.0296246411503
184.395224607	0.0306808310195
166.759250578	0.0371502556472
206.088818624	0.0239672946733
180.13580424	0.0320220337796
184.5637772	0.0306170597931
188.517987676	0.0291865260181
193.49556485	0.0276347027717
189.106677899	0.028989582193
188.912744636	0.0291070201473
190.979714899	0.0283706402201
155.035371566	0.0421110116678
225.528596963	0.0191964479764
182.083746248	0.0313186859799
221.458093024	0.0201552452624
198.366582383	0.0261175794246
201.315922078	0.0252863524149
201.045577524	0.0253806192264
223.806767464	0.01962963924
191.179176222	0.0283305439052
149.663728642	0.0446315946982
215.303759658	0.0215459776813
204.097298723	0.0245246717407
201.852177376	0.0251443724463
184.829012513	0.0303942448479
156.763591445	0.0414062559902
234.582380903	0.0173364772421
186.330116535	0.0298654425034
228.20752575	0.0186797707303
202.694330743	0.0249191303925
140.981838038	0.0492586116536
236.480113594	0.0169898807329
143.471919347	0.047857679041
207.033336814	0.0237755303885
197.347975066	0.0264579169959
165.184253289	0.0380532958413
186.421957023	0.029893548876
232.377360624	0.0177782146437
220.725863788	0.0202910386845
186.164179074	0.0300263695008
195.748704875	0.0269344923332
126.760132016	0.0575777722967
190.418350189	0.0286611610015
216.64403338	0.0212638349006
195.113756389	0.0272054210594
193.099338466	0.0277172364804
191.741345712	0.028203354763
237.592649135	0.0167720441557
198.036932048	0.026288482168
172.813735483	0.0346947377367
239.203857503	0.0164948465791
213.417393301	0.0220559379503
197.215966639	0.0265457679735
187.672945545	0.0294511170148
228.761616371	0.0185247458043
203.77260968	0.0246453307029
223.144996877	0.0198174419545
198.254834963	0.0261951559713
195.42858599	0.0270953657815
232.746995007	0.0177372464106
194.984352387	0.0271885584967
189.636281687	0.0288019828096
220.327448788	0.0204048757086
230.969567552	0.0181269343281
196.710557118	0.0266818133077
198.034354649	0.0262063140024
226.729089394	0.0190443239574
204.039349924	0.0245931247892
203.546903963	0.0247055963137
198.542402761	0.0260843465644
206.716901364	0.0238433853655
189.578901554	0.0289112959315
215.076097468	0.0217017169317
190.15238611	0.0286439882241
219.863642244	0.0205619056842
228.169955294	0.0187228889481
212.223616745	0.0223861186514
203.755368496	0.0245893885733
180.860543548	0.03189850554
209.397486529	0.0231503439585
200.859239304	0.0255054972071
198.127486267	0.0262153457387
193.222971465	0.0277970009537
224.744512145	0.0194556828929
220.34383544	0.0203886411832
189.742658833	0.0287739639372
199.210621623	0.0259832613162
221.970568671	0.0200505734547
191.831795754	0.0281488701267
218.023951557	0.0209165675255
201.977415925	0.0251582599414
231.086588733	0.0180912830111
223.617406417	0.0197141973404
195.522857785	0.0269949591664
189.083963568	0.0291219994135
210.048450077	0.0229556661003
232.884596026	0.0176618125859
201.882506359	0.0251640489462
188.25949043	0.0293680001876
238.932608712	0.0165527233105
204.968519838	0.0242842029646
224.503735676	0.0194630224709
189.002948546	0.0291440256618
220.884953096	0.0202951771636
242.754765217	0.0158433311248
217.265966332	0.0211490830304
181.412373357	0.0316877029092
237.35050253	0.0168029010445
223.207520081	0.0197805921771
231.265314886	0.0180987502842
233.285433418	0.0176058060537
196.576281502	0.0266923665581
227.701823135	0.0187993730365
196.439917492	0.0267769637
223.994609145	0.0195629560873
226.578531814	0.0190275525504
221.16348171	0.0202464946053
187.481213099	0.0296477776307
226.744501541	0.0189792060239
221.339469121	0.0201782469526
205.697669088	0.0241361466323
223.900214602	0.0196526688044
227.672178523	0.0187923218695
200.341645657	0.0256214238241
223.809838218	0.0196721298062
199.577336264	0.0258535157717
215.915025542	0.0214451373209
209.738083688	0.0230476197457
211.203669428	0.0226773035724
243.049750496	0.0157939169517
228.084944983	0.0187020297737
237.711269552	0.0167958020909
225.280309824	0.0193262425048
212.014935351	0.022412759947
214.40027684	0.0218100112455
210.797236238	0.0227843146968
223.21224828	0.0197853942054
214.429798073	0.0218468815916
224.305031564	0.0194798406432
231.91614578	0.017926277928
213.016323964	0.0222199786549
241.835989353	0.0159885873045
211.109810546	0.0226316402433
228.135116521	0.0186986856544
226.338233057	0.019099628636
218.22124006	0.0208586271359
221.926706178	0.0200348035776
238.305668917	0.016676938139
211.602591994	0.0225801718359
224.861823052	0.019331483148
239.212539834	0.016499546813
232.491667236	0.0177969395306
234.363257033	0.0174604270319
221.90764258	0.0199962698968
231.80190437	0.017934118089
243.902377222	0.0156373697661
234.22504901	0.0174658829454
214.851355186	0.0216623295016
243.722003083	0.0157053920833
204.479775873	0.0244317948357
222.404987573	0.0199940447413
218.120040657	0.0208693449784
236.864152628	0.0169675783213
237.555929074	0.0168184753487
234.541292035	0.0173998026116
224.210147805	0.0194756933544
224.043223099	0.0195689991417
218.850178266	0.0207695267566
227.893427634	0.0187888689579
212.305261369	0.0223063050436
220.870932145	0.0202798641945
228.324238431	0.0186765876405
226.870229646	0.0189947025665
214.464792084	0.0217623620519
234.222261322	0.0174624176901
234.280393863	0.0174692930848
237.589466362	0.0168157224327
208.87146283	0.0231743578493
231.455784601	0.0180101161923
233.252675641	0.0176693475413
226.679232384	0.0190332528357
236.847970534	0.0169300223908
232.77944329	0.0177564134611
246.635594824	0.0151623348202
246.012848752	0.0152902840709
202.733678806	0.0248642919586
232.007151233	0.0178965293321
238.577360627	0.0166263186564
225.177249655	0.0193518683809
225.121229901	0.0193088015335
235.778462017	0.0171592995607
238.088320784	0.0167007003264
243.013824228	0.0158347407755
237.044487157	0.0168621353675
217.438115075	0.0211004894525
235.802892969	0.01713173336
215.573251364	0.0215450762818
220.181815704	0.0203919044834
241.100140402	0.0161724329546
219.540611255	0.0205844487901
225.496464452	0.0192615504958
239.460496574	0.0163909716774
228.380074044	0.01864044205
238.141383277	0.0167121179412
213.576111943	0.0220308340959
232.10334056	0.0178529307999
243.193479152	0.0157869587038
233.310079483	0.0176508833466
233.385227237	0.0176270308199
245.183563306	0.0154114098483
237.138101886	0.0169115872836
220.561776989	0.0203765466921
237.61228831	0.0168012093893
228.097724057	0.0186969265229
243.780502967	0.0156702631405
233.185982882	0.0176994200884
234.787050986	0.0173457376031
220.232051671	0.0204564140732
247.509043293	0.0150248292348
243.971557118	0.0156628282976
222.257944378	0.0199801118951
227.275805123	0.0189023443915
232.32771384	0.0178541057562
227.401801709	0.0188984102975
242.082708949	0.0159897839559
242.828692631	0.015894220788
228.577493812	0.0186318981676
212.977130255	0.0222329405921
247.076210344	0.0150996079402
236.655431843	0.0170344746138
239.563689547	0.0164694673426
210.059817229	0.0229946802633
225.392848179	0.0192952141021
239.302815592	0.0165482921788
240.196027539	0.0163392982426
245.787722452	0.015351408618
239.883885825	0.0163903770551
231.252268421	0.0181037818684
231.725006862	0.0179760157827
239.856404917	0.0164421875727
232.672393378	0.0177812962245
244.230156288	0.0156417116361
246.128975672	0.0152582927154
241.072249587	0.0162030590989
246.746730685	0.0151703248654
246.106304066	0.0152854067789
228.339128706	0.0186719747104
232.337942773	0.0178653959421
228.597258765	0.0186051221767
236.476593851	0.0170613127994
247.033106741	0.0151162228549
242.397441514	0.0159743925813
236.63834505	0.0169894545541
241.497206042	0.0160789699385
233.493127996	0.0176126368639
240.902881185	0.016245753591
242.699213385	0.0158838909621
231.394461676	0.0180586644808
247.704356755	0.015014787802
223.695080602	0.019670556161
244.882644949	0.0154794201651
247.870647523	0.015013403695
231.938781086	0.0179015963852
246.126372304	0.0153230579238
237.869949952	0.0167738482317
247.486206267	0.0150344514914
245.929259192	0.0153015398396
232.182206071	0.0178860707562
227.359899513	0.0188741291192
241.599385198	0.0160433678756
230.176026619	0.0182857404356
240.095896375	0.0163740461688
246.774139572	0.0151719124745
230.571345025	0.0181847345907
248.117263097	0.014921072334
224.344696315	0.0195727271361
233.326181775	0.0176566218728
227.750953021	0.0187569610887
236.902539583	0.0169440765118
222.604763021	0.0199595944008
244.005272056	0.0156650470042
235.498156127	0.01717182865
238.470364364	0.0166233291056
241.509400675	0.0161352750204
230.796870652	0.0181728592742
239.291959973	0.0164956108504
236.502953079	0.017020117623
230.818827564	0.0181748415621
247.15139116	0.0151009191121
232.045822371	0.017900216234
242.814085057	0.0158291625017
226.302535807	0.0191049848994
242.41200529	0.0159269600928
246.186970928	0.0152586581125
249.031789624	0.0147649631187
230.295867163	0.0182409819045
249.183154516	0.0147342614494
240.928581362	0.0161673002634
238.849739087	0.0165525777062
247.814206001	0.0149923115781
232.73539738	0.0177372489382
239.698231953	0.0164450314192
249.899552426	0.0146341032792
240.043445738	0.0164015709259
241.077576794	0.0161405268131
236.512990434	0.017022467763
233.897428937	0.0175201653031
246.035343138	0.0153091404151
236.301488279	0.0170365514729
229.296162901	0.0184561163596
249.239369739	0.0147430302504
246.439020061	0.0152445492071
236.58366588	0.0170093661425
249.061536069	0.0147945400429
249.246130163	0.0147427499603
245.281503264	0.0154089936473
250.16515304	0.0145801824404
235.395775039	0.0172173970846
242.33288605	0.0159468591459
247.420183174	0.0150688189219
248.642380105	0.0148320229327
236.704542771	0.0170113069583
248.358184206	0.014893148298
243.527423744	0.0157426660538
247.970751794	0.0149399485683
241.79275732	0.0160679619354
248.702680659	0.0148336734276
246.692740525	0.0151736773591
250.931712159	0.0144566405073
238.248893316	0.0166786163981
239.578684497	0.0164163955247
231.977584434	0.0178899194113
239.632954186	0.0164053109127
240.203257098	0.0163299463606
250.273849918	0.014558522705
241.116504288	0.0161682393847
247.482006422	0.0150159466229
245.4640925	0.0154166304695
245.200473937	0.0154013388234
250.164241174	0.0146104358266
243.981106861	0.0156213834589
249.657952341	0.0146845850311
239.36711915	0.0164718595702
236.924026811	0.0169748448614
237.958575619	0.0167647264294
240.24438436	0.0163640493219
250.55466211	0.0145120791638
249.229889661	0.014757359399
239.091303464	0.0165606213005
242.588751603	0.0158807983024
251.452176311	0.0143788325245
232.915686159	0.0177120716193
246.707381742	0.0151926819046
246.725134915	0.0151660046314
243.736340856	0.015681201061
241.620798407	0.0160610212356
251.208359641	0.0144243606586
248.950367921	0.0147914749851
251.395141378	0.014370576774
239.201686616	0.016493095107
248.950654384	0.0147808393811
246.333710257	0.0152399859398
247.048173282	0.0150868484512
238.311335396	0.0166571212867
243.445659658	0.0157180888487
248.08512294	0.0149274983932
246.857951866	0.0151455768217
250.125330933	0.0146134023261
247.07869982	0.0151135646071
249.869345958	0.0146445188796
247.127565276	0.0150754682661
237.483494238	0.0168127014884
250.947487023	0.0144428200192
249.390084546	0.0147236585531
247.383279709	0.015055746892
236.51750717	0.0169984384111
250.959733352	0.0144320910522
248.860575992	0.0148179718449
243.129426018	0.0157822607952
248.372685317	0.0148978171017
252.471815837	0.0142031187782
244.512027433	0.0155770151048
237.477342768	0.0168799396706
238.441672184	0.0166976707612
245.947159963	0.0152988190732
246.314067951	0.0152337748348
251.084120376	0.0144503104462
241.179572349	0.0161644515721
248.355909265	0.0148809688863
249.730135443	0.0146563845865
249.133793034	0.0147751691514
247.660360442	0.0150202377222
240.78336409	0.0162127853755
244.89383204	0.0154688402502
242.045004508	0.0159900779027
246.99339555	0.015129246863
243.500234031	0.0157169664671
241.923551278	0.0160265524129
251.265470595	0.0144282015153
244.289748823	0.0155747866534
251.78368703	0.0143018299896
248.19464785	0.0149296759238
247.20613898	0.0150754807765
249.994323417	0.0146133994188
251.938565978	0.0142715733457
246.13745321	0.0152680765948
245.325300309	0.0153936638263
248.541566804	0.0148472934314
251.563394801	0.0143340108698
237.953976013	0.016771637419
253.228261537	0.01409682846
241.862667069	0.0160070514672
249.709387356	0.0146724198768
244.624547542	0.0155280963116
245.918884963	0.0152841320661
246.746229794	0.015152867716
249.812694693	0.0146754197785
240.848122245	0.0162342672274
249.465037761	0.014707110603
248.535862317	0.0148578853546
249.281315672	0.0147599316504
247.888889175	0.0149694200156
248.416486701	0.0148690696948
249.582485966	0.0146726843509
249.626295062	0.014719768196
239.32567921	0.0165133269608
253.826700291	0.014001350694
246.567383892	0.0151989245678
250.184517679	0.0146167081748
248.274877008	0.0149025656294
249.205727404	0.0147333167251
246.341362014	0.0152290346123
245.327380035	0.0154191957782
247.889289622	0.0149708324399
253.594482086	0.014031794183
245.922087796	0.015316035692
249.629770593	0.0146862475799
239.639590561	0.0164214225023
245.859528269	0.0152973266749
246.725839932	0.015162908032
250.674843767	0.014514616022
244.428816351	0.0155909884371
244.927546595	0.0155113431853
245.903131311	0.0153103227027
251.393553379	0.0143771416192
239.244888806	0.0164974267168
250.20323161	0.0146200378181
245.119498169	0.015443055072
252.124617851	0.0142575964824
239.993057824	0.0163565911796
245.700053389	0.0153609918711
248.288343792	0.0149055325834
244.903679641	0.015480867124
247.108945761	0.0151082149707
249.109723165	0.0148122863993
248.96378395	0.0148107213137
243.475088742	0.0157245817845
240.813149316	0.0161990459934
244.499824006	0.0155834347329
248.228926853	0.0149058163442
245.354013828	0.0154070951452
246.784537951	0.0151506432178
239.564438378	0.0165007310205
247.488676523	0.0150527229635
240.424389986	0.0162875443526
244.443070719	0.015554281205
251.216190109	0.0144463296989
248.711040123	0.0148211049954
252.207296413	0.0142553066814
244.712353483	0.0155090551211
249.140708998	0.0147639593827
247.426179161	0.0150454562693
244.060076192	0.0156415875556
247.930667874	0.0149513602759
247.075031375	0.0151382798348
248.745540651	0.0148216805721
253.510390837	0.0140724097865
248.078486002	0.0149539399696
251.96095689	0.0143026839539
248.474464856	0.0148904817934
250.670866028	0.0145386651372
247.083835186	0.0151135143343
253.10978518	0.0141361513574
248.611228696	0.0148650842283
246.48223453	0.0152255530267
242.437046846	0.0159127485682
245.15537378	0.0154480899601
248.519251339	0.0148796620423
251.118459603	0.0144659269444
242.070253344	0.0160227071168
248.931939982	0.0147971987472
247.76715619	0.0149915781193
248.696985407	0.0148426459344
249.76738562	0.0146800512664
249.376074926	0.0147418518677
246.805431912	0.0151520629235
245.745809054	0.0153529237572
247.582196587	0.0150211576295
248.522294644	0.0148621423073
247.600072166	0.0150337110239
247.506847214	0.0150321475251
248.127072247	0.0149519972192
248.236110802	0.0149129111072
242.964194691	0.0158298654217
247.030315803	0.0151146384421
248.367711537	0.0149147550218
243.261523086	0.0157761585208
246.586623263	0.0151895633114
245.618016288	0.0153737167625
248.638213623	0.0148627622739
243.065393757	0.0158069285857
248.902913534	0.0147933923623
244.973029504	0.0154755794048
250.08552662	0.0146291980756
246.553103077	0.0152094207395
247.272939012	0.0150714622147
244.853557508	0.0155098417547
246.506382453	0.0152003537232
242.668428567	0.015879576368
247.075993739	0.0151023509768
248.415944958	0.0148847562834
250.431669347	0.0145372544375
245.459269938	0.0153982129682
250.660416261	0.0145126925503
244.904999282	0.01548430353
250.768590397	0.0145196274882
248.537033168	0.0148677136797
250.366374189	0.0145709294983
249.256954559	0.0147398274365
250.653380904	0.0145219314936
246.544287936	0.0152181997784
249.63056134	0.0147143282021
248.932591685	0.0148164843447
249.664519595	0.0146805069951
249.589259035	0.0146913870948
248.472001796	0.0148937975012
250.295192573	0.0145981427995
249.742051488	0.014689095159
247.242386442	0.0150853535744
250.948776402	0.0144615180321
250.05464214	0.014614335356
249.887924104	0.0146650988551
247.110809615	0.0151042520984
248.136188148	0.0149259089087
250.249776934	0.0145892009084
251.18428993	0.0144315336128
252.225025516	0.0142775978234
249.466906064	0.0147032699157
252.252434717	0.0142526161034
252.48084437	0.0142283817578
252.550592788	0.0142159947889
254.120786765	0.0139511974663
251.700964183	0.0143497633677
252.644092076	0.0141806374595
251.318162987	0.0143908686782
252.921872505	0.0141389201009
251.280252067	0.0144209439002
252.915164667	0.0141494683835
252.992900075	0.0141300592796
254.311105535	0.0139299190541
253.878717416	0.0139816424571
253.964012325	0.0139658496669
252.218950873	0.0142654408252
252.218878247	0.0142488755466
252.336292289	0.0142459974945
254.686698176	0.0138709216879
254.647346165	0.0138591635627
254.748592451	0.0138524830399
253.162555486	0.0141102859441
253.263910441	0.0140909492966
254.565911196	0.0138727706031
254.946151308	0.0138143029337
253.637401929	0.0140297779451
254.665616516	0.0138705482217
253.159613955	0.0141072596562
250.302362117	0.0145793922012
255.562292556	0.0137171774986
254.118959251	0.013977503748
253.668449946	0.0140320475134
254.418545773	0.0139244972639
255.550886428	0.0137296150941
254.050837998	0.0139846086551
253.881253105	0.0140102206012
250.173076757	0.0146048758459
255.323249533	0.0137841943916
254.072743899	0.0139955965167
254.52338414	0.0139102532421
253.845095765	0.0140149470332
252.647207592	0.0142166945687
252.981875622	0.0141608523374
251.841101964	0.0143530180945
252.139969582	0.0143172551049
252.028021542	0.0143284546517
251.242891228	0.0144498546835
251.459189339	0.014409770751
248.519750526	0.014913262369
251.327106368	0.0144378130063
250.920662377	0.0145092753542
253.047879886	0.0141694821418
252.317718632	0.0142930831811
252.424631875	0.0142839314409
252.458839013	0.0142665523635
248.98178864	0.014822615999
250.977804083	0.0144918044621
251.712852832	0.0143810929996
249.136462584	0.0148114012649
252.07521609	0.0143265570531
247.915441861	0.0150237163348
251.74618389	0.0143678681726
247.362959188	0.0151081755613
251.373771886	0.0144372539807
247.649452816	0.0150637537102
250.454336436	0.0145742169744
251.776457528	0.0143792178678
250.431274386	0.0145810670596
248.8436515	0.014845129252
250.439077823	0.0145769164509
248.708233711	0.0148637164768
250.071367427	0.0146284252649
251.182342579	0.0144787689402
251.71069777	0.0143569433654
253.093885969	0.0141574512926
251.73941519	0.0143759169844
252.933918355	0.0141870620334
251.316876245	0.0144691532223
250.935368156	0.0144954459837
250.469737041	0.0145925946786
252.150652093	0.0142944134753
248.842264635	0.0148609924531
249.20831345	0.0147806811368
247.367163622	0.0150929648498
248.432609408	0.0149004884654
247.375373605	0.0150713239041
247.930198769	0.0149580623255
248.530257298	0.0148832327885
247.90827703	0.0149736333794
249.373464106	0.0147514928343
248.870657648	0.0148095781586
249.02241968	0.0147753572323
247.607828983	0.0150205465509
248.159440799	0.014917064586
246.513898791	0.0152134562034
248.738535489	0.0148546363264
249.089623152	0.0147867471805
248.812998354	0.0148426241423
248.344338658	0.0148929921204
248.385858303	0.01488614432
247.416326381	0.015052183872
247.223055524	0.0150845260718
247.119635189	0.0151031082199
247.427936803	0.0150629261878
247.718371685	0.0149988868873
247.952517725	0.0149649734826
252.851627435	0.014200747849
246.278148661	0.0152592781698
250.045666903	0.0146211234412
251.271303279	0.0144516312076
250.03410595	0.0146443707168
249.287791409	0.0147318151104
253.9933046	0.0140088840619
246.546291788	0.0151885991918
247.734183044	0.0150162944437
255.539089164	0.0137283815029
256.275590683	0.013645548895
248.020480315	0.0149762221393
249.107385968	0.0147933838696
252.829481902	0.0141678844386
251.849212924	0.0143312143676
252.542004204	0.014248319272
252.216303596	0.0143011035853
249.564007568	0.0147093474226
246.81122483	0.0151537112505
253.713054957	0.0140422680985
247.851013402	0.0149754658762
252.147122633	0.0143238809901
253.603436874	0.0140600117213
254.565890708	0.0139126484656
250.735940867	0.0145052462496
252.326355922	0.0142902871679
253.419755288	0.0140799559374
252.180283001	0.0142794796571
253.897739358	0.0140324546251
253.926743845	0.0139889964111
250.927496041	0.0144760863319
254.13575274	0.0139934458976
251.201309674	0.0144338852968
255.713757645	0.0137224749106
253.063104221	0.0141341827294
254.490258506	0.0139471154438
251.043621221	0.0144623432163
251.72984355	0.0143592686753
256.963255302	0.0135485945336
252.067323892	0.0142932990884
253.89522721	0.0140291113967
253.930044581	0.0140056916311
253.650498919	0.0140271660462
254.619699667	0.0139011654542
255.793295086	0.0137082799397
251.821987751	0.0143404517076
255.574334485	0.0137624584786
254.508184071	0.0139079987922
253.464776564	0.0140539821684
254.115948624	0.0139900094092
255.016646151	0.0138332695836
252.301206815	0.0142617395849
255.064639218	0.0138160148543
256.096996028	0.013679065115
253.009325268	0.0141299717617
256.499691057	0.0136056327149
253.345967072	0.0140881781291
252.335297287	0.0142433573679
253.295476971	0.0140973108973
253.681619474	0.0140433170514
254.636964774	0.0139098212132
253.13268423	0.014146669569
257.463197066	0.0134479455323
253.354356853	0.0140964837699
256.201634625	0.0136570356242
254.379171224	0.0139319292059
255.18239638	0.0138041539692
256.470767228	0.0136080339631
254.291842306	0.0139554850037
255.569058486	0.0137399645672
253.831616387	0.0140154117127
253.238399733	0.0141075558082
256.127754594	0.0136407000055
256.833329557	0.01356152744
254.592718152	0.0139146044271
256.1317459	0.0136609568229
255.661018526	0.0137292394663
255.830479024	0.0137165129792
255.861831381	0.0137146353931
255.876077624	0.0137185748989
254.814896277	0.013849045901
255.671914665	0.0137407771015
255.249148031	0.0138042810637
256.100966951	0.0136679302698
254.811692267	0.0138526970915
257.01387138	0.0135359070216
254.476660881	0.0139220253548
255.12041138	0.0138225894909
255.425819516	0.0137772986845
255.920677732	0.0136948600747
256.033211565	0.0136702989627
255.75199551	0.0137170153315
255.895667148	0.0136917319487
255.647934075	0.013734471099
255.284633396	0.0137926481153
255.51135115	0.0137434051086
255.624447428	0.0137390362563
255.978143562	0.0136722559431
256.228939739	0.013638243132
255.962300088	0.0136637566734
255.773715419	0.0137002783121
255.591722973	0.0137133600797
256.336786538	0.0135792271181
257.668404601	0.0134180234185
257.018010869	0.0135030779637
258.129283863	0.013358804239
258.05521261	0.0133602286108
258.47186499	0.0133051149168
258.424949331	0.013306981812
258.29678495	0.0133326674964
258.537511759	0.0132879569323
258.117563493	0.0133443961426
258.819755902	0.0132486676801
258.159119255	0.0133414970054
259.18520925	0.0131981702959
258.228798743	0.0133318009615
259.073779174	0.0132038778742
258.642906223	0.0132616632832
259.420176536	0.0131682998483
258.769136765	0.0132509147801
259.285844477	0.0131763826226
258.9753921	0.0132203542596
260.109031272	0.0130684026091
258.950089397	0.0132246087529
260.23623367	0.0130510059576
259.283713957	0.0131810854415
260.489775942	0.0130129385663
259.428969777	0.0131565130237
259.979168618	0.0130682440389
259.305347141	0.013148488205
260.628330402	0.013001847553
259.695514681	0.0131032765336
260.57631681	0.0129788109282
260.380353958	0.0130049868831
261.035553109	0.0129244405479
260.687304134	0.0129938557842
261.993455029	0.012818612972
260.45988619	0.0130220025726
262.152379183	0.0127900272895
260.682661225	0.0129958945423
262.447601285	0.0127531805399
261.237246469	0.0129175411204
262.758998194	0.0127037422831
260.879448981	0.0129650677813
262.90850141	0.01266400645
262.16719961	0.0127957935472
263.135452227	0.0126467061228
261.215260119	0.0128972544032
263.746076711	0.0125453999043
261.876499781	0.0128340202047
263.553448408	0.0125768553499
262.123436821	0.0127823040351
264.021301136	0.0125096136857
262.170899086	0.0127662637576
264.387175644	0.012454511065
262.003504198	0.012793037114
264.247263959	0.012478750115
262.527751564	0.0127339662739
264.56750799	0.0124551116468
262.933313429	0.0126857281759
264.683747848	0.0124233429716
263.191724822	0.0126482579557
265.126246307	0.0123728710728
262.974668338	0.0126704578366
265.130248361	0.0123637141341
263.519844156	0.0125973008898
265.470487394	0.0123276869951
263.251291322	0.0126243839305
265.628310317	0.0122834904466
264.495436516	0.0124637753148
265.78937313	0.0122757487587
264.159421011	0.0124888693636
265.693072694	0.0122961571312
264.738271495	0.0124300932476
265.763136056	0.0122847651369
264.504104618	0.0124584411268
266.322091056	0.0122144585835
265.112121474	0.012380786082
266.322304876	0.0122110224408
264.731498171	0.0124256759062
266.735716002	0.0121304650536
265.67460302	0.0123005267058
266.884587231	0.0121362368394
265.792065259	0.012289037469
266.876252828	0.0121377586803
265.534224305	0.0123137519107
266.777797976	0.0121526670068
265.831429196	0.0122816804947
266.898414646	0.0121316531093
266.263404408	0.0122255059026
267.370726496	0.01204777329
266.455752377	0.0121746346009
267.304891675	0.0120573142986
266.774374593	0.0121284146449
267.93941804	0.0119706109082
266.755771466	0.0121396964276
267.599720358	0.0120126023671
267.098642792	0.0120964947304
267.817737982	0.0119867633743
267.127096941	0.0120888187646
267.153726331	0.0120841662433
266.927373829	0.0121202261461
267.287503194	0.0120657462755
267.33913936	0.0120553215335
267.801243233	0.0119959577367
267.181330519	0.0120830854422
267.836561313	0.0119836639085
267.027157521	0.0120957694496
267.738635579	0.0119975091011
266.909335927	0.012111750466
268.088479012	0.0119528673982
267.675543405	0.0120146033638
267.973950024	0.0119727617307
267.435581921	0.012047496592
267.44083285	0.0120460191215
267.414723937	0.0120514937307
267.210049106	0.0120762112916
267.130888476	0.0120890830536
267.349723192	0.0120583793425
267.462316743	0.0120451259874
266.363587791	0.0121904214716
267.678840519	0.0120129485058
268.671866614	0.0118778373901
268.048347799	0.0119552764451
268.063661259	0.0119551154164
267.283912013	0.0120686258062
267.374651371	0.0120583863078
266.619722334	0.0121568725419
267.207584248	0.0120691713884
268.197408015	0.0119443807036
267.8252452	0.0119868813763
268.805124556	0.0118625376512
268.69743462	0.0118746802331
268.405991934	0.0119182762722
267.814101379	0.011997430247
266.612979238	0.0121513399168
267.542049785	0.0120269857182
268.613607573	0.0118876464905
268.414120183	0.0119135209869
269.10228893	0.0118199479422
267.514594196	0.0120326056611
268.476249993	0.011903465974
269.0079108	0.0118338547874
268.363377143	0.0119226408019
267.758290747	0.0119977440742
268.695592316	0.0118787656469
267.945915252	0.0119715413345
269.255845662	0.0118007010605
268.119620619	0.0119558259698
268.801964495	0.0118624975955
268.8987291	0.0118447224233
267.874997863	0.0119825152777
268.198424225	0.0119404965247
268.892690554	0.0118518728408
268.269260068	0.0119357757428
269.31405784	0.01179387128
268.464990832	0.011901953554
268.70689608	0.0118770941476
268.841173771	0.0118565118248
267.828162645	0.01198679303
268.741188334	0.0118715643464
269.03184787	0.0118324936693
268.81534059	0.0118601821131
269.709596569	0.0117389346397
268.875165357	0.0118487451074
269.090546276	0.0118256272096
269.28417081	0.0117972864681
269.457403379	0.011775968812
269.438294796	0.0117698890843
269.535701882	0.0117575254889
269.276764709	0.0117909254873
269.836631216	0.0117202039081
269.778899555	0.0117328557066
269.921876516	0.0117138874882
269.734653139	0.0117349479967
269.543861285	0.0117557003415
269.837293325	0.0117182166781
270.030975234	0.0116950118099
269.778534678	0.0117267131026
269.897934344	0.0117079982403
269.96540906	0.0117023055842
269.991610133	0.0116976541494
270.025290308	0.0116984250489
269.906554875	0.0117072518508
270.102197483	0.0116828037795
269.899806951	0.011707826462
269.92811824	0.0117068207372
270.034407112	0.0116903889035
269.963551233	0.011705918828
270.176530691	0.0116774401004
269.951575269	0.0117011552707
270.179156233	0.0116720937868
269.823503783	0.0117181202518
270.112156518	0.0116804145437
270.085416429	0.0116900169905
270.106778776	0.0116817680303
269.894833517	0.0117092616024
270.301793847	0.0116582608052
270.192185651	0.0116747986634
270.293536101	0.0116562868134
269.943343669	0.0117021230314
270.376518917	0.0116484964388
270.207852171	0.0116702246628
270.349931873	0.0116550778267
269.995326876	0.0116940208584
270.380926537	0.0116498852705
270.246430631	0.0116675064081
270.412909145	0.0116449930654
270.259988792	0.0116654352629
270.42013571	0.0116442411985
270.129496061	0.0116775137058
270.331222692	0.0116512231074
270.218841228	0.0116666564351
270.324355405	0.0116532648914
271.816519431	0.0114579543993
273.208049149	0.0112795872013
274.458048826	0.0111245000792
275.595045565	0.0109850130469
276.51774543	0.0108730105366
277.608216015	0.0107393648989
278.121037536	0.010674905685
278.876151908	0.0105842615001
279.488801056	0.0105136534821
280.02677969	0.0104509672678
280.726144032	0.0103715217109
281.316240688	0.0103025272092
281.8923212	0.0102369145396
282.395302678	0.0101786026726
282.907528369	0.0101217044388
283.41846839	0.0100629799991
283.903422583	0.0100078141392
284.351257895	0.00995663339325
285.057205827	0.00987742092786
285.310346885	0.00985010080129
285.994446207	0.00977354063004
286.102690668	0.00975920930846
286.284359047	0.00973668613147
287.035418547	0.00965669478897
287.460284246	0.00961363642658
287.658779092	0.0095956400664
287.796860246	0.00958011215547
288.032495405	0.00955597437816
288.164622338	0.00954393652697
288.208372431	0.00953680161844
288.141909172	0.00954590611548
287.996077546	0.00956021535838
287.699848012	0.00959389408797
287.224638608	0.00964064098492
286.784766168	0.00968911643875
286.146418612	0.00975829789081
285.431664817	0.00983867715926
284.627611822	0.00992797182264
283.817052617	0.01001751705
282.881613603	0.0101215360188
282.074832351	0.0102134401152
281.371412813	0.0102951670295
280.596517767	0.0103851805553
279.883424036	0.0104677600575
279.210042418	0.0105451290671
278.694699318	0.0106070674701
278.141452043	0.0106704616759
277.853025098	0.010708120436
277.486336998	0.0107494979965
277.100109122	0.0107944773362
276.891616383	0.0108229324878
276.379195679	0.0108853563256
276.386934258	0.0108846409111
291.678503263	0.00917535166416