100	-0.0449	0.0	1.0	6.57382211313e-57	0.0
104	-0.03376	0.0	0.740339351625	0.259660648375	3.35175534845e-114
105	-0.03775	0.0	0.0	1.0	0.0
107	-0.03903	0.0	0.0	1.0	0.0
11	-0.09877	1.0	0.0	0.0	0.0
113	-0.04552	1.0	0.0	0.0	0.0
114	-0.006766	0.0	0.0	1.0	0.0
115	0.004183	1.0	0.0	0.0	0.0
116	0.04719	0.0	0.999999998166	1.8343319265e-09	0.0
117	0.04159	0.0	1.0	0.0	0.0
118	0.07001	0.0	1.0	0.0	0.0
119	0.1014	0.0	0.0	0.0	1.0
121	0.1124	0.0	0.0	0.0	1.0
125	0.1941	0.0	0.0	0.0	1.0
126	0.4864	0.0	1.0	0.0	0.0
127	0.6285	0.0	0.0	0.0	1.0
128	2.264	0.0	0.992892672433	0.0	0.00710732756726
165	-0.07611	0.0	1.0	0.0	0.0
166	-0.1028	0.0	0.999991516134	0.0	8.48386558043e-06
167	-0.1687	0.0	1.0	0.0	0.0
168	-0.1394	0.0	0.0	0.0	1.0
17	-0.1302	1.0	0.0	0.0	0.0
170	-0.1019	0.0	0.0	1.0	0.0
172	-0.08466	0.0	1.0	0.0	0.0
175	-0.09752	0.0	1.0	0.0	0.0
176	-0.06639	0.0	0.0	1.0	0.0
178	-0.06578	0.0	0.0	1.0	0.0
189	-0.02538	0.0	0.0	1.0	0.0
190	-0.02291	0.338208492249	0.0	0.661791507751	0.0
191	-0.02491	0.0	0.0	1.0	0.0
192	-0.02153	0.0	0.0	1.0	0.0
193	-0.0262	1.0	0.0	0.0	0.0
194	-0.009199	0.999688801707	0.0	0.000311198292935	0.0
195	-0.007902	1.0	0.0	0.0	0.0
196	0.01675	1.0	0.0	0.0	0.0
197	0.02106	0.00860148314611	0.0	0.991398516854	0.0
198	0.05461	1.0	0.0	7.92168460548e-27	0.0
199	0.07231	1.0	0.0	0.0	0.0
200	0.1041	0.0	0.0	1.0	0.0
201	0.07198	1.0	0.0	0.0	0.0
202	0.02577	0.535232137289	0.0	0.464767862711	0.0
206	-0.004746	0.905786858889	0.0	0.0942131411107	0.0
207	0.002019	1.0	0.0	0.0	0.0
208	-0.01599	2.90045211137e-06	0.0	0.999997099548	0.0
211	-0.01742	0.0	0.0	1.0	0.0
23	-0.08974	0.470570723789	0.0	0.529429276211	0.0
24	-0.07867	0.0	0.0	1.0	0.0
25	-0.08574	1.0	0.0	0.0	0.0
26	-0.0886	0.0	0.0	1.0	0.0
39	-0.07387	0.0	1.0	0.0	0.0
40	-0.06111	0.0	4.52660123707e-07	0.0	0.99999954734
41	-0.0381	0.0	1.0	0.0	0.0
42	-0.001943	0.0	0.0588489360882	0.0	0.941151063912
43	-0.02204	0.0	1.0	0.0	0.0
45	-0.03613	0.0	0.488037376347	0.0	0.511962623653
46	-0.03927	0.0	1.0	0.0	7.87927269985e-280
47	-0.0173	0.0	0.0	0.0	1.0
48	-0.02386	0.0	0.584340195001	0.0	0.415659804999
49	-0.04072	0.0	1.0	0.0	0.0
53	-0.05825	0.0	0.0	0.0	1.0
54	-0.0366	0.0	0.474703108241	0.0	0.525296891759
6	-0.067	0.0	0.0	1.0	0.0
61	-0.06699	0.0	1.0	0.0	0.0
62	-0.04927	0.0	4.30051544542e-247	0.0	1.0
63	-0.04856	0.0	0.0	0.0	1.0
64	-0.06104	0.0	0.0	0.0	1.0
65	-0.05709	0.0	1.0	0.0	0.0
66	-0.0542	0.0	1.0	0.0	0.0
67	-0.05855	0.0	0.0	0.0	1.0
68	-0.06407	0.0	1.0	0.0	0.0
69	-0.05507	0.0	1.0	0.0	0.0
7	-0.08598	0.0	1.0	0.0	0.0
70	-0.05319	0.0	0.0	0.0	1.0
72	-0.05825	0.0	0.0	0.0	1.0
73	-0.05216	0.0	0.0	0.0	1.0
74	-0.0535	0.0	0.897071509699	0.0	0.102928490301
76	-0.05839	0.0	0.583325577732	0.0	0.416674422268
79	-0.05303	0.0	0.0	1.0	0.0
80	-0.05297	0.775655285033	0.0	0.224344714967	0.0
84	-0.1205	0.0	0.0	1.0	0.0
86	-0.1015	0.0	1.0	0.0	0.0
90	-0.05911	0.0	1.0	0.0	0.0
91	-0.05745	0.0	0.0	0.459581573621	0.540418426379
92	-0.06493	0.0	0.000477664386733	0.0	0.999522335613
94	-0.04942	0.0	1.0	1.968717657e-151	0.0
95	-0.05035	0.0	0.999987480091	0.0	1.25199085859e-05
97	-0.04573	0.0	0.287336995464	0.712663004536	0.0
98	-0.0414	0.0	0.994979362611	0.00501318286723	7.45452177759e-06
99	-0.04397	0.0	3.88571306649e-16	1.0	0.0