-67.8953536293	0.521393367453
3.50285041907	0.233307407962
-26.1439475416	0.325763131195
108.722926246	0.0698206293349
-0.303706373502	0.242070577168
21.7851171115	0.185406925099
5.68309010075	0.220955074791
-16.0298577761	0.290047901659
8.15688455589	0.220069889336
2.79596182568	0.231173333498
-26.4171474866	0.323305937771
47.1399821985	0.137110850955
54.1385094068	0.128530780562
16.1863625297	0.198068046895
23.8632663509	0.178848639327
-12.8356404063	0.280633676227
34.6307329396	0.156566882438
24.1149023538	0.177708556213
-8.30474360041	0.265831051481
-60.7071657913	0.479079186401
-39.5661844558	0.375101494508
0.0353397603426	0.23271739679
-53.458691147	0.442973215567
5.33657476187	0.21965766389
-21.7995976934	0.301932018264
3.31264845304	0.2291352347
-44.8779726699	0.402043871876
37.2382517745	0.154660004723
-3.14828004029	0.242444928693
0.925665409941	0.233021945062
-13.5771363283	0.276334777497
2.98561270664	0.229246670244
10.9681434771	0.211877185674
-8.59893512796	0.261155066214
26.7917315064	0.178729217304
33.3929578628	0.166151535592
-57.9645295719	0.464553104137
58.1270214381	0.126397137653
-31.012067583	0.336483310835
14.0346823916	0.203770193634
-61.5979837245	0.485339361089
17.8686429499	0.191464580025
58.325801563	0.123139651186
12.5397173086	0.203656573729
-17.0706058599	0.294489459352
-5.05506175546	0.256157668771
55.9135895138	0.129325343452
59.5837019224	0.124130082628
14.8753756103	0.199999617698
4.35767268848	0.227350873571
20.928154749	0.188994927255
21.6449592525	0.189630765933
-8.39380377103	0.261500337026
67.3868423706	0.112197100534
16.3926267178	0.199986162626
21.3889960848	0.186691358773
114.062937789	0.065793509332
25.3754480433	0.181910537313
12.529134071	0.204457787323
-51.9680222021	0.436267436433
-36.9659174402	0.368101882002
15.8934401398	0.202947071398
17.3777295213	0.196546303309
27.4685658423	0.171221549096
12.5354297224	0.210849620863
8.07672726754	0.220529024361
10.2514478036	0.212410450874
13.6181611034	0.202524133099
12.977010283	0.205104808472
22.5712592611	0.188163041152
38.3295807676	0.157310671976
58.4294056654	0.125290874744
-11.1652880252	0.269232265946
-7.93239061168	0.265672230328
-2.68207512761	0.249410631047
39.5409625666	0.148256951216
8.77978979639	0.212854389173
43.3130504617	0.144639945122
-46.5329454993	0.410131090292
1.85301997332	0.236651168558
2.93302942426	0.228627067582
0.384449972917	0.240233103679
-11.162959805	0.272426591421
-8.11166895343	0.259494081477
39.3415299308	0.155365452943
21.9896060373	0.184625315305
44.6459707852	0.146746756064
19.1469182563	0.189547482312
43.4937415452	0.143922097253
12.9398297643	0.203908711043
34.1791913199	0.157835251248
-10.1823304899	0.265513451051
44.9795793674	0.141113095581
17.3326360325	0.19725334161
14.0949009353	0.207012573351
-9.04451047352	0.264593181736
26.0633617494	0.180298600666
-6.62023062028	0.261656496325
15.9374307974	0.196228461659
-0.782716484684	0.245015129491
17.7611160853	0.191874471628
-6.53856241775	0.255414553101
-19.1026194853	0.29494691785
-1.53928873502	0.246263814516
168.197826686	0.0362841207162
18.8325786993	0.188603039796
37.0486024157	0.152689349883
18.6867250996	0.18959744677
-30.2978813896	0.341858874832
63.3749344524	0.116467239165
-10.7471208998	0.273644388523
4.8848064489	0.228497060254
44.5204631678	0.14672244929
15.0257048824	0.200364097886
-5.17302343472	0.250786087801
29.2561615985	0.168763590717
-20.1212714237	0.298606896748
5.40584676177	0.228300772943
-2.67230926401	0.250290307617
-18.8288696573	0.296142817698
22.2493835166	0.180302413766
20.8403500198	0.188113951907
-9.01698201798	0.262774379739
75.6498109952	0.104010283934
160.203798442	0.0401867771805
68.4988067536	0.112484346263
20.7294047452	0.188436742662
10.3713631297	0.212289913383
5.90406162423	0.220359343673
21.5501515535	0.185336738309
-3.15973463701	0.245746456058
68.5954981971	0.112407849912
89.0391799802	0.0895996859069
93.934018398	0.084897909706
84.0524939027	0.0947233943403
38.407512749	0.153402738296
-14.5167904193	0.284838207854
25.6946841922	0.17489801168
17.6257252024	0.193703108408
61.4272134421	0.121569336567
-3.75327904109	0.251761105051
17.0588003622	0.197285256195
54.6072424633	0.128112434027
108.674562738	0.071975444862
26.880500263	0.172304922807
-19.8876562119	0.297937577963
-7.850947157	0.262655792182
16.2001181548	0.197252395067
-2.59722847441	0.246215279282
-23.6940948247	0.314789243669
20.6832054099	0.187530001497
3.72370470073	0.231454320118
16.6446342618	0.197782411492
-3.47555683816	0.245806520679
3.96558681672	0.231822458013
-23.1076192023	0.312127727711
-13.8963642523	0.277507960136
-11.2253355681	0.274648491063
-29.3182890538	0.337178401469
38.7429617522	0.156930657995
111.148722779	0.0699747502125
168.967613319	0.0362840801788
-4.67637738291	0.256073875063
46.2294782867	0.141637550021
32.6723385243	0.167567194817
62.0761192572	0.120530046098
4.07476168906	0.231082659476
57.5763755712	0.123844566641
13.2840139158	0.208983193497
-27.9169015369	0.328612471954
23.9345701149	0.180483161899
21.8289422973	0.185486476284
32.7046781684	0.167918393768
6.35577627539	0.223207939602
5.62185035591	0.227500782135
146.716521253	0.0457656568139
20.2921029555	0.190052657508
52.8246776505	0.13380851369
19.2932808388	0.191111650169
24.5394001074	0.183849640565
27.5174358705	0.177973254676
-8.1836197758	0.266296486472
11.3430563428	0.213553129345
-19.6108632957	0.3030706137
2.86545088479	0.233524733074
28.005194943	0.170165348752
55.0633312507	0.130468814835
25.0400137097	0.177085237705
18.8880482697	0.189721328588
41.8536877976	0.151107932659
21.0461425446	0.18888474171
15.764906197	0.200563431276
17.6152820982	0.196712762175
20.7940515078	0.189599129738
50.8258230915	0.132087413966
61.2769682303	0.118844952506
15.0391312581	0.202379368203
51.0638840005	0.136376034612
-2.69508099692	0.249098896311
155.126348056	0.0425816456444
23.6646547455	0.180083751346
2.97541479136	0.232467281608
21.7032655364	0.186178153082
42.5471998852	0.146013562766
40.7297754718	0.150041422149
26.3349406028	0.180356087744
150.162697901	0.0446997898109
41.8263075111	0.151275361056
14.456568662	0.202371089961
22.0935377126	0.18749619886
21.9691997214	0.18664688878
18.9894949471	0.19355724004
36.4435486374	0.154739679769
40.7300962266	0.149359589308
-1.15472051847	0.24347304185
21.5017190599	0.186866191068
11.2026934286	0.210031030839
16.2573714445	0.198017753373
11.8906186118	0.210258832797
81.9352165508	0.0969668005829
56.1517116641	0.129202553372
105.076903567	0.0727311407341
39.1857150018	0.156020784803
146.691533854	0.0460130159585
21.8650844317	0.188177971052
20.3174506379	0.188802627379
14.5450029758	0.204424711915
20.7602575805	0.18922404263
48.3177137839	0.139832659878
149.977663755	0.0447759825084
96.272940807	0.0826988870442
85.3971845972	0.093319544887
21.3804846208	0.188092981928
145.072386617	0.0476929420882
14.6445279464	0.201144990932
29.6850360541	0.167370443771
11.9790512298	0.206502749085
19.1728837917	0.193792151149
41.5567425289	0.145382899645
54.8147591459	0.128229141512
23.8227939426	0.18199987692
7.32481655255	0.223103423248
17.5640358973	0.199101343517
57.4755164889	0.127021093794
21.1800701934	0.188512541877
45.4201323633	0.145164675737
30.8333498856	0.170580043202
32.9883424639	0.16663803276
39.1169713098	0.155695202067
38.5952360567	0.156723617604
106.735087225	0.0734696981098
2.79808646546	0.232956574478
12.3747696982	0.205149251515
22.6309892904	0.1842260635
60.424159015	0.120769985925
44.064670065	0.147581114375
48.4870502485	0.140361573783
54.4558585384	0.128819384872
31.3068127405	0.163742544076
30.7460084018	0.165093461106
15.7555563824	0.195928985815
23.9725363273	0.181500804746
41.3379445418	0.1522484166
39.881283192	0.148187512697
24.6769986121	0.179333233617
49.0184268763	0.13469335782
18.6032194735	0.195997346027
48.1027086878	0.137483729286
47.1130757445	0.14125752525
35.5690695773	0.162436313529
55.1634802037	0.126718544847
25.574141961	0.177280107221
44.514199013	0.142802760148
25.8133700247	0.175134815115
21.3048007629	0.184635122869
70.8953269275	0.106731374837
19.979440014	0.190702406377
50.2952686928	0.134939739173
21.0595635392	0.189133820183
71.3474219372	0.107566355805
18.3753552078	0.194694002914
22.6693204414	0.185933388305
21.783404005	0.187261804928
21.0330783141	0.188344237659
49.5591121498	0.136090399203
119.016762947	0.0637981610395
26.7884775995	0.173925782101
34.808825728	0.163627306245
125.722555648	0.058228673468
62.4851703207	0.120225257185
10.8076699043	0.214864991178
22.659915027	0.18469914633
55.1030589609	0.130436079059
103.769623911	0.0757433419399
121.571581396	0.0621210693367
82.8399696683	0.0960022720525
12.0280211412	0.209863202994
101.814115624	0.0753467905349
31.3910211125	0.163362323634
85.6197778634	0.0931246898276
43.259089378	0.142830946126
70.7390537559	0.10699836228
20.5834790526	0.186499035725
36.4105742464	0.154420414035
58.9567617827	0.121488749053
65.2994428422	0.11346811648
31.7650005804	0.162741678022
82.9171622394	0.0939790734542
36.8491458763	0.153570277002
24.9119327794	0.179085138202
10.4434496452	0.209596624756
32.4072757245	0.168496691815
46.3626496599	0.143687639143
75.2965195651	0.104413259293
158.572861521	0.0409429935324
71.4108200686	0.106035554562
28.6530641517	0.169699015737
31.1030177303	0.164664940131
22.7479218772	0.182494558063
16.1381559406	0.196276088874
57.763715722	0.126801991401
59.5762756815	0.124198627993
67.1058162584	0.113864066307
47.0664049855	0.138505634882
54.3461634137	0.127157140536
35.9947270002	0.157881148706
98.6101968581	0.0805410299564
64.3933284497	0.115199577515
40.7756700169	0.147121301371
100.039450974	0.0774856532969
66.6568661326	0.114673920645
123.876126206	0.0606089779698
23.4410399929	0.184909730374
25.0723967782	0.177007689569
76.150127015	0.103370866429
35.9088379431	0.158608814426
42.6285339582	0.147801109929
153.661419505	0.0431509570226
73.4448578461	0.106564027556
54.2823528521	0.128849618578
90.6223931586	0.0880097624623
56.3328186331	0.128621509202
10.6315783885	0.20934797383
27.7212911731	0.170249427899
38.7702079034	0.150708316438
96.6016099895	0.0823966357991
59.6784147337	0.124056549333
76.2225516189	0.103355533052
173.530315311	0.0344062063197
116.11273055	0.064969733975
98.777302479	0.0782355241474
46.456359016	0.138108650234
26.3629877346	0.175095225099
36.9561572677	0.153631802879
23.7768372731	0.181345873203
38.0170610153	0.153006460106
29.9726815436	0.172493904822
75.3776413892	0.10424749782
52.7016714605	0.130183293562
34.0146413511	0.158772118652
29.1370196254	0.167746598603
29.0157943467	0.174377100471
74.8192526516	0.102173631647
62.0247167058	0.120829463804
61.8165094741	0.119145462347
67.6513205485	0.111599033124
120.243226562	0.0629855743801
126.765035803	0.0570964670156
46.1062166998	0.13858498531
35.6628326215	0.155764680169
26.2411512092	0.178518228722
130.575718191	0.0560853495563
105.846204834	0.0743175435985
61.2871313869	0.121764714977
130.827309711	0.0545622031659
64.9598893891	0.11435341508
92.036082173	0.0851706048219
111.033727489	0.0678001559167
86.6757403136	0.0920365446951
112.582255025	0.0683488789362
97.4760042531	0.081158801786
52.8510283922	0.131218284699
36.0412333036	0.159576477717
71.7859505996	0.105706617971
117.147081551	0.0649147429697
163.704830315	0.0385432415605
56.7089822204	0.128128973435
124.316279096	0.0600503115011
94.8020205442	0.0840726282248
17.0626957209	0.199365035946
75.5674637289	0.101795766402
56.4463343074	0.126042890126
85.7413541892	0.0906611590422
81.837651281	0.0965416119847
26.8492815804	0.177258154082
170.325453496	0.0358555839982
84.3671735616	0.0915543244616
162.941860831	0.0386650942594
17.5064521603	0.197495232396
133.128556557	0.0532227686415
63.7410681334	0.115393818484
134.622345841	0.0527759185901
93.0540888312	0.0833362996088
51.6971368035	0.130610119782
49.5568478145	0.1360928147
90.5499400568	0.0858106428653
61.7095848808	0.118247482971
120.283988725	0.0630099537555
97.1545478831	0.0819040181337
51.9267158724	0.132101296852
27.8088661685	0.174527063806
151.327796259	0.0438029795828
64.1714545834	0.117960582541
103.547200052	0.073884566361
95.2107550857	0.0816156212776
99.0637221089	0.0777473432818
68.2713649401	0.112866759814
114.000390528	0.0662696315392
56.559588353	0.128300255978
79.7760334047	0.0965213993257
68.2145964876	0.110074658848
164.722414494	0.0378673703427
127.31879966	0.0582480340694
105.225137858	0.0748152768886
37.7599006204	0.158069758094
42.7069026394	0.149730186948
51.2474983279	0.136232053111
88.2088444808	0.0881370688614
58.9963872587	0.125021927633
99.1288838765	0.0777376899112
70.4067838968	0.110095638424
75.9394229958	0.10093770794
59.049654522	0.121889313784
123.775215557	0.0598033466932
26.8242698214	0.177845509645
76.1905453615	0.100626286217
62.6378669185	0.116161003548
71.3271240472	0.106309407971
136.397510662	0.0514729093868
31.202446731	0.169777139733
101.557601272	0.0779443665357
52.533216695	0.134136531084
97.8109506865	0.0788483617956
71.2357096512	0.106259111062
75.6653734568	0.100898237943
75.3451256694	0.102304148006
70.2342600261	0.1104087504
106.996776722	0.071705882266
51.841670969	0.135150705502
77.5610760111	0.098761305403
77.1076384506	0.0992538038394
74.4900152025	0.102262422501
27.62539301	0.17534092713
104.107212033	0.0757350746527
39.1598856058	0.155396339684
82.4000324769	0.0942973390931
96.9729135817	0.079626387782
70.2059440712	0.110493438816
99.3748109943	0.0798415287847
78.2889723093	0.100969424775
163.599932917	0.0382570440209
104.520660497	0.0738063068719
69.6742970983	0.111108568418
51.6090036326	0.13567363715
82.1775742514	0.0967748974406
93.166258541	0.0832311518526
70.482136994	0.107240476958
63.0946261179	0.115608784962
54.3176816033	0.127375091352
81.3291270062	0.0951268762524
135.709385348	0.0523715977522
63.6005723587	0.118679823406
76.405482464	0.101204745316
86.3144414185	0.0923315244934
66.968592828	0.111352562706
144.307153972	0.0479386553157
65.3797036554	0.116413055849
40.9923718179	0.152423726352
70.2639824872	0.110385293555
86.1872253639	0.0896859470414
106.977748765	0.0721767840548
81.3591311091	0.0944546106243
59.3371854627	0.124440730528
113.849891579	0.0678733666054
33.787962439	0.164737764004
71.0048142404	0.106817668264
92.2749693407	0.0864701033536
74.1053557117	0.102906759008
76.1301591677	0.100163803735
109.7317747	0.0690173093851
143.813022517	0.0483059991991
120.802197965	0.0611746871801
119.066320127	0.063978629035
101.925165154	0.0752035884809
79.633942447	0.0968396169843
117.704802539	0.0649918738691
123.093637891	0.0608620282166
66.4137843043	0.115119107064
94.4632577962	0.0835521954727
170.778332605	0.0356719958197
101.514974727	0.0763724447104
104.758928108	0.0746376597086
86.5172252734	0.0893175191895
63.8984008632	0.114483547934
127.243724337	0.0583207564624
68.103569727	0.110236035958
53.3549104741	0.128316102194
76.228336652	0.100220838911
99.3875188949	0.0774133943733
130.701481172	0.0560913790632
134.937801207	0.0534420155088
45.0146089953	0.145850930031
104.800558477	0.0732112364325
94.5916834308	0.0818840376615
118.877921029	0.0626319191347
74.8223604765	0.101979238577
91.2587750426	0.0874354262485
88.3425718548	0.0881711724329
90.3258628403	0.0883868552009
92.1852487303	0.0841166057454
69.2264044597	0.109057802858
105.096203312	0.0749277730873
171.641576027	0.0353705187519
118.530811111	0.0643293984375
132.711665073	0.0546650570225
100.355143591	0.0774846462212
130.893636639	0.0559622325721
119.452916469	0.0620779640506
96.6961367724	0.0800337392814
117.351711514	0.0631853674601
110.501688368	0.0704840324888
94.4492586447	0.0821981027176
143.895045712	0.0483198291264
117.775451622	0.0628697901068
125.32003778	0.0594371122085
96.9544766834	0.0820726655724
160.774437085	0.0393355034693
91.6490245844	0.0870294775642
131.892124483	0.0542901480319
67.5740920918	0.113538857464
100.642733475	0.0764257380021
138.105297504	0.0515720802353
118.750975476	0.0623384733829
186.537705544	0.0297592816236
82.6368368311	0.0961521155504
118.890548572	0.0625630451372
164.851983291	0.0381452445484
106.243711805	0.0721898070339
166.949453627	0.0373134040347
173.892166933	0.0345238356546
168.207479664	0.036775265426
138.274339397	0.0514679387405
97.9742952976	0.0787980659122
61.9045203659	0.118182307106
167.454948856	0.0371019980426
122.35603155	0.0614521133714
129.866220271	0.0564409992347
134.448059053	0.0528673035104
127.912091715	0.0563756919109
81.5814257673	0.0944329120299
92.8659629968	0.0858775660314
120.145668443	0.0615157335467
94.424219952	0.0843917588244
156.052867075	0.0414939602595
106.740041599	0.0712860706705
115.340494399	0.0667327566141
147.255001296	0.0465176210074
180.140674535	0.0321681910164
84.6733047323	0.0916854687645
126.823470782	0.0570648189855
110.820576493	0.0684368948111
126.917136666	0.0585672652866
165.480531032	0.0379378938694
120.644588777	0.0617070609462
155.348749859	0.0422607682849
130.112415094	0.0551857485645
109.53599291	0.0691091531987
99.1399240196	0.0800857343444
128.73003849	0.0565417351767
156.027866966	0.0418195436295
115.393540128	0.064690674959
197.262068619	0.0265299250907
183.470310635	0.030777403623
102.0623839	0.0751477675667
94.9592575297	0.0815358886082
92.8065506998	0.0835749030095
160.852299581	0.0398458233655
160.525552747	0.039483059385
91.6069221616	0.084690588073
111.584982862	0.0696216082026
99.1226336383	0.0778075410579
140.617569539	0.0492360092287
160.661556348	0.0399926446431
94.0522901783	0.082414186607
133.994124186	0.05346452625
156.825640787	0.0417482343912
131.226645228	0.0557420667598
123.860042259	0.0605806292629
90.829678155	0.0877924966315
107.330377499	0.0714780194077
171.727713363	0.0349601146052
137.692285859	0.0518380860641
122.093632231	0.060603484279
91.3279970938	0.0849488884483
197.767779837	0.0263473200512
134.383976182	0.0528982400174
93.8493996687	0.0826134682284
94.0362206743	0.082686745424
150.155026741	0.0444493468999
170.010250184	0.0360442157803
88.5647179724	0.0900983629478
160.962397323	0.0398652556198
96.6864434767	0.0823311817669
125.158947212	0.0584364606421
84.2865674738	0.0945277661528
121.962618391	0.0604008085975
153.371773248	0.0427857256994
184.889077612	0.0304758873323
82.2709890507	0.093978414974
131.045208919	0.0558886392234
105.739417716	0.0726657313638
124.827202496	0.0587691685902
116.182798745	0.0645924193363
93.0745612829	0.0857195192595
164.812183635	0.0381477038948
101.483586956	0.078004497386
113.993043501	0.0666447890517
142.66140086	0.0482876673795
178.299573703	0.0326543785664
89.3047464547	0.0869741767145
125.43885071	0.0595434426582
137.89229197	0.0517036590275
121.537619306	0.0612947952736
122.210070326	0.0603760263772
109.472258668	0.0694508589118
92.3841329161	0.086282180403
112.481246779	0.0689362715263
124.343866362	0.0593080970785
204.723318365	0.0243884383714
152.089149974	0.0440570301277
141.58139611	0.0487633483733
83.1955672521	0.0928302867724
146.068428623	0.0468027661461
117.634241979	0.0650291355147
175.150608503	0.0339555978503
189.635848091	0.0289245125166
187.390546597	0.0296385001469
104.970538371	0.0750268370939
109.834337649	0.0710352684805
139.750243807	0.050514376669
161.058473802	0.0398651678913
126.005787524	0.0579567420633
105.871929153	0.0742259812459
153.628290558	0.0433053495878
217.141377013	0.0211179867638
163.250049604	0.0387423762709
212.354718638	0.0223528029189
109.385115315	0.0714011431295
167.527995866	0.0366863243648
154.055268152	0.0428279333995
209.301235147	0.0231396228388
174.319229205	0.0342376973696
173.356172804	0.034685280518
180.019756236	0.0322089479655
187.085376698	0.0297288210037
168.757115221	0.0365246646215
92.5322069513	0.0862292771546
155.668110313	0.0422081451167
185.493507219	0.0302565396003
143.835231126	0.0476557350973
185.586819954	0.0302414016477
224.033383329	0.0195530383376
92.5218324128	0.0862466062988
116.235880749	0.0646466718338
130.592709452	0.0553828969075
122.716769368	0.0600466933202
126.857203277	0.0586100005278
143.669879376	0.0484376064311
159.81666911	0.0404044372417
184.877602424	0.0304664303164
110.010108092	0.0708930624291
184.142935297	0.0307585481802
133.612667322	0.0538990152005
233.068202248	0.0176584444327
156.740539273	0.0418316753209
163.71014405	0.0386645028001
163.121656086	0.0388620329716
164.03421697	0.0383688007419
185.313147622	0.0302613471647
156.741058599	0.0418156657705
176.159776206	0.0335944620025
152.011462932	0.0438188007098
194.242641301	0.0274260233687
147.140107408	0.0466111259465
182.269280006	0.0314089849092
168.310413476	0.0364421287576
211.651268494	0.0224802467502
211.422497795	0.0225917298441
199.12135715	0.0259402235429
155.346030397	0.042076697792
149.362454305	0.045408060968
205.653275376	0.0240658524394
180.128158819	0.0321015010436
214.746553887	0.0217220055895
222.374816401	0.0198928294648
208.774115415	0.023211720402
209.066646879	0.0231916262541
148.958018899	0.0456668174585
161.25168178	0.0396806556612
234.284811435	0.0174536912715
154.724357479	0.0424881344547
232.271062767	0.0178436500212
166.726355207	0.0371965797612
224.35306445	0.019456705462
187.217119344	0.0297059600231
167.508726911	0.0370303766982
184.144482833	0.0306935801418
197.493212415	0.0264373866461
152.450520614	0.0433461890269
203.166081314	0.0247584619421
158.445558882	0.0406618656979
182.241476838	0.0314104869396
146.370199736	0.0464301030597
172.196267012	0.0351553875057
211.640996605	0.0224881413173
161.39031912	0.0395999436533
225.367245326	0.0192439163723
189.352695882	0.028986389754
222.578754552	0.0198912261036
169.702480538	0.0359222590856
179.323300771	0.0324473900173
161.599415431	0.0393365511011
218.361519106	0.0208319508393
178.375725205	0.0327651512802
199.423120845	0.0258744930722
186.352593064	0.0299931954016
191.384631745	0.0283409569988
150.026900958	0.0445206824728
196.229344975	0.0268059742668
158.830929851	0.0408682030352
187.339990607	0.0296535955566
207.177286514	0.0236780355211
193.93974027	0.0275027341544
162.122434199	0.0393501976891
142.948576255	0.048858921243
234.302810469	0.0174066544032
171.175365294	0.0355346141976
199.390005842	0.0258592471276
189.648179561	0.0288360985002
152.848851569	0.0431395094621
218.840203707	0.0207074822999
148.915461555	0.0451233840089
201.083942051	0.0253632395668
180.953955337	0.0318006298738
189.598313103	0.0289123271993
170.461301292	0.0356473168819
128.578397073	0.0564966941804
225.041713761	0.0193223281515
198.963769287	0.0259681167465
229.991849244	0.0182569651369
157.054289121	0.0413754541096
192.925311289	0.0278159192581
236.273719062	0.0170749702695
182.747026784	0.0312351420021
164.862137787	0.0380055379758
232.314199203	0.0178167462109
195.56796983	0.0270038453227
199.949270409	0.0256987622026
154.328777366	0.0425736197003
131.104890527	0.0550929825943
205.571066838	0.0240890458904
152.398030351	0.0434136971651
218.550722993	0.0208185343789
223.286660909	0.0197273851641
188.035099703	0.0294266919168
162.211596222	0.0390456878699
234.0259488	0.0174939181372
195.376065587	0.027044990159
188.932461122	0.0291015708965
182.384536741	0.0313597992927
201.945551169	0.0251027330495
237.183792551	0.0168583873444
208.441119681	0.0233393704409
181.088684199	0.0318230150563
188.139667625	0.0293302528673
214.855843	0.0216937590585
221.660162266	0.0200758467155
230.913639278	0.0181229026982
158.344543718	0.0407902284186
165.207109494	0.0379858905697
191.833944091	0.0281516985228
195.850601325	0.0269483423489
175.756412848	0.0337238368708
234.675983618	0.0173308536262
183.446871657	0.0309481969375
218.378307275	0.0208825348339
202.108539224	0.0250451420064
204.217288612	0.024480875313
197.822793425	0.0263090998005
218.625796419	0.0208156859444
201.457967332	0.0252707780313
186.767523783	0.0298158513322
232.98516551	0.0176951522472
217.44078937	0.0211039273404
180.507879901	0.0319517633103
201.839370891	0.0251769501152
224.708101021	0.019386920512
180.447269556	0.0320412346932
215.923948837	0.0214053303879
203.57128999	0.024691899442
199.141716878	0.02591338737
216.969674239	0.0212144756865
227.636540523	0.0187719027809
170.994080496	0.0356254503529
231.178785191	0.0180128046894
206.536578125	0.0238539257679
192.943398579	0.0278179690712
192.091234579	0.0280847087377
226.598868372	0.0189959942986
188.614135371	0.0292049611918
210.044730161	0.0229152156859
187.084700214	0.0297701917471
201.514241181	0.0252592561101
227.685175511	0.0187871771053
221.815701649	0.0200437900622
180.235278607	0.0321002142888
234.849404115	0.017334333025
225.841355036	0.0191548239933
194.423891529	0.0273429148847
193.596888314	0.0276526279583
236.724079961	0.016975763895
178.617957026	0.0326234952565
236.870595032	0.016926768468
178.962973751	0.0326019254254
240.42526317	0.0162948134761
230.199193307	0.0182794341469
224.410166451	0.0194655376285
160.101452766	0.0402376703519
211.793273226	0.0224557239437
222.178214673	0.0199804572548
214.277566744	0.0218436397726
197.737076033	0.0263816069422
220.175659725	0.0204003834524
190.17541391	0.0286977490208
231.489444116	0.0179598097355
185.855586135	0.0301845052519
224.193475671	0.0195058549093
222.10842554	0.019989040777
213.855943487	0.0219588810941
208.117683846	0.0234370927963
203.520331439	0.0246808465554
233.289496064	0.0176455332618
205.04685295	0.0242431203592
210.161235146	0.0228933468413
213.066662985	0.0221024621555
200.729347259	0.0254835337051
211.950636038	0.022451113924
201.038968419	0.0253861714488
199.838389787	0.0256951301488
227.029787975	0.0189549612815
201.032158635	0.0253924715525
244.128200035	0.0156356594873
189.876882568	0.0287591933032
231.247657486	0.0180944669829
224.825283574	0.0193700537543
205.097365731	0.0242435325267
222.993827	0.0198039289535
200.910106909	0.0254497610151
221.095228769	0.020209080498
224.997325632	0.0193530646274
205.290505727	0.024182321202
225.216792328	0.0193382076572
207.931545107	0.0234906773988
238.957694882	0.0165062705699
213.496160069	0.0220375960288
229.645579581	0.0183985674354
195.80498309	0.0269135068838
219.585892853	0.0205277690708
218.011168281	0.0209370611248
201.071301974	0.0253966845812
222.557349859	0.0199035473738
218.009768368	0.0209290385581
218.917150619	0.020691790024
229.999214149	0.0182989094448
203.349316136	0.0247358013334
221.8980896	0.0200058476559
236.702546124	0.0169291907394
233.531732967	0.0175958394508
233.0854785	0.0176534786653
196.309295205	0.02674380443
222.233287844	0.0199435478716
245.183399405	0.0154411058621
209.58756769	0.0230566798614
202.448331689	0.02492316415
224.157202024	0.019515085002
238.925936146	0.0165767735055
208.331265959	0.0233999986987
206.146013444	0.0238900896502
243.121522137	0.0157834655783
230.22514635	0.0182368410843
240.719529397	0.0161863756516
186.392220616	0.0299160698945
218.910781419	0.020712451383
238.464715662	0.0166566393127
208.903218001	0.0232231316923
221.242896437	0.0201673558589
226.767554316	0.0189426399883
238.190867836	0.0167029733095
245.440828324	0.0153900862375
215.086126879	0.0216076888151
224.353645681	0.0194745889285
216.761140555	0.0212625832352
235.913231059	0.0171218320736
198.234264588	0.0261689827934
216.840211896	0.0211927234172
247.755506395	0.0149982170992
220.524776586	0.0203545474866
234.622436422	0.0173330220733
235.868497014	0.0170928453312
238.20071379	0.0166875494773
246.982577564	0.015100650254
197.595101413	0.0263648137808
229.373485121	0.0183958527808
208.472244205	0.0233317669568
242.535472662	0.015877885234
219.904793914	0.0204557030276
230.585350705	0.0181403208579
250.622290425	0.0145010690033
240.171454874	0.0163107712067
230.242874145	0.0181899263686
225.021097095	0.0193241432988
227.316466711	0.0188576594268
227.905912542	0.0187011501974
219.163474661	0.0206293543235
240.783324381	0.0161705181174
223.037723776	0.0197873286358
228.842343747	0.0185137398503
250.725764796	0.0144885181241
243.628913971	0.0156762169181
235.772665159	0.0171443266702
229.708738199	0.0183296396196
241.65088071	0.0160375479188
238.059102339	0.016677728995
230.467551715	0.0182397776598
227.791034881	0.0187336193822
239.773197743	0.0163891281075
245.806421762	0.0153076451301
227.360019094	0.0188854746257
245.616907524	0.0153410682411
240.872079013	0.0162130979588
230.038593573	0.0182725538113
243.545970453	0.0157383951333
231.330197935	0.0179952253569
242.789556367	0.0158832031768
242.429853669	0.0158907315835
232.900399605	0.0176857728215
247.740070227	0.014973172045
243.690265237	0.0156995814043
227.495699512	0.0188209725546
225.801939599	0.019201503355
239.145667508	0.0164998959078
214.762660607	0.0217529659232
238.989557513	0.0165469390016
235.554835716	0.01722372241
249.943620065	0.0146444832542
250.830909385	0.0144956185893
249.530888955	0.0146902004909
242.685595918	0.0158845567522
233.055689543	0.0176515352513
237.63375496	0.0168227651258
222.24889073	0.0199528909222
224.44882687	0.0194863963183
241.425497259	0.0160961316494
234.62872411	0.0173953242832
237.308411279	0.0168164439967
253.172887251	0.0140972189084
234.443384529	0.0173954631816
222.277101106	0.0199971958881
241.091575859	0.0161307548904
248.077188178	0.014934787924
248.358204369	0.0148707184907
254.571453711	0.0139075579147
244.171558366	0.0155946733643
245.996629603	0.0153251934969
234.11920353	0.0174627865584
249.40364324	0.0146837582837
233.836819359	0.017500370995
223.980646609	0.0196178062181
235.075807019	0.0172828952375
240.515686613	0.0162107358782
231.58920644	0.0179385057758
254.609083729	0.0139046381398
244.605819639	0.015517437497
242.183080655	0.0159417110549
251.628896575	0.0143175566916
231.714427018	0.0179522262644
245.64132034	0.0153592779538
239.769969752	0.0163508470415
241.957808103	0.0159547527434
233.46200901	0.0175456520007
251.149070392	0.0144074063573
244.896868242	0.0154572693834
245.633991429	0.0153142076468
233.614734935	0.0175101336859
233.36095248	0.0176023767717
225.384662671	0.0192240563964
252.383555972	0.0142328039451
246.584729277	0.0152041179131
231.526386078	0.0179831519573
229.059687905	0.0184840812359
242.419069507	0.0158843553773
245.28507994	0.0154469954685
248.651346365	0.0148299398634
249.306856498	0.0147191424821
244.24290139	0.0155789320699
230.298886931	0.0182733224369
244.421233478	0.0155580225842
254.795699514	0.01385424622
247.323027962	0.0150510752854
230.644319466	0.0182024646961
246.378482213	0.0152158120012
238.734652215	0.0166159211824
238.903628237	0.0165447589614
250.665083503	0.0145293860494
236.759513461	0.0169242606974
249.030979695	0.0147728540552
245.718182473	0.0153026112486
247.595655783	0.0150525276931
255.149639966	0.0138124806835
230.459013319	0.0181844581306
253.324185742	0.0140674183965
251.775227827	0.0143401919851
248.646037584	0.0148363975537
233.438622967	0.0176354363149
248.524939758	0.0148739962281
230.939944628	0.0180810880462
253.827185506	0.014017708686
247.747696167	0.0149706280514
238.313441435	0.0166252702108
255.478216217	0.0137607902596
240.106216206	0.0163126675271
244.061228985	0.0155986565968
249.281384665	0.0147282421461
240.712817086	0.0161689063781
244.55407886	0.0155212210384
238.034635639	0.0167391695122
245.031214965	0.0154307018403
236.630676231	0.0169363997655
246.574199288	0.0151746373728
236.565043109	0.0170227560973
248.571907073	0.0148446881714
241.946875889	0.0159672058099
242.72195174	0.0158208108202
240.188247342	0.0163199601785
244.876640564	0.0154447418963
258.29467606	0.0133289018118
256.254621775	0.0136118078112
242.212096322	0.0159786311697
257.363952344	0.0134403238468
244.285190206	0.0155810367564
255.719406675	0.0136831833746
254.775718241	0.0138636103723
256.800813816	0.0135372601899
247.120301016	0.0150526446302
257.827637137	0.0133681377094
243.295015171	0.0157517114895
253.829830845	0.0139654417029
252.304853846	0.0142132427262
249.993244036	0.0145916216788
256.235691456	0.0136216033486
252.124242004	0.0142448167487
239.664190501	0.0164230276596
242.967641157	0.015820056789
244.149554711	0.0156152951856
257.406785898	0.0134351386447
258.127447222	0.0133295777314
257.733056024	0.0133821789846
245.969992288	0.0152442035688
255.914659121	0.0136542195679
237.466821266	0.0167807891691
249.764789317	0.0146468023437
254.728897444	0.0138264542741
250.540626155	0.014501537999
256.082132305	0.0136396491197
253.412366772	0.0140563364402
238.314762609	0.0166411610817
247.720648875	0.0149737050932
249.089543369	0.0147240997745
259.266907687	0.0131711117439
255.831762854	0.0136532870877
253.004556553	0.0140897500937
258.540981669	0.0132754391553
244.701851112	0.0154729364683
247.845581791	0.01495855937
251.29570663	0.0143676910454
257.066014117	0.0134997917075
258.500712259	0.0132635050015
238.866990839	0.0165542320989
242.83745051	0.0158284342311
248.340803901	0.0148626203573
242.608334795	0.0158360968623
257.02483698	0.0134947940223
242.938849837	0.0158022206473
257.162846245	0.0134987835287
245.127390053	0.0153948702293
241.15594644	0.016092956891
246.910389557	0.015090113586
253.653056185	0.0140165045079
254.096321278	0.0139141746836
257.801898429	0.0133630138354
254.556466538	0.0138738446221
249.949330516	0.0146201473834
245.127885337	0.0154107746999
257.833762511	0.0133649256445
243.159751568	0.0157885854645
252.07713485	0.0142821718606
244.846137698	0.0154592019882
243.532962499	0.0157167368865
258.191570244	0.0133056416195
247.533369428	0.014983650712
254.407255684	0.0138859674518
257.9275821	0.0133441577462
247.311784092	0.015071600756
251.14871987	0.014390791776
251.734084132	0.0142869395267
253.150186223	0.0141057959804
246.081134339	0.0152635571249
258.067772357	0.013341960241
255.344338348	0.0137198519745
241.668803842	0.0160061956852
255.043425091	0.01376950581
241.41588167	0.0160424891017
254.435427445	0.0138572415821
253.797098873	0.0139929341088
249.349569241	0.0146778855408
256.929810546	0.0134872740334
255.486783989	0.0137137423446
254.402100041	0.0138908229383
248.159648113	0.0148729833969
257.450323376	0.0134328087865
256.86094147	0.0135338852235
244.391194938	0.0155702678652
260.160823327	0.0130040706351
250.465306574	0.0145106891874
259.874122964	0.0130644687038
253.687205154	0.0139993942188
257.337202683	0.0134024698134
250.915452068	0.0144209827808
258.138754315	0.0133341943303
252.402539059	0.0142077423153
252.03091936	0.0142639821268
257.496084037	0.0133967050634
260.086094533	0.0130240680768
250.352930488	0.0145141512452
253.586838701	0.0140097415492
250.577151425	0.0144818562413
247.808185048	0.014948232739
257.00094577	0.0134951433412
260.832192305	0.0129214441585
252.748512707	0.014152895444
258.190839005	0.0133333824793
256.554969882	0.0135618828033
259.033631255	0.0131653789585
256.014303029	0.0136588866176
250.795315028	0.0144545126504
251.901208954	0.0143008453171
258.568447826	0.0132625230499
256.47710372	0.0135748500882
260.891365111	0.0129206414617
244.374390887	0.0155328852737
248.795868538	0.0147893013055
253.373835722	0.0140327936567
256.586944318	0.0135426160578
241.933325562	0.0160026480217
253.779384406	0.0140352196904
245.06986862	0.0154003658562
254.092210004	0.01391490973
250.648160699	0.014496978763
252.730833907	0.0142096341882
254.058373629	0.0139365764519
251.345452415	0.0143507080618
242.793148313	0.0158412167076
247.996346974	0.0150067982795
255.699648668	0.0137138418839
251.829010861	0.0142851022729
252.445309645	0.0141910904879
243.786653714	0.0157336462573
252.747345547	0.0141409801782
248.445932446	0.0148356545751
249.292954148	0.0146897184658
259.039153999	0.0132040873694
249.740171505	0.0146281148555
256.269232324	0.0135758316371
251.085948822	0.0143966289076
259.689308738	0.0131060525774
255.443229285	0.0137035631507
249.441072412	0.0146756601139
254.093646582	0.0139302094537
256.382366579	0.013592226811
255.686654148	0.0136976622006
251.789972129	0.0142922299584
246.442315126	0.0151891902727
260.418273625	0.012995716713
254.080897174	0.013936595569
257.515886438	0.0134049547013
251.789798079	0.0143025047628
251.324035838	0.0144138292974
252.086592146	0.0142442953593
252.303881332	0.0142278747748
249.836740269	0.0146100405445
254.837266286	0.0138188524995
255.301674984	0.0137209078616
259.43196158	0.0131614099371
250.686792863	0.0144666066904
255.980776479	0.0136261815519
255.270800256	0.0137284611398
251.799870124	0.014339805125
247.416451618	0.0150257317265
259.234788867	0.0131552197751
254.623567525	0.0138645784273
254.163181994	0.0139933150107
251.604074742	0.0143382056477
256.169122031	0.0136018557268
254.005184897	0.0139411347201
252.201391325	0.0142859588332
250.768513052	0.0144776567208
250.236606225	0.0145731725574
247.97936805	0.0149209346014
258.483301422	0.0132744288975
245.829394326	0.0152880161849
260.622418916	0.0129510370955
252.112154412	0.0142570138511
258.915090434	0.0132070325821
249.777561805	0.0146467997415
252.240060803	0.014251433006
245.58162833	0.0153219271754
259.042745392	0.0131815257422
249.839484254	0.0146286450203
248.858871213	0.0147997560428
255.981835555	0.0136908311453
246.749838216	0.0151348826527
252.551875613	0.0142536023749
254.592513593	0.0138807520811
253.473884438	0.014040983505
251.364034163	0.0143757671211
245.463879971	0.0153691608962
254.903268109	0.013794735312
252.205159911	0.0142863799263
253.438000234	0.0140327122312
256.68400957	0.0135454251736
255.132421859	0.0138174866804
252.080614926	0.0142535219078
257.386622865	0.0134287689112
253.374279894	0.0140391927495
250.86166819	0.0144627512033
253.866179805	0.013991199345
252.548298402	0.0142007493353
254.230897233	0.0139030562232
257.140819139	0.0135118571534
254.66392849	0.0138365370903
252.387009009	0.014211177129
254.370797959	0.0139175709505
249.060298798	0.014777202022
249.771062862	0.0146311698036
254.532957048	0.0138798417962
259.823116056	0.0131024058174
254.14849907	0.0139380704127
252.84181178	0.0141237149538
253.941566627	0.0139521392944
251.241138592	0.014392808485
252.932848926	0.0141255167545
250.685681894	0.0144803365409
248.961742765	0.0147575431135
252.417476973	0.0142183023731
248.491205904	0.0148415009658
256.897773015	0.0135167403778
251.477930353	0.0143545713493
254.220609194	0.0139071970076
252.306356101	0.0142353869015
250.716211498	0.0144666196245
248.187214685	0.0148939308387
255.04556886	0.0137907659876
253.748531792	0.0139828013347
253.852127276	0.0139736048095
248.628311133	0.0148200423149
254.751416801	0.0138543175536
254.065086778	0.0139407636795
255.239167157	0.0137554290482
252.79979415	0.0141410306525
254.611685157	0.0138770618368
248.997897507	0.0147574693131
251.016005359	0.0144237404046
255.391692099	0.0137217525891
251.259882918	0.0143900089052
252.272761468	0.0142415495276
256.818532032	0.0135410962855
250.588398464	0.0144953676769
254.478764492	0.0138785191311
256.80066033	0.0135045346907
257.050287844	0.0134813765875
254.16421131	0.0139357072279
258.118008742	0.0133166986467
253.623326509	0.0140278955264
254.607964021	0.0138502912483
256.182864377	0.0136151835654
257.452720153	0.0134285027733
255.227759076	0.0137765164424
258.30735714	0.0132986155293
254.523033844	0.0138857677831
253.044665558	0.0141057916616
252.684399658	0.0141638440797
257.795243034	0.0133686092883
257.085625772	0.0134600961622
258.655409369	0.0132556916227
257.018235477	0.0134883318976
257.25701446	0.0134489081716
257.944492565	0.0133465402707
256.784938225	0.0135136446114
258.345612864	0.0132851283754
259.177394224	0.0131445362621
258.151419844	0.0133186547532
260.196820983	0.013000874749
257.275903596	0.0134472860518
256.505235664	0.013547507095
259.792214534	0.0130542434985
260.72835065	0.0129392044441
261.049323051	0.0128626248376
257.648767577	0.0133927111138
261.338752321	0.0128483146437
258.250072098	0.0132864860399
258.064310278	0.0133159506596
257.359718588	0.0134228022281
260.13705656	0.0130179766547
258.90078835	0.0132013408773
261.444412402	0.012818276867
260.923319804	0.0129406621908
258.703047394	0.0132589030993
259.736910428	0.013104812581
259.721247258	0.0131185238217
255.576955782	0.0137485945981
256.769315089	0.0135534055684
257.800654702	0.0134071450165
259.267119119	0.0131948999761
258.51568025	0.0132996905992
257.689652165	0.0134116820213
259.120587009	0.0132017064227
258.917049919	0.0132402506232
259.31869789	0.013187042407
257.165530069	0.0135028903409
257.832537922	0.0133893955813
259.210575421	0.0132008709525
256.25983548	0.0136334890766
258.228067297	0.0132779598714
259.972135175	0.0130754659982
260.003202377	0.0130678277645
260.069661228	0.0130707686542
256.351573774	0.0136197877918
259.061374802	0.0132115779123
258.629337333	0.0132798413263
259.671305462	0.0131319306905
256.744429581	0.013560959619
259.009392635	0.013224520344
258.881818692	0.0132527995309
255.883962907	0.0136961126238
257.464333353	0.0134510195828
259.489525406	0.0131543958302
260.161644436	0.0130672733377
259.721669657	0.0131345891247
259.59199133	0.0131465858202
259.574018775	0.0131356698408
257.404733359	0.0134871445611
260.452057045	0.0130210147854
257.196439408	0.0134969393791
257.04677821	0.0135041117308
259.510802509	0.0131542596369
258.853772565	0.0132469411107
258.56798485	0.0132912554157
255.857999204	0.0137025344129
259.355409699	0.013183027845
257.47362462	0.0134552145471
257.080243566	0.013503402346
255.587326622	0.0137117828957
253.991130139	0.0139658446033
255.675690591	0.0136690344429
256.084014059	0.0136443802035
254.121814198	0.013936474525
254.727290699	0.013833765257
255.356303364	0.0137494632281
254.341242879	0.0138835581421
250.845695346	0.0144455564318
252.608554712	0.01416530346
249.307003902	0.0147008638415
250.47807839	0.0145129003485
252.464111213	0.0141742803747
251.222606664	0.0144171724678
249.833262791	0.0146210562462
256.250307539	0.0136233871555
251.627948152	0.0143260925552
250.248582545	0.0145507764602
259.457657592	0.0131584062364
249.705413336	0.0146284245401
261.150687873	0.012889721934
251.513815487	0.0143207223222
255.979456789	0.0136736757484
250.758851456	0.0144745814327
258.888482179	0.0132050729651
259.153078401	0.0131996885179
259.404347234	0.0131695926843
253.380390207	0.0140508079922
252.837102763	0.0141104356627
260.490392273	0.0130153040573
258.373870141	0.0132752714603
254.75351815	0.0138365287301
259.570585233	0.0131390892202
260.177718007	0.01299174008
254.838378908	0.0138095847263
258.783347393	0.0132158885394
259.599001093	0.0131451805374
252.168568559	0.0142246373406
256.083725372	0.0136142102289
257.751439294	0.0133545040614
259.826187138	0.0130850966204
255.254519715	0.0137454201522
259.070448892	0.0131890648732
259.487445157	0.0131056720147
260.756920758	0.0129722927618
258.858219815	0.0132188380394
257.043871085	0.0134600322739
255.062577855	0.0137733062757
260.998841963	0.012913462657
257.784362084	0.0133546688907
260.281232175	0.0129735403502
257.264941674	0.0134412991272
260.572200193	0.0129920115724
257.905793118	0.0133605778745
261.042371588	0.0128962343249
257.639293695	0.0133890358007
261.142622603	0.0129215536475
261.365810248	0.0128464132951
259.492671775	0.0131120046424
261.317539967	0.0128739182178
259.446486095	0.0131321738471
260.176258053	0.0130294634001
258.673357761	0.0132290861427
259.188248442	0.0131665224009
260.198997922	0.0129984261541
262.357960121	0.0127230929586
260.274939918	0.0130175165467
262.296475018	0.0127255167431
260.410797696	0.0130154929267
259.974130311	0.0131101391332
261.510126975	0.0128583584109
260.45883838	0.0130241573251
260.571292002	0.0129928652565
259.562308898	0.0131710206186
261.315049299	0.012892985935
261.214436548	0.0129252995824
260.532419623	0.0130084101817
261.097221166	0.0129491018693
261.691571344	0.0128444691966
261.13611823	0.0129353135513
261.666391012	0.0128520652608
259.107562501	0.0132157903236
261.296045851	0.0128789795197
261.492550891	0.0128747197739
261.1090444	0.0129069530948
260.124181525	0.0130706619752
261.51425042	0.0128651366618
259.129906218	0.0132191337891
261.34000942	0.0128853358684
259.319662593	0.0131723415024
261.073712501	0.0128969445489
261.23866491	0.012904289417
260.924814983	0.012922990164
260.386988225	0.0130313647698
261.345106208	0.012877111071
261.068410046	0.0129447160578
261.443396241	0.0128660320248
260.404114999	0.013021199027
261.563191428	0.0128583085073
259.394820406	0.0131835532182
261.247681018	0.0128846391418
261.593993185	0.0128593738848
261.622327504	0.012855977836
259.998694284	0.0130841467866
260.491573711	0.0130077717787
260.446647984	0.013037781138
260.975414136	0.0129410790509
260.207307571	0.0130541545143
260.895307928	0.012955715828
259.773238592	0.0131269516507
261.305724465	0.0129030397256
260.667505135	0.0130016954938
261.234915883	0.0128890868269
261.33469861	0.0129024125771
261.177952694	0.0129089127045
259.622405143	0.013133537618
262.060920798	0.0127944437708
260.716135696	0.0129884637503
262.131250627	0.012778866456
260.206337241	0.0130528279848
261.565072834	0.0128472313834
260.863159407	0.0129612906356
261.741762697	0.0128342824186
260.734740971	0.0129752470149
261.354475876	0.0128927114255
261.069066871	0.0129369595764
261.118927327	0.012914192123
260.770778932	0.0129735908105
261.731955386	0.0128377303577
260.837264748	0.0129650827163
262.043815052	0.0127786775411
261.310659003	0.0129037804585
262.141777893	0.0127814597138
262.277020661	0.0127772647877
262.768259541	0.0127014817367
261.943641005	0.0128265014837
262.813522778	0.012691517825
261.821817058	0.0128240673993
264.14242078	0.0124954284186
262.217613354	0.0127745587772
264.113125593	0.0125175241901
262.414274326	0.0127602237121
263.846410718	0.0125478608686
263.21182395	0.0126515394673
264.514039629	0.0124669762146
262.714757361	0.012719844879
264.112352366	0.012510659121
262.398197803	0.0127613955404
264.456383112	0.0124635415508
262.800162632	0.0127059432463
265.080007672	0.0123806357876
262.721760255	0.0127256945067
265.185553582	0.0123708330088
262.590103699	0.0127327203871
265.070015939	0.01238461756
262.907106718	0.0126877758129
264.904637917	0.0124029132305
263.542361836	0.012603023637
265.171156888	0.0123636635676
263.724462803	0.0125847569912
265.325216128	0.0123372192358
263.716982236	0.0125676728016
265.615001464	0.0122933782681
264.602066325	0.0124596570901
265.49701888	0.0123201603854
263.868328651	0.0125570357063
265.811974187	0.0122826959392
264.750695579	0.0124379094491
265.510553436	0.0123122789459
263.983826714	0.0125253091207
266.120884594	0.0122225345275
264.766613957	0.0124327209739
266.107345509	0.0122439569036
265.025808555	0.0124003728286
265.635406579	0.0123020528004
264.28904637	0.0124916493808
265.831409404	0.0122651084964
264.685226767	0.0124247699947
266.274405448	0.0122037166589
265.16951001	0.0123575045811
266.580428102	0.0121576368648
265.328626917	0.0123362443224
266.592917752	0.0121512905433
265.090926386	0.0123833731281
266.711521359	0.0121380563539
265.366897591	0.0123325651105
266.172919587	0.0122111419065
265.469664819	0.0123159814842
266.214625312	0.0121992344549
265.385401659	0.0123254057692
266.843191726	0.0121223627531
265.816848513	0.0122641871834
266.504843932	0.012170204924
265.501922814	0.0123153504223
266.579648058	0.0121604264576
265.487938119	0.0123109927314
266.978154416	0.0120957479988
265.992973894	0.0122465776697
266.970222509	0.0120994767404
265.626993337	0.0122983800433
266.900273635	0.0121057391044
265.951755094	0.0122430588347
266.748369519	0.0121288444276
266.162503416	0.0122135558126
266.384704762	0.0121834724907
266.975391165	0.0120845886039
266.784631429	0.0121189333257
267.906306217	0.0119659884706
266.597491225	0.0121487444117
267.134836881	0.0120674407802
265.885867287	0.0122439622062
266.576981542	0.0121366815786
266.414599574	0.0121745714754
266.648281587	0.0121421003918
267.885734609	0.011974818981
265.836241089	0.0122583426759
267.345310902	0.0120521301347
265.273020745	0.0123444766031
266.362529085	0.0121810060537
266.21920209	0.012200544374
266.395920167	0.0121756420499
267.639119396	0.0120078154887
266.620199116	0.0121559556361
266.953226046	0.0120996868743
267.476514964	0.0120240580441
266.172881777	0.0122117440153
267.632036976	0.0120145892326
266.656806424	0.0121335270005
266.794369802	0.0121122953297
266.760687514	0.0121254330389
267.456944525	0.0120286571194
266.559009782	0.0121555616334
266.920504228	0.0121088423689
266.305246454	0.0121829461851
266.945895968	0.0121007865391
266.858255925	0.0121121159499
267.482987623	0.012036460013
267.102625237	0.0120788621465
267.433116949	0.0120346549307
266.779735179	0.0121153921609
267.015977564	0.0120857591162
266.19671032	0.0122014603211
267.363586581	0.0120478246372
266.541329904	0.0121563692093
266.954934695	0.0120985306569
266.913279305	0.0121135635835
267.626187064	0.0120103122961
266.876612626	0.0121054343824
267.56419327	0.0120135691695
267.153889883	0.0120659443023
267.419212448	0.0120310461513
267.303824101	0.0120516554887
267.492754642	0.0120317618246
266.762584537	0.0121184787937
267.45052513	0.0120346422133
267.064388105	0.0120877231286
267.754454365	0.0119897691434
267.050795982	0.0120889068834
267.735534527	0.011995540175
266.982599538	0.0120858349239
267.671015314	0.0119953784679
267.346363025	0.012037403893
267.47404005	0.012018923546
266.988894146	0.0120803654192
267.703140178	0.0119965000544
267.433519219	0.0120281187504
267.916362579	0.0119687504636
267.409224795	0.0120353846475
267.710378686	0.0119957816229
267.426776046	0.0120308731587
267.781178102	0.0119838319854
267.738203502	0.0119909206822
267.655179972	0.011994171606
267.374636041	0.0120258487492
267.783443097	0.0119698766662
267.776927288	0.0119761496999
268.027055784	0.0119407607639
267.941102676	0.0119546518896
267.907323524	0.0119613430926
268.075095282	0.011934436749
268.025663579	0.011945754059
268.107290006	0.0119325076914
268.107774764	0.0119281658473
268.064691177	0.0119383832353
268.268671573	0.0119155617542
268.131272319	0.0119247903859
268.422773047	0.0118935659678
268.417438572	0.0118972964928
268.513495782	0.0118856056931
268.399549173	0.0118989897949
268.462574073	0.0118919129986
268.589484142	0.011871236745
268.541821514	0.0118732739762
268.406593883	0.0118857678396
268.474831307	0.0118780861791
268.540338518	0.0118719471144
268.661807302	0.0118545008434
268.608440589	0.0118572774222
268.422244392	0.0118826575128
268.911794277	0.0118239786509
268.60263979	0.011861307175
268.964455714	0.0118175684896
268.888452578	0.0118319869192
269.042637474	0.0118086157303
268.830965911	0.011834475877
269.046854403	0.0118104043774
269.034991223	0.0118079625056
268.932250907	0.0118179926381
269.152395937	0.0117953420009
269.270783788	0.0117790827707
268.985230407	0.0118112814468
269.264160091	0.0117787892381
269.20680751	0.0117856399949
269.07804527	0.0118007093144
269.025765926	0.0118056194835
269.384523829	0.0117641410855
269.077513286	0.0117999847401
269.097055206	0.0117966599731
269.291749917	0.0117770555411
269.298669112	0.0117728464902
269.142703751	0.0117927175356
269.46603799	0.0117561672288
269.037117357	0.0118058926064
269.44417193	0.0117596007828
269.210450703	0.0117911808627
269.510815803	0.01175032116
269.29332922	0.0117754692549
269.362121033	0.0117664769275
269.324380512	0.0117742088731
269.509278035	0.0117489023027
269.316947929	0.0117749502711
269.549908881	0.0117455855825
269.131587011	0.0117960004065
269.529656617	0.01174855428
269.135891998	0.0117986325062
269.307336042	0.0117768661415
269.195013599	0.0117925666775
269.439988216	0.0117633927302
269.228286706	0.0117872931045
269.391696065	0.0117694059845
269.256016286	0.0117848747722
270.190909476	0.0116642327182
272.007235086	0.0114340901021
273.596322455	0.0112336784697
274.827022297	0.01108083996
276.038455154	0.0109362337952
277.1246052	0.010806046066
278.329626899	0.0106729925565
279.545423504	0.0105272982445
280.502899704	0.0104128564263
281.361605186	0.0103139217005
282.194703785	0.0102154577518
283.107937592	0.010117895806
283.781625652	0.0100429931552
284.329145989	0.00998037508444
285.000381124	0.0099065968957
285.673988033	0.00983163859219
286.332506214	0.00975326633232
286.603114508	0.0097241419202
287.083646487	0.00967397467958
287.74058234	0.00960206755402
288.495459829	0.00952276901917
288.771855306	0.00949368759832
289.194081927	0.00945095636299
289.60313731	0.00940675256442
289.796422737	0.00938196219672
289.796918303	0.00938251726839
289.887417522	0.00936898546676
289.938527309	0.00936415951152
290.250045106	0.00933279508466
290.186916854	0.00934391199088
290.52500374	0.0093095179227
290.391370063	0.009322417872
290.175410822	0.00934775888943
290.001976915	0.00936522578037
289.703597108	0.00939883219479
289.473016793	0.00942217128944
289.050529782	0.00946695938384
288.901958059	0.00948392084827
288.597451413	0.00951733676385
288.439771209	0.00953469517455
288.16049305	0.00956477775058
288.041515348	0.00957925171281
287.898194498	0.00959465306213
287.748318861	0.00960996650475
287.579536831	0.00962788384701
287.568157779	0.00962854411228
287.506185318	0.00963710155914
287.37488752	0.00965014621953
287.139853868	0.00967395824372
286.982842434	0.00969200816746
286.730135712	0.00971829341433
286.958383327	0.00969216031564
287.029090506	0.00968455170688
300.274286924	0.00834481772896