-67.822151498	0.520975935766
3.13287025239	0.234185851722
69.8535719254	0.10932595689
13.3964517513	0.208514406102
-17.6764018476	0.294678908573
-20.6008265265	0.3062782875
83.9504130101	0.0948343715978
-8.39154027364	0.256773386309
-18.9116402474	0.295142092245
47.9778185015	0.141480954898
1.05992052853	0.236739745606
-7.27991476479	0.263497660231
-35.548606761	0.357826530981
-29.9192410198	0.337858503021
12.0405796248	0.204738572028
19.2358781627	0.195238949399
16.6881799674	0.19695445962
28.9133341953	0.175217918476
34.3523763667	0.164754084414
21.5850405641	0.183964455994
-29.9028675017	0.332912129281
0.417712684413	0.241636261208
91.5178705006	0.0871198217539
40.40013819	0.146948493816
9.60626770987	0.216804414393
18.1772414903	0.196877741096
-10.2279971247	0.271607334638
12.1394896414	0.204749647986
-19.2907438437	0.294171073052
8.65567391002	0.217055879807
-9.76807911808	0.269577612343
-21.0060716799	0.307670006541
32.6216623621	0.160518628943
-40.3675420355	0.382712156465
-35.6954177847	0.357922489993
68.3281573865	0.112644993969
2.04611835844	0.229572409184
-10.805206493	0.274401980019
-36.8712543048	0.368166909973
-7.00088724228	0.26284113233
-28.7524848511	0.331999284693
-21.4020054094	0.303478825606
-2.48479396721	0.24389602966
-42.4929127302	0.387573870022
0.123889466154	0.240364321798
12.1123934382	0.205871081852
17.2411556751	0.192522308603
-28.2532204427	0.329977111038
6.71934248332	0.220830252561
-19.9892828716	0.301186372991
55.995882993	0.126401089824
82.6903907405	0.0953588426988
4.36192523057	0.229700080863
41.3419158804	0.150775248822
-18.1604253495	0.295103618822
17.6818434472	0.198220258865
24.3229102575	0.176609958053
23.2462320742	0.185761424206
-3.31965077464	0.246021350567
17.9058325396	0.193815530498
-1.63717396295	0.246121798411
-24.1762473226	0.318770231746
-24.5768409776	0.320260105529
31.8044965054	0.169631519241
40.760062794	0.147791912717
-45.3893775554	0.404392844897
39.6090961208	0.14829153538
23.3976388959	0.179733756323
48.4326162255	0.137032747161
11.2609346742	0.209334092386
29.5356328962	0.166891785545
11.5195250242	0.207748131694
38.6098389953	0.155573988594
-50.7123601971	0.428363054246
23.7950144879	0.182162225494
84.8007294777	0.0930637686069
208.981262127	0.0231834035123
-10.6271295544	0.272921775872
17.8957050084	0.193741722303
-31.3407088814	0.340366212611
-18.1725141836	0.292049580548
-2.62204493418	0.249999840485
61.9174160784	0.118250169809
25.1074376611	0.182372567796
17.3998007183	0.192758954132
56.7155572367	0.128307545243
23.8237206727	0.17765484863
-10.9560972256	0.27279701205
36.1050218002	0.154740286411
9.48762044495	0.211582361078
68.4000366934	0.11007468108
27.2478267233	0.176179624541
48.3686461047	0.137493432154
69.3380052651	0.109197822795
42.1049296197	0.148291295855
87.9552265662	0.0882355010959
61.0816602135	0.120070269065
56.2148071568	0.12587102687
78.1249108986	0.0985188255277
-6.23332956626	0.25809541697
75.2469345333	0.101820609141
46.2504453904	0.143091633827
30.4769475034	0.171166379271
41.3672634092	0.148558433771
160.178267289	0.0399569965714
35.8693390215	0.158282064901
46.4116055874	0.140810784484
37.9615842104	0.154478314773
33.6683504964	0.164126003819
59.570713852	0.12230697109
82.3235061079	0.0943140283574
108.092922429	0.0708275075487
49.4702690071	0.135506747546
158.929597263	0.0403336314916
47.2525662637	0.138807924686
47.5602630525	0.13911871206
49.975226215	0.134358649024
76.1545073143	0.10145907652
48.1120826708	0.138915628445
58.2384712569	0.123233370427
79.9106247455	0.0976269145598
50.5435024027	0.134727380624
63.7529725681	0.115683299615
24.0473961872	0.179731393348
63.2302106876	0.116469788342
69.1753138795	0.110363809442
48.0861346423	0.138732067602
116.627425354	0.0645088853714
28.2514640066	0.170822805781
70.2450515837	0.108807619604
18.9447056504	0.188571540148
39.7233520804	0.149512254868
9.93432682848	0.216699189052
36.1911004914	0.161466181509
16.907333157	0.192054359946
12.8138453825	0.204509360931
42.1906637367	0.150851948948
20.2202185003	0.19098437789
-2.06477741943	0.245645609867
11.933582388	0.209813087273
67.0670837337	0.114349931554
18.4782219755	0.193719459827
86.6346942775	0.0919969576984
38.4971746184	0.156769247001
-7.2631170281	0.260888926029
-0.141716384044	0.242164078045
117.582415582	0.0650182686726
42.2663767217	0.150367077252
48.7677034207	0.13708379424
16.198255436	0.200058904281
8.18064751357	0.216298691276
9.92686614399	0.216083964911
22.8338887912	0.182361341047
44.7704300176	0.140731491472
-4.11372199297	0.251804194478
20.28197359	0.188724914161
-7.14070917961	0.261676368528
7.9837147427	0.216964843603
20.0498227946	0.188343374595
16.8751012982	0.196900463179
91.7674707537	0.0866991916869
19.7142500542	0.190038353711
159.959537383	0.0398031653398
22.5714482701	0.182950864944
-7.3186385753	0.258658946244
33.9541394052	0.165164682843
12.3904684432	0.207005574448
14.8817490261	0.199272109704
-13.044407992	0.281350430686
31.5561741404	0.163327715752
25.8711342444	0.176520333179
12.8036751541	0.20873519744
146.48221955	0.0466644056628
96.6144228272	0.0823355041906
10.8527090048	0.213115728407
71.1515415758	0.109281163554
14.5786293796	0.204106740845
-9.28369532303	0.26965204403
60.6869032368	0.119863171216
28.2953329155	0.176434737904
30.5039946594	0.172055413042
21.7824349699	0.184730284108
30.0031748164	0.16655655894
124.54461074	0.0601263431805
29.1622986074	0.169798749721
15.0679207287	0.202805427038
-23.6052794939	0.311637593299
107.858384905	0.0726196556781
38.4989147159	0.156867637213
55.8117638658	0.129402130862
22.6953366588	0.186601871863
14.5432689213	0.204360826425
90.2440933158	0.0883832390952
18.1311000029	0.194192640291
34.1778821187	0.158425668969
41.0625327571	0.148798277782
9.46890003398	0.213417091438
7.68532719863	0.218277730897
26.6161833473	0.173393586891
15.6839832033	0.201948862439
215.608325285	0.0215003712761
-15.8413117809	0.289917525304
14.567607257	0.20387403057
45.9822784261	0.144561129175
6.47454865279	0.224728167042
36.5949768837	0.160541466562
16.636386537	0.198393970906
39.5005814836	0.155033277851
11.9967377788	0.208276971312
-11.6634506268	0.275567805744
6.68496263812	0.222878657895
7.09499257538	0.221849765918
27.7667307963	0.177066884277
13.3951881182	0.204014295211
1.4722629234	0.236875191063
45.4080682627	0.13963330341
29.9539968317	0.172354630724
95.1461617551	0.0837286886678
65.2645010424	0.113882266319
13.5669602217	0.205827327497
-2.24368230594	0.239489291142
16.3407370349	0.198472277706
183.903056901	0.0307705555971
29.1331610984	0.168236970216
4.56172868775	0.221180612298
50.6060235799	0.137172283423
56.9353449948	0.127770248387
147.371756166	0.0458442411973
18.3075265744	0.195810809269
197.658575496	0.0263885493504
8.1220805619	0.21772591332
14.9250735993	0.201816754016
50.262125212	0.134789228662
25.2873391136	0.174653308051
14.6668887518	0.201402167051
66.8043807437	0.111712172555
-10.3495719473	0.270981031961
27.2059433301	0.177648368458
139.249994507	0.0499905427769
54.4137591616	0.130999676367
30.0832256165	0.172148462442
36.3338204226	0.157215550306
27.2090834818	0.178485561075
9.49473239333	0.213678398269
0.668652715601	0.235774844806
36.3664365086	0.161137324136
100.120039369	0.0789757850539
85.9290222708	0.092753352682
104.682362078	0.0752373077561
53.0134149124	0.12936160654
0.815393803518	0.236618981445
21.1942391966	0.19088701035
54.9095644905	0.130881433692
72.9360971573	0.104573977453
34.1683516792	0.158730678388
9.42974168165	0.215029871977
6.91076947207	0.218938294974
178.010568436	0.0328890346961
13.3823306263	0.205393206705
-3.78192929394	0.250782057323
71.4583472609	0.108863755717
37.5367414511	0.157785117391
5.0395462233	0.221242221518
29.5085988884	0.167271756539
20.2538022797	0.187863337743
23.0955398026	0.187047160742
45.8800990202	0.144643177246
115.09197617	0.0650805845006
57.2612713286	0.124459302801
1.17864992577	0.235490294328
41.422479453	0.146478733271
13.4287464839	0.203906010181
97.0526461322	0.0819718220277
9.43507828607	0.209548663894
54.9781925283	0.127358682619
18.9289744452	0.192834203668
56.4154942191	0.126802285422
10.3764569363	0.213478305825
17.6004429655	0.196314927124
17.6808458662	0.19619448134
11.3608243696	0.211155459794
94.087461981	0.083086620737
18.8260072196	0.192700701684
87.7095509128	0.0885147205846
15.4093130307	0.201603529704
90.4028737712	0.0882479414887
14.7544751947	0.202613537729
68.1850565888	0.110023810721
34.2212292671	0.161318421529
14.1713959713	0.205143586079
80.6911025055	0.0982413924065
16.7703084303	0.197728573507
83.7732705186	0.0949557732668
33.6253236	0.165383573196
199.944065412	0.0256756420643
-0.364953399476	0.243621326948
116.544009224	0.0647171890538
49.5072499518	0.133875546504
4.95409967587	0.229068056985
40.728701636	0.147107538965
92.3748556023	0.085188795134
70.2069318931	0.110127660964
43.2869805038	0.148898632905
96.627503698	0.0823506280306
12.6121031893	0.203197064417
28.7407293468	0.169531070444
36.3564373738	0.160434301325
27.4807908171	0.176892974159
143.680343941	0.048009484943
16.8268847676	0.197513897254
63.1800166233	0.116282234013
21.7032794023	0.188582747309
66.1854855121	0.115318939403
14.2604769708	0.203131779793
22.6942368683	0.187384598092
0.549023281404	0.240199122242
26.2854219593	0.180297545787
20.156825498	0.192716436099
46.139478264	0.144392512762
14.2358186601	0.203257841053
28.1709417113	0.175559424021
11.1685620824	0.212417178217
17.836126361	0.195905122265
62.0985641432	0.117802948886
29.9199312041	0.172706402559
17.7173143263	0.195214660661
94.7752818406	0.0840552583687
18.418664419	0.193569876193
28.7948967953	0.174397200877
17.071620099	0.199024296176
18.5971625527	0.193273547266
94.6379848849	0.0841915862519
18.0616760719	0.194450772837
29.1088888273	0.173854412604
24.741440958	0.182408934374
14.6245128537	0.203014786132
18.408475948	0.195041919456
31.0362094544	0.170078659381
11.667103779	0.21111208333
109.497325619	0.0713264591679
56.432674135	0.125748175621
69.9234480193	0.109361676261
70.3473514333	0.107276552896
52.8322804345	0.129415338829
149.951776716	0.0450347863973
49.5535563667	0.138367130965
68.9531275811	0.108962235193
130.87391032	0.055913567268
15.6030428743	0.201269482686
3.3937122226	0.229913813111
35.9822002672	0.161051194818
119.281459495	0.0638602645182
32.5894137945	0.167291604536
149.406065518	0.0446197149456
58.9461313445	0.122290614987
78.9080162452	0.0976408692084
49.9634889301	0.133391798223
76.495090209	0.100509715218
59.5253601072	0.120456220392
22.8397687279	0.182399538949
183.284818922	0.0307717503665
72.4512353552	0.107632690894
121.229557093	0.0622678157213
86.0413683343	0.0903800831651
70.7747619161	0.10957895773
29.1788027825	0.173401248702
22.5946352576	0.186205854144
19.2650720903	0.192924659303
38.0823124773	0.157339899487
22.5092652129	0.187340628423
101.227808815	0.0782477444525
27.5285948141	0.176941537448
73.608575241	0.106320193946
159.369477234	0.0399615298733
9.5292354556	0.21334133161
35.6829814413	0.161421060043
58.0270637199	0.126107087561
65.0279333636	0.116769448443
21.5566018913	0.187141835897
24.2615863123	0.18335931392
30.0363021298	0.171899747532
60.1789564826	0.119875431008
108.440714136	0.0712478452192
180.672434526	0.031621076734
174.341254404	0.0342767511039
68.1280059544	0.11008471376
138.289784024	0.0507509130139
36.2236350378	0.155804337395
28.0909838068	0.173343720968
90.59835638	0.0860923254144
33.365192967	0.165466664145
85.1058517495	0.0915648681074
69.1081555251	0.10862153642
27.5630165785	0.172789726764
130.952100609	0.0558815521881
119.933969788	0.0617313251101
70.5946928659	0.107179724289
178.545561562	0.0323829788917
71.9592964729	0.105309917824
27.5824515503	0.171506391585
28.1682293737	0.171108490108
38.1500415664	0.15258004613
66.724017786	0.111775108571
79.9529572755	0.0968581784146
34.255153161	0.159127836752
33.3964700296	0.160891051395
21.7974529093	0.187228438017
36.5734934462	0.154889803555
38.0101430283	0.152357402552
114.095291367	0.0676915133168
75.0494689127	0.101696039943
30.5451354177	0.168551402635
101.007031442	0.0774630969914
76.9238944954	0.101128840923
70.5026120644	0.107072919956
148.853593201	0.044819233901
114.266202287	0.065745000999
107.342103887	0.0709952877805
64.2907613197	0.114859104874
20.3907961299	0.191362251943
139.030649273	0.0500431905476
77.5785465149	0.0986938865702
110.970689864	0.06823236959
184.330090032	0.0307096654678
117.483348013	0.0649497162075
33.6133354863	0.160653726715
105.120465615	0.0726079206462
149.612748409	0.0446881902735
79.6564682936	0.0994122143814
119.866801195	0.0634047827278
83.9445885515	0.0947331335758
30.3469114356	0.16761731497
130.281998273	0.0556576360204
80.4060657148	0.0986438530338
95.2688860307	0.0814937763389
63.5234926195	0.116163401546
63.7582360788	0.115042235788
74.652064201	0.102242198575
89.2999354402	0.0892951711201
53.7806735491	0.132201976682
105.358983617	0.0741843032108
64.3485016818	0.117606697021
107.835823522	0.0705163324532
79.0937407294	0.0969976375226
93.7855330544	0.0826464485095
73.0497609152	0.104789490831
62.1887152142	0.117702913809
118.544940571	0.062903573319
70.9926452728	0.106137239256
76.3877106669	0.0999505526309
176.102420622	0.033357354123
78.7859734178	0.10035988695
118.574255703	0.0632181904257
49.5009693043	0.136452880016
147.973432907	0.0460428944214
77.8186065513	0.0983784398906
149.132865216	0.0447404333553
72.1844551398	0.105061279158
56.6010426742	0.124851865672
182.216595346	0.0314509511861
73.495855288	0.104617216003
58.3554010441	0.125700003762
54.111450561	0.129362178515
75.1320127972	0.10231902679
48.6802308235	0.137489764771
154.900621301	0.041918108656
133.527133529	0.0532187622236
112.619212047	0.0687923315336
58.6732951903	0.122796154562
68.3106107056	0.10991816123
54.7499649775	0.126810114663
90.4818766159	0.0857911101434
65.4180338638	0.113292730622
104.28821935	0.0733079981821
57.9150697941	0.12339049149
87.3584422671	0.0887708721018
100.622530656	0.0786855908931
91.3063216074	0.0849633023097
124.981570687	0.0582594793753
78.6791961259	0.0973467990423
81.9011583871	0.0938898330798
199.848407814	0.0257637236201
162.689424554	0.0390751586061
119.375036521	0.0619322306462
113.874428296	0.065793363123
88.423915742	0.0879017511666
92.5974809714	0.0847101317464
94.0622687875	0.0824213348699
114.617950147	0.066777965687
82.3895581611	0.0933528848505
93.5042702026	0.0852657365856
103.2173692	0.0764487984127
111.209308967	0.0697894667912
71.7090973248	0.108460765691
110.547398752	0.0687449831747
202.956331939	0.0249046381197
63.6177557838	0.118701504516
81.123053116	0.096614984553
208.865136288	0.0232812724662
77.0939294469	0.102240235939
99.1988707537	0.0783410711055
125.968138837	0.0590047496462
93.7717770936	0.0850275753227
124.479027734	0.0601289098145
148.047175713	0.0454513333997
114.304880228	0.0674739773654
109.736219831	0.0697015588312
113.421316712	0.0681033622164
120.589717752	0.0628945393181
164.926028058	0.0376290066197
97.6531282628	0.0813779181371
111.340847596	0.0679690820525
81.9503828045	0.0969490456146
87.5006278278	0.0910804618279
99.4174682318	0.0775512676622
92.6318649408	0.0837263191759
94.7866671721	0.0840806523177
214.979135355	0.0216082452057
95.1418426877	0.0812340801505
200.519629155	0.0255374075591
85.9564109827	0.0900977902012
102.728710047	0.0769083540848
157.845767932	0.0412977346374
82.8438642822	0.0959094990396
141.52967295	0.0495474029667
151.26594146	0.0443860825135
118.191413005	0.064586332706
125.937528786	0.0591860506081
151.915170831	0.0439799215696
109.203372037	0.0715201503887
89.7813767766	0.088872623046
170.450858946	0.0354987446651
97.2756748646	0.0816993481327
143.277446479	0.0482751797669
97.4593211716	0.079164470272
173.525482919	0.0345887014955
86.6602988826	0.0894431065195
88.6503620487	0.0900204617183
65.6025109728	0.116172949003
192.142425743	0.0281393162758
187.208929562	0.0297407031523
91.5900997581	0.0866311851478
102.044931482	0.0751753937325
104.92978745	0.0743123388447
216.013941641	0.0214733190179
127.85245268	0.0573752883372
142.508500523	0.0488732316677
102.013893772	0.0754259360405
85.9215062758	0.092696631593
118.970746399	0.062650513344
107.856513748	0.0704080604779
100.396992848	0.0788550648823
163.386791267	0.0383343082721
112.428096714	0.0671876516432
108.184705667	0.0703234677251
98.2034912978	0.078684983839
127.920100974	0.0578713124318
133.573374593	0.0541488311423
157.153774376	0.0416221694322
101.45821381	0.0760488543077
111.635391669	0.0694821350327
141.021962923	0.0497986651845
171.16893596	0.0352760279713
208.114538461	0.0234939311489
169.678380649	0.035900584565
119.227191578	0.0637087125745
155.410130298	0.0421918030139
186.275462484	0.0300446102486
155.913612145	0.0421664708195
111.648930861	0.0695783866923
191.618034921	0.0281322664267
172.120106503	0.0351988609456
126.944376795	0.0574222924534
152.229906391	0.0439057427126
215.030426249	0.0216652565153
150.542742143	0.0448373770273
201.492982129	0.0252717721082
162.461217426	0.0392052722338
139.528789196	0.0500107418357
133.947275403	0.0540418170954
136.188357268	0.0523343866477
227.016834597	0.0189308077063
166.147793495	0.0375340232184
86.4697009555	0.0895760121682
179.112451685	0.0325680103622
176.656341132	0.0334148754095
138.925103257	0.0503459014815
160.480422509	0.0399318195879
138.428345144	0.0513215327323
148.926471922	0.04565897578
126.746537818	0.0586613274173
120.338709965	0.062752920253
134.209493128	0.0539122840469
159.276700101	0.0406405214853
158.193836893	0.0408469594011
197.551940278	0.0264516693518
202.567288352	0.0249851785623
115.250697463	0.065746541211
107.385728042	0.0729534603594
142.436641108	0.048492808848
112.906655046	0.0682869175769
131.979458968	0.0552662074318
183.473509668	0.0309758898975
125.796542856	0.0592180116261
151.411381901	0.0438453701739
207.384435072	0.0236555760629
137.519780355	0.0516420892837
80.2373546933	0.0987581069659
205.805945316	0.0240494420507
199.225097479	0.0259353297129
115.601904311	0.0665422760993
101.281489494	0.0781646819279
73.5699959545	0.10629228093
109.27887889	0.0714527860534
123.453721056	0.0608952680276
154.219143547	0.0429823436757
141.326225856	0.0497217363031
138.255777165	0.050730085204
193.49868317	0.0276206747791
235.735666528	0.0171815386944
91.6120764854	0.0870918620509
212.456426106	0.0223286837512
133.411488493	0.0534956584865
89.4539206541	0.0868104714981
120.945102762	0.061456455565
125.958947509	0.0578183980102
137.207938047	0.0513441771807
147.195627649	0.046064530904
130.670367956	0.0552647435024
115.175868739	0.0651343575463
77.1374168454	0.0997654496387
124.779865151	0.0585087765455
140.83258401	0.0493894929543
97.8974855991	0.0812103964833
143.581098095	0.048420560851
230.708815434	0.0181514201179
153.777483413	0.042910699352
132.785577621	0.0540647948647
115.409464801	0.0649917628869
110.07857308	0.0686697815727
135.736864341	0.0521278051068
112.43457265	0.0689257206282
130.001726028	0.0553710400395
123.614217381	0.0593551415732
123.346391685	0.0608448892722
106.078121051	0.0740495684561
196.072442671	0.0268393869698
162.889500032	0.0388663789701
108.69575679	0.0718947561046
108.451207756	0.0704723506122
130.003172973	0.0565299456323
117.182890601	0.0644064801733
104.671805266	0.0752595481358
118.407572599	0.06443392828
208.074615628	0.0234308621715
124.531839213	0.0589653926919
132.708608962	0.0548286642199
82.701229039	0.0961678624077
191.033915844	0.0284358759903
147.722425225	0.0460231875419
202.373334421	0.0250359302829
198.52461907	0.0261421219344
125.505139267	0.0594500216713
119.425846895	0.0637437401582
141.859213576	0.0493382726773
126.85201209	0.0572935271989
127.538804726	0.0573019511803
98.1889343695	0.0787416569038
121.005073191	0.0623487701209
90.7009985427	0.0859632211429
88.6876118466	0.0880425367182
111.324619241	0.0684004994486
89.3424103738	0.0872533573372
160.346251092	0.0398438667313
88.9693151204	0.0874491066354
104.394368648	0.0729658043835
124.773677253	0.0586658025909
139.778975638	0.0499348879852
167.27968514	0.037154427794
161.990677624	0.0392105476062
120.569918624	0.0617440607343
108.931245386	0.0699229047086
139.248910031	0.0502251161298
128.690106773	0.0573696955602
134.890551345	0.0528129347928
227.712863782	0.0188005279585
138.936092355	0.0503417971991
124.296367702	0.0603007128148
150.169589549	0.0448629252448
156.362328736	0.0419675741386
138.170052968	0.0511787231949
158.163293374	0.0410311437607
120.056121056	0.0618106369976
137.211419953	0.0518006623955
208.499736574	0.0233278677657
170.7196412	0.0356905653238
144.590761409	0.0473145022141
197.865144563	0.0263597717746
209.691443358	0.0230093161372
179.124171673	0.0324852501934
183.901293391	0.0308350214248
174.091388332	0.0344224963317
119.535479315	0.0618877230223
107.022344307	0.0709065468453
132.273207613	0.0544534061096
144.557556624	0.0473674283865
137.58455662	0.0516403436516
128.949106645	0.0560389913333
125.668533159	0.0583628055829
122.673313307	0.0605406217823
161.018099525	0.0397639327632
191.590009751	0.0282554239816
187.876051013	0.0294834065976
210.696279847	0.0227662364302
229.197936072	0.0184710193274
158.553525643	0.0406356560459
203.357283049	0.024727440267
212.200862801	0.0223408412986
165.593852153	0.0376828156082
193.37687312	0.0277132534463
163.537016519	0.0385352937994
188.439252987	0.0293042435708
160.077141003	0.0400123435725
225.306954275	0.0193223889042
165.719829852	0.0376127219888
227.389504421	0.0188873103318
166.525195101	0.037221571083
176.182746562	0.033544815698
163.278589944	0.0386531185618
224.232839845	0.0195380203598
162.12360619	0.0391299536371
186.943378159	0.0297845356802
147.952860527	0.0457781148174
204.976299944	0.0243506786775
170.088660487	0.0359789392383
204.244968112	0.0244956633673
147.805998055	0.045822337372
209.079982779	0.0232044723622
158.099689435	0.0409997888131
217.851838852	0.0209817044411
141.417729259	0.049071622542
224.727406051	0.0194641440099
170.725822776	0.0356998057978
211.305758506	0.0225694569279
133.453726798	0.0532201840185
223.836841595	0.0196467594834
174.927567443	0.0340140047371
224.246721817	0.0195273587159
130.004148153	0.0556565420681
200.120488923	0.0256640535481
167.255810635	0.0371575296878
200.512104146	0.0255973821658
191.726768136	0.0282293094517
210.9251796	0.0226949895087
151.808092268	0.0441516235964
226.816095183	0.0189823560709
172.171010681	0.0351549037952
140.438922955	0.04952807626
212.251330795	0.0223593768722
197.324244384	0.0264935392628
202.001700807	0.0251147947112
168.571239429	0.036548174
174.758194796	0.0341589364096
213.380580648	0.0220502763365
164.591691315	0.0383082872169
191.153929707	0.0284582095612
186.670572211	0.0299147971005
224.366960596	0.0194702948999
185.580682579	0.0302582776706
201.062223402	0.0253621052663
164.590662343	0.0383292549843
211.893142994	0.0224830950127
177.680387645	0.0330649921476
143.314265367	0.0479757014996
169.599259969	0.0361775413617
159.42748901	0.0401912060706
180.485028183	0.0320434961652
200.460287197	0.0255806023318
169.796957018	0.0359429078341
182.116297503	0.0313938559811
229.613477089	0.0183680833783
182.721767936	0.0312326199378
158.502309448	0.0406237915528
137.780517625	0.0509874566275
188.636838263	0.0292144377519
203.049092571	0.0248136373681
153.387917935	0.0434211467655
224.340953076	0.0195116136073
187.159382113	0.0297681512724
201.562362101	0.0252552625568
190.517746347	0.0286082038625
189.372878072	0.0289752046063
163.157643448	0.0387607740931
151.962102333	0.0437354629995
215.638996728	0.0215788972578
205.275116973	0.0242080575428
175.041323191	0.0340744653175
218.543592637	0.0207835162162
159.793764718	0.0403706152829
193.827410712	0.0275279977157
173.324993604	0.0347094978324
164.84764556	0.0381774040372
235.430885336	0.0172452892925
193.050570235	0.0278472119976
194.159501032	0.0274449980886
184.70618124	0.0305122561748
183.973871966	0.0308092602973
233.366897573	0.0175807520101
221.704188327	0.0201344328516
196.431494096	0.0267755881813
153.157107605	0.0431601533077
219.15176415	0.0206834567502
181.154569104	0.0318033199755
187.817128172	0.0294881560303
203.282563352	0.0247626335497
194.844006622	0.0272307475795
192.362479371	0.0280419502981
182.770401483	0.031269160301
202.493971817	0.024957531429
190.887975883	0.028457460494
180.904914007	0.0317650379876
195.757590645	0.0270039949913
191.563812641	0.028285681616
208.749934245	0.0232920376514
192.143383641	0.0280925690878
181.114312314	0.0317727458878
185.538958779	0.0302530505347
202.155869084	0.025046311678
190.981022533	0.0284700154479
211.58410439	0.0224921310488
172.981858043	0.0346270702635
206.791254924	0.0237950639597
148.123620661	0.0454306629929
187.994781529	0.0294226606664
224.914100088	0.0193514787832
168.203221508	0.0367616467173
185.04777035	0.0304005157447
174.048152165	0.0342466976566
215.294223642	0.0216259277311
149.955621163	0.044647416652
221.91501418	0.0200418280819
177.574786846	0.0329623695556
230.713657879	0.0181161296774
217.803854987	0.0210070275754
193.887101354	0.0275287730793
167.35468804	0.0368850755944
189.991103884	0.0287936095116
166.010974174	0.0373414438331
200.358104921	0.0255926890413
130.063562196	0.0553937535848
148.636593618	0.0453477142509
173.01582561	0.0348633353787
197.264534435	0.0265079810823
202.349792575	0.0250231027464
188.608727015	0.0292188758205
219.343182594	0.0206610959698
179.922031404	0.0321595073539
224.776637747	0.0194005926753
177.206872579	0.0331200922053
196.568242957	0.0267293231308
171.475928139	0.0352524606582
198.437639382	0.0261653919526
160.694217748	0.0397879021889
189.101632554	0.029078685328
154.095173874	0.0427161912792
195.66658856	0.0270375951292
154.780351555	0.0423710522771
192.131174727	0.0280902680522
160.682197779	0.0397534168479
193.764756802	0.0275558304625
193.18393841	0.0277649999978
160.848180352	0.0395485081031
166.886325413	0.0370237055277
149.092116102	0.0450647408242
162.909220223	0.0388900420373
158.966550563	0.0403302049101
165.856838878	0.03742406212
140.398587882	0.0495106753925
216.194515628	0.0214127345628
182.370328056	0.0313036374777
162.489466306	0.0388060152911
164.377379195	0.0380191467463
169.746139864	0.0358749204519
183.894772665	0.0307231606392
200.22961587	0.0256374792891
189.915204896	0.0288508391568
182.55130572	0.0312196728497
182.771251901	0.0312695435339
200.289238918	0.0256606922237
182.019720489	0.0315405760468
208.779313391	0.0232565217481
169.58554698	0.0362417440119
205.842332822	0.0240454153687
167.239013009	0.0371907901151
214.808103269	0.0217073252584
188.374191356	0.029361409511
224.307610099	0.0195495487963
164.355580205	0.0383580998934
198.931921964	0.0259911041213
205.31183395	0.0241888645442
221.3073784	0.0201897873735
187.435903516	0.0296694016207
216.532401241	0.0213433858604
189.536107571	0.0289068629413
214.049340898	0.0219105443678
203.400989553	0.0247444541748
207.318333939	0.0236486237079
230.023873072	0.0182700877888
201.130770563	0.0253631218466
222.59972566	0.019867982274
214.43959367	0.0218216443809
208.311583589	0.0233794207732
219.052694225	0.020708420832
226.99155311	0.0189150127078
215.6030634	0.0215309697645
238.462923085	0.016661451167
202.305956262	0.0250322880204
221.68344966	0.0200977779898
200.439412055	0.0255689554367
233.893933883	0.0174903277193
226.380883064	0.0190698317685
234.505417487	0.0174286448558
220.881830397	0.0202673927722
229.114751018	0.0184887460858
207.855088675	0.0234910684718
223.379162996	0.019721902468
209.066249037	0.0231684226267
227.326769259	0.0188674557662
211.819612054	0.0224570401728
232.029237691	0.0178647946831
222.968275966	0.0198102066897
220.48991832	0.0203565449846
203.463484051	0.0247168643082
225.872646082	0.0191825422243
205.555018686	0.0241412721879
207.584617811	0.0235793103955
224.092202255	0.0195647820699
220.058602412	0.0204744644359
210.365715864	0.0228182791724
217.918828626	0.0209871657627
207.004156331	0.0237104309823
209.71095101	0.0230252161847
211.165615607	0.0226204434824
206.913911413	0.0237657198431
214.710908554	0.0217366271329
223.429204294	0.0197214237433
207.125000543	0.0237535888665
231.556561325	0.0179755565794
204.987312858	0.0242769513583
207.029235494	0.0237151377614
195.590202506	0.0270523333402
211.009807189	0.022675634732
201.121511828	0.0253838847479
218.356315883	0.0208801789653
202.170360105	0.025079500698
213.637177148	0.0219839846334
222.208648688	0.0199521141074
207.08359014	0.0237373849842
214.882598364	0.0217052810923
206.747581048	0.0238110223774
208.637863153	0.0232801194379
210.439277464	0.0228413728918
216.90382978	0.0212100790867
219.546440768	0.0205639846538
196.351551245	0.0268327719358
198.875009008	0.0260803935177
225.312282221	0.0193169597158
208.91509818	0.0232178451623
204.272898315	0.0244556454634
216.182674882	0.0214313391882
216.95205284	0.0212225850291
225.53134322	0.0192700707459
227.226782893	0.0188663009829
202.610445514	0.024929884086
226.468978426	0.0190294415957
206.13337963	0.023947497205
224.090391528	0.019554167555
206.899382079	0.0237424858557
228.084000202	0.0186930586729
208.546152175	0.0233079313992
215.509620455	0.0215538871202
218.854508438	0.0207499818347
226.293189594	0.0190931696848
216.483339509	0.0213152401973
217.168667809	0.0211407558271
234.53182934	0.0174006386593
221.381539723	0.0202032784223
215.564704526	0.0215345470258
205.318230112	0.0241803929536
231.762468324	0.01795030981
201.872920732	0.0251696966981
224.328964572	0.0194963846806
209.657714421	0.0230160663641
211.882269124	0.0224515130597
208.422592244	0.0233400763521
231.924735946	0.017923175117
184.941704094	0.0303938461162
192.722333246	0.0278541344974
190.545078299	0.0285070370218
228.244523028	0.0186886961819
195.37196691	0.0270514249786
214.338813882	0.0218608939721
177.295718969	0.0330468558784
209.322804077	0.023104283925
209.729626756	0.0230483124292
229.767376852	0.0183806931566
201.247985149	0.025351461431
228.093758476	0.0187430138337
196.055934061	0.0268606613078
210.499783292	0.0228267464157
168.595141087	0.0363291439569
169.421808408	0.0359842603371
203.418532953	0.0247144883372
227.496551112	0.0187787224262
215.118601079	0.0216727666469
208.926107579	0.0232349057041
206.05265058	0.0240029424708
183.511931381	0.0309424125973
190.201944909	0.0287217738485
221.851933038	0.020056843689
211.323488009	0.0225927457689
221.871114633	0.0200931186323
199.63361626	0.0258163197943
233.676144234	0.017545004264
214.007926716	0.0219165389555
210.591058547	0.0228369397263
207.032237688	0.0237111644823
231.341501891	0.0180430593795
231.680246437	0.0179689687854
227.307819242	0.0188437461395
213.05342206	0.0221482378707
234.415760436	0.0173684292005
234.399279109	0.0174304433143
222.655310246	0.0198701236898
225.278727373	0.0192996473247
218.136509294	0.0209133066279
236.839236052	0.0169309034112
234.173404126	0.0174170883271
239.798695597	0.0164072347218
220.247769636	0.0204221456062
240.523531442	0.0162739315466
220.119662457	0.0204511509169
236.159965506	0.017063951921
234.206779872	0.0174526991726
223.722077268	0.0196455062143
231.821773165	0.0179366826696
241.764857385	0.0160543298896
228.872503744	0.018537717251
225.212452487	0.0193067917157
222.48784092	0.0199176987398
225.041846887	0.0193474896586
235.279102764	0.0172735234032
235.392121043	0.0171839706741
225.285589949	0.019305379283
234.897397363	0.0172878348096
223.620744655	0.0196684867544
232.049492535	0.0178400960281
234.024637415	0.017514351921
220.725275217	0.0203238734069
222.821153975	0.0198309753298
228.566812034	0.0185615992738
221.710645625	0.0200864376348
223.066630678	0.019797506454
229.149922723	0.0185157833178
227.973922445	0.0186759736053
229.904876386	0.0183663408458
224.199333623	0.0194964659353
228.491828309	0.018644629313
218.617440167	0.0207805001277
231.082427706	0.0181032688524
229.571736598	0.0183611822285
230.008849822	0.0183340266133
228.970653552	0.0185282237142
224.055365052	0.0195703229386
221.081273473	0.0202516865466
228.028705152	0.0187083908564
220.971822077	0.020273642749
236.197589506	0.0170777191173
230.070253824	0.0182747074111
228.26066214	0.0186728339546
231.873476365	0.0179602200029
220.869831753	0.0202845298441
234.579644208	0.0174067192696
233.563627503	0.0176045791704
240.40181407	0.0162643235381
207.890865948	0.0234929442526
205.272636678	0.0241795366867
196.756543997	0.0266396585104
202.522618013	0.0250270128627
209.16321169	0.0231811134903
212.58360452	0.0222514741465
210.004721803	0.0229614070262
232.672184228	0.0177586607446
231.128799211	0.0180613770194
235.885621336	0.0171083636965
224.76737659	0.0194176159976
235.765249539	0.0171143312943
228.378176743	0.0186734191126
234.191579128	0.0174590025325
218.670516738	0.0207961015568
218.004147777	0.0209658330132
220.180532385	0.0204474637743
238.221985948	0.0166583192987
228.712230345	0.0185861695351
232.210498494	0.0178469383192
226.093908525	0.0191012965401
225.797118462	0.0191832911069
228.540310103	0.0186083194783
235.934326104	0.0171163426619
219.894102645	0.0204858382081
239.598013633	0.0164405891634
241.715315327	0.0160613478436
232.759520226	0.0177297336413
230.386525996	0.0182127734204
228.693851995	0.0185596277309
234.395209051	0.0174130914914
243.830248153	0.0156794371413
246.95019321	0.015137525899
238.850862503	0.0165639254707
244.077782558	0.0156068895568
239.319460905	0.0164794590184
237.349664864	0.0168523833654
243.004951473	0.0158180066954
239.229383174	0.0165024960199
239.314653978	0.0164541072637
242.397610248	0.0159078266139
232.650678325	0.0177426713102
237.230542998	0.0168759995868
234.927258222	0.0173139505391
240.054106055	0.0163149355081
235.614632474	0.0171835706126
237.620446301	0.0168020396537
238.963580372	0.0165522908263
236.812181196	0.0169557064704
237.984717527	0.0166976663181
229.154309481	0.0184901455823
239.776314061	0.0164008469519
234.569187952	0.0173865656715
241.88441615	0.0160352731542
242.765381823	0.0158221282535
237.760153547	0.0167746428925
241.34753579	0.0160760846578
234.543965962	0.0173866463419
240.362388578	0.0162879118789
240.610652369	0.0161954261305
240.741666877	0.0162288460571
243.964651273	0.015650361927
241.219246856	0.0161324529292
240.154169935	0.0163264873137
248.031384987	0.0149328537292
247.338853217	0.0150384821077
248.375717211	0.0149060863872
235.745467159	0.0171500748571
242.34694315	0.0159052090346
243.234053	0.0157942800357
230.925287664	0.0180801206663
240.055068413	0.0163692268567
232.091754919	0.0178577409586
230.146054569	0.0182689464481
231.468679877	0.0179735801113
234.015204863	0.0174768911175
237.381252006	0.0168155983925
233.340901019	0.017607799646
236.175017145	0.0170426768091
240.695727099	0.0161916765662
238.980996562	0.0165127135169
236.979684342	0.0169192060511
241.237734987	0.016135254442
229.474250115	0.0184011880235
236.098885544	0.0170833565538
241.002227542	0.0161277014376
242.81575766	0.0158221720142
241.106643779	0.0161564430824
245.545367059	0.0153467958749
241.378473345	0.0161037598124
239.85839701	0.0163660385353
246.450695905	0.0152081953305
249.895794788	0.014641784158
243.183125453	0.0157560585644
247.324722889	0.0150524691977
246.125030992	0.015240082617
248.203525887	0.0149319897256
239.602645427	0.0164140443448
247.530071437	0.0149958310126
243.329512201	0.0157476389466
246.819432358	0.0151210154767
245.351099702	0.0153713415045
247.158656129	0.0150707356917
237.903097855	0.016721157754
239.555851196	0.0164340104724
240.907796292	0.0161915001848
243.698524766	0.015690587911
242.360270686	0.0159215258041
245.324635541	0.0153715165457
238.284690126	0.0166434273349
239.773908669	0.0163859803617
243.870734958	0.0156448876398
248.963423496	0.0147935294107
238.195803987	0.0166783312405
245.427910285	0.0153572597871
238.485974818	0.0166074294345
244.614884277	0.0155130183631
241.392374331	0.0160740442723
252.418420401	0.0142453328233
244.905240898	0.0154529406656
249.970426803	0.0145952518352
247.938597836	0.0149668871963
247.023843189	0.0151271230223
238.910623934	0.0165423681864
238.952127672	0.0165205656662
245.928746094	0.0152722715877
248.298688162	0.0148667764149
244.256322846	0.0155852939182
247.578284041	0.0150072449571
237.597396395	0.0167868986396
245.255206548	0.0153905401255
250.527594101	0.0145386521365
251.367964415	0.0143873005305
247.320543625	0.0150594784809
244.727685213	0.0154878395189
249.696046191	0.0146633973805
251.790245552	0.0143240073337
246.710977793	0.0151473500537
251.127489925	0.014424300131
249.721286055	0.0146569862577
251.465399604	0.0143724772451
253.436384356	0.0140456144703
252.079937916	0.0142707142703
245.749330068	0.0153150687541
249.794192886	0.0146636059431
247.180865534	0.0150652065269
252.50587754	0.0141865207818
250.38733868	0.0145381436252
252.617030313	0.0142040474625
252.353067681	0.0142455710617
252.230123745	0.0142570767531
248.608563593	0.0148267720921
253.946871986	0.0139659251246
251.072726827	0.0144167232943
254.855437395	0.0138429575728
247.59601685	0.0150035213847
254.742698945	0.0138404794
250.854806224	0.0144590386174
249.80096932	0.0146220557873
254.206395279	0.0139093894292
254.647442759	0.0138684081577
253.63709985	0.0140138100499
253.678333958	0.0140084170539
252.834269298	0.0141407613771
255.963614548	0.0136656983268
248.647067634	0.0148211991408
253.359712301	0.0140504642988
253.760563129	0.0140264200495
253.784675421	0.013988324629
254.377216228	0.0139271392011
254.124942603	0.0139711680522
252.769154827	0.0141571266168
249.796800724	0.0146270211835
258.002334285	0.0133355066315
252.820082337	0.0141584024658
256.4499384	0.0135849709055
249.349488807	0.0147133077884
257.808120736	0.0133891295218
256.734438387	0.0135685493945
255.829179302	0.0136710187247
256.560555175	0.0135621383017
258.0295473	0.0133631300149
258.677570794	0.0132559390226
251.298137434	0.0143856864919
258.873077366	0.0132252302343
257.454380251	0.0134282434817
259.257051566	0.0131642530291
257.614097294	0.0133839462789
258.245977423	0.013292692568
257.54078147	0.0133988717612
260.124779648	0.0130600900656
259.182450375	0.0131781802228
259.912677177	0.0131037475421
252.99383708	0.0141303473073
259.510320263	0.0131515636356
259.107904385	0.0131914227636
261.586337963	0.0128505306668
259.994706886	0.0130727273671
257.828392663	0.0133895098177
257.919829406	0.013377804739
262.821476249	0.0126669530598
258.305719962	0.0133073748279
261.245475378	0.0129003093113
257.459019584	0.0134521159668
257.22004671	0.0134835675689
256.652980897	0.0135833648587
261.108364955	0.0129204195257
258.242385826	0.0133435084725
262.479892173	0.0127118542585
254.80362909	0.0138479699375
258.557690496	0.0132855517534
261.441662767	0.0128691737416
264.533363041	0.0124151474873
259.222123902	0.0131867782668
258.991175056	0.0132237683762
260.297834937	0.0130299758997
264.326377813	0.0124660264843
261.79481125	0.0128332096774
261.255780123	0.0128836406961
260.098649537	0.0130694028185
258.777445471	0.0132501402508
259.674488003	0.0131241175359
244.23682171	0.015598552186
253.097839255	0.014119548694
250.820473799	0.0144777232262
247.084957674	0.0150644353199
253.414020256	0.0140654518355
243.628417927	0.015701803338
259.921000791	0.013091990526
257.80620012	0.0133970300199
260.333215531	0.0130053242072
258.886333961	0.0132319973173
252.544609899	0.0142180105869
261.13867358	0.0129191282042
248.818159286	0.0148178558195
263.764555224	0.0125218133267
259.052100356	0.0132120800058
260.036341822	0.013053006818
254.845037973	0.0138282262998
261.748298713	0.0128046195584
257.751506203	0.0134122149138
262.592089963	0.0126933114535
257.267506664	0.0134711203116
262.659833225	0.0126700298192
251.730790868	0.0143287514681
256.462360542	0.0135929457607
248.777996038	0.0148399752771
258.594093478	0.0132684901878
257.050556679	0.0135041516903
256.139278917	0.0136364727696
255.634588066	0.0137201860312
260.696807751	0.0129489046576
260.200122106	0.0130435872217
262.596816323	0.0126863483753
254.392914996	0.0139177642168
261.435871197	0.0128378973114
257.004494689	0.0135160210075
260.902543412	0.0129256345274
254.513615282	0.0138995542514
257.229658964	0.0134549648954
252.841146904	0.0141625747156
255.052729062	0.0138008924881
251.120094087	0.0144370242775
256.186517316	0.0136071089529
258.264158966	0.013335477066
256.949599325	0.0135245214915
252.28506245	0.0142802888729
257.440894473	0.0134465489455
251.783437088	0.0143598972875
255.009066952	0.0138275705461
254.554980932	0.013904284181
258.561992582	0.013256852373
258.746067027	0.0132823911213
261.024708383	0.0129045787625
260.826796298	0.0129661610069
264.053518723	0.0124907526329
258.301399792	0.013334550721
263.194978497	0.0125984527511
263.311288615	0.0126248950491
264.701703531	0.0124095682373
258.788188898	0.0132676092498
262.157097965	0.0127688078618
261.227080688	0.0129167102477
261.978374973	0.0127938530653
260.623704461	0.0129980955375
265.136589573	0.0123368417263
257.702435421	0.0134336051476
262.066966552	0.0127688049239
262.177623869	0.0127745254232
260.451522384	0.0130063424472
260.967558444	0.0129589025158
262.773395885	0.0126847590293
260.920453255	0.0129670772835
265.802144781	0.012243327638
264.583571528	0.0124305077423
262.422223342	0.0127216618703
261.520777606	0.0128846672594
263.542749514	0.0125698832822
259.64323057	0.0131570391692
266.251753846	0.0121819817409
264.501444328	0.012437438863
265.942745886	0.012240805599
263.880136987	0.012551179962
265.307492283	0.0123303391789
263.962248655	0.0125364197435
265.361075276	0.0123390987125
261.479248296	0.012875034961
263.905676988	0.0125320064085
260.875789315	0.0129907923249
265.148560622	0.0123498594413
264.362643214	0.0124934402198
267.441407094	0.0120398801872
264.093437264	0.0125067916667
265.222397208	0.0123506980086
264.111941091	0.0125037839355
264.087526628	0.0125101916221
263.911556023	0.0125310268803
264.98650351	0.0123835943719
266.38900807	0.0122007844449
264.214934162	0.0124875420912
262.601952169	0.0127272267354
267.018357105	0.012106812556
266.710311168	0.0121551091927
267.923249868	0.0119784691585
266.942764333	0.0121313004091
267.203107693	0.0120860944875
266.042351603	0.0122551181527
267.2170564	0.0120900080869
263.320472225	0.0126171774982
266.507903523	0.0121802857183
263.662457911	0.0125713608929
268.03874853	0.0119598537599
263.30204291	0.0126236937488
264.924618442	0.0123933264968
266.775228781	0.0121561635419
267.211410928	0.0120928082676
265.239097623	0.0123691759502
268.109498743	0.0119518616226
267.355113457	0.0120681143196
267.542236003	0.0120317305766
265.712265938	0.0122797769339
266.253328987	0.0122181861401
264.77266888	0.0124172806509
266.976369858	0.0121129811889
264.385087728	0.0124719024044
267.624452168	0.0120133658425
265.599125046	0.0122956817525
266.575963088	0.0121519339276
263.465696679	0.0126003837042
266.0129427	0.012246373919
265.606083538	0.0123113123536
265.779141514	0.0122809799781
263.793852916	0.012555830493
268.119160485	0.0119532767932
265.814346008	0.0122707412998
267.373852146	0.0120462285692
265.490695803	0.0123129414978
267.564983916	0.0120208601777
265.552303798	0.0123041479901
266.45278865	0.0121739379119
265.04789943	0.012381533921
267.937962831	0.0119744823008
264.856258897	0.0124032497994
265.609355566	0.0122992358504
263.234165789	0.0126390999515
266.462197209	0.0121710218832
266.061393201	0.0122532484435
266.964865526	0.0121168422668
266.247790176	0.0122264606508
266.778448032	0.0121409359768
263.818525126	0.0125578085345
266.653253434	0.0121580005188
264.688034687	0.0124290028179
265.527406559	0.0123075476542
265.296055614	0.0123566880044
266.498811979	0.012178885658
263.464786472	0.0125999180751
267.882290188	0.0119804093777
265.000611029	0.0123775126997
266.138946923	0.0122264418977
266.003688992	0.0122620622431
266.834482986	0.0121382880113
263.988585901	0.0125278444291
266.551599521	0.0121761086164
264.295830785	0.0125062869184
267.53133343	0.0120315475769
266.272172591	0.0122281215972
266.815168655	0.0121503044819
264.367361576	0.0124798058805
266.640857221	0.0121650317913
265.223057324	0.0123642631774
267.264190113	0.012066529944
263.960337705	0.0125326478443
266.122533916	0.0122260751825
263.703941494	0.0125676707227
266.349092981	0.012197520328
265.147334619	0.0123781160548
266.967650832	0.0121236048686
263.967952797	0.0125523739212
267.145650051	0.012086271902
265.688004844	0.0123023588555
266.584265408	0.0121661515032
263.680262401	0.0125723227929
267.459742828	0.0120324472344
266.107169693	0.0122469388081
266.078655678	0.0122322927732
264.591938712	0.0124458024156
266.12708332	0.0122259692551
263.404703592	0.0126091711103
267.229016685	0.0120636749742
263.419525048	0.0126066305969
265.922576906	0.0122529155839
263.938338077	0.0125275305416
265.885298933	0.0122587748569
263.471829635	0.0125979721348
265.954877408	0.0122443994044
265.35591912	0.0123435749771
266.816225745	0.0121434489171
264.680096704	0.0124422544705
266.766539394	0.012137877257
265.439006038	0.0123379477143
266.265479293	0.0122084467547
264.401543509	0.0124758097718
267.031527656	0.01209374796
263.735511678	0.012563074572
266.551038819	0.0121569686712
264.471769417	0.0124664588389
267.158191136	0.0120730163777
264.072261475	0.0125135077925
267.298880445	0.0120560451918
264.114897521	0.0125095570792
267.303697318	0.0120517702787
264.407534369	0.0124635409801
266.739906458	0.0121379440622
263.772097249	0.0125605619218
267.199390368	0.0120627380264
263.660254373	0.012573474
266.904708279	0.0121017764796
265.911434187	0.012271385165
266.605981382	0.012159790806
264.304266111	0.0124829550349
266.853519778	0.0121230902537
263.628062644	0.0125808977496
266.741469749	0.0121510363315
265.265357323	0.0123556549658
266.039827083	0.0122368050989
264.150723972	0.0125026857827
266.57932769	0.0121561054233
265.62981172	0.0123179954978
267.232175663	0.0120866209849
264.664156899	0.0124526378555
266.592708043	0.012169725308
265.560173624	0.0123203227239
267.109506806	0.0121036974969
265.417654747	0.0123533978743
266.484016878	0.0121790937644
265.735265464	0.012307927992
266.315297709	0.0122023473963
266.214396919	0.0122337464318
266.64453765	0.0121520275369
265.147575022	0.0123664143322
266.513479408	0.0121719564056
265.124496669	0.0123678039943
266.538229723	0.0121596973578
266.72769424	0.0121592004748
266.828141995	0.0121223038979
266.051173253	0.0122513374884
266.88022299	0.0121114549324
265.657113808	0.0122991531964
266.759345922	0.0121247908672
266.066279447	0.01224340088
266.924570699	0.0121180959438
266.390926463	0.0121955787515
266.885348671	0.0121236369528
265.964272719	0.012267789068
266.345504665	0.0121901792171
265.715963239	0.012283733203
266.622567487	0.012145657394
265.249452391	0.0123557833273
266.048431034	0.0122350548949
265.176955276	0.0123715338705
266.923163087	0.0121081782924
265.765828391	0.0122883475208
266.940170831	0.012103375057
266.352548758	0.0122201911134
266.954685225	0.0121147088812
266.160203992	0.0122479357299
266.339312621	0.0121874101713
265.814034175	0.0122804173792
266.790827416	0.0121288924032
265.814742911	0.0122742615591
266.631742909	0.0121578937721
266.122475562	0.0122490480432
267.085109813	0.0120977452292
266.355097264	0.0122063532896
266.730830861	0.0121303103487
266.590446538	0.0121849875327
267.443442887	0.0120525174353
266.43811185	0.0121883512034
266.534293941	0.0121609779687
266.46022145	0.0121970430691
266.960476599	0.0121177382372
266.826625661	0.0121456681365
267.030429089	0.0121017408991
266.907584348	0.0121338765164
266.848972013	0.0121269534887
266.175082802	0.0122166103766
266.483232495	0.0121707776532
267.083252204	0.0121090807509
266.429423173	0.0121850590749
267.380613173	0.0120692885971
266.810102626	0.0121356466225
267.017430088	0.012122006891
266.277369821	0.0121945902439
266.964683314	0.0121207870965
266.457139658	0.0121605070467
267.416856502	0.0120496896789
266.297385816	0.0121959441636
266.996386315	0.0121058836947
266.284290454	0.0121956885468
267.146791826	0.0120764606223
266.373296919	0.0121827118889
267.296085026	0.012067347489
266.867070522	0.0121098626033
267.048603609	0.0120884994538
266.466809835	0.0121496475947
266.747511816	0.0121307916538
265.726056788	0.0122633697413
267.085998007	0.0120887673609
266.638932603	0.0121535649011
267.329338435	0.0120611118831
266.840075831	0.0121236193861
267.531488844	0.0120281964777
267.375474942	0.0120397046978
267.28533504	0.0120628148007
267.548194052	0.0120238784752
267.134679778	0.012076161326
267.390003033	0.0120558370036
266.627334079	0.0121293356829
266.995179623	0.0120955574584
266.318879802	0.0121823812145
267.558102572	0.0120271474598
266.534695428	0.0121538307148
267.177161146	0.01207379272
266.864690635	0.0121018260216
267.339708385	0.0120564084829
267.030433865	0.0120796626051
266.924812651	0.0120867688546
266.703050434	0.0121149882925
267.344824938	0.0120391688871
267.621851744	0.012018073113
267.154860785	0.0120866391501
267.458370492	0.0120503222842
267.447063302	0.0120302297651
267.609587285	0.0120059559048
267.354992027	0.012049715963
267.491827168	0.012036953816
267.223256996	0.0120667334517
267.260732482	0.0120697442138
267.106211573	0.0121094075452
267.284818773	0.0120661327992
267.397835569	0.0120463146691
267.388940613	0.0120464818071
267.191224908	0.0120872881205
267.44658149	0.0120618606453
267.334316309	0.0120694432717
267.375939187	0.0120653952468
267.644078391	0.0120234530004
267.473028481	0.0120461899572
267.369603512	0.0120651210228
267.463483603	0.0120481766475
267.513383193	0.0120403779564
267.641518475	0.0120354775178
267.564174365	0.0120378645276
267.443249799	0.0120537541175
267.412191773	0.0120662628477
267.70580617	0.0120287737746
267.205744466	0.0121008104487
267.201523614	0.0121045941075
267.727517446	0.0120268516761
267.718151689	0.0120305429123
267.883449842	0.012005529281
267.741900851	0.0120295358767
267.88577809	0.0120012353929
267.788798777	0.0120098270028
267.97177726	0.0119854385213
267.780574393	0.012006887405
267.564541032	0.0120458393083
267.725074028	0.0120265211037
267.580789204	0.0120500710731
267.692632661	0.012023728567
267.743403108	0.0120143279511
267.580841568	0.0120444567865
267.729397702	0.0120208011719
267.686180807	0.012022218526
267.669842365	0.0120337736839
267.741956619	0.0120194880585
267.693425345	0.0120244328488
267.640327425	0.0120414954251
267.782774994	0.0120167926443
267.637821057	0.0120411050113
267.754308748	0.0120149895708
267.838885237	0.0120073783866
267.800582908	0.0120118427792
267.580412011	0.0120464907299
267.576010808	0.012050374431
267.791034475	0.0120199030904
267.729062796	0.0120288324167
267.599778154	0.0120479123927
267.900695015	0.0119977899211
267.88958312	0.0120043712938
267.921924078	0.0119958574049
267.659469135	0.012039562629
267.774240886	0.0120214883395
267.933935179	0.0119975263045
267.796879565	0.0120193825424
267.757844122	0.012024442004
267.966452489	0.0119901912819
267.879511092	0.0120076262199
268.017280568	0.0119847662621
267.802390141	0.012018326331
267.818687111	0.0120160310799
267.875783599	0.0120063317848
267.986538145	0.0119902977261
267.923426259	0.0120023314529
268.000546106	0.0119841692814
268.035374752	0.0119776960294
268.047272674	0.0119798743212
268.013766512	0.0119857212386
268.018518457	0.0119866593561
267.884671213	0.0120084854829
267.916762095	0.0120042188617
268.047088038	0.0119827981611
268.07712715	0.011977950344
268.121543307	0.0119695542416
267.927912937	0.0120025601617
267.932087828	0.0120008940722
269.603563291	0.0117747051926
271.205966901	0.0115668018622
272.715697742	0.011379159801
274.282174362	0.011188743372
275.569534755	0.0110281340738
276.612219506	0.0108974389524
277.598296199	0.01077285079
278.409865066	0.0106715343024
279.181390035	0.0105776747213
280.144120349	0.0104630413521
281.190166537	0.010339832408
281.778197009	0.0102759265601
282.74930053	0.0101648455453
283.250989715	0.0101076021311
284.014749441	0.0100191753513
284.466173329	0.00997450732063
285.133913123	0.00989778505448
285.60535227	0.00984489849266
286.310390785	0.00976636397856
286.802798911	0.00971767601899
287.19635412	0.00967631829887
287.514368858	0.0096414132731
288.129223932	0.00957406971177
288.334186943	0.00955711295658
288.686639361	0.00951351142744
288.83533001	0.00949844828025
289.239179978	0.00945584743916
289.272272108	0.00945417348539
289.403764276	0.00943711606971
289.13437568	0.00947067062907
289.065273911	0.00947408023835
288.497217842	0.00953536223635
288.213828269	0.00956053253527
287.758328553	0.00961189534411
286.962609376	0.00969693956387
286.437593788	0.00975051674528
285.501981847	0.00985585168009
284.689994184	0.00994697990925
283.875491172	0.0100368247406
282.989346907	0.0101371518305
282.147566523	0.0102323574292
281.362013146	0.0103237311429
280.529356495	0.0104234966693
279.791510878	0.0105089585215
278.972425209	0.0106076332347
278.231560804	0.010696952239
277.586781435	0.0107720366499
276.860789662	0.0108646170752
276.350190814	0.0109232920285
275.714651059	0.0110048508314
275.149677738	0.0110772831332
274.592422112	0.0111478915777
274.580897274	0.0111497792834
287.866154359	0.00961488608584