100	-0.04499	0.0	1.0	1.34847807234e-30	0.0
104	-0.03387	0.0	0.692870645514	0.30712931223	4.22564758942e-08
105	-0.03787	0.0	0.0	1.0	0.0
107	-0.03913	0.0	0.0	1.0	0.0
11	-0.09792	1.0	0.0	0.0	0.0
113	-0.04564	1.0	0.0	0.0	0.0
114	-0.007604	0.0	0.0	1.0	0.0
115	0.002538	1.0	0.0	0.0	0.0
116	0.04576	0.0	0.999995502405	4.49759506781e-06	0.0
117	0.04081	0.0	1.0	0.0	1.76120965453e-72
118	0.06925	0.0	1.0	0.0	0.0
119	0.1003	0.0	0.0	0.0	1.0
121	0.1116	0.0	0.0	0.0	1.0
125	0.1931	0.0	0.0	0.0	1.0
126	0.4866	0.0	1.0	0.0	0.0
127	0.6286	0.0	0.0	0.0	1.0
128	2.264	0.0	0.999899859958	0.0	0.000100140041989
165	-0.07528	0.0	1.0	0.0	0.0
166	-0.1026	0.0	0.995088343698	0.0	0.00491165630212
167	-0.1688	0.0	1.0	0.0	0.0
168	-0.1396	0.0	0.0	0.0	1.0
17	-0.1289	1.0	0.0	0.0	0.0
170	-0.1021	0.0	0.0	1.0	0.0
172	-0.08519	0.0	1.0	0.0	0.0
175	-0.09767	0.0	1.0	0.0	0.0
176	-0.06682	0.0	0.0	1.0	0.0
178	-0.06597	0.0	0.0	1.0	0.0
189	-0.02562	0.0	0.0	1.0	0.0
190	-0.02315	0.413156035755	0.0	0.586843964245	0.0
191	-0.02513	0.0	0.0	1.0	0.0
192	-0.02181	0.0	0.0	1.0	0.0
193	-0.02645	1.0	0.0	0.0	0.0
194	-0.009677	0.993105380909	0.0	0.0068946190914	0.0
195	-0.008502	1.0	0.0	0.0	0.0
196	0.01595	1.0	0.0	0.0	0.0
197	0.01988	0.000304955334057	0.0	0.999695044666	0.0
198	0.05284	1.0	0.0	1.28270502112e-217	0.0
199	0.07101	1.0	0.0	0.0	0.0
200	0.1028	0.0	0.0	1.0	0.0
201	0.07228	1.0	0.0	0.0	0.0
202	0.02735	0.483006441349	0.0	0.516993558651	0.0
206	-0.004221	0.763475957695	0.0	0.236524042305	0.0
207	0.00209	1.0	0.0	0.0	0.0
208	-0.01576	2.30702597607e-15	0.0	1.0	0.0
211	-0.01734	0.0	0.0	1.0	0.0
23	-0.08917	0.551721471297	0.0	0.448278528703	0.0
24	-0.07831	0.0	0.0	1.0	0.0
25	-0.08558	1.0	0.0	0.0	0.0
26	-0.08864	0.0	0.0	1.0	0.0
39	-0.07573	0.0	1.0	0.0	0.0
40	-0.05915	0.0	0.000230849345225	0.0	0.999769150655
41	-0.04221	0.0	1.0	0.0	0.0
42	-0.01462	0.0	0.994423926055	0.0	0.00557607394452
43	-0.02632	0.0	1.0	0.0	0.0
45	-0.03593	0.0	0.459067424578	0.0	0.540932575422
46	-0.04036	0.0	1.0	0.0	0.0
47	-0.02017	0.0	0.0	0.0	1.0
48	-0.02489	0.0	0.59766961157	0.0	0.40233038843
49	-0.04115	0.0	1.0	0.0	0.0
53	-0.05922	0.0	0.0	0.0	1.0
54	-0.04001	0.0	0.51096272195	0.0	0.48903727805
6	-0.06694	0.0	0.0	1.0	0.0
61	-0.06851	0.0	1.0	0.0	0.0
62	-0.04998	0.0	2.74702865973e-55	0.0	1.0
63	-0.04927	0.0	0.0	0.0	1.0
64	-0.06202	0.0	0.0	0.0	1.0
65	-0.05795	0.0	1.0	0.0	0.0
66	-0.05503	0.0	1.0	0.0	0.0
67	-0.05952	0.0	0.0	0.0	1.0
68	-0.06505	0.0	1.0	0.0	0.0
69	-0.05585	0.0	1.0	0.0	0.0
7	-0.08583	0.0	1.0	0.0	0.0
70	-0.05397	0.0	0.0	0.0	1.0
72	-0.05896	0.0	0.0	0.0	1.0
73	-0.05278	0.0	0.0	0.0	1.0
74	-0.05412	0.0	0.810300968657	0.0	0.189699031343
76	-0.05888	0.0	0.449503186643	0.0	0.550496813357
79	-0.05317	0.0	0.0	1.0	0.0
80	-0.0531	0.892331147374	0.0	0.107668852626	0.0
84	-0.1204	0.0	0.0	1.0	0.0
86	-0.1013	0.0	1.0	0.0	0.0
90	-0.0591	0.0	1.0	0.0	0.0
91	-0.0574	0.0	0.0	0.515496204029	0.484503795971
92	-0.06485	0.0	0.0165102096864	0.0	0.983489790314
94	-0.04944	0.0	1.0	3.10071005697e-21	0.0
95	-0.05035	0.0	0.999443772655	0.0	0.000556227345496
97	-0.04579	0.0	0.195113638308	0.804886361692	0.0
98	-0.04145	0.0	0.99982196869	0.000169907892463	8.12341751295e-06
99	-0.04403	0.0	6.41606147045e-19	1.0	0.0