100	-0.0445	0.0	0.995550891246	0.00444910875443	0.0
104	-0.03341	2.24265339781e-22	0.607889774137	0.379956848089	0.0121533777743
105	-0.03744	0.0	0.0	1.0	0.0
107	-0.03901	0.0	0.0	1.0	0.0
11	-0.1004	1.0	0.0	0.0	0.0
113	-0.04618	1.0	0.0	0.0	0.0
114	-0.007684	0.0	0.0	1.0	0.0
115	0.00614	1.0	0.0	5.30665303046e-34	0.0
116	0.0434	3.07788173316e-05	0.972859554385	0.0271096667976	0.0
117	0.02248	0.0	1.0	0.0	0.0
118	0.05311	0.0	1.0	0.0	0.0
119	0.08066	0.0	0.691717207377	0.0	0.308282792623
121	0.08782	0.0	0.0	0.0	1.0
125	0.1753	0.0	0.0	0.0	1.0
126	0.4907	0.0	1.0	0.0	0.0
127	0.6323	0.0	0.0	0.0	1.0
128	2.29	0.0	0.010662278035	0.0	0.989337721965
165	-0.08685	0.0	1.0	0.0	0.0
166	-0.08438	0.0	0.393688691323	0.0	0.606311308677
167	-0.1129	0.0	0.0	0.0	1.0
168	-0.1068	0.0	0.0	0.0	1.0
17	-0.1319	1.0	0.0	0.0	0.0
170	-0.08245	0.0	0.0	1.0	0.0
172	-0.07488	0.0	1.0	0.0	0.0
175	-0.0856	0.0	1.0	0.0	0.0
176	-0.06096	0.0	0.0	1.0	0.0
178	-0.06286	0.0	0.0	1.0	0.0
189	-0.0254	0.0	0.0	1.0	0.0
190	-0.02302	0.406325568342	0.0	0.593674431658	0.0
191	-0.02503	0.0	0.0	1.0	0.0
192	-0.02177	0.0	0.0	1.0	0.0
193	-0.02655	0.999972762118	0.0	2.72378815951e-05	0.0
194	-0.009825	0.967099762069	0.0	0.0329002379314	0.0
195	-0.008943	1.0	0.0	0.0	0.0
196	0.01549	1.0	0.0	0.0	0.0
197	0.01897	0.0478027358488	0.0	0.952197264151	0.0
198	0.05224	0.999356994163	0.0	0.000643005836895	0.0
199	0.06954	1.0	0.0	0.0	0.0
200	0.1031	0.000588462669392	0.0	0.999411537331	0.0
201	0.07129	1.0	0.0	0.0	0.0
202	0.02565	0.444099636875	0.0	0.555900363125	0.0
206	-0.00555	0.813051668614	0.0	0.186948331386	0.0
207	0.001055	1.0	0.0	0.0	0.0
208	-0.01715	0.0253456651499	0.0	0.97465433485	0.0
211	-0.01819	1.80126421001e-20	0.0	1.0	0.0
23	-0.09109	0.460815311995	0.0	0.539184688005	0.0
24	-0.07975	0.0	0.0	1.0	0.0
25	-0.08645	1.0	0.0	0.0	0.0
26	-0.08887	0.0	0.0	1.0	0.0
39	-0.08492	0.0	1.0	0.0	0.0
40	-0.07385	0.0	0.47154899207	0.0	0.52845100793
41	-0.04678	0.0	1.0	0.0	0.0
42	-0.01338	0.0	0.776422143561	0.0	0.223577856439
43	-0.02395	0.0	1.0	0.0	0.0
45	-0.03325	0.0	0.514798323055	0.0	0.485201676945
46	-0.03887	0.0	0.999103364004	0.0	0.000896635996128
47	-0.01649	0.0	0.0	0.0	1.0
48	-0.0219	0.0	0.475454577581	0.0	0.524545422419
49	-0.04121	0.0	1.0	0.0	0.0
53	-0.06693	0.0	0.0	0.0	1.0
54	-0.04745	0.0	0.52340373629	0.0	0.47659626371
6	-0.06731	0.0	0.0	1.0	0.0
61	-0.07383	0.0	1.0	0.0	0.0
62	-0.0548	0.0	0.0236188678873	0.0	0.976381132113
63	-0.05507	0.0	0.0	0.0	1.0
64	-0.06735	0.0	0.0	0.0	1.0
65	-0.06209	0.0	1.0	0.0	0.0
66	-0.05827	0.0	1.0	0.0	4.50663798965e-56
67	-0.06238	0.0	0.0	0.0	1.0
68	-0.06744	0.0	1.0	0.0	0.0
69	-0.05751	0.0	1.0	0.0	1.1957293075e-17
7	-0.08596	0.0	1.0	0.0	0.0
70	-0.05489	0.0	0.0	0.0	1.0
72	-0.05909	0.0	0.0	0.0	1.0
73	-0.05233	0.0	0.0	0.0	1.0
74	-0.05297	0.0	0.774195562877	0.0	0.225804437123
76	-0.05624	0.0	0.574094132334	0.0	0.425905867666
79	-0.05187	0.0	0.0	1.0	0.0
80	-0.05244	0.748937507056	0.0	0.251062492944	0.0
84	-0.1197	0.0	0.0	1.0	0.0
86	-0.1008	0.0	1.0	0.0	0.0
90	-0.05858	0.0	1.0	0.0	0.0
91	-0.05692	0.0	0.0	0.391724165685	0.608275834315
92	-0.0643	0.0	0.0375228745323	0.0	0.962477125468
94	-0.04905	0.0	0.979993300724	0.0200066992763	0.0
95	-0.04993	0.0	0.94228405868	0.0	0.0577159413201
97	-0.04537	0.0	0.302054416495	0.697945583505	0.0
98	-0.04109	0.0	0.925261597479	3.24598435311e-05	0.0747059426775
99	-0.04356	0.0	0.00181371460485	0.998186285395	0.0