-80.621045469	0.599828073599
-16.9619249097	0.290952337789
-79.8165599956	0.594086750885
-66.8861489131	0.511873739393
-30.08641961	0.334992930635
-36.0700245024	0.35927419702
-60.9179976999	0.480372369722
-20.4513480491	0.306213301073
-35.9356024174	0.362977642887
-37.3259903504	0.369847738755
-15.5701498952	0.289335299795
-39.5432344774	0.373876512482
-59.7575400931	0.467334998129
-52.4054928849	0.436434155254
-29.5436539218	0.338599211937
-23.1044728957	0.315515658927
16.3948148596	0.201792918622
-35.2628906072	0.35765336248
-43.9563243651	0.387530671731
-48.6890420425	0.416146368273
-13.7774288839	0.28296552752
9.25985082373	0.217715425489
-72.3968470417	0.547661689074
17.7696181592	0.198696863403
-21.7867318619	0.310817284108
-10.4307020805	0.260081468155
4.89984347184	0.227665744794
-13.1066621719	0.27848716884
-43.2580318723	0.387053376498
-52.0000248861	0.434960918671
-73.1559498433	0.551239271297
38.0711443603	0.157877387182
11.7208881681	0.210578154247
-23.1822348373	0.315604118042
2.06269045927	0.236656924217
-15.2091009429	0.285342685559
-26.9139506621	0.327254598227
-2.93256122697	0.251074276415
-30.5801940641	0.339985377431
-68.9569164789	0.526613848695
-42.3933278944	0.391649507275
-61.3043238439	0.483286675987
5.94980119482	0.226501691346
-23.5032333808	0.307988049828
3.15016407871	0.234797384852
-23.6061119027	0.316626560152
-51.6059749508	0.434135785692
-2.52525232778	0.250059424522
-5.49622882302	0.255186713445
14.2221859653	0.207446819683
-25.8446160203	0.325119014621
-11.439138993	0.274103359636
-35.4878707555	0.361579244126
-5.68914272364	0.246084687338
-5.11687104012	0.255429150931
-53.502985426	0.442898855414
-18.323203843	0.298370872362
9.26559264315	0.219221713689
18.4748813616	0.197950996501
44.1050649281	0.147982909813
-17.1647571819	0.292026654906
-29.104160084	0.336374771484
16.4850515174	0.201228398272
-14.6935110028	0.28117847457
-14.5082555239	0.279701322966
-59.2745901584	0.472550948108
-58.8930272243	0.468393569525
33.4560212411	0.165767969551
36.9942811958	0.160268276126
-21.1012631161	0.3083808709
-1.45002415093	0.246542385339
-13.0597637936	0.26898969436
22.1536271756	0.186546274325
-34.8987677931	0.35851662099
18.6140263055	0.197504509623
-60.5101728266	0.478392970221
52.8618107808	0.133742983532
3.36595163033	0.234189622119
-17.0833948861	0.287940683214
-32.6053161897	0.34156366965
-19.6124551526	0.302740788949
21.8339596854	0.189071161819
-1.89982107585	0.24777305212
-3.05365823506	0.251787564725
-50.3910047113	0.423062669712
3.54115337516	0.230591781831
73.1369983871	0.105666276161
-20.2063435471	0.294978690928
-9.81284152077	0.265892344573
-5.83615215607	0.248913106516
25.9444848281	0.181756996511
40.2723465703	0.152913456453
34.5144973909	0.162980949035
-45.018218543	0.396008961435
-19.6709537538	0.296520581476
-18.9760758611	0.296735756213
-11.120070526	0.274950526819
-4.07592355114	0.243011114357
-19.9795089259	0.301136667276
-30.8635661235	0.343729771813
-6.86187596601	0.258953793629
25.4534191708	0.182928396521
-3.3488659206	0.245861781036
54.6868242173	0.131076678388
1.39464682687	0.228097726199
-1.78628494407	0.247388984774
-23.1427638101	0.313602141802
8.06499861044	0.221224048821
-17.2273451563	0.283008996676
-44.6730024609	0.399915330644
-28.5464005488	0.327641644777
-8.36840835164	0.266566466448
-6.66203369123	0.256584261938
61.354258521	0.120752367311
74.1114790324	0.104517169719
-4.10221770118	0.247252940892
-9.42137513444	0.26282342976
-13.6275969377	0.281644837532
-5.68160990865	0.254112760575
-2.38119671791	0.244694532346
-4.26855431497	0.245024734787
3.74372060362	0.22214856852
17.8032213006	0.199062184185
30.7419488025	0.171967532832
16.024086102	0.203105787899
10.1004631095	0.214434889929
-14.0258500965	0.2845473541
41.9028120773	0.151593901841
83.7926726145	0.0938164078534
24.767047723	0.183776056315
-3.02920551445	0.251706749546
-13.1415379878	0.281929745922
-37.7930890443	0.372012254291
2.90710406066	0.224363072656
13.6957477171	0.20864217784
16.7424133239	0.200682791391
11.1444135624	0.214612672939
46.2420376859	0.14436397674
56.6404563211	0.12747986709
88.7236043186	0.0882745863911
23.2679972303	0.186733819206
-18.5033783819	0.29924939689
-32.5239358487	0.350571712492
-5.27968681483	0.248499922068
3.39504919962	0.227175954387
23.0015761315	0.187503681441
-30.7988566732	0.334332448021
-20.0695358448	0.304468620825
-20.3113772612	0.305771574075
91.3399089715	0.0860951566686
21.4788854359	0.187081054996
-2.60306925315	0.248892453868
-28.8625062869	0.334681504644
-26.937179927	0.327718562211
45.8118332558	0.142248267859
1.1810740231	0.239273268371
45.6219607894	0.145287910117
107.920322958	0.0713111516059
44.5904686899	0.144324723567
-25.3973839049	0.32194068931
-2.84138450838	0.248680819039
31.2635862035	0.168923074616
-7.49445789544	0.255351212389
17.8579867658	0.195024304647
4.21438949659	0.230736641332
41.0483376403	0.152958025084
57.6761853121	0.126783582653
-18.9745539591	0.299599792081
60.0666518802	0.12347271581
-5.90466691248	0.256944234305
-1.03165158479	0.237729154705
-21.2883357579	0.300489180726
1.18393131447	0.229892806819
-24.9959862975	0.320409795438
93.6201872766	0.0836711853415
-4.42171438048	0.247441579176
29.0850674798	0.171958768909
-23.964332456	0.315829543422
-22.84650769	0.303699419914
11.6216706456	0.205633436285
39.7650074928	0.15530385864
-16.6078722283	0.29030288857
21.5399339854	0.190551135049
-3.4647436909	0.24720861245
16.4969743315	0.200438775731
-1.28747511669	0.246046090901
-3.77290979649	0.244805755194
-26.1884733993	0.325172613205
14.757227329	0.203475657371
6.56395584797	0.218402614895
98.7335030946	0.0787044580672
14.3486361941	0.204430335824
41.2804148338	0.151792318641
13.2758537602	0.208891364502
0.173344193855	0.236617668976
11.7992223181	0.203860278973
29.1560882333	0.174537513294
-15.0062914898	0.283081235061
15.5550337314	0.197909072365
31.79596573	0.169687826539
16.4542687249	0.201740711611
5.82893812512	0.227652520214
85.5597502498	0.092223860752
65.0215004118	0.115150157383
11.833056079	0.203860721728
18.0967302705	0.192753530145
19.3659894302	0.192927573357
10.3487856507	0.207441194775
11.762404945	0.204254518397
-7.30109764257	0.2609463365
10.541575643	0.210072108304
6.68732923349	0.215723219854
-9.07469561716	0.261205739347
47.6966872518	0.141931592499
-8.72020693734	0.26648819035
26.0221122997	0.181016066249
105.965921157	0.0728621121861
51.4175966486	0.136045568553
14.2998951412	0.206481032168
-0.822871754883	0.24532408721
-7.89221461872	0.26554519676
-3.34139367477	0.251617072068
-8.36887193716	0.265701762167
-24.5886899847	0.314072159634
51.9792439442	0.132141210906
32.2530753471	0.167973494025
-1.64071900188	0.241795508426
0.377321067112	0.237746103343
49.8318963252	0.13695460343
9.39609716488	0.217657992043
28.9439958924	0.175204304331
-20.3559259673	0.302405892141
-9.50989913066	0.270008917965
37.9535550537	0.157147329929
-10.8560787776	0.266780026156
0.752345122871	0.233464767105
55.4318668481	0.128480381241
-12.9958580519	0.274164727996
18.4597779937	0.197077462581
86.4878309196	0.0910090407604
68.6830472368	0.110180069258
5.97877605886	0.222873622454
31.9137360125	0.166447218709
-1.92849529591	0.24580393289
0.275004552953	0.234588006629
89.1439109784	0.0888071181059
18.7380794869	0.19419539357
0.219391220555	0.232697095875
21.0643710362	0.19086472645
13.2795237385	0.201570969068
8.09452410012	0.215059768859
44.1126950108	0.146616374107
6.1214243323	0.219573301792
59.6551653599	0.121922990107
2.33101686775	0.228223881102
96.5535046506	0.0812275431757
17.5032638924	0.19468290976
4.97257729903	0.226652909142
93.2902903161	0.0836999285917
105.171954827	0.0741793183617
24.7833915926	0.183674389108
0.751555492986	0.232368560251
56.1221578089	0.128976450892
0.351150423523	0.240316297996
82.5240916444	0.094108251707
51.8754450136	0.135285853883
20.035869935	0.188993962891
14.4100217592	0.204078685239
20.6682839106	0.188349608832
1.37299353253	0.231494948961
2.48958680419	0.227281838529
45.4436267569	0.145330049937
28.1074632946	0.17619019133
47.6492262349	0.140098790607
-19.6375475865	0.301615931662
7.30382003296	0.216155977187
33.7707344616	0.165273157556
63.4159019077	0.11615789749
63.7574760224	0.118526843092
8.40048069777	0.220469454037
23.0117384703	0.181237932798
-3.63918621347	0.249460302655
29.785626361	0.173343573429
33.1449268073	0.163107068397
49.5872889412	0.138685543306
1.73511925257	0.231532727925
40.8850584501	0.152781885274
6.81605388703	0.220373718175
42.5603508346	0.147058741123
35.5790429656	0.162484384235
104.573299566	0.0743233434451
20.3352834945	0.190682530107
4.85288000666	0.228817762025
-6.05767471238	0.25284535808
2.86721949449	0.232608898977
41.7632885618	0.148495068602
71.2232228845	0.107492363526
-3.04995880301	0.244004940335
18.1912015393	0.190742082573
17.6677746337	0.199030905502
31.5788766892	0.169079769331
35.6511710841	0.162268239771
27.4203466869	0.17499223495
36.3644333875	0.158030410725
8.57375758505	0.216237520849
23.9839597007	0.180396091518
-4.82100992122	0.247521156448
22.1125404178	0.183911185952
-9.62499047938	0.265883414271
1.90765935943	0.232429194705
3.83867890575	0.229317920924
36.1095551312	0.161053777702
88.85655535	0.0895145002708
2.07640420848	0.231073631614
-5.56994591355	0.252539019418
56.0608930856	0.127036003812
50.1986829922	0.135229447528
33.0792549362	0.167132253745
-5.53079912904	0.255609190362
48.2709915235	0.140710993246
-2.79818929195	0.2440362091
73.2837215773	0.104152948381
25.2413351609	0.176724493445
-8.04170677634	0.259386771294
-1.76844612137	0.24027487459
28.3681511626	0.171343080093
24.2047427319	0.183331680124
38.5126631078	0.156410610587
13.993076716	0.199560265887
3.37565966403	0.227624171613
79.8527310899	0.0989911550459
41.0192780411	0.149817898173
36.8387759869	0.156575686795
34.1914330083	0.165012008187
23.916809741	0.184236993448
35.9162767682	0.159146880334
118.739187515	0.0635753013469
2.2960267316	0.22993581689
3.1808258525	0.226640704461
2.36503774273	0.230538633449
11.720511888	0.209770727238
31.974738399	0.166688273054
51.4076366392	0.133288375502
13.8443222971	0.205965603071
-1.27298369008	0.239360855
110.579474383	0.068855200414
32.8964890965	0.164775444686
101.579076827	0.0774155669884
6.23012240811	0.221842131494
70.2320888817	0.107952163323
99.1698276417	0.0786245096451
-2.97788057724	0.245427127826
58.1673733787	0.12327444251
36.0744481424	0.15784375604
83.3653156308	0.0930695874109
87.2023844393	0.0893519167408
73.4365512293	0.105463410078
79.3810349084	0.0997005476079
-1.42778503834	0.240964688531
112.790548254	0.0674987499932
87.3739016285	0.0891909224115
31.4071632629	0.168979039016
10.0826557403	0.215845570002
3.96832826223	0.231198606027
75.4120358019	0.103192981148
47.452306602	0.140082690501
20.8840153247	0.191668565921
110.65895332	0.0689423781866
34.3821097604	0.160605334354
120.835722157	0.061767505668
28.1532823519	0.170902463524
1.53419285709	0.230642128593
86.3895983464	0.090875253432
10.0269566132	0.211847375793
102.693203686	0.0753983520966
93.3230651668	0.0849222121486
61.6437184268	0.121224685661
65.8400676587	0.11574824714
21.9318283069	0.187554912154
89.1472354797	0.088088077405
26.1777480952	0.178042615014
32.9278438779	0.166704967216
55.674611187	0.12931950815
9.73053357292	0.213888314754
8.45243596596	0.214377380875
82.002723998	0.0961141774118
85.7565921775	0.0920863823653
124.208018782	0.0593436169589
25.1743702154	0.178010984529
11.9121147655	0.207581338899
31.2020361332	0.16552700545
130.110782054	0.0554610560367
44.6433031708	0.143662619939
52.0425418065	0.134928387575
70.5650808456	0.10993438131
61.2727742762	0.121608519294
72.8183535762	0.106464492002
23.2101281627	0.186414341645
43.5672737133	0.147391467316
86.6042075024	0.0918366574089
107.476418958	0.0719982496788
45.0101349878	0.142977380936
21.0019073018	0.189303358712
82.7049538597	0.0960717498542
26.2614430247	0.179974383883
123.012349184	0.0607314330422
99.569473342	0.0789984899968
134.323516895	0.0529720687436
53.1305455698	0.130416834787
112.756390821	0.0673142841823
79.7801150678	0.0983617411581
80.1081612393	0.0988119663292
70.6148327126	0.109840801292
120.755603453	0.0618204239331
43.4366353374	0.147709288602
44.8109567921	0.143600345854
92.6946810725	0.0842601362539
109.666318029	0.0708105882035
42.5010775607	0.150105309792
110.780051064	0.06979012327
45.578447754	0.144301410552
51.1597161252	0.133413240451
68.2998289067	0.112075311313
145.237942294	0.0469907443973
65.6960249599	0.115876557617
91.9783099342	0.0865580423058
28.8854356907	0.174341403038
40.5748565304	0.151828236656
45.9760927724	0.141649938942
55.7372558392	0.12783531739
102.213395808	0.0768673956879
57.8746858962	0.12649529101
92.5809957957	0.085911823329
44.0172105964	0.147603172446
67.0972046919	0.113782977528
118.346380183	0.0640258271644
76.4952617571	0.102924353634
61.6677902501	0.119315679071
47.0979620308	0.139824789068
85.1648516634	0.0934803055635
57.9520494661	0.125251974146
61.6750904607	0.118699372044
93.3751812176	0.0850141600766
134.941516659	0.0524427073126
64.92481337	0.11604181586
48.9091785668	0.137032179839
144.594219872	0.0470439567048
29.9526196577	0.170231790185
47.8111677731	0.138877079038
138.780603267	0.0502880114472
106.125060004	0.0730017160315
45.8403757607	0.144320927104
106.541751076	0.072785809192
68.6721509458	0.109466661583
36.9522597677	0.158983770486
65.1203220544	0.113980033515
74.8508021019	0.102865044828
124.357348744	0.0597711598641
94.245978555	0.0840285953103
45.4159533131	0.144902243145
89.3250338055	0.088593920674
72.7675151723	0.105338048759
114.408003036	0.0658728507577
61.6274067694	0.121368857976
87.2136318685	0.0910077136668
100.916693019	0.0783846154594
25.6207344339	0.180968310387
51.7805367805	0.13521606646
112.378611664	0.0681653082696
77.5887718761	0.101671068639
133.443373164	0.0533079367939
61.1828845169	0.119140797534
66.6661684688	0.114321470768
61.7255054007	0.118506247807
92.646453048	0.0839962085331
36.4501062478	0.159212444679
113.036003417	0.0682457568261
96.0679276781	0.0826490357332
76.5292075719	0.101129675626
76.1954812825	0.102598559014
61.8690706623	0.118264158303
89.1760488954	0.0878286501724
36.9092561617	0.157426111999
123.501880649	0.0602062587367
53.5949019409	0.132681228037
56.6782725463	0.125078718911
62.8266738248	0.117542137218
59.4264071848	0.12142665275
90.6227039011	0.085924622059
27.8595899527	0.173179614537
66.6722649057	0.111949208921
63.4278853824	0.117720596896
119.285493708	0.0626144983153
52.2396832277	0.133951149206
82.4742840616	0.096197166576
74.1626970044	0.105489013979
72.7278831624	0.105091481104
111.787653371	0.0688546670236
44.4937461635	0.14664073734
55.9373830609	0.12660522744
54.8187077228	0.127997198987
118.371002407	0.0631487772532
36.1267421496	0.1608346355
81.823087756	0.0956917752791
70.9853351615	0.107912518014
61.5319382263	0.119787501687
72.6113205343	0.10470717618
66.1165598581	0.112749377088
60.5557941366	0.120031843606
132.484835216	0.0543448685162
68.1155602833	0.112714941111
38.6867223376	0.1550187876
138.647467552	0.0508164909135
56.556447208	0.128116897941
63.5825141219	0.118755247319
65.1320673444	0.116245711413
82.3471949888	0.0963381645269
100.74212448	0.0784628685353
44.8048707401	0.145078905841
137.055428238	0.0519497192491
76.6434376893	0.102652909489
57.007722153	0.127109583172
80.749421529	0.0967554265201
57.3567297658	0.124933369352
71.1106013272	0.107623588466
110.995846659	0.0699076903124
58.4601185327	0.123295755465
70.4509007834	0.109871389253
69.3672111641	0.11004556267
39.7315138445	0.152471409885
73.0609475891	0.10423685584
99.2081891731	0.0778017738512
101.403763447	0.0778945957897
93.4768323738	0.0851201220226
48.0278014834	0.140067877714
77.2020852271	0.10200588024
95.8800563582	0.0828094373638
26.8402297683	0.177342306108
102.184695992	0.0769523680878
70.2515257644	0.107794646822
58.8194331477	0.122589256721
80.8176283946	0.0968348647005
61.4901495323	0.118981639667
63.0748273232	0.116692670595
58.2066405647	0.125367593319
120.955276903	0.0623829831572
126.900914502	0.0577214003291
78.4159678855	0.0984824801137
150.11886153	0.0447386860499
66.5183045329	0.114540301691
79.8653743284	0.0990218008563
32.8907193191	0.1658517057
150.424954658	0.0444284666797
97.7918173228	0.0811553478158
110.536414954	0.0702705780493
67.947415268	0.111707622172
121.356634691	0.0610025040284
153.713662939	0.0429557050041
62.9708002624	0.117737525557
43.5876648974	0.144161580864
65.4764210151	0.11361240226
69.3577858307	0.110924706685
78.4349565793	0.100735317529
88.0976422262	0.0902834126688
71.4955651192	0.108622165467
55.9909318927	0.126192678092
68.9572842303	0.111506546266
132.157293724	0.0548235793221
67.1957640054	0.111605518381
133.210509927	0.0542810335606
94.0589077076	0.0845613821745
81.3858909685	0.097213043041
42.7962547591	0.149026417499
111.157406823	0.0693933010029
116.869544571	0.0650837039278
91.2984561557	0.0856653929417
68.5525869323	0.111455322773
111.173835586	0.0692852441136
127.908574684	0.0570763288151
107.819200078	0.0712134699255
55.6981184896	0.127796267784
71.6541657081	0.105856028325
47.1821245253	0.139343123692
79.5326534367	0.0995429634066
133.53871651	0.0534813113128
87.0504175837	0.0891419585353
99.3671747295	0.0780357126716
113.887713741	0.0667576208799
106.613443233	0.0729723963547
150.89072638	0.0442325447346
83.3911525741	0.0953535731197
57.5231985203	0.126430915488
94.4728224634	0.0841755727321
89.6152777565	0.0868942528285
119.082482131	0.0635575051372
49.8622370656	0.13780936495
78.218191324	0.100746761657
38.8575767721	0.155012194456
131.156518312	0.054942595699
90.9253175802	0.085944225099
72.105367905	0.105278652375
82.8648228735	0.0940378317294
103.88552148	0.075177746757
107.554032501	0.0712600958938
110.236777751	0.0704227164579
79.0674664366	0.0979235475978
106.318252631	0.0732118005055
60.9942364974	0.120223682693
155.365676239	0.0420315077657
103.635360152	0.0751104622527
132.330188904	0.0543574510637
69.7028468686	0.108278923477
77.3599926498	0.0994728528611
75.7631581596	0.101644402632
155.322717465	0.0420341687129
114.991651535	0.0666386405739
121.942216377	0.0615549154542
105.342305576	0.0728440081448
142.004263537	0.0489486754929
119.335839079	0.0623496085633
115.763793591	0.0658504322647
66.802705697	0.111984593103
87.9980281393	0.0904891645133
93.4507844577	0.0834088233126
72.5702969425	0.105226263103
69.7033447691	0.110712658689
108.487514244	0.0718892149826
95.8176925703	0.0828140859318
150.483106758	0.0445495051084
74.1094477071	0.10307436347
108.800317866	0.0709170433708
129.870979916	0.0563739146315
129.090526045	0.0567310176054
120.333470514	0.0625046802662
138.15875837	0.050929086082
102.173993229	0.0754539042464
153.030498694	0.0432201666954
97.4528136389	0.0810916104087
68.7953535637	0.109308045324
83.3921166788	0.0933274461312
113.327681627	0.0666011040134
129.034297961	0.0564870288305
129.419020241	0.0567177076514
160.436439582	0.0398465219855
96.1441893472	0.0813351005244
144.507487192	0.0475086909706
107.687863957	0.0711730804088
99.6344325182	0.0791258602281
93.1744250228	0.0832428897917
86.3868784784	0.0901291672181
110.733451426	0.0686090671894
82.089669762	0.0944932679832
113.075679497	0.0670800713763
125.833329355	0.0582493990032
168.684037814	0.0364771748048
167.462430159	0.0369405537489
129.988004473	0.0557996394783
146.01173991	0.0468236725768
136.184160932	0.0522756905346
149.41685265	0.0451355156468
145.908738012	0.0468020333915
155.707259972	0.0420483152708
125.339247455	0.0588697823945
132.776941939	0.0541932062843
157.810088437	0.0411125849285
146.866307344	0.0463619093276
122.060117135	0.0610760406806
132.286651053	0.0544588816304
119.604681773	0.0630699916252
157.167958753	0.041476424768
121.011431228	0.0620380356332
156.966646248	0.0415669903186
138.58999267	0.0508681756232
163.594050286	0.0386260363464
129.995059909	0.0557236751043
124.262428409	0.0596796599253
144.14994202	0.0479360291311
160.048904833	0.040145217296
134.334435356	0.0533049067361
152.649626391	0.0435454101882
117.297698942	0.0645898716537
133.48558389	0.0538696976203
115.235950784	0.0661251799143
140.669484588	0.0497242544337
125.651286423	0.0588244744884
146.063813981	0.0469522401848
130.229592948	0.0559166876328
135.65830182	0.0526487049211
157.371365075	0.0413634496293
146.035171443	0.0469410490666
148.849322526	0.045459316449
152.830462171	0.0435048800389
131.248676824	0.0553315748257
161.925356936	0.0394112243463
158.730963642	0.0407648203209
154.682496235	0.0426166029688
138.574709388	0.0511102579248
154.690848763	0.0427285053759
146.725807882	0.0465951059
154.37668703	0.0428603236318
135.362403365	0.0529254684103
153.129183634	0.0434340553863
139.986079109	0.0502686531669
147.594384677	0.0462044826034
141.276173183	0.0494994876889
146.392762064	0.0467836910496
150.098997028	0.0448930034199
158.431075119	0.0409884103987
126.932884648	0.0581893578311
143.609078158	0.0482806159705
155.03833206	0.042468011693
145.399614785	0.0473403474528
144.399116596	0.0477708779947
133.403813568	0.0541421162834
135.497993266	0.0528337427183
148.127126299	0.0458662998304
143.116176378	0.0485571356552
124.613702595	0.0597344943708
161.045589957	0.039765711798
151.331882399	0.0442952073097
125.708391421	0.0589484112356
143.344396313	0.0484172087978
141.905344508	0.0492456464212
143.612922485	0.0482785532043
140.424123917	0.0500145599256
150.5885249	0.0446955373585
152.558553596	0.0436392177924
139.126219371	0.0507872831404
159.987796646	0.0402260450452
145.354425766	0.0473651887942
141.002408829	0.0497375381102
149.573051483	0.0451963165076
152.510241948	0.0436451978132
145.401099726	0.0473246968685
151.602147816	0.0441456179754
159.893750564	0.0403603633202
161.079048268	0.0398165127457
126.016218078	0.058814159837
132.126518327	0.0549653888677
152.516085653	0.0437014253285
137.779882192	0.0515905930504
149.972455157	0.0449612677922
158.794342628	0.0406997312088
142.365356837	0.0489200879744
114.815981896	0.0667863799787
160.98505319	0.0398697657784
145.978906419	0.0470461719399
146.416846917	0.046774031368
130.429522367	0.0561398966785
131.852124856	0.0550789249291
149.723136	0.0450911688675
145.874003306	0.0470246900793
157.866641974	0.0411967012421
146.633578479	0.0466455463877
161.639395421	0.0395144925494
151.018472006	0.0444094799788
150.707142015	0.0445874985981
152.334633826	0.0437809689226
160.892801246	0.0398330432819
157.945179941	0.0411439870896
134.560646376	0.0534952505182
138.265087036	0.0512589441022
125.00511097	0.0597638835623
170.31640623	0.0358482796173
141.95366626	0.0492182841274
162.279189181	0.0392343189624
110.037813975	0.070724795871
176.413532543	0.033511571381
121.539232749	0.0620683035319
173.92725814	0.0344790402373
127.371072275	0.058094447861
150.661392837	0.0446294416008
110.590927736	0.0702775036091
144.112264624	0.0479730347956
114.496326054	0.0672696044376
160.913707662	0.0397723339416
116.31877908	0.065928714966
150.268267631	0.0448233548238
118.652640636	0.0642208890154
164.497418861	0.0382497869759
112.936070886	0.0684740372405
170.982477538	0.0355541687768
121.999844299	0.0617261753488
149.708475096	0.0449456106953
126.15127318	0.0589002323011
162.043943105	0.0392146473087
138.288399043	0.0513386717433
152.753292274	0.0435454252494
131.320854634	0.055632521657
131.975495142	0.0551876009874
118.734213023	0.0640534619555
163.353219944	0.0387526068046
147.249193768	0.046376656712
140.936405324	0.0498045830967
146.98693632	0.0465980651307
126.233008174	0.058916383875
125.256860067	0.0595630132872
132.619424565	0.0548037585152
145.691246204	0.047268506178
144.698021452	0.0478129317223
144.222246791	0.0480557036298
148.517821638	0.0457173557815
143.794315283	0.0482552763074
149.193763079	0.0454191703387
126.64062774	0.0585487566242
165.123829689	0.037958665706
152.538686749	0.0437598984932
134.992596034	0.0533361992574
134.090010749	0.0538011320149
161.932131521	0.0393783724925
140.738250047	0.0499129419575
168.114903373	0.0367511777105
150.919277771	0.0445736479628
134.672527691	0.0534573524236
136.396561531	0.0524337164857
158.754555674	0.0407998907197
131.198300853	0.0556034522375
158.926152805	0.0407203871044
151.901450621	0.0440379010275
152.788572314	0.0436072314638
156.613381306	0.0417653887795
169.268916351	0.0362936196096
146.900740688	0.0466299169123
141.144348104	0.0497798674712
124.269502887	0.0602594847162
162.771962443	0.0390057758313
145.485704608	0.0473862298845
139.165908647	0.0508545314326
116.599694675	0.0657035951619
137.498228834	0.0518361380618
125.957460937	0.0591000062093
147.294503015	0.0463678554298
138.623799878	0.051199748827
147.34884159	0.0463911388734
126.973269015	0.0584433159975
153.060640643	0.0433988666858
131.232252074	0.0556776532786
165.39408698	0.0378873249176
124.337376775	0.0601209553251
181.158925322	0.0317111806586
138.661186363	0.0511991692242
138.636143582	0.051213774625
123.468645219	0.0607936432705
154.577271267	0.0427855139546
136.378125711	0.0525377174568
156.161744731	0.0420281489538
129.426425673	0.0568078366052
158.921367236	0.0407270991406
139.380758037	0.0507738197596
136.535627343	0.0524048983892
129.631415537	0.0567007313641
145.938848957	0.0471529509361
139.940115873	0.0504535550662
179.75931854	0.0322677491162
144.988411273	0.0476173592765
167.932421506	0.0368399518127
143.595832783	0.0483542965832
174.604071125	0.034187705989
150.533531401	0.0447783245082
137.955674999	0.0516059105661
124.635032216	0.0599841121615
134.938371359	0.0533717371201
128.849662622	0.0571718825876
164.224144294	0.0383723432368
145.631430011	0.0472546870967
158.759709144	0.040807917172
150.077603103	0.0450046801814
150.814135894	0.044634569464
133.41654339	0.05433360656
168.753018187	0.0365072986645
132.702491797	0.0547188036496
173.285554851	0.0347068772325
142.45706579	0.0490429350719
163.273473743	0.0387541410525
133.502097762	0.0542786640097
168.871751892	0.0364592626246
160.740392367	0.039901868576
160.082035585	0.0401862351407
125.045164365	0.0596576823031
164.863521919	0.0381052268753
131.989115074	0.0551524182255
168.386052124	0.0366507925309
136.415375593	0.0524922331482
163.747650503	0.0385836750755
129.985113634	0.056490551733
176.240481358	0.0335780114296
132.686229906	0.0547736873911
150.131221098	0.044589461799
141.041271087	0.0497742955462
159.893196551	0.040304662543
120.267684831	0.0629654276955
194.097196502	0.0274707383441
140.247925668	0.0502814921911
167.443562809	0.0369797338488
147.073368447	0.0465517770585
172.587245269	0.0349431031766
136.733875357	0.0523057041072
186.405144185	0.0299406225393
174.509546869	0.0342461763231
163.425419122	0.0387585754391
134.119231974	0.0538045719884
157.81222678	0.040981578565
135.641295302	0.052875506887
151.293779883	0.044377463603
121.451852419	0.0620905200027
157.624942177	0.0412596908104
138.471689271	0.0511868676651
140.63482699	0.0500560505099
168.605929509	0.0365819730481
158.852016729	0.0406938357337
156.791930395	0.0417061478314
164.694195413	0.0381797890261
157.773411273	0.0412348597293
189.463713023	0.0290025591215
135.440016829	0.0529452139048
162.287774802	0.0392088566158
161.949624993	0.0393692899572
155.634396345	0.0422334756045
140.217914562	0.0501568044057
136.497416095	0.0516516820515
171.733058919	0.0352797424609
147.870002989	0.0460543077989
163.438982997	0.0386992964769
160.242329839	0.0400125026064
167.832594673	0.0369005225166
165.605640579	0.0377972550037
170.555082081	0.0357833478133
181.167919898	0.0317766417957
157.325323583	0.0414540602926
160.073343435	0.0402107296548
166.307374072	0.0375471077978
177.923872342	0.0329912016562
181.45861245	0.0316972009395
152.717446329	0.0436123890172
161.467699603	0.039627666052
166.813492009	0.0370759607987
176.484773149	0.0335359092757
159.277562547	0.0405217213769
175.676664309	0.0338324019415
178.517449277	0.032742243606
171.274630569	0.0354865435747
169.390278601	0.0362471789341
179.030800049	0.0325564915655
185.057003089	0.0304634481571
166.821842171	0.0373126799848
181.139985474	0.0317015872686
178.432431599	0.0327899814377
161.540674597	0.0395384025582
167.351583344	0.0369914741645
179.65810411	0.0321998049701
147.506615331	0.0458844934482
146.819849892	0.0461880554366
155.073488779	0.0424269338607
164.953185187	0.0378733010541
162.080983467	0.0392880257362
163.835666497	0.0384557569162
160.516122213	0.0398222133752
178.164242519	0.0328248314878
180.58827352	0.0320271960197
181.661024688	0.031572649032
155.399599727	0.0420858214082
169.253632545	0.0361293172323
174.823434382	0.0340615442646
143.54152372	0.0479225827434
165.605412857	0.0377911259742
134.737330663	0.0534265152618
170.966280341	0.0356073929205
174.539113499	0.0340727614773
173.83804292	0.034384699686
163.565196753	0.038413732623
161.617197627	0.0394557250202
150.917743899	0.0441372079164
167.904546881	0.0366328872468
163.329894252	0.0384944448621
184.861279057	0.0304215577122
167.209259941	0.0369914245358
184.051715744	0.0306659809623
163.032131516	0.0387747245406
182.483449627	0.0311913844082
170.552659268	0.0356729138264
172.699692063	0.0347387814316
164.302785908	0.0380921423055
167.263683993	0.0369871979774
181.613232736	0.0315597289657
187.171332679	0.0296142072407
191.435770206	0.0282341001113
180.346173816	0.0319163951099
172.869109608	0.0348077838803
186.598421032	0.0297859114327
170.716678124	0.0356597726079
185.238780047	0.0302388680678
169.135294226	0.0362839880138
180.999363936	0.0317269687363
191.581968535	0.0281872255234
187.700599442	0.0294190256409
170.882053944	0.0354993188924
173.637015291	0.0343840094129
185.771381225	0.0301269641556
168.461829804	0.0363519457076
178.052030482	0.0327772504064
162.189418409	0.0390998101163
178.454947778	0.0327163887651
178.433095138	0.0326134645114
188.649216841	0.0292025877145
184.071127856	0.0307241725845
179.368982591	0.0323826549456
170.672852111	0.0356749613496
149.527816577	0.0448430848055
175.495954075	0.0338237182746
146.23996556	0.0465642944213
164.620811355	0.037917923861
181.535586535	0.0316230667611
174.790334747	0.0341139879
165.343310452	0.0376427440777
176.151844862	0.0336092569456
161.053637959	0.0397362717678
176.024546252	0.0335700591899
156.008342998	0.0420464337519
165.547189435	0.0377578117912
154.387218796	0.0424490300497
174.869797715	0.0339543139073
167.975678394	0.0367955543151
162.942657175	0.0387100064934
170.51516732	0.0357843194021
155.708134271	0.0421765038938
168.461028586	0.0364168921886
195.478453971	0.0270324729859
190.426292655	0.028599393622
161.358238547	0.0396119481895
172.245353038	0.0348843256375
171.724038785	0.035292362271
161.302587031	0.0396631528538
165.028991488	0.0380272178575
179.384839521	0.0322953071884
157.269101802	0.0414590905234
188.97482106	0.0290534071293
187.390835282	0.0295937634927
159.882450549	0.0402778434981
168.474586459	0.0365765696854
142.662554347	0.048870683643
170.036682288	0.0358671914306
178.250439261	0.0327934155595
181.265856089	0.0317369447032
173.732120429	0.0344512852632
167.833656448	0.0368881924924
185.463097129	0.0301437252207
181.596185364	0.0316218100363
190.72142652	0.0284401951926
178.271583973	0.0328181052042
185.210500821	0.0302695082092
173.171413086	0.0347263328387
193.558479912	0.0275623214081
183.085428749	0.0310962138334
179.354405876	0.0322894992259
186.445233838	0.0299511265501
193.039818574	0.027741021397
178.458975738	0.0327596526684
176.824324108	0.0333135112537
182.310878927	0.0313779728698
181.726889736	0.0314658155777
175.469671818	0.0338067273605
196.094974505	0.0268182049164
186.746794831	0.0297981477081
187.356663586	0.0296013788522
176.051206664	0.0335478138406
189.797357263	0.0287949125917
180.186135694	0.0321128846776
181.053800701	0.0318183412378
189.348698753	0.0289576877773
171.526220412	0.0353988338633
189.834203152	0.0287733360228
169.522927553	0.0361964434525
184.733871012	0.0304360019815
174.944743186	0.0340652858022
176.077866726	0.0335190637778
172.072140421	0.0349451670479
161.862770142	0.0394115533541
172.560201432	0.0349710439209
171.416624852	0.0353903021856
173.825246912	0.0344239708312
173.949698842	0.0342831610438
185.11430492	0.0303762786828
180.639706591	0.0319218955976
183.470044241	0.0307505602989
185.503667723	0.0302128261431
178.57558499	0.0326800738264
185.136737534	0.0303581925513
177.068215085	0.0329691783808
182.017157461	0.0313767939834
181.021368066	0.0318064756685
180.859889513	0.031794317697
187.260743259	0.0296248823837
186.185548391	0.0299707039526
175.852401201	0.0334198886086
175.338546467	0.0336991137596
180.670279228	0.0317253368361
174.949719273	0.0338733175345
179.237408338	0.0323888797922
182.233066831	0.031329526684
190.369355999	0.0286101422647
180.873152036	0.0318072231627
178.131119144	0.0326792710956
179.411891965	0.0323852050428
157.257936647	0.0414484929243
178.213275768	0.0328428493128
175.422370485	0.0338884130594
171.458321389	0.0352447952776
172.763265318	0.0347449947364
178.670788939	0.0326618213597
175.026294564	0.0339986589558
190.177646746	0.0285734456614
192.48067675	0.0278920592327
180.13285965	0.0320522064956
177.234297402	0.0331958451718
178.521867836	0.0325769827789
155.273799907	0.0419867210798
184.141388339	0.030675272829
183.350858955	0.0309553949025
150.775692466	0.0441682508466
173.896460237	0.034175828733
185.018783022	0.0304071901119
181.828171203	0.0315171723386
192.47101522	0.0279658071027
191.343659397	0.0283302848081
183.008246455	0.0310675264168
182.493361537	0.031286401428
187.183531526	0.0297124396013
184.59219769	0.0305496761567
179.743714208	0.0322671088884
176.686212619	0.0333809263574
182.905475805	0.031166914253
188.263903612	0.0293644021682
178.562978972	0.03272142181
181.738645559	0.0315721225474
189.578660422	0.0289174403873
191.025464691	0.0284685370748
189.853574081	0.0288224862084
184.009482207	0.0307331427569
190.091939282	0.028733917718
185.113478165	0.0303917851626
181.585103843	0.0316051451993
195.721118597	0.0269691057127
190.624279552	0.0285601055279
186.115476112	0.0300585681316
182.46446172	0.0312864101672
191.037107518	0.0283939611343
184.073212425	0.0306575186121
179.384127697	0.0322673751525
174.739058105	0.0339674352698
183.150986714	0.0309631156149
178.968837307	0.0324336636454
197.89905224	0.0263040166046
185.848170158	0.030098241196
187.741505045	0.0295020244979
177.987029252	0.0329015153694
184.4759553	0.0306437126201
181.374328609	0.0316910869171
191.618738076	0.0282463282679
183.017699257	0.031091586226
188.307168549	0.0293005323251
177.866889761	0.0328744449214
187.415652776	0.0295901082339
186.434710981	0.0299234699503
179.454334768	0.0323585198824
196.01544898	0.0269129105983
187.61607737	0.0295657626408
179.201084055	0.0324739893833
182.999403489	0.0311463446499
187.494136102	0.0295956986458
174.003385916	0.0344116373149
198.788864166	0.0260248404241
181.504085406	0.0315867940226
183.882781686	0.0307630460712
179.990452144	0.0321234894573
179.192530225	0.0324672578897
183.243956734	0.0310468895697
192.152057171	0.0280767441108
176.961210962	0.0331905964276
193.298308103	0.0276355374847
188.249632947	0.0293034656227
187.40884985	0.0295245038946
185.531567017	0.0302293536785
195.140611782	0.0271240909154
181.294069163	0.0316937818787
194.897651071	0.0271884864442
188.271230522	0.0293126063023
192.246042492	0.0280069052675
194.818646381	0.0272277441246
193.242075389	0.0276316823076
191.277265333	0.0283353097943
191.217718885	0.0282500498131
189.923541349	0.0288009061497
189.894997749	0.0286642037951
193.215130388	0.0277159797426
188.127204732	0.0292236974598
185.465182965	0.0302489082462
183.101826548	0.0309196696697
191.721851751	0.0282099138307
183.539934043	0.0307745265004
182.003300212	0.0314496489507
185.695617414	0.0301251090224
190.942803369	0.0284491593595
180.896852979	0.0316826064017
182.147468185	0.031366074184
191.45122492	0.0282968781071
182.32388973	0.0313504757098
187.41985251	0.0295087385474
180.508536745	0.0317929871969
189.282137736	0.0289305454028
182.523850768	0.0310441696794
184.576010957	0.0305273463084
182.170276536	0.031345046749
193.55149173	0.0276117543291
185.756046465	0.0299709084651
184.980945632	0.0303737529084
188.759374769	0.0291133298076
191.599901098	0.0282008419152
190.111279821	0.0286879059235
194.887756547	0.0272128360088
195.342610888	0.0270487675107
193.060181701	0.0277864275516
189.909562313	0.0287375109784
191.621447651	0.0282276165597
191.429505603	0.0282641367158
189.955218648	0.0287778407363
194.314082735	0.0274007967945
192.551266879	0.0279391610439
185.599922852	0.030211020764
184.394519843	0.0306276458784
181.885648791	0.0314934684618
182.98584331	0.0311134891541
181.791931755	0.0315342037049
181.030202005	0.0317656932836
185.391612181	0.0302864617741
182.681233725	0.0312103583338
190.954286679	0.0283285855473
185.236913633	0.0302359703445
184.558782866	0.0305427267513
189.696336542	0.0287385575061
187.360299661	0.0295786419895
189.552353222	0.0288995980744
184.191676136	0.0305506357102
190.421172593	0.0285756390643
193.575678023	0.0276260246992
194.2171127	0.0273298869142
195.370393408	0.0270436041428
193.877351679	0.0275056317155
193.128627004	0.0277478023992
196.339784891	0.0267093915555
196.017127274	0.0268500773559
188.10559426	0.029351615113
194.85953723	0.0271808670846
192.296841094	0.028002421618
195.10304323	0.0271083553747
191.24614884	0.0283456066883
194.211192647	0.0273722133994
190.539037886	0.0285734119219
190.45065393	0.0285511571208
190.109772397	0.0287303630851
183.88381753	0.030644511153
186.775166928	0.0297693425738
193.491961694	0.0275666853455
194.624532513	0.0272853147813
184.053717297	0.0306380601237
185.946469921	0.0300403441372
187.229661794	0.029500551507
187.971915313	0.0293832710267
186.884522939	0.0297039549766
187.388947323	0.0295358467372
186.234761232	0.0299080496294
186.539514762	0.029742322571
182.206717539	0.0313315001279
187.705435511	0.0293487425356
188.848688128	0.0291148776498
184.828221533	0.0304462693002
184.306814505	0.0305870714739
191.486519852	0.0282724482233
187.178387469	0.029676596261
176.883666722	0.0331148397265
191.860209271	0.0280188582419
193.105020649	0.0277294597249
193.881898198	0.0274707314981
186.255394279	0.0299182362825
185.292479092	0.0302718536337
188.123240347	0.0293750174315
197.387077405	0.0264422866102
193.249044699	0.0277233649381
194.722415507	0.0272597391401
193.605987722	0.0275980192932
191.262592251	0.0283364415021
189.604820489	0.0288774216464
193.726380819	0.0275627179983
195.108715376	0.0271430474948
191.527449781	0.0282585134779
191.017457435	0.0284253181234
192.113457867	0.028083001271
193.667229702	0.0276020974317
192.158980432	0.0280608942066
188.220464509	0.0293425354134
191.481786708	0.0282822491607
193.230601183	0.027733803179
191.448945583	0.0282771242502
190.097253115	0.0287024409624
192.209630491	0.028021775292
194.450218743	0.0273393205853
194.84824812	0.0272125013144
193.526114494	0.0276145143946
191.473352843	0.0282600815268
195.248942191	0.0270951454421
195.072265865	0.0271406840823
197.082294378	0.0265303242103
193.015158588	0.027761080294
196.358528815	0.0267360999241
195.368507603	0.0270585905803
195.697522604	0.0269312322046
192.888104247	0.0278203722612
189.825905778	0.0287687888597
194.223444317	0.0273970239655
195.451391112	0.0269898289808
193.211586685	0.0277118723518
192.577266946	0.0278619592828
195.170339211	0.027098760689
195.676112167	0.0269382616779
196.584231214	0.0266640450064
193.5642725	0.0275804560498
191.794830092	0.0281289748337
194.023900848	0.0274323577871
197.080316393	0.026515245284
196.495000496	0.02667873832
195.149846391	0.0270900119557
196.913561057	0.0265787767576
196.111668234	0.0268136110856
198.462997191	0.0261288696787
196.409284709	0.0267365982664
194.672509623	0.0272711951936
197.408289639	0.0264441571617
198.414562326	0.0261490989051
197.404625569	0.026461447872
197.159019012	0.026523130184
197.888271254	0.0263183472165
196.172084348	0.0268220600267
193.506530652	0.0276464443045
195.46472665	0.0270425180433
195.854773883	0.0269245026194
195.085941422	0.0271674000927
195.92416293	0.0269104844935
196.159164107	0.0268436658965
195.567683553	0.027009994602
192.330543917	0.02800759752
190.786582446	0.0285127056947
194.911534111	0.027227766408
195.881293026	0.0269221332317
193.007003474	0.0277796004547
194.909487065	0.0272152957321
195.105950067	0.0271364942501
194.831700359	0.0272285874099
194.007808794	0.0274740141914
196.092238876	0.0268571673029
192.505715385	0.0279307619487
195.986243116	0.0268717382918
194.9563135	0.02718821162
195.404634447	0.0270360404181
196.625921139	0.0266788782565
195.827313226	0.0269076811699
194.052508625	0.0274626369278
196.572398426	0.0266907112217
196.278663174	0.0268006267286
194.500482164	0.0273087369873
194.235342222	0.027399655442
195.265313873	0.0270697320031
196.182943077	0.0268150670293
196.271971816	0.0267789016344
196.42279257	0.0267305605989
193.209944317	0.0277075736383
193.041833281	0.0277664065835
196.135005371	0.0268124289889
193.969492607	0.02746373601
195.015962132	0.0271384692255
197.115664081	0.0265249348566
196.433407414	0.0267261304608
194.65035036	0.0272560378351
194.789929921	0.0272232874176
197.762266907	0.0263241593175
197.668955096	0.0263690235134
197.138281042	0.0265008964296
197.127479568	0.0265198119943
198.352231901	0.0261584460486
198.365770692	0.0261582848584
196.284810049	0.0267695718264
195.977140991	0.0268698021615
199.266363905	0.0258945792906
198.157006004	0.0262300831249
199.515727858	0.0258391164326
198.619359845	0.026102768064
199.826283795	0.0257461788264
198.131981001	0.0262425564022
197.124627078	0.0265434538622
199.265857249	0.0259314649176
197.065965604	0.0265676793605
198.801039676	0.0260522220416
199.741168375	0.0257886869811
200.093674933	0.0256870144746
198.357827893	0.0261731344493
197.318729611	0.0264887901643
199.833128647	0.0257592899947
198.145607036	0.0262435374501
200.278282262	0.0256182119983
200.237339946	0.0256451752936
200.574008277	0.0255344334821
198.976029703	0.0259964788663
198.293061664	0.0261954272589
200.718353422	0.025506231697
200.121666457	0.0256667287175
199.487985253	0.0258419889399
200.034475747	0.0256935354146
200.422674775	0.0255782581209
200.760847489	0.0254759625981
199.177771889	0.025941257359
200.754671996	0.0254803804036
201.70082079	0.0252342942206
200.442641865	0.0255727501578
201.127680405	0.0253942491692
200.86729397	0.0254562088086
201.077016452	0.0254152707474
201.739957446	0.0252303390524
200.767785738	0.0255014389356
199.312324063	0.0259387599007
197.842507817	0.0263685284846
189.583336525	0.0288989055594
200.425318775	0.025628773862
195.225523448	0.0271448293887
199.279346608	0.0259256681447
191.347661184	0.0283259276438
195.890241968	0.026935284402
197.921880588	0.0263372326455
192.993442694	0.0278181777341
192.818671519	0.0278749252509
200.369214264	0.0256101438677
192.880611818	0.0278672554152
198.699409861	0.0260938854521
197.726092788	0.0263954173206
197.102768006	0.0265810770473
195.358988417	0.027098879237
201.469740009	0.0252922894897
192.137433403	0.0280855987545
202.10875487	0.0251236788183
197.598260835	0.0264130746899
192.765558584	0.027902120413
202.576298448	0.0249833904394
201.60042615	0.0252540499384
199.090561553	0.0259714180004
198.101186599	0.026278002986
199.681269406	0.0258150918936
198.165177546	0.0262588932584
199.306761789	0.0259238594012
200.036737477	0.0257285590549
200.887923003	0.0254790658066
199.529501003	0.0258921863224
199.79211228	0.0258088964091
199.765965549	0.0257939405246
201.298595764	0.0253691939031
199.378547322	0.0259376920545
200.745946268	0.0255375104242
199.80882864	0.0258136071214
201.24346662	0.025363388118
200.547550616	0.0255767886788
202.003798817	0.0251456239797
199.810097841	0.025779333003
203.610350049	0.0247029179781
200.486063177	0.0256183232747
201.432507108	0.0253425772495
198.870390822	0.0260876237611
201.414908301	0.0253519027079
202.003432389	0.0251600550795
202.104490822	0.0251550874279
202.545266525	0.0250278949091
203.241215893	0.0248300618986
203.407637029	0.0247823000893
203.153027008	0.0248329805572
202.372716677	0.0250415551969
203.800795466	0.024673783546
203.271079693	0.024788558368
204.335094881	0.0245235312575
203.220270505	0.0248358850012
203.823910411	0.0246356565184
204.150409093	0.024573948972
204.723718848	0.0244026584493
204.804574422	0.0243857673625
204.804162928	0.0243714677748
203.996205039	0.0245875371732
205.281824767	0.0242640888439
205.699895513	0.0241412155488
204.93905666	0.0243240424412
204.086822793	0.0245535412673
206.184731632	0.0240172572213
206.566401604	0.0238933625335
205.815168409	0.0240791767991
206.640944469	0.0238678494423
207.375296091	0.0236673591657
207.254183805	0.0237156175938
206.766125572	0.0238515495939
206.254008279	0.0239595862943
205.862385787	0.0240609620177
206.045492029	0.0240452961454
205.774751428	0.0240926681072
205.681991203	0.024145155961
206.329769357	0.0239534684946
204.684168101	0.0243873590936
204.165753706	0.0245255876311
204.969292383	0.0243100858842
206.305114635	0.0239497760874
206.766110419	0.0238465692337
206.923572299	0.0238019782296
206.475931234	0.0239200447075
207.952077974	0.0235264400608
207.258733817	0.023688799544
207.406548066	0.0236407979068
207.524403046	0.0236094375308
209.135903597	0.0232103815648
209.090750359	0.0232161342702
209.984955645	0.0229859234268
209.068223061	0.0232247278566
209.852009118	0.0230201212879
209.315818958	0.0231575854674
210.242059109	0.0228991092569
210.77401091	0.0227789092649
210.456805321	0.0228578431777
210.537630698	0.0228231367792
212.333886108	0.0223812034594
211.552857576	0.0225772443281
212.420485086	0.0223568777751
211.864952177	0.0224958673513
212.737790059	0.0222625724953
213.256999968	0.0221474915991
213.695909776	0.0220354390183
213.050982737	0.0221792971956
214.543212256	0.0218276242214
213.754724926	0.0220184944611
213.794876172	0.0220076995708
213.418348081	0.0221029220963
214.167073662	0.0219042785839
215.260776127	0.0216507494089
214.833640288	0.0217443279846
215.998691293	0.0214709699715
215.400949804	0.0216023437136
216.407874873	0.0213712342007
216.508713806	0.0213408666027
216.990910674	0.0212326514089
217.438336711	0.0211233350764
217.637324242	0.0210792583486
217.975223697	0.0209800045256
218.133716188	0.020947287224
218.56882416	0.0208587616993
218.987487425	0.0207563252867
219.119560114	0.0207182006947
218.427728012	0.0208602441576
217.837864053	0.0210003292919
217.886221042	0.020991841063
217.848042169	0.0210000960859
217.815573208	0.0210087049497
218.759701458	0.0208094851046
218.400408174	0.0209040534419
218.668747158	0.020839848423
219.625689349	0.0206178425809
219.938893368	0.0205204298165
219.326297298	0.0206563794611
219.851000133	0.020548120679
220.968903961	0.0202879796288
218.782033842	0.0208103562491
220.914088239	0.0203220534888
219.935818292	0.0205181257406
221.474112345	0.0201811126927
220.102284397	0.0205071881731
221.822918048	0.0200919774429
220.822283167	0.0203286625556
222.356276753	0.0199961343245
220.982027707	0.0202850027513
221.912612431	0.0200886913397
221.185599811	0.0202435087039
221.797501623	0.0200874971425
221.871930867	0.0200940759801
222.894599056	0.0198758785131
221.341289799	0.0202251550635
223.415676271	0.0197522073996
222.185209304	0.0200139369859
223.412158041	0.0197446344217
222.993024992	0.0198456570625
223.290656756	0.0197572942023
222.935680816	0.0198495784355
223.5365336	0.0197300983558
223.298909738	0.0197903138247
223.978173309	0.0196234905595
223.65288968	0.0197008256304
224.092787792	0.0196102706264
223.882735881	0.0196605628053
224.223907737	0.0195775963462
223.746421533	0.019686002432
224.287496777	0.0195642195143
223.294896463	0.0197837048017
223.668055585	0.0197059317965
222.987865431	0.0198561819447
223.642073272	0.0197105378584
222.60877898	0.0199465995422
223.985556795	0.0196365847363
223.925798764	0.0196397616668
224.341003981	0.0195521330603
224.360932893	0.0195533021797
224.824169492	0.0194329561464
224.326757484	0.0195611287106
224.925904634	0.0194261992104
224.046938793	0.0196212988324
224.151752814	0.0195976534915
224.880388047	0.019427924416
224.910043255	0.0194255818134
224.926939864	0.0194104846184
224.467349491	0.0195021679134
224.832036048	0.0194283849696
224.777338685	0.0194373497353
225.166024176	0.0193618995547
224.880529888	0.0194174820608
225.109807541	0.0193694764327
225.056039317	0.0193915569541
225.586613679	0.0192815224903
225.172234689	0.019361010969
225.451045766	0.0193046044527
225.391140493	0.0193247473087
226.098107387	0.0191786811713
225.834453471	0.0192112432438
226.10028904	0.0191534181793
227.015230191	0.0189678822163
227.351738168	0.0189088996941
228.091955619	0.0187493339272
228.222295819	0.0187245676045
228.937524058	0.0185514779208
228.643711655	0.0186094472292
230.302381263	0.0182679963871
229.863609866	0.0183728188182
231.343724596	0.0180677228197
231.138162416	0.0181071847558
232.292783676	0.0178631596271
231.577518104	0.0179902731435
232.993196793	0.017715606911
232.547214892	0.0177970844537
233.373896965	0.0176477674667
233.526218136	0.0176283414879
233.491956887	0.0176293518384
233.279237407	0.0176721924523
233.969277607	0.0175366557799
233.626957081	0.0175931238049
234.029522421	0.017520773846
233.938270846	0.0175423897156
234.085551534	0.0175009788053
234.088933828	0.0175008351299
233.972171562	0.0175085784117
234.029520203	0.0174924504625
233.726932408	0.0175542449041
234.447344317	0.0174095085118
234.165714712	0.0174738175606
234.530915184	0.0174010706047
234.014397787	0.0174997344713
234.626300964	0.0173792271224
234.142525889	0.0174881658532
234.760927552	0.0173727855689
234.14024733	0.0175055067619
234.79113344	0.0173751810579
233.956501022	0.0175405549918
234.817193585	0.0173712449755
233.888423026	0.0175537209962
234.756037634	0.0173830578111
233.652563031	0.0175966456128
234.518856611	0.0174279171064
233.587004752	0.0176051177327
234.807317277	0.0173689319695
233.629973768	0.0176070909276
234.742213527	0.0173830388749
233.697771666	0.0175875342148
234.907532782	0.017346658685
233.522145685	0.0176122375966
234.79080118	0.0173456432726
233.782564213	0.0175500993798
234.960936907	0.0173379750545
233.69774963	0.0175865930549
234.645968913	0.017405755407
233.66239498	0.0175914174654
234.711590071	0.0173920936033
233.731375046	0.0175859161422
234.499692777	0.0174336540613
233.7917148	0.0175737655821
234.376590292	0.0174566171372
233.746884985	0.017582470808
234.42984602	0.0174489326663
233.572900405	0.0176167817301
234.386433651	0.0174549757988
233.637748484	0.0176049953664
234.341707842	0.0174641827137
233.516090319	0.01762384722
234.550241907	0.0174112229553
233.603305444	0.0176065848625
234.505901882	0.0174309570371
233.661656368	0.0175976044817
234.561527684	0.0174213954041
233.372675983	0.0176482094005
234.359016178	0.0174543433742
233.452864659	0.0176321159913
234.299172058	0.0174393828284
233.401943549	0.0176196871513
234.236860343	0.0174552484148
233.398335348	0.0176223434165
234.189598411	0.017455361932
233.383957189	0.0176203525088
234.169582889	0.0174670974414
233.694832844	0.017579900184
234.161500396	0.017490493507
233.834299274	0.0175531231624
234.208101627	0.0174848337148
233.784827823	0.0175663653681
233.908587588	0.0175418505016
233.879675364	0.0175500271426
233.833910477	0.0175592998257
233.669349099	0.0176021828162
233.851672073	0.0175560910322
233.459167364	0.0176350553286
234.659520324	0.0173834865169
239.214391139	0.0165318997997
242.854593827	0.0158890072041
245.587792944	0.015412862955
248.08565493	0.0149915277762
250.216219627	0.0146468535949
252.2037668	0.0143271107952
253.905071624	0.0140616084149
255.273952966	0.0138576992516
256.232540985	0.0137153157941
257.298663561	0.0135544008326
258.088134423	0.013436068909
258.887205647	0.0133153134919
259.561847676	0.0132136904898
260.490270168	0.0130723629773
260.987964639	0.0129982961599
261.413046039	0.0129354388769
261.754464144	0.012889430024
262.068582096	0.0128394267525
262.259958106	0.0128151384958
262.376650674	0.0127950746553
262.253604559	0.0128185241272
262.487601113	0.0127811230145
262.245678973	0.0128213299853
262.296582257	0.012813499621
262.089001436	0.0128412499044
261.850468151	0.0128767701202
261.472686545	0.0129293585698
261.238838679	0.0129625190895
260.852212313	0.0130193090537
260.474593625	0.0130666000908
260.240848615	0.0130943925522
259.996322094	0.0131214314538
260.127513977	0.0130989323241
259.916692261	0.013131088662
259.980582678	0.0131100496511
259.790404197	0.0131364508908
259.694188048	0.0131445802434
259.730932508	0.0131396251641
259.681545074	0.0131442422782
259.664381661	0.0131482186841
259.529332826	0.0131685498188
259.548112114	0.0131675194079
259.381293802	0.0131914071889
259.213405679	0.0132155103804
258.966659959	0.0132507359015
258.693306614	0.0132880573841
258.769531585	0.0132715622492
259.066181748	0.0132229202729
258.918267578	0.0132469783174
258.560214336	0.0132986400282
257.982666687	0.0133868424675
258.099245662	0.0133706639424
259.418014364	0.0131946599597