-68.1697515681	0.52301498511
3.19659037259	0.233828904653
49.1410520192	0.137191755346
7.99724591295	0.218407847281
-43.2645534569	0.392360920539
-20.6183263813	0.302603406776
30.7333894109	0.171335351563
-33.137526391	0.345449697254
25.1461745475	0.17996140484
-72.8335554012	0.550650764911
29.5040328538	0.16769227981
39.7341886547	0.148927521996
27.8349728379	0.172778485262
-7.32969756348	0.257306755824
-30.5887112515	0.342667987989
-46.7196258547	0.411308108509
16.6502943072	0.19217421767
5.97439650662	0.217257884969
-10.0942717316	0.264814814827
7.08110166529	0.216053095059
26.8403049039	0.172534501293
1.46100961951	0.228627836899
-8.29033905444	0.257579941061
39.5976808415	0.150605728096
-17.25162213	0.294363988546
-41.8023528303	0.387426159415
-20.1935454035	0.296700134625
25.3589377538	0.179127044294
2.34070469928	0.229493246876
31.8928812647	0.169172112113
28.2979890568	0.176267904623
7.68036622423	0.217800391115
-22.3310550828	0.311483310192
-25.7771453014	0.318732319857
27.3514926964	0.172596519982
21.3572297723	0.183734550876
20.2129417345	0.186093400956
23.9594151551	0.178344020885
32.4992159843	0.161124234514
-0.483201341684	0.238444637288
4.37526178385	0.223540281225
32.6515732568	0.160421656352
34.3008160954	0.157321194147
26.8450455153	0.178735194488
27.3347280301	0.172029004461
32.9169393905	0.160179800668
-47.4276717326	0.412303481666
11.5599098997	0.209295739515
-52.1264832526	0.43637307387
-58.3715165198	0.466278243872
-33.9168022127	0.354291610442
80.4440788902	0.0966327548678
6.30714554719	0.225190394322
-3.37075412364	0.244293412203
9.88406847024	0.214621081737
35.974436252	0.161393761842
77.72524413	0.0995572937937
55.0306983817	0.130722302216
-55.6153930702	0.454528355302
11.5925384317	0.212321650194
-36.9537141593	0.368328270267
-8.49139823083	0.266191018879
-34.8245149783	0.358126607373
40.1347364486	0.147439384887
84.9294205739	0.0937010830633
4.32214079578	0.231145110607
-10.4101544465	0.272991387149
28.9646246664	0.168935452728
39.7915375994	0.148220779971
2.89832116711	0.232606565754
-16.0592587816	0.286570714086
15.1311116687	0.20225571473
8.77168594682	0.219182314711
182.67176971	0.0307748739272
3.88702628978	0.229634711715
38.8001405358	0.156404050526
9.49845078764	0.217587038917
-13.400056524	0.282391555057
52.7372279979	0.134127337358
35.4827622005	0.155589196425
17.3322617917	0.192486945157
11.8239222282	0.205187513922
7.31951146694	0.217645991014
49.2453276384	0.13722056151
-14.1883918484	0.277799533759
-15.2105350708	0.28146398069
-5.93957203423	0.25711980944
-7.56905340241	0.264559238839
15.2869789901	0.201676558278
21.5676605683	0.189942597887
103.890758591	0.0758831301474
8.9546752655	0.212649003608
51.0167210766	0.135820235839
51.1936307041	0.133358942305
-14.7491589028	0.286707340469
15.3680636369	0.202883067642
44.1720564502	0.142562854996
79.6622478924	0.0993466529843
27.3324315736	0.177472833809
18.0171327703	0.195123951982
26.0326260682	0.17497888201
76.413195196	0.100985285571
30.9696174053	0.164561853723
-10.7662450764	0.265829014423
-30.048436317	0.336049525789
-39.2270621996	0.374947682318
9.77862743501	0.216933376888
109.669043021	0.0695853391759
88.8306476897	0.0877647207151
22.3826668164	0.185684970734
-3.49918416497	0.252253793593
29.9824955795	0.16575194638
21.7636347782	0.189416249984
-18.1553550274	0.291090379742
55.875885076	0.129580687439
-28.0393297236	0.325576458215
-6.5564983066	0.261580922482
8.28511849658	0.220997215553
21.6873901684	0.18203497186
1.65392913832	0.232502933216
162.948496186	0.0383886956188
64.2031358407	0.117962959971
-39.1628811374	0.376822499045
35.7666512764	0.158508565107
33.6831051458	0.159917924853
-30.1907278272	0.336498675389
43.0190360104	0.149590586109
-10.5344544028	0.269532542621
41.412110053	0.145490549975
9.55244840312	0.214182047227
7.5150181632	0.220972120685
65.4091972687	0.116429442689
14.7286844643	0.198773139209
-21.6437876557	0.302078957273
23.0851938165	0.182535798578
39.737698212	0.148996233418
10.9434491952	0.212939909343
39.1652925152	0.156021330753
16.1901254662	0.196760929791
130.21469574	0.0558246285613
17.6884571216	0.19585734238
17.0559961867	0.197980102433
5.76892592633	0.226253748205
10.3806795292	0.213686824307
27.1372829148	0.173202150144
109.338218471	0.0713794266279
18.6761717208	0.189635330834
25.260255008	0.181866470874
-18.9925432084	0.294699823737
15.7664566869	0.203120901138
40.198437742	0.154133613115
108.199139897	0.0722847095081
-10.6612652286	0.273827967484
83.3896397014	0.0931200995118
-0.384259156815	0.238696027167
61.6888518876	0.119414868307
20.3802384033	0.192683500493
-7.30955509078	0.263487664104
-0.426579547424	0.243949874863
13.0894409937	0.20273676287
58.91351883	0.122564512721
29.6873774712	0.167546850418
24.3968147776	0.18063808907
9.90713642215	0.217129596368
27.7277172885	0.177483652986
31.9275578439	0.162782990585
28.5808656984	0.169419632555
27.6654429397	0.176893709109
46.0840622495	0.142036479022
54.7880892474	0.130760956206
96.7400423593	0.0802229937658
-19.6117186727	0.303138931884
11.8619367716	0.210550321191
7.57514589629	0.221876970935
-11.1678459922	0.272816378649
4.50310116509	0.229564260835
10.9939632438	0.208509111746
20.8250563328	0.184974799241
23.3548418888	0.182547872531
15.7819023966	0.196770775989
30.9996383131	0.163951857576
76.2091659918	0.103119235625
27.4057385673	0.178268052391
-14.830624539	0.28614873452
53.738708917	0.132463077275
13.3910954626	0.201582895239
-22.6467391899	0.313609823426
44.9294987159	0.141309875781
16.2903606077	0.201115630061
35.9605985336	0.16113581243
4.86091064328	0.229917359088
-6.62008226167	0.260020928697
58.3834535924	0.12326114974
17.3101063545	0.199314293861
-23.1265820107	0.314921345194
132.542592955	0.0549288912679
8.00266545692	0.21980070525
76.7397765717	0.102665147803
79.1056290134	0.0978898965371
17.889482286	0.197268145927
17.5312548167	0.194832828949
27.747164806	0.171654206921
18.4273273201	0.194192323309
-4.75388821237	0.253547446377
78.6196279949	0.100543487826
10.7581876375	0.213755245443
-0.378908374179	0.243906587575
65.0162128688	0.115938597445
23.7154607366	0.181869498664
25.4673582742	0.181633430886
38.1557507691	0.15090261145
55.2188890052	0.130163898399
19.3983243259	0.193549127948
38.7660897854	0.156519847831
-6.25641029886	0.259164563837
19.3847866993	0.194021717606
14.4814230202	0.204552442885
19.269614362	0.192428548054
12.5890882933	0.209032514479
96.5028521986	0.0824076301153
45.9712545735	0.144733850273
1.03607237578	0.235604465402
10.3534797124	0.21437771264
120.515565632	0.0619373824049
8.97364598523	0.213598525612
23.2371436695	0.186184263832
61.2366293942	0.12198194137
17.4097797292	0.196537668995
27.4039453918	0.177472630564
68.7721296319	0.112274479536
14.6226919493	0.201094211808
55.9374762078	0.129186915603
15.4144312622	0.197401944476
29.8270428778	0.166765421454
11.3380559751	0.210359633385
-10.4476478602	0.269684758998
21.6294600671	0.189083257213
0.347713219135	0.241450103671
44.2051677265	0.141655711925
23.577350711	0.185058077643
34.9563716012	0.156945204789
241.941270351	0.0160229590103
125.596154858	0.0574715567356
70.7340110356	0.109675364281
22.8523869362	0.184797945447
90.9963538493	0.086449791935
5.69230298056	0.226724143814
55.0289861149	0.12949267596
13.7198613696	0.201756504814
22.4728135622	0.185193057775
36.5878625373	0.154976359437
1.14039517554	0.238683718441
13.8525431004	0.205461174332
42.1839386441	0.144420887651
-0.411257582191	0.242089704806
45.0164576087	0.141168865399
40.6482626638	0.152099970193
17.1452504483	0.199963198519
150.971421488	0.0438541376233
-2.14175869337	0.246223913163
48.5646345491	0.140195249137
100.758694196	0.0786285187119
19.0784378999	0.194288727013
38.2181897585	0.15733045192
29.2592417479	0.173870920092
20.472516115	0.184305361003
92.6003627547	0.0844206920741
65.3393999903	0.116355035968
16.1973267519	0.196220247928
11.4648437442	0.206663781551
21.2657306248	0.191051141381
34.4009211852	0.161282448953
217.378290161	0.0211556907001
1.07148793571	0.238882116249
22.4240425468	0.185141584517
110.531024742	0.0704411154679
22.908864526	0.182472363413
9.08201919741	0.212693234456
30.0384878349	0.167165987008
7.23870567314	0.220469068261
25.6989949235	0.177322246181
21.9951294875	0.186176930857
61.0968282721	0.120164116338
97.8116118061	0.0811561528752
52.2568248825	0.134645034773
29.488548604	0.168196555668
60.510335998	0.123044382469
18.2315955171	0.196490246136
81.8326869602	0.0970135574984
74.6952515765	0.10445636856
31.9236247365	0.168717259392
64.7693545072	0.116878140624
59.3631404366	0.121719481451
12.755651372	0.208518423839
59.9139715275	0.120905236767
21.2263994195	0.186466045628
27.8502091871	0.172817767307
47.5136076391	0.137312182695
22.8918770842	0.184391292705
171.26789712	0.0354773442205
19.9748676674	0.19054775413
185.14374445	0.03043940455
28.6182434563	0.170517976473
59.6751385599	0.12392067357
21.2816659509	0.189613663686
51.6532195414	0.13567280911
32.9007355463	0.161319812954
26.4386505016	0.175818130667
82.5660210919	0.0939960580664
22.9966789533	0.183877930793
12.5001713686	0.209071563148
10.2162787409	0.215011975282
20.6668013142	0.189994675081
18.8359231292	0.195563585377
107.477687477	0.0727694522522
136.398349132	0.0518833166926
42.1961218411	0.150417395797
4.47666940773	0.230212172712
13.5433304418	0.207455053995
33.2249598049	0.166803017588
42.8052910713	0.149820741109
21.7679426253	0.187441335206
6.93189444903	0.218148404398
21.63828819	0.186573063707
20.465211691	0.184658386306
21.5266221935	0.18749174873
130.845893421	0.0550036276807
17.2545154207	0.197635232693
24.4310591633	0.183353444105
80.6221646155	0.0983487181794
17.3555392123	0.197906458453
22.6478092103	0.186926493646
37.5277567965	0.157035403261
19.91957176	0.191316420082
19.0476621871	0.19249452575
50.4200904787	0.13345712569
47.5663469211	0.138212459536
44.2316971663	0.14414939002
53.2419881283	0.129500586479
76.1107030112	0.101295530784
44.1855387489	0.141916598836
80.6987328443	0.098198445623
47.0501149356	0.138062896171
74.7066984964	0.102672623841
40.5021340633	0.149768362002
77.7135297122	0.101486206125
225.418079356	0.0193283711392
44.4423911535	0.147033093923
132.918368034	0.054580657179
83.6154695259	0.0947231226753
22.5027618693	0.186299192982
78.1074358879	0.0985051407397
146.635801936	0.0461320748244
23.9445500744	0.182357976041
166.808424721	0.0369271789977
15.820560533	0.200312132431
173.14295368	0.0345200798548
33.5557805387	0.160424128767
215.529034587	0.0214846236102
16.8173030399	0.197969309511
54.6753766787	0.127246452691
46.8331802318	0.139181406327
35.8238031303	0.155753551941
35.2857869807	0.156663890693
54.5758014607	0.131268170895
93.6369906948	0.0828674440248
111.241164661	0.0675380805766
44.8549684855	0.142161449442
30.1272483761	0.167698457139
31.0030945395	0.166161465273
29.6582077617	0.168808053128
207.58694566	0.0233767427416
23.48195308	0.184901694346
200.548928096	0.0256032428996
38.7786954256	0.152978867794
53.5335081594	0.132594612115
102.434176151	0.07716786542
84.338323357	0.0943813494872
90.0648162705	0.0869881003863
5.58899906684	0.226830566005
146.396821764	0.0467901585808
77.472534033	0.0997628940775
140.353697768	0.049432108116
69.2448816121	0.108751932181
55.5155339742	0.126810660548
59.0070182261	0.121839556153
64.0558980362	0.115299587596
61.1129441631	0.119145910772
66.6934360457	0.111938334103
40.3270286498	0.153413224624
48.5004646587	0.137701739691
69.4198303501	0.109524283707
51.6072825609	0.132431691768
33.5851530302	0.160018913587
36.0502901894	0.155884113474
206.747241828	0.0238265402188
73.7764228779	0.10444842627
41.3112059987	0.149263619243
55.3018941255	0.126465293364
43.018405153	0.14573718577
43.5846660972	0.14555474979
77.5934454114	0.101286632874
33.89550361	0.162630672627
78.9497856116	0.0987185448542
93.5291587017	0.0851952929759
84.6363726884	0.0940309066686
49.2500255028	0.139275432765
71.3475450098	0.108888084386
66.5847848635	0.1123457308
62.2083798783	0.117775269188
98.3542628152	0.0807850076422
82.6944722089	0.0954695427333
82.2232683815	0.094350541608
85.607936149	0.0931016528009
119.587194273	0.0634953029852
64.271418523	0.116390988286
53.1018319015	0.13019108347
47.8998253888	0.138377856153
48.2915199134	0.13582226756
38.9835535402	0.150774407708
50.4704010277	0.132681095285
45.490048184	0.143529750906
52.8008291283	0.131165881335
51.6831474844	0.132627410434
126.8788353	0.0575789075237
62.7479921494	0.1169635472
66.6339438323	0.112042081872
72.3435712939	0.105845477067
132.77620944	0.0547043334058
75.0851458454	0.101664583352
37.9381584359	0.152439466661
38.4573374582	0.151719855286
28.5657219835	0.171180613154
149.599002907	0.0452520777752
76.3268159673	0.101027516704
77.6180928686	0.10158960462
75.5609523594	0.10248690851
123.146329914	0.0610198697026
78.4104439353	0.0982334596977
127.753090822	0.0579775234823
84.4925325501	0.0918372075212
121.437864525	0.0622281572973
65.5940964738	0.113501021808
61.7560687263	0.118904471748
90.9598839228	0.0854178595081
201.405274085	0.0252567013905
163.82156205	0.038558094945
82.6394374161	0.0962336368762
213.000092557	0.0221071838611
68.6497462605	0.112257309835
83.6020465864	0.092383275072
119.078110041	0.0639526339501
53.0395788961	0.133449689785
95.1753355151	0.0813403928797
130.715539108	0.0558819996197
52.3438952009	0.134660798885
91.8551195021	0.0868062349117
106.269343074	0.0738850942232
114.226483749	0.0675955826981
46.4664731528	0.143596187485
130.859276964	0.0555475029991
143.622160796	0.0474408379979
119.963232583	0.0633490968965
112.245714786	0.0670775950363
64.74198397	0.114413829055
123.058896691	0.0611467603012
168.374395986	0.0365422612006
174.994925294	0.0336767885393
64.9871999613	0.114365934027
87.7957701817	0.0907732648457
207.023724577	0.0237759417038
196.769703127	0.026441068712
73.3996868246	0.103617244535
110.502753652	0.0704860899899
155.361915714	0.0423549712424
168.71936409	0.0365128002087
94.1771462749	0.0826890779964
177.230429237	0.0329270508906
190.142218627	0.0287822196948
121.738761009	0.060349476739
111.811881429	0.0694398777428
111.458584894	0.067573201962
115.398000559	0.0666836923293
218.396442023	0.0208781849636
102.887616626	0.0767788334305
101.062267791	0.0782791618587
122.436962634	0.0614941913242
86.3643875032	0.0899838983827
175.700066629	0.0337975641416
120.901758228	0.0624996055493
149.762121354	0.0444937500791
147.371744429	0.0464462953001
134.684802044	0.0523154543731
67.8141590931	0.111331489522
143.908698567	0.0482861944306
122.195596131	0.0617716994973
131.356327536	0.0556739641766
117.136232072	0.0653631173864
85.2665612636	0.0910625874868
164.367439034	0.0383162054225
224.550269291	0.0194389653702
114.018989789	0.0668805166293
109.303460496	0.0695196821711
123.70193671	0.0607242119586
173.614478734	0.0345665332489
189.529353762	0.0289778873247
88.329696843	0.0878089538215
140.650895435	0.0500636373753
101.224659843	0.0762323981382
69.2720120081	0.108609571435
184.795747484	0.030558270749
170.255417842	0.0357472236051
76.9692351434	0.102380041226
122.316461183	0.0615427058265
159.716153957	0.0404059375423
194.478086026	0.0271729991008
150.109501998	0.0444299040242
167.61197936	0.03699120152
48.0980244104	0.140956948041
84.9186133728	0.0914363098219
111.381712439	0.0677379337512
156.346143918	0.0417577373836
53.7793714602	0.13223339445
223.329840937	0.019626251056
108.276908494	0.0703030958522
104.327630902	0.0755486747245
92.0564115668	0.0847392895751
129.062790155	0.0557608528585
180.712973266	0.0319364117709
117.469639741	0.0651003803681
56.4810302093	0.128404953447
192.056015089	0.0281229718849
108.623793855	0.0701150426293
117.326353094	0.0652740782581
88.5517025382	0.0878581470888
91.5141828591	0.0871353137534
136.677885256	0.0514820914217
118.186931719	0.0634764400002
215.696353028	0.0215399801018
106.256245734	0.071766394082
72.8838938763	0.107106690013
156.321401598	0.0413106574358
167.825152158	0.0369153385872
144.11818004	0.0481484930203
121.408983776	0.0622223806879
172.216014155	0.0351520847442
152.029903909	0.0432354246645
83.4426899642	0.0953011102542
109.393501605	0.0701461997288
130.073754809	0.0564509133663
97.287051889	0.0816912439233
210.144130922	0.0229301046972
166.168841074	0.0376529030174
159.01296737	0.0404935870592
55.2997526377	0.130253245341
197.462567186	0.0263333148879
158.114954058	0.0405329854206
102.981675632	0.0756023811858
151.985177495	0.044016893906
189.874872744	0.0287830625525
194.836434227	0.0272514767276
187.420385854	0.029433278778
174.267004743	0.0339780607258
145.26802551	0.0466231083632
247.303049319	0.0150570480494
123.113608645	0.0611241147196
123.591354733	0.060671661548
163.046797226	0.0387781091686
144.297520405	0.0472402095085
128.006563132	0.0575405070613
81.8608674624	0.0943978604078
133.921517845	0.0540322022161
128.811852106	0.0566701493863
86.8750297602	0.0893903861043
228.753885018	0.0186077906866
71.8703650071	0.105385331545
85.3050837844	0.090972460801
97.7093274278	0.0788086729152
151.463802118	0.0442631452346
102.098312697	0.077446474997
101.877234822	0.0776296823973
106.993325183	0.0732874790099
160.195257831	0.0400919908356
96.0543686187	0.0806166443443
220.150177158	0.0205125994491
79.6140740798	0.0968597158364
115.636274527	0.0648953991215
119.845645935	0.0621033870172
101.716623403	0.0757226628593
108.7169313	0.0699376590534
100.145593747	0.0791549874514
180.481338132	0.0319262592976
102.750126428	0.0768887253915
89.0797326181	0.0882972765282
195.360318961	0.0269163950288
137.553382883	0.0508698028249
189.926228023	0.0288536543464
137.409279375	0.0512645948211
168.785241448	0.0361254305039
123.878796972	0.0605962146046
153.838256927	0.0424885636087
131.910496987	0.0546831601563
103.051019894	0.0745624459879
142.701302646	0.0480972978932
153.977893922	0.0431167296728
244.065175736	0.015607128419
147.046194204	0.0459784411753
133.429677552	0.0540907270879
152.818739273	0.0437117989361
187.680204283	0.0294992340356
144.530299548	0.0479773307646
179.865204451	0.0320114475778
102.758644851	0.0747954942911
110.745716978	0.0683829790664
199.454092234	0.0258654264627
78.4848897106	0.100735216342
138.254360679	0.0514764896746
172.553181329	0.0350326303595
187.231457632	0.0296970769778
138.178595205	0.0515091301532
222.912877054	0.0198442273054
123.719637957	0.0595998245374
102.689930999	0.074907205718
117.410618907	0.0637887477139
134.798926199	0.0525051312705
117.337698275	0.0652466593762
153.474022416	0.0427633320898
146.043261106	0.0468835557994
187.526338037	0.0294192271377
223.880986333	0.0196223550147
126.441674678	0.0577664449417
188.863025404	0.0291060590355
140.619475193	0.0493232631463
152.734913291	0.0435615806328
149.285521798	0.0448156687392
225.397572591	0.0192719247785
169.480241317	0.0358851800977
222.68039586	0.0199031134603
131.511420437	0.0546352348335
194.963046813	0.0271028131227
201.408624065	0.0251513297835
173.617933158	0.0345407977148
152.907407981	0.0430615298466
155.830681828	0.0420290826324
164.011902037	0.0385623794597
223.842566148	0.019614028158
156.800248593	0.0412502337917
158.862683055	0.0407232288673
193.098893682	0.02782185674
216.84602405	0.0212542458964
173.176465401	0.0344921789993
148.75804659	0.0457072408305
197.325192267	0.026542387733
230.469581293	0.0181765425807
142.669832523	0.0485548981381
138.357278123	0.0514442918269
139.24893009	0.0508918016497
101.547858974	0.077926086029
142.201265853	0.0492085534213
218.617051289	0.0208134863248
186.104930641	0.0300106402316
186.250849904	0.0298169312165
152.628565997	0.0433964513408
146.140779072	0.0466845684744
155.343793606	0.0421647607066
120.508226203	0.0629048487041
198.379628897	0.02617280455
231.330019315	0.0179728701559
181.236001351	0.0317212329146
126.149875104	0.059029046566
219.882755031	0.0205057465943
238.894504439	0.0165376503116
190.458661469	0.0286065893875
145.258316702	0.0476055434697
227.580948733	0.0187981588113
165.258662376	0.0379702520753
213.954910456	0.0219003914943
169.861767552	0.0361293743837
192.724916601	0.0278401430441
168.105002371	0.0367503802219
169.608245232	0.0358276013607
154.594078678	0.0428548547068
203.770385123	0.0246640711881
235.289296289	0.0172389843319
164.752056319	0.037977456144
242.64019671	0.0158822528645
161.033667669	0.039435913463
130.525239618	0.0562129524998
175.973906849	0.0335636412368
180.087349425	0.0321990532154
155.647315443	0.0419443185193
138.498999357	0.0513780479165
207.036936652	0.0237506653711
187.417815101	0.0296553383436
153.459548512	0.0430437430643
129.026504873	0.0571623421166
244.852401391	0.0155287896559
193.897804745	0.0275628173033
193.438819851	0.0275572968729
123.061053941	0.061150108633
251.118348971	0.0144375263142
202.243048397	0.0250933445838
229.261486901	0.0184490761598
127.024384291	0.0584855621046
180.819409429	0.0319049075591
162.730045513	0.0391254385175
180.521033387	0.0320345006693
135.679483976	0.0520263671839
203.652854715	0.0247106511559
223.809089122	0.0196358651612
204.601101538	0.0244170961794
147.705342429	0.0455685332498
138.437861423	0.0514112657108
190.958389839	0.0284913970039
210.438938836	0.0228475618215
202.310246148	0.0250641513921
135.214237702	0.0523053267801
163.332346499	0.0388781291633
194.322832405	0.0273910933726
204.348811531	0.0244836770711
153.199328147	0.0428379543296
160.456000782	0.0401308726418
229.773364771	0.0183453705019
182.511826065	0.0313634766276
162.760156548	0.0385953118826
161.256387185	0.0397708966462
196.154535428	0.0268798051529
194.832581262	0.0272676940288
154.335876766	0.0429839265625
181.665376812	0.0315671895418
135.693745708	0.0530131906948
231.263045256	0.0180565615937
224.19767541	0.0195590008794
160.290907387	0.039700513599
204.739781798	0.0243823200989
219.771769059	0.0205542356636
170.586965422	0.0357884043605
141.754038227	0.049490996483
163.874834752	0.0386041594769
187.621604358	0.029590680992
200.851628305	0.0253754799656
196.530798268	0.0266942640578
228.269749665	0.0186378913762
139.431703858	0.0499230686223
197.74329184	0.0263659602912
229.895753846	0.0183737578063
166.792883897	0.0373417851818
227.056972297	0.0188935031076
203.389565458	0.0247421474201
220.687515694	0.0202728555925
198.003034561	0.0263296317642
204.444823606	0.0243069922766
224.613871566	0.0194819316734
172.497834674	0.0349936436222
210.448614338	0.0228780264704
222.073220233	0.019991719002
162.052221225	0.0393595127942
246.636361328	0.0151993898269
228.378577615	0.0186700098759
244.062187667	0.0155978065606
164.889140283	0.038135772582
238.05725173	0.0167451072294
183.81879011	0.0308564898319
233.279590204	0.0176372412119
157.143242097	0.0416081876888
248.678089497	0.0148398187535
182.893632709	0.0311682553544
224.49289983	0.0194556581772
178.443518837	0.0327763227669
254.754494596	0.0138547114664
185.542448707	0.0302680225971
179.900139191	0.0321692732936
155.820569033	0.0422647738315
249.519614249	0.0146601173546
214.443949821	0.0218332096135
217.496526644	0.0210327042907
201.186808787	0.0253881058892
221.292032419	0.0201798921587
211.245443341	0.0226401758787
206.412882919	0.0237702664331
192.619821378	0.0279537914746
223.250306097	0.0197799340222
247.762489549	0.0150154596886
194.302499678	0.0273892296096
246.587977178	0.0151578302694
162.227718361	0.039287437832
200.518548737	0.0254912768651
249.409800205	0.0146932130316
208.586885008	0.0233176875156
176.760732657	0.0333956676391
164.343503042	0.0383814096011
216.59258563	0.0212762544528
183.606746883	0.0308653153728
194.118032089	0.0274167121558
221.97892418	0.0200854191203
228.277185838	0.0186664405256
175.416006191	0.033770510463
227.054927377	0.018900703002
189.099299017	0.0288507722563
210.41105991	0.0228779419057
170.672720112	0.0357566540669
212.978855439	0.0221187583837
222.955472856	0.0198005596473
219.444019276	0.0205581145608
187.106458342	0.0297661726244
199.617019741	0.0256385851441
197.93831932	0.0262866601906
215.032564345	0.0216960758271
195.114481474	0.0272131502616
190.157743645	0.0287851517422
157.109342599	0.0416656761701
227.389775202	0.0188589487249
156.542913868	0.0419131812395
224.024642041	0.0195880868893
183.537081787	0.030988301302
205.276830672	0.0241931060952
181.37795759	0.031729342217
226.297586908	0.0191059157558
175.297593046	0.0339942118652
163.159455756	0.0389315804239
151.169130026	0.0445211262448
238.454891352	0.0166336013226
190.042022888	0.0287759855662
242.357902568	0.0159788078265
207.267471515	0.0236338375462
197.007575008	0.0265382871333
189.823457727	0.0287065525495
252.210121881	0.0142280962362
213.659970427	0.0220349570653
231.323235426	0.0180196745584
220.924225749	0.0203122846191
229.844116895	0.0183310072555
178.030158318	0.0329457017219
224.205196737	0.0195336873031
246.165397516	0.0152495809499
214.080433604	0.0219100113917
227.61839213	0.0188455149565
202.285857775	0.0250190072875
247.726760738	0.0150142245578
205.148167339	0.0242656508484
229.916120759	0.0183781879532
225.007982326	0.0193454389078
206.670479096	0.0238520333445
221.230240503	0.020220845383
201.983536619	0.0251478066745
226.810580596	0.0190074269547
234.775443754	0.0174047051566
238.133450147	0.0167008249727
189.624162979	0.028949033171
198.960513373	0.0259704808669
236.846918841	0.0170033773954
214.543526833	0.0218159068332
207.065440993	0.0237307209899
194.619621663	0.0273333633842
220.477030438	0.020402926326
193.36722254	0.0277187575619
230.492620905	0.0182084747714
220.048119718	0.0205007270872
201.890094089	0.0251095591436
227.855613333	0.0188013875643
219.541818303	0.0206177336718
249.336283971	0.0147422160747
204.542016134	0.0243711413655
230.744967493	0.0182050785502
211.963899946	0.0224574404956
208.784685403	0.0232855868236
230.524074887	0.018186805117
209.397325107	0.0231315170982
239.469125378	0.0164549645978
231.702235438	0.0179361599611
216.611788709	0.0212747517363
231.058860319	0.0181265953738
220.097154121	0.0204894929087
218.931547522	0.0207271070048
240.542248705	0.0162853132359
253.087711275	0.0141635925953
220.676786038	0.0203567165008
208.437442821	0.0233128293414
236.623250044	0.0169821530317
235.730355807	0.0172046963969
225.986664118	0.0191717219835
213.183886692	0.022096746174
213.000505859	0.0221763983285
247.549112748	0.0150715646518
200.712512575	0.0255289424026
220.915196977	0.0202446552842
230.799698356	0.0181356579305
204.174482004	0.0245347895072
238.144362706	0.016687597819
200.624724327	0.0254516639993
252.768345453	0.014146877151
205.1847541	0.0242557562764
220.549435863	0.020399974277
221.959761248	0.0200282755056
222.776586777	0.0198611080637
252.23165719	0.0142881228742
219.126337059	0.020709973009
213.544991425	0.0220124186117
247.963921767	0.0149460330659
208.247075975	0.0234379580164
217.249012769	0.0211509470877
202.466062895	0.0249580072803
243.663814529	0.0156834988366
230.292057217	0.0182941617103
211.463047815	0.0225711948093
244.927011369	0.0154715856239
222.648147732	0.0198810348497
235.753972232	0.0171916988703
245.302137546	0.0154143771118
208.557737164	0.0232802734012
232.383832872	0.0178266544746
221.444177208	0.0201916839312
253.363859297	0.0140472983162
203.797568433	0.0245558075281
234.800629217	0.0173329455164
243.087499794	0.0158320378639
241.164623066	0.0161393768309
246.275143905	0.0152217794454
243.75230701	0.0156797078223
225.744025838	0.019204717295
250.123977207	0.0145945458294
228.484987743	0.0185952037048
225.050992869	0.0193489398436
219.353923633	0.0206512526255
229.308188207	0.0184374909541
227.007932863	0.0189068372801
225.782636793	0.019186728555
248.288567154	0.014902957368
227.200002704	0.0188876544314
247.654202585	0.0149698398601
226.1439476	0.0191147010827
237.49422976	0.0168625203582
223.762875818	0.0196336533421
228.90875439	0.0184977386091
232.132393731	0.0178549941618
239.821973686	0.0164232827206
235.255700742	0.0172387292042
254.594483973	0.013877746645
224.818350314	0.0193898329532
245.246825657	0.015464571547
227.066659806	0.0189092626827
254.944329079	0.01383319014
251.521371233	0.0143519506829
225.089308361	0.0193807276752
249.138853181	0.0147479082195
245.588009911	0.0153845367495
244.628242565	0.0155282052779
219.636356818	0.020609104088
253.599114763	0.0140364085829
249.335058161	0.0147512532659
220.570149938	0.0203770402827
219.945079011	0.0205388111196
252.786193702	0.0141680881732
227.088686105	0.018950722185
249.77085899	0.0146404619969
247.31042498	0.0151164210538
256.287326387	0.0136399242394
251.207874027	0.0144637646451
241.547994507	0.0160706400589
235.034428728	0.017338732673
237.027550368	0.016896213156
239.931811706	0.0164120595395
236.378022254	0.0170331862262
254.555828737	0.0138912228318
256.708917846	0.0135346334077
242.215440971	0.0159760772337
238.140768116	0.0167034609345
250.923781124	0.0144879194788
237.818943373	0.0167598627597
218.833575118	0.0208035040888
243.208709079	0.0157671888871
231.352876814	0.0180112710482
247.383781484	0.0150508078513
242.580543558	0.0159138565628
254.83350409	0.0138553136124
253.327643242	0.0140658356342
225.577886676	0.0192608793034
231.475100753	0.0180456994363
245.172803672	0.0154238684733
223.10671615	0.0197566020481
232.557020984	0.0177975975652
227.644331314	0.0188366155144
252.080765608	0.0142931120782
227.168476704	0.0188936438401
237.317800138	0.0168744219612
240.419661874	0.0162989295563
235.453293312	0.0172086337041
236.906737344	0.0169728678434
233.354634298	0.0176361385749
253.026014211	0.0141330143229
254.0331612	0.0139609797294
252.262844054	0.0142886846652
233.274802989	0.0176564999784
253.979897786	0.0140016007184
237.173209643	0.0168698806449
229.993070832	0.0183396051942
237.989270522	0.0167393933418
233.124423915	0.0176575267374
254.588259906	0.0138879026837
251.493965396	0.0144096638607
243.341173053	0.0157593296236
250.905805153	0.0144558192618
234.478916165	0.0173844292407
238.524762813	0.0166676787693
236.37263189	0.0170476075293
239.839988032	0.0163551941769
249.07238127	0.0147558823499
257.669823449	0.0134403975742
235.520681986	0.0172161019009
234.537165981	0.0173874688797
244.133665636	0.0155962353533
251.113537197	0.0144645359861
249.088321541	0.0147701147726
259.658173092	0.0131250234624
243.833530414	0.0156533638838
254.938860928	0.0138675395042
238.411446604	0.0166590569512
238.441470982	0.0166223771431
241.630853151	0.0160445671857
232.188843114	0.0178950161569
252.60346299	0.0142127311129
247.4306166	0.0150193381901
247.092027198	0.0150849152871
259.006299869	0.0132327122466
239.282936717	0.0164837143757
245.464534449	0.0154121161502
248.80058664	0.0148035424112
247.67148777	0.0150380381244
258.831112589	0.0132541408467
239.049257207	0.0165327249224
251.262432712	0.0144114827877
243.662060767	0.0157277235371
245.258715359	0.015401621497
242.783107374	0.0158514647565
249.849678681	0.0146389213075
233.744354067	0.0175733443959
258.03330633	0.0133460138448
256.206050524	0.0136530409354
240.99145263	0.0161614770863
259.865399997	0.013114002027
242.923656698	0.0158141899573
258.423528448	0.0133191977271
260.459910588	0.012982739866
235.022507205	0.0173276122246
257.07680049	0.0135243418046
254.770615385	0.0138635941146
249.97207967	0.0146101650223
239.296627018	0.0164932017083
237.102407291	0.016877047382
242.698565264	0.0158822801851
259.341534709	0.0131460707927
241.313945881	0.0161082530798
243.043181779	0.0157844801979
253.957691498	0.0140102841706
255.383680203	0.013756846369
255.993304968	0.0136472308516
262.037086246	0.012754837034
246.641555564	0.015177485062
249.165735398	0.0147467759512
259.345473156	0.0131533700811
243.8322207	0.0156605200862
245.772871133	0.0153591193514
259.687922434	0.0131179249511
242.122709938	0.0159404342989
260.763194126	0.0129427974138
238.769206558	0.0165994211594
241.760631006	0.0160114028454
259.937194519	0.0130856611701
260.559095718	0.0129705682999
257.843233274	0.013401408762
259.430368771	0.013139188403
243.113327627	0.0157645839462
253.705158842	0.0140574191022
257.568729959	0.0134262073541
247.483194855	0.0150299248459
260.00915049	0.013068171278
258.24683958	0.0133284941359
241.409694656	0.0161024446942
257.06717702	0.0134988927966
251.146810335	0.0144378136186
251.838181562	0.0143449941899
256.259910412	0.0136124272952
261.19465441	0.0129052763047
259.504422212	0.0131318970516
246.793709131	0.0151791216088
248.214147218	0.0148881489593
251.038808677	0.0144320220927
235.944342239	0.0171150855253
241.122655831	0.0161532600196
260.493048693	0.0129896652906
261.030162834	0.0129149766479
255.956404522	0.0136950167561
252.757259869	0.0141874275717
257.219207954	0.0134833880954
252.31218522	0.0142392474607
256.227694162	0.013636425287
261.904583029	0.0128097842235
249.45665423	0.0146935483101
250.694443334	0.0144857846821
238.816998245	0.0165646169163
247.244490051	0.0150586161034
259.94442455	0.0130895397088
263.197254716	0.0126041350346
259.455519158	0.0131390300955
245.99555882	0.015290201114
250.292596519	0.0145600611745
261.103152482	0.012928761398
249.653663624	0.0146525875548
261.736949556	0.012832287142
259.367154117	0.01313780317
245.489134373	0.0154033318771
254.284770962	0.0139236550918
247.872254273	0.0149511442204
257.748510097	0.0133877998352
249.186152649	0.0147529422797
258.540294504	0.0132816792497
245.865567027	0.015307306952
250.365972028	0.0145591232043
261.842652783	0.0128100838254
251.589092013	0.0143392099965
260.083693138	0.0130442182733
258.453915311	0.0132766946249
253.823451452	0.0140234124235
252.143283919	0.0142515089074
245.307028422	0.015390095562
252.43397829	0.0142266331289
258.778562066	0.0132530712827
258.875032664	0.0132096337075
252.46809954	0.0142010479651
243.440313806	0.0157146641145
257.678710678	0.0134070176129
242.133023164	0.0159393476828
261.956972404	0.0127700572481
255.682807532	0.0137215844054
250.736903223	0.0144891796129
256.164312215	0.0136430986772
252.055515506	0.014282849828
246.741040778	0.0151696730564
254.09315962	0.0139779443862
258.118823387	0.013322528705
254.494060805	0.0139123359594
242.088096752	0.0159891791371
261.384762727	0.0128637867342
244.743448058	0.015481932122
264.542803851	0.0124241103596
255.784104374	0.0136920580194
262.374894302	0.0127354332762
256.385632564	0.0136071002133
262.309284058	0.0127737277168
257.727555819	0.0133813338848
249.449898157	0.0147113229237
259.011851728	0.0132196771826
260.389332065	0.0130335535982
245.511100989	0.0153474362122
259.671161038	0.0131238663655
249.547029903	0.0146680854345
258.868641285	0.013264214716
252.358071741	0.0142188669586
261.801541696	0.0128146297748
246.472556101	0.0151816867164
258.11385851	0.0133805166567
244.327433739	0.015583527169
262.155909465	0.0127568016956
256.89382498	0.0135174554229
263.834158983	0.0125461406599
250.655527935	0.0144911187411
258.610194347	0.0132861603537
251.615326382	0.0143323606029
252.527675568	0.0142029727455
256.211258965	0.0136206278001
264.981146859	0.0123608937669
250.839210706	0.0144593266799
263.511569756	0.0125768672415
252.540875476	0.0141835824523
264.397733992	0.0124468455547
251.899680513	0.0142854632618
263.974531763	0.0125120616521
254.702056753	0.013852338753
261.572870844	0.0128697442031
253.680994876	0.0140355640128
262.384330964	0.0127346426039
249.048595583	0.0147759489062
258.695374063	0.0132941109602
256.907518729	0.0135218377106
258.714611961	0.0132618206616
247.995009024	0.0149301835624
259.246323832	0.0132149401156
255.280471759	0.0137471435841
256.805708198	0.013538308296
253.463509461	0.0140402055524
247.212817756	0.0151326758311
258.175279917	0.0133018898211
248.35594341	0.0149040846011
253.938937329	0.0139594129655
253.916437782	0.0140236917233
256.475114971	0.0135944260683
246.899029041	0.0151361927216
255.609198747	0.0136950964033
259.093920561	0.0132230484581
256.770033388	0.0135370318316
260.74833748	0.0129553901268
246.284174981	0.0152206087563
254.750442918	0.0138662377863
247.106625227	0.0150758016415
259.333558482	0.0131725704458
253.755867421	0.0139945132091
260.974519715	0.0129377208342
250.118282113	0.014574788765
260.844099906	0.012962196602
251.20486789	0.0144163016092
254.308600651	0.013936934956
255.936374991	0.0136374410403
262.351608789	0.0127342824164
249.624076989	0.0146616690209
264.030603234	0.0125303150122
250.873664991	0.0144614490426
255.078263151	0.0138158851172
256.154778534	0.0136071207606
261.139195818	0.0129198824907
256.275212401	0.0135917412915
260.002965123	0.0130863186692
252.988703045	0.0141161142161
260.013366777	0.0130814192443
253.770253615	0.0139874061816
258.954753245	0.013256627604
253.247604369	0.0140818417698
258.408582892	0.013308517417
255.947075614	0.01364317956
255.18295735	0.0138352122521
255.757432037	0.0136783206874
256.858581738	0.0135423432813
256.299102304	0.0135816403285
259.644257478	0.0131446815841
248.133009347	0.0149126590959
251.13664009	0.0144594755377
254.744819038	0.0138679817649
253.462954685	0.0140856567827
251.944009937	0.0142831969045
262.393388228	0.0127578600176
252.15529621	0.0142859182493
252.907634051	0.0141422673343
254.578715544	0.0138719292358
263.171018852	0.0126362755132
249.876759936	0.014649681036
254.711959961	0.0138925499375
255.691548382	0.0136893577639
248.12092063	0.0149414683348
255.214020927	0.0137909309717
245.802490072	0.0153216067047
255.975868072	0.0136351018006
250.518803574	0.0145219360876
256.228393586	0.0136336971494
254.420506446	0.0139074654157
259.12655591	0.0132329847552
252.786916851	0.0141609888592
251.976405443	0.0143088872088
255.620762302	0.0136989709099
256.168581054	0.0136062825487
255.660070667	0.0137245089572
254.79793481	0.0138439715755
252.515999541	0.0142005877084
255.910296146	0.0136561863608
255.35760804	0.0137505583211
250.720949111	0.014486058372
254.113654276	0.0139636418196
254.474527801	0.0139084524748
255.672055206	0.0137228332996
257.414698695	0.0134146793363
256.959200739	0.0134944365404
257.505046398	0.013426525775
254.282094661	0.0139429034604
254.559797701	0.0138598723213
256.756873272	0.0135260919052
253.056887981	0.0141100946236
251.517602075	0.0143564562188
256.029651861	0.013664572661
258.570820186	0.0132632846347
255.218225363	0.0138006225636
259.104656214	0.0131992927914
251.5764924	0.0143674688416
256.998616538	0.013510997056
253.472327558	0.0140659474412
253.793782797	0.014002412413
258.992875014	0.0131965368814
258.703519724	0.01324763712
256.88695398	0.0135421557429
262.070350086	0.0127553405672
257.594073917	0.0134373343041
258.096642465	0.0133504621616
254.43090323	0.013906624357
261.627781852	0.0128177196775
257.491607778	0.013434379354
261.619728035	0.0128382067473
259.660404879	0.0131089475599
257.812665852	0.0133911582362
254.031671862	0.0139653661632
261.191902675	0.0128788457115
260.710296034	0.0129595405479
262.444754416	0.0127072851375
255.633167975	0.0137362485931
261.086061022	0.0129353693061
258.600303291	0.0132754402011
262.917049247	0.0126648914774
260.174689036	0.0130357901669
261.699464075	0.0128095532846
260.846476583	0.0129372715201
262.474378788	0.0126982801993
258.561406075	0.0132965167964
263.025895427	0.0126503287264
256.285177076	0.0136234416419
258.744104671	0.0132508933226
258.378686246	0.0133164083816
264.875274405	0.0123984104601
256.344854587	0.0136109211889
263.956988481	0.012514827469
260.293815327	0.0130419246023
264.697135607	0.0124288108391
263.819279159	0.0125193714016
265.053347923	0.0123607927656
260.951036115	0.01293567609
261.225084678	0.0129113545299
262.310933673	0.0127533762765
264.616962681	0.0124494732472
260.441900824	0.0130115357033
261.057941204	0.0129354248353
263.970642105	0.0125269906942
264.478094726	0.0124610139808
262.279281091	0.0127516774396
265.038870667	0.0123710106366
263.96268312	0.0125052925125
264.669264702	0.0124269958824
261.698390104	0.0128299800736
261.858846893	0.0128164808933
262.163581811	0.0127623395434
265.709440157	0.0122829747674
265.781991435	0.0122712835953
266.109242232	0.0122294427733
264.844751121	0.0124030555512
263.736585299	0.012558440949
262.502299395	0.0127341956419
266.263475016	0.012202921493
265.545033474	0.0123156189857
264.204283403	0.0124918679531
263.410454087	0.0126101809492
263.184018786	0.0126430104363
261.641136354	0.0128552413699
261.63026782	0.0128736836052
262.855755951	0.0126927133607
260.192877796	0.0130888179694
262.251684107	0.0127705552441
259.153984016	0.0132350164561
258.793231849	0.0132737063667
258.285495999	0.0133568175734
262.893836967	0.0126971192808
258.823872825	0.01327411858
261.558121897	0.0128686432502
261.018584197	0.0129583935734
258.675963807	0.0132974012668
261.226862418	0.0128999437498
259.107450805	0.0132345746016
261.074474627	0.0129432841839
262.749533657	0.0126976188686
264.105044706	0.012507188798
263.009500421	0.0126742069705
263.299003271	0.0126377993077
262.056521014	0.0128121218398
262.653599593	0.0127085188129
261.980579204	0.0128108491597
263.342317751	0.012609216551
261.322204829	0.0128935497983
263.073739241	0.012671005836
259.331559823	0.0132053643702
260.79351624	0.0129765929353
257.781459496	0.01339154316
258.453471472	0.013314962952
257.289494317	0.0134898774912
255.40745118	0.013759977209
254.919733935	0.0138399200672
256.2212959	0.0136034549257
254.259897931	0.0139226164249
256.545385014	0.013547703881
248.054883048	0.014931077477
260.730068381	0.0129988603795
252.038733148	0.0142706903928
257.743463728	0.0134057247338
255.18923369	0.0137694493974
257.195691894	0.0135060322438
251.922836401	0.0142892146204
259.913566001	0.013100376316
259.009898176	0.0132121057991
264.529696405	0.0124418347724
251.480378446	0.0143783303014
254.490377148	0.0138910360096
252.649881609	0.0141847836903
259.218331625	0.013186918908
257.121823046	0.0134954947481
254.48377719	0.0138896269264
258.952586283	0.0132245754118
257.063681463	0.0135145468071
258.21887335	0.0133504505462
250.305734596	0.0145507020294
264.868644503	0.0123738647334
256.624626113	0.013535451247
262.25374357	0.0127526197742
255.584833007	0.0137006893252
262.810189843	0.0126866234059
256.926894615	0.0134961600326
261.486026809	0.0128380744755
256.070496747	0.01364361568
258.385804236	0.013320334372
262.377207097	0.0127433876285
263.156138115	0.0126627842935
260.415831908	0.0130194536314
258.937040452	0.01323728641
263.550492657	0.0126036044403
261.791042562	0.0127918394337
264.139846158	0.0124910239692
264.089267068	0.0125206459172
254.478090608	0.0138851240441
259.961852089	0.0130684879527
263.716078457	0.0125742575982
263.626895423	0.0125672789658
262.698050098	0.0127139912029
262.866002224	0.012678634764
259.215401689	0.0131926500027
262.815945668	0.0126786954609
256.824959791	0.0135377583209
262.593049498	0.0127201276122
263.03499578	0.012629702427
259.248939834	0.0131978507965
261.493068022	0.0128706565342
260.511444236	0.0130187766314
263.498783397	0.0125634676648
260.139572648	0.0130508023527
263.839654155	0.0125477773189
264.245750413	0.0125076481377
257.616405185	0.0134333585978
266.17510174	0.0122312623875
261.015297342	0.0129410571481
263.864068881	0.0125504162957
260.909822571	0.0129459198545
261.845547203	0.0128427809136
261.428133337	0.0128902522957
261.854887574	0.012834594849
262.78997408	0.0126736677455
264.688100754	0.0124450680973
260.115336366	0.013069230468
262.510903163	0.0127436498299
261.978215291	0.0128031578696
263.972838898	0.0125376880862
261.655545362	0.0128620760597
261.986488972	0.0128125948172
260.606630026	0.0129908319924
262.808329687	0.012700870867
263.050223018	0.012649616768
264.730153304	0.0124436165577
262.984911205	0.0126754713323
264.141702994	0.0125155815215
262.907588392	0.0126756359331
263.193673405	0.0126388257786
263.685862108	0.0125521202744
262.663729767	0.0127197373913
263.267285772	0.0126189839678
262.819028905	0.0126989822102
263.350415406	0.0126183559328
266.564869462	0.0121856243288
263.555033703	0.0125753366648
264.042967591	0.0125195582311
264.156447243	0.0124824367469
262.944441767	0.0126813285931
262.799826342	0.0126899483374
264.806528722	0.0124316406039
263.433171192	0.012588432332
264.251930086	0.0124871347826
263.709178852	0.0125564257667
264.185188261	0.0124939412115
263.436509661	0.012591109133
263.943969771	0.0125274498138
263.807256158	0.012533152329
263.925602003	0.0125311770873
263.977382661	0.0125062252269
263.975181346	0.0125294177027
263.270043426	0.0126195954753
262.536914112	0.0127385996743
264.502285541	0.0124405119543
264.302537776	0.0125023369018
262.980928902	0.0126604707028
263.714196412	0.0125712166062
263.563381906	0.0125862175557
264.419173602	0.0124770637749
264.359141731	0.0124639524298
264.644552922	0.012452619
264.138356604	0.0125064977384
265.536727961	0.0123308522975
264.284117586	0.0124745505363
265.496442807	0.0123372284926
263.712541301	0.0125463962142
265.313739271	0.0123618612098
263.811187196	0.0125456482333
264.528243386	0.012450772448
264.876816049	0.0123801385298
265.481725568	0.0123156519979
264.684435361	0.0124181422984
264.959421734	0.0123914993272
264.962021527	0.0123719906621
265.266203017	0.0123564944602
264.689354703	0.012424376603
264.887343058	0.012400828006
264.463805351	0.0124654303843
264.586866048	0.0124576070294
265.10914999	0.0123567265706
264.011333369	0.012530217647
265.137114424	0.0123534981516
264.498092599	0.0124619854941
265.642366998	0.0122840815561
265.178324424	0.0123629819883
265.498497529	0.012307427776
265.109890815	0.012379663585
265.099230319	0.0123791011218
264.205903123	0.0125088257972
265.311059842	0.0123319846404
264.77863416	0.0124144471497
264.555474884	0.0124411461822
264.985565761	0.0123935535107
264.853013714	0.0123881702358
265.489556724	0.0123136924261
265.552418491	0.0122849464004
265.590831004	0.0123220081469
264.860745654	0.0123915134156
265.222163053	0.0123590753321
265.94044318	0.0122352471264
265.278572039	0.0123523670654
265.096967169	0.0123601168346
265.078202332	0.0123920377945
265.541159299	0.0123157705077
264.266883226	0.0124939486987
265.273803547	0.012347396499
264.759109917	0.0124300762804
265.29419706	0.0123414686606
265.269444107	0.0123693858407
265.706772032	0.012275131422
265.429702077	0.0123484666517
265.855881065	0.0122752290495
264.903381626	0.012422936115
265.58338046	0.0123034607902
265.053740459	0.0123909593494
265.415478693	0.0123273691853
264.236341741	0.0125004693783
265.54766592	0.0123058537327
264.581761028	0.0124549587599
265.699613241	0.0122925126256
265.090813517	0.012392632411
265.656402392	0.0122795949946
265.572857316	0.0123268075178
265.663610552	0.012295720134
265.604622746	0.0123261500542
265.404928587	0.0123211859081
264.639118157	0.0124372723983
265.777646689	0.0122797534264
265.205778876	0.0123660648154
265.977072626	0.0122545351575
265.479665977	0.0123419595889
265.929492145	0.0122655753665
264.602182104	0.012445160498
265.877766303	0.0122470297875
265.437674751	0.0123251069696
265.367472213	0.012320581932
265.504987681	0.0123312726526
265.346681481	0.012343742048
265.337908439	0.0123521925581
265.991641257	0.0122385399571
266.267098074	0.0122087639818
266.035765049	0.0122342739914
265.850651795	0.012262946684
266.638617072	0.0121450189582
265.511531809	0.0123132765114
265.958277951	0.0122468332928
265.442111875	0.0123317321813
265.568388762	0.0123126395355
265.806515403	0.0122669266672
265.785635641	0.0122692774678
265.609488504	0.0122874280553
266.349808548	0.0121767096122
266.182572953	0.0122159682718
266.379019597	0.0121774661766
266.410932132	0.0121879448979
265.711822084	0.0122646365599
266.740590173	0.0121372530429
266.528166283	0.0121630401786
266.352987825	0.0121848086483
265.553794342	0.0123007220663
265.858809126	0.0122492
266.020032641	0.0122315512571
266.031398773	0.0122323681316
265.278903334	0.0123291782699
266.115297116	0.0122134801188
266.134958723	0.0122139006134
267.042936881	0.0120708427563
267.360407852	0.0120403360096
267.501874445	0.0120101914137
268.699850795	0.0118599753448
268.467173187	0.0118967099701
268.488666086	0.0118838993577
268.513616623	0.0118761486454
267.760196027	0.0119722785827
268.699913132	0.0118701843187
268.818677307	0.011850862377
268.604854838	0.0118833973696
268.733756773	0.0118578638903
268.996633943	0.0118318215815
269.628348231	0.0117466600391
269.204352562	0.0118045881927
269.477245926	0.0117669678714
268.516798847	0.0118863330629
269.272563061	0.0117969652237
268.811123663	0.0118581212644
269.041987386	0.011817312238
269.56214149	0.0117565356879
269.534955863	0.011752308617
268.757506335	0.0118560107818
269.603737653	0.0117522346331
269.490857255	0.0117682005962
269.659241635	0.0117448873936
269.561768795	0.0117524518998
269.66430615	0.0117390094465
269.924431631	0.0117066500799
269.990615412	0.0117016219369
269.504993603	0.0117576479779
270.036645085	0.0116904370783
270.096550549	0.0116877304538
269.821839086	0.0117151808717
269.994439946	0.011695985992
270.38211892	0.011645844286
270.375578253	0.0116502892671
270.506391408	0.0116315117139
270.226250465	0.0116706755792
270.37236736	0.0116510458779
270.657832342	0.0116120785054
270.386984238	0.011649406865
270.178169842	0.0116689655355
270.407393006	0.0116468460617
270.687999354	0.011609985117
270.299545014	0.0116545078847
270.285949233	0.011654963372
270.230321012	0.0116623879845
270.931756221	0.0115763617477
270.751184595	0.0116014408118
270.557944436	0.0116197876428
270.958344422	0.0115739984017
271.01013863	0.011567752938
270.777961612	0.0115983562619
271.131837397	0.0115504276657
271.095684351	0.01155667737
270.797309125	0.0115892615152
271.140259724	0.0115510176419
271.276659085	0.011533362659
271.040170411	0.0115643047094
271.414396634	0.0115143281333
271.35872323	0.0115209937724
271.154521262	0.0115495543199
271.069605808	0.011554034407
271.109473833	0.0115491246889
271.411690286	0.011516515247
271.193884074	0.0115382642054
271.580621985	0.0114943182007
271.478246203	0.0115033125605
271.619260751	0.0114893152895
271.629121773	0.0114845542669
271.679598193	0.0114814070797
271.467807755	0.0115029447359
271.712531108	0.0114737228147
271.920340895	0.0114497173629
271.585932415	0.0114875870115
271.706525087	0.0114723383422
271.932855162	0.0114451254747
271.759962125	0.0114654394546
271.843641588	0.0114544475682
272.1520801	0.0114185469968
272.273774751	0.0114038790884
271.954955864	0.0114399660543
272.283618043	0.0114043167765
272.352539777	0.011395106187
272.477820885	0.0113788270748
272.172738319	0.0114122134567
272.441163138	0.011384687675
272.400466465	0.0113846790805
272.475371474	0.0113796334766
272.579112109	0.0113661928896
272.643882925	0.0113559820363
272.681561894	0.0113523143031
272.732897354	0.01134686648
272.522206529	0.0113678573616
272.771557655	0.0113396434672
272.757814247	0.0113402990785
272.782386835	0.0113403732469
272.792188956	0.011337663968
272.878208744	0.0113270897213
272.754868941	0.0113427463099
272.924599126	0.0113220273799
272.666713587	0.0113482695873
272.703200289	0.011343861764
272.775179437	0.0113353175771
272.953236228	0.0113184643344
272.945459799	0.0113169291358
273.021026264	0.0113077920145
272.799128869	0.0113313659484
272.956469194	0.0113129941168
273.000511963	0.0113112484507
272.976095449	0.0113106003902
273.04900187	0.0113041398407
272.981378504	0.0113102804916
272.918640292	0.0113169181969
273.065936091	0.0113034207283
272.995325795	0.0113118147743
273.056627328	0.0113018226483
273.019987703	0.0113091356967
273.129008388	0.0112956333953
272.996153214	0.0113091097453
273.167426623	0.0112900002427
273.01460941	0.0113059216946
273.185617742	0.0112870289999
273.005131048	0.0113063538526
274.078159722	0.0111708465789
275.433652957	0.011001688956
276.706728142	0.0108483069143
277.519876859	0.0107477367814
278.483896982	0.0106324560069
279.223306494	0.0105455878059
280.066670308	0.0104445162731
281.069792047	0.0103302047293
281.742768978	0.0102516434977
282.289924153	0.0101906492481
282.889115165	0.0101235958025
283.259391128	0.0100804429014
283.777534993	0.010023178091
284.351222833	0.00995936581229
284.942649236	0.00989389902374
285.484390973	0.00983574017583
286.014570543	0.00977711410068
286.647539404	0.00970804633942
287.320976019	0.00962906605888
287.653663373	0.00959601786054
287.965566043	0.00956330725539
288.838508903	0.00946912679788
289.089401154	0.00944153501599
289.311221639	0.0094203435137
289.666760109	0.00938453730147
289.941702058	0.00935694738295
290.003039883	0.00934345826331
290.288055444	0.00931644409792
290.112423731	0.00933322168827
289.975480476	0.00934521323602
290.036184173	0.00934191794336
289.854318172	0.0093611582152
289.509915745	0.00939877298604
289.219706814	0.00943150962354
288.727909908	0.00948195582662
288.292713274	0.00952860083198
287.882625748	0.00957408812481
287.442003699	0.00962179669868
286.933181352	0.00967501682187
286.734146754	0.00969958470784
286.464867235	0.0097280825933
286.290170628	0.00974715309831
286.200365127	0.00975735715314
286.26114473	0.00975089664235
286.359706703	0.0097404707655
286.317157457	0.00974249058888
286.456652324	0.00972915348372
286.303276474	0.00974328333726
286.213643035	0.00975467479076
285.905359154	0.00978706753336
285.518697826	0.00983194461023
286.003883353	0.00977379859564
286.072121926	0.00976522780951
302.051252941	0.00816631983647