100	-0.04492	0.0	1.0	3.74252584158e-23	0.0
104	-0.03385	3.22366676357e-43	0.721862917753	0.278137082247	2.95891794861e-41
105	-0.03782	0.0	0.0	1.0	0.0
107	-0.03903	0.0	0.0	1.0	0.0
11	-0.09949	1.0	0.0	0.0	0.0
113	-0.04573	1.0	0.0	0.0	0.0
114	-0.007286	0.0	0.0	1.0	0.0
115	0.003295	1.0	0.0	0.0	0.0
116	0.04569	1.20817087986e-96	0.998773958937	0.00122604106322	0.0
117	0.04065	0.0	1.0	0.0	4.48107777864e-13
118	0.06937	0.0	1.0	0.0	0.0
119	0.1007	0.0	0.0	0.0	1.0
121	0.1118	0.0	0.0	0.0	1.0
125	0.1933	0.0	0.0	0.0	1.0
126	0.4865	0.0	1.0	0.0	0.0
127	0.6288	0.0	0.0	0.0	1.0
128	2.264	0.0	0.999998522154	0.0	1.47784592452e-06
165	-0.07949	0.0	1.0	0.0	0.0
166	-0.104	0.0	0.99997598115	0.0	2.40188499251e-05
167	-0.1641	0.0	1.0	0.0	0.0
168	-0.1349	0.0	0.0	0.0	1.0
17	-0.1289	1.0	0.0	0.0	0.0
170	-0.1028	0.0	0.0	1.0	0.0
172	-0.08469	0.0	1.0	0.0	0.0
175	-0.09824	0.0	1.0	0.0	0.0
176	-0.06736	0.0	0.0	1.0	0.0
178	-0.06712	0.0	0.0	1.0	0.0
189	-0.02554	0.0	0.0	1.0	0.0
190	-0.02304	0.389506424179	0.0	0.610493575821	0.0
191	-0.02501	0.0	0.0	1.0	0.0
192	-0.02166	0.0	0.0	1.0	0.0
193	-0.02629	1.0	0.0	0.0	0.0
194	-0.009444	0.999448204976	0.0	0.000551795023568	0.0
195	-0.008305	1.0	0.0	0.0	0.0
196	0.01643	1.0	0.0	0.0	0.0
197	0.02015	0.000439002929338	0.0	0.999560997071	0.0
198	0.05346	1.0	0.0	2.61480409492e-137	0.0
199	0.07191	1.0	0.0	0.0	0.0
200	0.1039	0.0	0.0	1.0	0.0
201	0.07304	1.0	0.0	0.0	0.0
202	0.02806	0.638432573827	0.0	0.361567426173	0.0
206	-0.003602	0.707267732372	0.0	0.292732267628	0.0
207	0.002702	1.0	0.0	0.0	0.0
208	-0.0153	2.87625570998e-12	0.0	0.999999999997	0.0
211	-0.01693	0.0	0.0	1.0	0.0
23	-0.08883	0.43872731662	0.0	0.56127268338	0.0
24	-0.07801	0.0	0.0	1.0	0.0
25	-0.0853	1.0	0.0	0.0	0.0
26	-0.08839	0.0	0.0	1.0	0.0
39	-0.07294	0.0	1.0	0.0	0.0
40	-0.05654	0.0	0.000369163353261	0.0	0.999630836647
41	-0.04188	0.0	1.0	0.0	0.0
42	-0.01611	0.0	0.999511590484	0.0	0.000488409516241
43	-0.02764	0.0	1.0	0.0	0.0
45	-0.03719	0.0	0.464977082339	0.0	0.535022917661
46	-0.04124	0.0	1.0	0.0	0.0
47	-0.02141	0.0	0.0	0.0	1.0
48	-0.02581	0.0	0.463997423906	0.0	0.536002576094
49	-0.04135	0.0	1.0	0.0	0.0
53	-0.05727	0.0	0.0	0.0	1.0
54	-0.03594	0.0	0.425716273191	0.0	0.574283726809
6	-0.06695	0.0	0.0	1.0	0.0
61	-0.06541	0.0	1.0	0.0	0.0
62	-0.04973	0.0	5.71935885548e-119	0.0	1.0
63	-0.04922	0.0	0.0	0.0	1.0
64	-0.06182	0.0	0.0	0.0	1.0
65	-0.05776	0.0	1.0	0.0	0.0
66	-0.055	0.0	1.0	0.0	0.0
67	-0.05963	0.0	0.0	0.0	1.0
68	-0.06501	0.0	1.0	0.0	0.0
69	-0.05584	0.0	1.0	0.0	0.0
7	-0.0861	0.0	1.0	0.0	0.0
70	-0.05411	0.0	0.0	0.0	1.0
72	-0.059	0.0	0.0	0.0	1.0
73	-0.05291	0.0	0.0	0.0	1.0
74	-0.0543	0.0	0.847537694521	0.0	0.152462305479
76	-0.05912	0.0	0.533905637824	0.0	0.466094362176
79	-0.05312	0.0	0.0	1.0	0.0
80	-0.05303	0.843539853075	0.0	0.156460146925	0.0
84	-0.1202	0.0	0.0	1.0	0.0
86	-0.1012	0.0	1.0	0.0	0.0
90	-0.05903	0.0	1.0	0.0	0.0
91	-0.05727	0.0	0.0	0.499008324567	0.500991675433
92	-0.06468	0.0	0.000131485220578	0.0	0.999868514779
94	-0.04933	0.0	1.0	8.39263043489e-121	0.0
95	-0.05021	0.0	0.998124307569	0.0	0.00187569243067
97	-0.04568	0.0	0.20525750928	0.79474249072	0.0
98	-0.04137	0.0	0.999097451966	2.01270902522e-40	0.00090254803417
99	-0.04395	0.0	1.16349438277e-06	0.999998836506	0.0