100	-0.04371	0.0	0.982774848141	0.0172251518587	0.0
104	-0.03329	5.81833974917e-10	0.545345179571	0.368185521585	0.0864692982615
105	-0.03729	0.0	0.0	1.0	0.0
107	-0.03849	0.0	0.0	1.0	0.0
11	-0.09521	1.0	0.0	0.0	0.0
113	-0.0449	1.0	0.0	0.0	0.0
114	-0.007168	0.0	0.0	1.0	0.0
115	0.0005371	1.0	0.0	1.07005686658e-29	0.0
116	0.04055	0.0115631579611	0.96998576571	0.0184510763285	0.0
117	0.01998	0.0	1.0	0.0	0.0
118	0.05015	0.0	1.0	0.0	0.0
119	0.07705	0.0	0.985118131233	0.0	0.0148818687671
121	0.0838	0.0	0.0	0.0	1.0
125	0.1715	0.0	0.0	0.0	1.0
126	0.4874	0.0	1.0	0.0	0.0
127	0.6318	0.0	0.0	0.0	1.0
128	2.291	0.0	0.0154283754848	0.0	0.984571624515
165	-0.1005	0.0	1.0	0.0	0.0
166	-0.09033	0.0	0.629031341822	0.0	0.370968658178
167	-0.1133	0.0	0.0	0.0	1.0
168	-0.1122	0.0	0.0	0.0	1.0
17	-0.1324	1.0	0.0	0.0	0.0
170	-0.08157	0.0	0.0	1.0	0.0
172	-0.07594	0.0	1.0	0.0	0.0
175	-0.08068	0.0	1.0	0.0	0.0
176	-0.05852	0.0	0.0	1.0	0.0
178	-0.05799	0.0	0.0	1.0	0.0
189	-0.02434	0.0	0.0	1.0	0.0
190	-0.02227	0.477218043527	0.0	0.522781956473	0.0
191	-0.02437	0.0	0.0	1.0	0.0
192	-0.02123	0.0	0.0	1.0	0.0
193	-0.02603	0.999693232343	0.0	0.000306767657101	0.0
194	-0.009719	0.903902254974	0.0	0.0960977450255	0.0
195	-0.008949	1.0	0.0	0.0	0.0
196	0.01466	1.0	0.0	0.0	0.0
197	0.01778	0.11247424071	0.0	0.88752575929	0.0
198	0.04994	0.999645743119	0.0	0.000354256880704	0.0
199	0.06694	1.0	0.0	0.0	0.0
200	0.101	4.30226623532e-20	0.0	1.0	0.0
201	0.06819	0.999999698014	0.0	3.01985924662e-07	0.0
202	0.02287	0.556419376497	0.0	0.443580623503	0.0
206	-0.00765	0.860728402378	0.0	0.139271597622	0.0
207	-0.0003949	1.0	0.0	0.0	0.0
208	-0.01838	0.0572429517257	0.0	0.942757048274	0.0
211	-0.01901	1.08506025644e-28	0.0	1.0	0.0
23	-0.09459	0.460530683957	0.0	0.539469316043	0.0
24	-0.08259	0.0	0.0	1.0	0.0
25	-0.08953	1.0	0.0	0.0	0.0
26	-0.0913	0.0	0.0	1.0	0.0
39	-0.08405	0.0	1.0	0.0	0.0
40	-0.06874	0.0	0.18021226441	0.0	0.81978773559
41	-0.03928	0.0	1.0	0.0	0.0
42	-0.02408	0.0	0.987253206592	0.0	0.0127467934082
43	-0.02838	0.0	1.0	0.0	0.0
45	-0.03217	0.0	0.515514021952	0.0	0.484485978048
46	-0.04031	0.0	0.998692753069	0.0	0.00130724693091
47	-0.03016	0.0	0.0	0.0	1.0
48	-0.03285	0.0	0.633794268821	0.0	0.366205731179
49	-0.04718	0.0	1.0	0.0	0.0
53	-0.07012	0.0	0.0	0.0	1.0
54	-0.07283	0.0	0.578161321193	0.0	0.421838678807
6	-0.06523	0.0	0.0	1.0	0.0
61	-0.06023	0.0	1.0	0.0	0.0
62	-0.05351	0.0	6.77659561214e-05	0.0	0.999932234044
63	-0.05474	0.0	0.0	0.0	1.0
64	-0.0664	0.0	0.0	0.0	1.0
65	-0.06119	0.0	1.0	0.0	0.0
66	-0.05812	0.0	1.0	0.0	1.69845031042e-23
67	-0.06283	0.0	0.0	0.0	1.0
68	-0.06736	0.0	1.0	0.0	0.0
69	-0.05757	0.0	1.0	0.0	6.2255204115e-40
7	-0.08143	0.0	1.0	0.0	0.0
70	-0.05552	0.0	0.0	0.0	1.0
72	-0.05958	0.0	0.0	0.0	1.0
73	-0.0531	0.0	0.0	0.0	1.0
74	-0.05405	0.0	0.726851276114	0.0	0.273148723886
76	-0.05787	0.0	0.596468997985	0.0	0.403531002015
79	-0.05294	0.0	0.0	1.0	0.0
80	-0.05314	0.769748801039	0.0	0.230251198961	0.0
84	-0.1178	0.0	0.0	1.0	0.0
86	-0.09655	0.0	1.0	3.90965211707e-18	0.0
90	-0.05467	0.0	1.0	0.0	0.0
91	-0.0534	0.0	0.0	0.291628963981	0.708371036019
92	-0.06072	0.0	0.0196461553291	0.0	0.980353844671
94	-0.04673	0.0	0.99995815035	4.18496500884e-05	0.0
95	-0.04783	0.0	0.918996696841	0.0	0.0810033031589
97	-0.04392	0.0	0.236873149511	0.763126850489	0.0
98	-0.03991	0.0	0.954482300889	0.0133005062638	0.0322171928475
99	-0.04254	0.0	0.055172708893	0.944827291107	0.0