-80.8515836711	0.600938370299
-18.1562550964	0.294094935265
-48.392074376	0.414640599016
-67.3562331879	0.514224177908
-47.1313375	0.4068676136
-40.8495776374	0.377826868599
-42.8920824774	0.393286260056
-1.07780163073	0.245609942635
-37.2064478066	0.366951162232
-6.44763010921	0.261920600397
-14.7556716512	0.287358789978
-48.9447167733	0.42146070077
-34.9343564406	0.357691228761
-7.66544421817	0.265343038397
-40.1476984847	0.371484219426
-47.1561294408	0.412202322466
-41.1297360676	0.385339819763
-32.7444132875	0.343580713293
-19.6049856079	0.303171768168
-18.3604484062	0.284011893712
-3.05870539501	0.251986101524
18.4588215038	0.197177003411
-17.2433603881	0.281558613354
-29.0299951909	0.333109386889
-11.3683169212	0.276316733854
-40.4257381405	0.382257765508
13.0433617445	0.209999188331
-39.3055553661	0.371645810602
-34.7328699705	0.356837396501
-81.4589818744	0.605429834465
11.4882682545	0.214065472795
-55.8546840467	0.45568547661
9.57687888579	0.21854060958
-14.3727530027	0.273948443722
-10.364645937	0.269455401782
21.1644720938	0.191079623455
-50.7458199954	0.422207628434
-18.982455875	0.290667430363
-33.5385347275	0.343547272089
-17.4436635921	0.288472176359
-4.92409638933	0.254229678615
23.7406955698	0.184920703341
-54.7471073883	0.445908620656
10.589399469	0.214431620702
-11.7410946671	0.277674987129
-63.5463647725	0.495848320092
-51.3551889366	0.433034531423
-47.1190822663	0.41044637356
7.12467051887	0.222983613262
-8.72375377319	0.266671871997
-48.3772532186	0.413886213084
1.23301671062	0.23770081097
-54.1520157425	0.445949028101
-28.7335083584	0.328285592306
-14.2209259322	0.28349152385
-35.195691771	0.361216699611
-23.4938442394	0.316642125296
-30.6177481751	0.343277737239
-21.0166551805	0.307509528067
-9.32674720343	0.25756111538
-4.50023956856	0.253274747705
23.2384738351	0.184821728252
13.4082686481	0.208494708628
-21.1755665503	0.298821087893
52.9409677177	0.133069493454
11.6651923425	0.213595528322
-55.5442385464	0.453868883689
-23.0870972605	0.304294856465
-20.4916991553	0.296298114738
-38.2273420413	0.372623092736
-46.8343269524	0.405671886762
-22.5596779462	0.313191438403
-14.1163256516	0.285212405453
-1.81851704801	0.235653301286
-2.50609485741	0.24946405856
-46.8051965495	0.406807913689
-8.69249661713	0.268238119563
12.8690209712	0.209457891301
29.0081433253	0.17565265024
56.256032158	0.128177987546
2.92813788851	0.235299514893
-11.9600804597	0.277531304169
33.1162805647	0.165461913648
38.5687983509	0.157390045264
75.3662624084	0.103228577307
-11.2022191713	0.265619685932
-22.2813218111	0.305923015665
-10.8768795158	0.26584967672
-5.05660040245	0.2570239582
-3.74537457783	0.243393960473
-33.4564486395	0.350176826722
4.47919930469	0.229754053053
-20.7490691856	0.295416722133
45.6897253709	0.144152749026
20.1461754223	0.192096868424
-0.817862526134	0.242543665274
2.17713317624	0.233618449483
1.41392651391	0.236624776052
-7.07836225595	0.254943894418
-48.2391578701	0.417791885399
31.9861512674	0.166974764714
37.4979059776	0.156994974157
17.2894926193	0.198020356068
-14.7996945795	0.277323221251
17.9091066756	0.198857964871
37.1004057372	0.159952568365
-25.2032357748	0.321396329266
-13.4927327565	0.279589581587
-32.4182017055	0.349428238268
12.4651438125	0.211397691721
72.9997915035	0.105864355368
33.1384980481	0.167383619032
18.4449171555	0.196483367787
22.3546057234	0.1888406395
72.0434185824	0.106891918817
49.8514788077	0.137475416997
-12.5131050242	0.279875241232
2.55930135378	0.224958115078
54.9951047834	0.129495243877
26.1801522784	0.180021635683
14.6436908568	0.206242863242
11.5494507266	0.212520075672
-40.3994020938	0.377851854218
8.70473723008	0.220102947306
-18.1427585551	0.298180561059
-16.3746632139	0.290318187964
-6.53186550474	0.253506165243
-6.70606037096	0.261636367612
-33.2202197095	0.352957852369
16.2476175059	0.202380439804
89.3768148406	0.0882444261754
5.38917938729	0.218180185385
65.3983084061	0.115298819504
-26.051740883	0.320554690835
-36.0908924419	0.358239931589
-2.63866974401	0.24212606727
38.0346751668	0.155982361915
4.90514231817	0.220914607529
56.6266670461	0.127975953461
-27.8860786361	0.326913661335
-24.1665285395	0.311353313292
-0.889286711674	0.23577836306
48.643028739	0.138705057006
-4.66365176593	0.247870387397
63.4286486158	0.118470012788
-7.32109112788	0.255736191133
84.7533643408	0.0924224476704
-10.4224296256	0.271741508442
-4.77697610784	0.25299464264
-23.4000690685	0.313842111848
35.6218799591	0.161991581213
24.0568006696	0.183603410555
13.8880567146	0.207360587195
13.2488624353	0.201713614222
65.6208382981	0.115866099436
1.72755174335	0.233383632628
20.2827482694	0.189904671876
-22.1910315021	0.312090544991
-8.10838548638	0.261185141686
32.92382119	0.166982771889
-46.2664420091	0.405491170672
-18.9343831421	0.299689135101
5.32209371331	0.228820628812
1.78329235585	0.227635114113
32.2548267265	0.168635487535
37.1343540114	0.159412812989
-25.4984868205	0.316714609674
50.0774280333	0.138075272504
74.5714275099	0.104715595259
44.3595645403	0.147050918747
90.8313572327	0.0866605017227
-12.9246388989	0.280606875547
-23.0179091251	0.315097982686
25.1279465266	0.182971678912
-1.23045728856	0.245784627974
-17.7504537058	0.296154635404
83.3019865938	0.0950960951717
72.7986913504	0.106035758508
-23.6048299078	0.316882449668
-33.9889584335	0.355697125085
16.5808713007	0.193779887847
-13.2718974028	0.275650183533
65.4780979587	0.115888619868
-5.73536310184	0.258667716254
1.66582021251	0.229665548759
29.5359349226	0.170302687764
20.7810214548	0.186547415497
18.8803480438	0.190367030185
12.6303567846	0.205721229502
13.052973977	0.206219319584
11.2629650663	0.210405942932
13.0905430419	0.203059899182
93.8344809765	0.0845033945295
12.2137567261	0.210280611531
-15.3621540095	0.283539987238
5.64347789973	0.22403882647
-19.7755045195	0.297422744625
24.3420315643	0.180014396317
25.3321204085	0.177629717377
-17.7524432835	0.296140998384
49.3803403416	0.136374971746
21.4734940171	0.18586329015
-2.28653223545	0.24349381889
40.7219874567	0.150391210284
16.9735486299	0.197619030121
27.0670099549	0.175459960328
-13.7148847796	0.281341386742
8.22991667266	0.214655352385
-6.77761880467	0.255355998486
-6.36710338497	0.255714553227
30.7467363575	0.170328824369
-5.90109372819	0.253330807087
20.4838742521	0.185833466614
23.9759488772	0.18009406234
18.2626899026	0.19590187426
-3.39651518746	0.244488996073
46.6877238134	0.141381151361
48.8997707309	0.138438772292
48.7541311964	0.138117748631
29.3700153505	0.173631913511
-7.19214508011	0.259523674135
54.0113041115	0.12933211285
-0.0726989143863	0.242997895449
-7.78009515381	0.262510410122
-8.60202251793	0.260732567197
-23.5484744377	0.310549023819
-5.25742152613	0.249077325048
7.26118521302	0.223262111166
81.9630633686	0.0967392678287
46.4365406202	0.143248952751
76.2693879333	0.103026840119
40.9653767257	0.152324535495
22.373576474	0.186143773792
61.0959169451	0.11948317423
-24.7451963253	0.321206972361
41.2797968398	0.151840584145
53.6017660798	0.132200277016
10.7919268568	0.211681565416
99.903670989	0.0785884167529
-2.97762921162	0.250616139891
44.9073477052	0.144641875133
-8.63322219158	0.260781039972
-2.21289713698	0.245868704688
1.99646934308	0.233491277065
2.94449999653	0.233449311528
-3.63962931833	0.251147690867
17.7563116228	0.191655601728
17.2525077366	0.19838810592
39.1578337708	0.152766272287
30.4717987875	0.171179918219
3.21535685048	0.229910751633
70.4449678507	0.107626894997
-6.66185819476	0.254904069118
36.5012880482	0.16053596399
1.66909275893	0.237750973513
100.995223172	0.0767397980001
42.0790816994	0.147920116232
-5.52822687165	0.250389206398
-9.82628828528	0.261876053459
35.6725208908	0.161085022031
25.1832712672	0.182500024001
98.3551800537	0.0793543173772
-5.25102746599	0.249434626684
-1.09005026127	0.237292254746
-10.7599291221	0.267396019531
77.7792765842	0.099046721078
18.9154060155	0.193522372812
10.0510253039	0.209584590573
25.2670711353	0.176816818395
71.4575068027	0.108472658434
28.041606793	0.176767669315
43.0168261353	0.148759064345
113.24967626	0.0677670288365
9.12955594489	0.214438069005
15.1517564116	0.19919794758
9.07296635209	0.211993948235
5.40363232972	0.222472568674
-5.904900794	0.252098093
110.157484984	0.0693535502569
20.4003190017	0.187985355917
45.0823152928	0.145918780551
3.10548914102	0.227862725729
95.5321400431	0.0816514416567
45.2169504224	0.145452342463
-5.37977097096	0.255918413744
77.6060365908	0.100089486882
61.7046360976	0.120882782528
20.1597489842	0.188965904895
3.92886662765	0.225183693913
0.554114845022	0.238286827704
116.41818365	0.0649886505816
1.44966432573	0.238706327323
113.306516534	0.0677409002865
23.6165298279	0.183663535133
26.1377160769	0.180299060496
27.2276216158	0.177077645137
83.483098436	0.0948969035573
95.4972894663	0.0829129143279
30.1005899619	0.170987043912
0.144517290082	0.236800302429
28.5676347313	0.172154528875
40.6054270696	0.150132749166
10.6293828454	0.212707440563
6.09026114026	0.218859264668
31.0912893214	0.168900469545
27.6896104974	0.175827801596
116.088474982	0.0653039980531
46.3315675067	0.141172337547
-5.11258380073	0.248602781912
55.2370866062	0.130292408185
18.1774087633	0.19396942719
51.5182766568	0.135775374582
38.6584625579	0.153705576615
31.8911213211	0.169067598515
46.3554995013	0.143534650319
88.6700457811	0.0882294314348
10.7806197206	0.208457001255
45.4090037079	0.14508441847
18.9769336565	0.189682889332
50.1393549118	0.137869890302
0.522062236942	0.237822398099
54.9776550581	0.1306719368
88.3550742621	0.0901394775482
78.6241869724	0.100300089491
97.7060972373	0.0804821925713
50.1801940901	0.137713164885
118.882336227	0.0633976859379
73.5873710356	0.104093714496
-2.53843305724	0.245699320718
110.883988882	0.0687337554442
80.3954396694	0.0985287672296
13.2404169533	0.202138342282
5.63074773325	0.221939069177
37.2854357257	0.15541431873
86.9117938264	0.0894972346913
36.146475051	0.160607534238
-2.45557300098	0.246565073167
20.5387296434	0.18825716506
67.6218381675	0.113538235994
20.4228857435	0.190552519284
19.3787394328	0.188508075825
39.1669341597	0.152667778812
8.29220045994	0.213414185423
39.6648037536	0.152053841214
71.6650355922	0.108309331319
30.7328202243	0.169888129928
59.9782974698	0.123587832694
42.2042719892	0.148329732844
44.4448193743	0.144138912243
5.37291356618	0.222079971319
58.965723591	0.124934448587
41.5103781175	0.148768295016
73.966824819	0.105841277643
79.0942956611	0.097801311727
41.9937809257	0.150161250187
78.5467752713	0.0998513715571
64.8563358249	0.114601738208
16.6737413444	0.200470523171
33.0970089042	0.165828692621
71.5046903534	0.108765041459
67.0784793995	0.112210133743
14.4794002245	0.203082865398
32.9917265023	0.166902730227
111.717711941	0.0686906332876
88.4325322856	0.0880732341781
53.6458753301	0.131744227881
46.1056748327	0.141423333528
123.625460734	0.0595505573603
12.7053376956	0.206229345978
46.8076955287	0.140616212362
107.240085397	0.0716172229831
0.479353555379	0.235733960984
78.7264411617	0.0986389107348
36.3305104343	0.157514633237
36.6930027824	0.156509684135
14.6232413125	0.20150863333
10.8308991827	0.209181012234
13.7658910567	0.202974236488
15.8637027075	0.198179386694
75.3925325925	0.102707059522
50.6328627113	0.136658311558
64.8763184198	0.114499871712
10.8893760279	0.211266692243
57.3001685331	0.12469441552
45.0665769082	0.145686004352
49.498984734	0.136108835639
21.060500095	0.187836830561
85.690319875	0.0928715404058
43.6121119506	0.145908374763
86.1077821932	0.0923254128427
91.8833174813	0.0866750123252
70.5507498522	0.109780154783
99.5358691103	0.0782450142595
41.002321133	0.150080029961
45.7929964609	0.14369386108
97.3004344452	0.0809689055712
61.0784585824	0.119439707074
62.6755232373	0.117874745378
15.675385215	0.197475654771
10.7091857576	0.207955176383
84.8895556974	0.091454147268
42.1238480256	0.148470050693
105.046710058	0.073808790017
80.906719638	0.0959134071874
94.2019753092	0.0838024131203
22.8630731942	0.187166953258
75.3363525244	0.104003739895
48.5245387853	0.140403131858
115.992673327	0.0649452421185
36.9978671917	0.156317069998
49.8120982417	0.135782404286
47.0583376623	0.141447790531
53.5054206179	0.132586505196
91.2016548113	0.0867996791629
114.627340359	0.0665066549292
100.128567924	0.07748968057
70.0755018416	0.108518177546
53.6013860619	0.132111846145
66.7792689197	0.114434473398
88.499188552	0.0895882322352
53.1626681246	0.132587810643
72.7865846092	0.107054278654
99.4600819712	0.0794998218163
54.3986337653	0.128798933146
67.1362882136	0.113927478588
116.301746583	0.0651338476092
50.567935364	0.1356638588
57.8506638694	0.126300262435
104.590303128	0.0732912166401
98.3180718183	0.0800411492449
36.8218001094	0.159955271245
92.2941312316	0.0847302225417
63.3284320541	0.116671757141
63.668576999	0.115960802326
66.9629329259	0.11408907018
75.524289691	0.103216279942
46.3844760498	0.14174706173
64.1365639843	0.115478846409
122.363828877	0.0608659990641
104.887497204	0.0740164388811
110.635818521	0.0687963601529
70.9121053938	0.108345900771
74.4022236103	0.105236129182
92.9875242736	0.0856067636525
68.1528432869	0.112494487317
131.33844215	0.054565650864
27.6963822486	0.175174673319
47.5554281383	0.13924712324
99.3066542893	0.0795441330394
71.3098275211	0.106376720369
88.4544305091	0.0886345870717
54.4294538435	0.131439522739
110.080813565	0.0700096816201
60.7552698904	0.122063792686
73.0527905648	0.105687830289
82.1003587865	0.0966822356807
112.89383303	0.0675987977244
123.349540977	0.0601187726914
106.29038383	0.0736660428673
64.7245331764	0.11555289105
85.1927161782	0.0933215816665
109.622936885	0.0702451230355
80.253229259	0.0985758852242
68.7035775252	0.11186220142
65.3116397966	0.116284546587
104.849862816	0.0730720592287
52.1213312099	0.1339875099
104.357754753	0.0733169267835
68.7060623546	0.111905623403
74.027546915	0.103418699895
59.8871270107	0.121182854028
73.4301635022	0.104733240075
137.988250387	0.0507419403913
98.7006413138	0.0784256139474
39.9775902623	0.153763666057
86.636653871	0.0919304129048
62.6043252031	0.119893528889
139.609449853	0.0497380512485
64.1775088097	0.117628554178
116.507427661	0.0649688783244
97.5231138033	0.0813340913781
98.0136939183	0.0809390338798
39.401354705	0.154914216118
61.5615435672	0.121396332391
63.5110217259	0.116515261062
107.46345004	0.0724866030361
126.665263167	0.0580321201868
47.609539936	0.139438630819
61.4120144116	0.119007229831
125.553260405	0.0589473881254
101.77285513	0.0775841338427
66.5673768972	0.112166347949
69.3127488931	0.110316889267
57.6535361628	0.12439450913
128.258792673	0.0572000343926
62.0095471222	0.118264501929
109.908277833	0.0690676890979
66.7641522465	0.111872326318
133.212049233	0.0535105232341
44.1701320183	0.146985301328
86.4686942407	0.0919405660903
36.3389436498	0.159510634353
116.454081854	0.0656264215267
86.6773454301	0.0917078287739
34.9043367848	0.161570838576
132.492665244	0.0540124337627
54.9796117865	0.127981994911
125.4247543	0.0590029860244
41.188347895	0.152115167272
38.6886586332	0.15381919225
100.430886632	0.076784719461
87.4900146327	0.0910006428487
114.941944212	0.0666577859875
98.0140217599	0.0803541240543
80.7773698807	0.0980791702176
28.0355925079	0.174482501024
81.441536428	0.0956662482676
124.259462786	0.0600012265883
69.1292421928	0.109409323789
34.6235122063	0.160976547528
73.6940186189	0.106110301196
66.4258003568	0.114711294069
69.1283757923	0.109876437481
33.174756724	0.16384384662
112.541722773	0.0678261678777
74.5860362132	0.10504591469
76.7551213382	0.100910263192
50.1277217022	0.134331197224
47.1423052464	0.141660786419
35.6298219549	0.159385534804
138.085245366	0.0507123446121
100.541125786	0.0767994101057
57.3385222635	0.124915404659
36.7453806666	0.157556127722
51.6598358357	0.133305188719
32.4110565472	0.16489002065
97.4309644869	0.0808980327948
103.618086804	0.0759574688497
115.792015218	0.0658452344202
130.869558239	0.0550245889958
63.0012274406	0.116903864617
102.819448539	0.0764934638245
56.536222161	0.125178220018
73.7037773488	0.106106638158
75.7370444753	0.101299641468
56.7559918615	0.125736860918
53.5070376916	0.130213111138
94.54816003	0.0834904601805
83.8558368931	0.0927300482097
128.035421409	0.0574328321221
56.8032038512	0.125745276431
56.2017813165	0.128251712361
68.7686315701	0.109922953575
53.2282607698	0.130806071527
44.7277773487	0.142962686649
59.1687528057	0.122339542881
56.7822933452	0.125340196423
69.4248324401	0.108623993758
94.9241361311	0.0832506106741
122.809140179	0.0601841987227
49.4114288551	0.138152077254
60.8755466277	0.121870930287
108.338313574	0.0719550102689
95.8904238042	0.0813280591152
94.8270296148	0.08304577631
101.488696776	0.0759690759944
64.6383443188	0.114749817568
131.357478095	0.0546795501683
102.551631771	0.0768976451043
60.4561875595	0.12273994493
68.1850046998	0.112827098097
113.169299587	0.0681219320635
111.579490881	0.0693297253162
95.3553692394	0.0827672329989
79.4994937019	0.0977934434003
132.032804975	0.0545547124866
125.230329575	0.0592731411453
67.4750801536	0.111032463233
109.889586166	0.0707260403921
72.5204662035	0.105186381358
91.8793778056	0.0857681957635
78.2289935904	0.0993449534884
100.493948542	0.0785875327339
70.5809414745	0.108230841374
137.187943484	0.0513214663688
90.4961618019	0.0875103980239
64.3470479787	0.115168621179
107.425040093	0.0722589541705
102.566363676	0.0750574406416
91.6253876104	0.0850940099354
94.6401410603	0.0836695762674
125.409483379	0.0590131022465
45.1087853665	0.145698500623
87.3663773654	0.0912056386433
112.720812461	0.0680161175081
89.4110887057	0.0891233559264
89.1671640309	0.0874478755361
68.7957287486	0.110361493868
123.209417115	0.0599704313053
99.5968180721	0.0779264251445
78.787655016	0.0986170770508
116.195581394	0.0643347100809
119.175517955	0.0635912059365
83.3389077036	0.0936131415646
113.789598273	0.0669011866985
104.113632159	0.073931344333
116.841966367	0.0653429750617
128.989923352	0.0561845107729
117.552961777	0.063228349553
88.1391105554	0.08883995894
118.461241649	0.062606310127
98.9132074212	0.0800678644724
109.645730954	0.070856862637
117.038512498	0.064420167153
89.2786511822	0.0892694470803
74.7759006441	0.103218654939
139.212995503	0.0501335979496
150.97045069	0.0439729963379
113.717069346	0.0660261228549
90.8088145773	0.0873588488618
104.299010336	0.0735787750304
155.964766933	0.0417031222345
53.8320723556	0.132298770493
139.340662641	0.0503469020539
124.443796599	0.0591351612584
81.319477585	0.0975524755054
99.9392322776	0.0779805602795
92.817660439	0.0858334858946
133.631060299	0.0533605033405
126.848971752	0.0575331247884
131.912210547	0.0544113164662
123.104308507	0.060661810773
101.655192683	0.0765181469077
123.112095658	0.0600364064057
136.096076757	0.0516131610357
105.753795425	0.0733035958861
140.672684484	0.0492846515338
126.333719167	0.0582448361848
154.885444544	0.0421628175934
93.9374481955	0.0845243522799
97.7268626492	0.0802592615733
133.468187136	0.0537638681893
144.010383866	0.0475802368598
106.51021848	0.0732106265099
135.748944172	0.0521405183987
140.923153632	0.0494573747093
117.129636753	0.064083101145
154.989021791	0.0422688364736
149.559224523	0.0448700504465
150.065082042	0.0445230593334
104.325043934	0.0753166709548
144.871485117	0.0471664014164
106.351263599	0.0735409189735
150.05720061	0.0446511639283
83.6973485575	0.0948088584103
129.032099449	0.0563974120193
117.809166095	0.0645848974471
152.825432909	0.0432333673425
106.734309261	0.0730819449996
160.143058967	0.0398814373903
93.4566719949	0.0849779283717
145.426070588	0.0467921474541
130.455704587	0.0558734338036
135.317391706	0.0521804721027
132.155119675	0.0540871036686
112.187063184	0.0675182886664
104.752032282	0.0746433547904
139.154261014	0.0503773929314
95.1039830947	0.0835474310502
147.016807866	0.046007460474
147.008648244	0.0463856757399
139.492757063	0.0497256797004
159.485154308	0.0402178325544
119.851746689	0.0625167994729
169.437976343	0.0360708945766
123.872682402	0.059857032439
117.375169013	0.0650757632519
117.651835349	0.0643469590662
123.264053204	0.0608467606275
173.944885288	0.0343414446357
101.863335095	0.0775810633528
128.265391183	0.0571160101366
130.829254677	0.0557043873111
144.914180346	0.0471439504878
105.232287392	0.0745014971457
140.111845381	0.0497598231851
124.730588797	0.059874433583
170.17653933	0.0357141251742
124.464639321	0.0599760778066
178.41766628	0.0326536321113
103.983614371	0.0757639560814
126.968523715	0.0578962386232
115.739820183	0.0663073747583
149.131577884	0.0450396562263
124.467022986	0.0600572274666
167.856039343	0.0366379386593
105.124134845	0.0747977980271
135.39143325	0.0526574405351
109.045928586	0.0715607164937
123.567693659	0.0602471545216
124.081577741	0.0603121318158
135.774912426	0.0522928088279
120.154129844	0.0630751024193
185.720397797	0.030162762291
95.4351824291	0.0833200871226
152.559550069	0.0434078458994
111.817169711	0.0693588531809
147.705928646	0.046081290015
92.6987901436	0.0859454908248
165.952904384	0.0375673253587
104.35148333	0.0752384431907
187.043356615	0.0297338577709
103.736246939	0.0758299736421
187.652930788	0.0295695568432
110.114533463	0.0704950451657
174.968587299	0.0339693585888
124.669622594	0.0598396678319
138.530189491	0.0510344537687
107.192363961	0.0728839925452
137.799988768	0.0512696557868
105.136444083	0.074707937565
147.866252112	0.0457300000046
127.388069893	0.058077265032
178.139974092	0.0328044399092
128.047377438	0.057673724543
155.668978966	0.0421087280049
107.108254447	0.0729181706063
180.151913663	0.0320634508484
112.356959735	0.0686401966034
142.214334944	0.0489897364757
133.877469167	0.0539552246229
156.731609851	0.0416388273814
130.692933203	0.055942857105
169.093324693	0.0362989460264
107.56829832	0.0724412257734
164.830432172	0.0380060847458
145.147061123	0.0475142622811
170.947634483	0.035558471801
139.508738718	0.0506400871898
141.379154888	0.0495405203661
135.209572769	0.05316882204
155.516904997	0.0422326116739
139.125180975	0.050821827546
126.616296238	0.0585669526447
126.789205975	0.0585183649903
131.088286772	0.0556243546161
131.631125427	0.0553486510539
141.034518317	0.0496989833461
130.725086625	0.0559433966324
146.779623971	0.0466087060059
141.542040352	0.0494838189176
154.80678612	0.0425062782131
155.40110561	0.0423323704485
135.214901571	0.0529897281475
153.328175285	0.0433333711553
130.408451559	0.05612034237
138.849064688	0.0510226963108
139.670279356	0.0504694709846
147.690336249	0.0461523594894
141.451508011	0.0494786470195
128.192741448	0.0573872593234
157.355965918	0.0413338079135
126.600388058	0.0584052814755
172.185791604	0.0350492926731
152.716899904	0.0435627001003
181.736956607	0.0315517126124
140.674724799	0.0499615040589
133.413135679	0.0542597008742
132.80003703	0.0546517504625
126.111534909	0.0589296026104
150.605760919	0.0446631366098
145.992887958	0.0469353256922
142.62482612	0.0487100456841
177.602896501	0.0330717312924
137.962538277	0.0514934143905
147.000893283	0.046432985936
146.108311246	0.0469664662887
149.655995284	0.0450991798612
134.926262268	0.0532192932979
175.366185304	0.0338631799292
137.600137545	0.0515510821197
179.99402431	0.0321720317788
161.233489361	0.0396085257088
166.024780082	0.0375623436837
148.418384495	0.0456920020434
171.615033123	0.0353138127473
147.434571635	0.0462209965469
169.301375576	0.0362655486425
147.540396122	0.0462558977195
139.793413573	0.0503492533779
143.507019192	0.0482544290038
139.372735422	0.0505709031884
128.946489294	0.056855466607
146.359269369	0.0467565873077
165.044822286	0.037986529442
148.567788283	0.0456419720983
152.300817412	0.043805122232
167.055122009	0.0371780676891
140.97247501	0.0497806380259
138.122472515	0.0513319981434
153.125829739	0.0434358142199
135.396413841	0.0530545042087
129.933291331	0.0564619008514
141.722725621	0.0493640476493
126.021518188	0.0589762976784
150.470374275	0.0446734164303
151.59433154	0.0441906548438
145.783960046	0.0470716089491
161.505948824	0.0395128551699
164.723273138	0.0381083248071
139.545438759	0.0506418670153
156.591379507	0.0417351396482
136.288656548	0.0524064593575
153.734851418	0.0430229879792
131.372405618	0.0554144793006
158.689896675	0.040752457788
125.87783178	0.0589889951148
160.408980952	0.0400411155488
145.498248285	0.0473401840139
143.887388711	0.0480919199979
154.414954821	0.0427566526012
172.860966185	0.0348638388583
142.100904837	0.0491012627275
142.232505514	0.0489421483969
144.114214213	0.0479978357546
138.020927128	0.0515158859076
122.663069363	0.0613355619636
158.641312926	0.0407942723856
133.982669213	0.0539378130756
153.581773284	0.0432117409179
119.961834647	0.0632269357287
168.651364883	0.0365066317962
132.144945786	0.0549518382156
160.195301135	0.0399797872787
126.638585494	0.0586181992227
159.367471278	0.0403492768275
126.889052932	0.0582810020481
182.139348009	0.0313472240608
141.451802432	0.0494999838302
162.533722355	0.0388843989559
144.499256935	0.0477918879256
187.633172483	0.0295480053015
138.773688222	0.0510751714333
155.800820527	0.0420860999934
117.735359866	0.0647365785955
184.169883049	0.0307212891207
133.905648717	0.0538322777879
186.576124863	0.0299198720249
137.054827964	0.0520867442322
145.02545974	0.0475694520285
125.534989143	0.0593713053364
171.220463789	0.0354826582589
143.178465527	0.048491352693
177.560167864	0.0330762268125
145.903323774	0.0470363046499
160.518437695	0.0399120295073
138.61585338	0.0510529309546
139.459489158	0.050610785184
150.945132685	0.0444408681638
155.159689589	0.0424156709195
127.324841685	0.0580456433752
168.179467906	0.0366334156306
140.08923716	0.0503453600465
156.266315375	0.0418828716656
126.465319461	0.0587367710637
152.644062041	0.0433035591637
139.973313529	0.0502857832613
187.376920618	0.029649072455
123.791500283	0.0603826323422
150.057974826	0.0447315014121
146.685128494	0.0465945755708
154.618240468	0.0426108891062
135.081190045	0.0530714936751
185.038441437	0.0304414241105
137.728945857	0.0516839931994
193.259267933	0.0277566771991
130.763867835	0.055930761286
174.256572679	0.0342615543861
145.275565433	0.0473622673316
157.733816117	0.0411404044822
147.767038695	0.0460315332533
164.558101146	0.0381024525318
133.067308024	0.0543445421744
169.698079308	0.0359571037594
139.357088024	0.0505989608792
177.309621692	0.0330884054758
139.381856283	0.050586901943
152.693985588	0.0434575260757
146.157476301	0.0468349410198
168.547940934	0.0365365711904
145.400592842	0.0473836921236
186.075760316	0.0300510571644
140.283296477	0.0501807147323
172.887362721	0.0347640727406
132.923213041	0.0544526201088
166.02148842	0.0375296195648
173.020969018	0.0346743393268
156.743566498	0.0416431001222
157.970920462	0.0410507934927
138.641332081	0.050960305061
152.10432657	0.0438621217328
144.685769552	0.0475857876535
169.524945456	0.0361251417814
137.415845412	0.0516601888997
135.925073091	0.0522325486711
119.987636888	0.0616731859275
135.803253034	0.0523372078468
143.34406589	0.0478390384932
123.934575996	0.05940579787
131.646075627	0.0545790232964
131.630090809	0.0546144114919
159.75725809	0.0402908920938
135.750064844	0.0527224315648
129.309184096	0.0568517357598
124.782464798	0.0597015453535
143.05104896	0.0485837630024
142.899863347	0.0485729678552
178.191342163	0.0328218978715
150.54446703	0.0445129060318
180.266595228	0.0320435682664
166.257683837	0.0374950966034
159.745488058	0.0402481588768
147.849208735	0.0459686850667
162.035192852	0.0392960666533
174.523885524	0.0341618848104
157.385560903	0.0411895681245
161.128263681	0.039557321206
175.802295392	0.0336785245648
155.036704281	0.0423450432981
179.398026876	0.0323807415196
176.652738927	0.03337782367
174.901558723	0.0340788374022
148.001762464	0.0458864059306
171.772123693	0.0351122094315
173.158067939	0.0346301655689
170.668019136	0.0356457902292
184.477840261	0.0306257907579
187.575867406	0.0296138643125
147.418063585	0.0461676610932
164.463952553	0.0381427453536
160.195753179	0.039935753138
152.271233523	0.0434700706207
150.537503384	0.0443547434675
157.096911979	0.0414915340641
177.764003071	0.0329228169727
152.095377574	0.0438360591506
186.826075944	0.0298103632507
159.286259814	0.0404456266752
175.897365113	0.0337101066484
149.61308739	0.0451048415315
163.923580971	0.0384941226744
166.561547059	0.0373203329052
166.548774507	0.0373987979799
152.146655541	0.043795535301
137.184857243	0.0513620719982
134.375119683	0.0530640419059
153.250123519	0.0432499819787
133.034947122	0.0534992504606
144.336196659	0.0475004537505
156.517199751	0.0417400968321
155.818946095	0.0420441415189
138.61140687	0.0511163399313
154.694142719	0.0426384382728
166.843264292	0.0372473136169
179.399340355	0.0323408554332
130.680765403	0.0559726849726
162.704731812	0.0389862657741
156.650906941	0.0415779354992
181.093410488	0.0318065050734
138.121677585	0.0514788163307
150.149077415	0.044919675393
138.995867521	0.0508944770785
143.941302394	0.0476712760404
171.94693643	0.035162477613
167.474005937	0.0369171696596
157.990176568	0.0410396850869
158.88711419	0.0404196854742
189.995836308	0.0288010743601
162.681312184	0.038814946785
134.872277631	0.0533694801921
148.634230181	0.0456430679694
176.635572697	0.0333878256551
172.405325929	0.0350026278674
169.947529744	0.0359595025828
141.140938061	0.0491434663504
146.666983593	0.0466149833331
138.873397996	0.0508394853599
177.983213778	0.0329129851598
175.96872349	0.0335292729715
165.247407371	0.0376683399533
173.648665749	0.0343817087287
154.155447149	0.0429386683557
150.937032006	0.0441062542031
144.341971543	0.0476895798923
164.206147137	0.038233173278
157.150588542	0.0414589050099
158.074518476	0.0411140602084
163.733222543	0.0385534125931
170.017629485	0.0359794083
172.28791207	0.0350209145754
176.503157007	0.0333162269359
170.201286185	0.0357321545171
139.444999566	0.050089636477
169.190563827	0.0362768267263
177.867688818	0.03280894747
177.269943694	0.0330996838936
172.220264923	0.0348987724478
183.727136169	0.0308543643077
185.912140705	0.0300738769228
184.600498525	0.0305567176182
167.059853115	0.0369292910015
172.67079126	0.0348538507671
180.196710657	0.0321179142888
162.340477998	0.0389340089446
167.994620737	0.0365557641225
163.811301658	0.0384825702354
163.039823249	0.0388501773291
175.598565633	0.0336741036986
163.265935816	0.0387313544
147.192647581	0.0463981474562
181.558456024	0.0315730497125
164.989765694	0.0379437815728
159.206357545	0.0401805737744
172.950212334	0.0347432649531
180.159264091	0.0320084439233
149.341369039	0.0450073962018
148.568252402	0.0456604405935
174.699374251	0.034022378476
174.678446356	0.0341617194601
180.858665106	0.0318625711207
155.268613006	0.0419881795543
164.89704373	0.0380007914404
163.231259211	0.0384591872985
167.086974638	0.0370989956009
160.404481234	0.0396883511183
166.55012518	0.0371302196985
158.479315747	0.040552714442
176.133099681	0.0334637532272
160.353362307	0.0396962298106
172.785884106	0.0348160003164
166.428343282	0.0372311896578
185.845670882	0.0301667544525
193.263901255	0.0277552335803
185.57981237	0.0302454262894
172.986357187	0.0347531040446
154.598093072	0.042567497392
167.118148547	0.0371169985408
179.923322392	0.0320885300052
170.185144304	0.0358297869007
158.27977096	0.0406702376206
181.408770226	0.0316419057098
143.260380693	0.0480375212564
191.902759349	0.0281500054098
172.574890266	0.0349285143924
184.631113423	0.0305533848944
182.133890201	0.0313634100283
176.701596234	0.0332753132156
179.267391265	0.0324242187948
161.269127158	0.0392861338245
177.742143804	0.0329211704849
168.591841801	0.0365068903501
166.893819544	0.0371651531366
131.734721851	0.0551355850259
173.361820888	0.0345180362759
183.169798986	0.030953388171
172.139498158	0.0348975436421
174.383448075	0.0341330085203
177.953280042	0.0329212684549
170.231463761	0.0358492765237
183.561336267	0.0309391272247
174.812004805	0.0340922473997
172.294577701	0.0350951376646
176.779420954	0.0333656830617
161.107607981	0.0396723543937
170.525881388	0.0357660609084
171.893220202	0.0351848799456
180.092003325	0.032159641738
181.275060093	0.0316830271382
175.942076352	0.0335926287442
170.140757438	0.0357895203207
176.693040679	0.0333775050799
174.26299482	0.0341663309968
178.298779573	0.0327900304566
172.865218542	0.0346680011588
163.7684525	0.0382830155929
173.459018229	0.0344006538953
179.828015192	0.032228606374
168.504876137	0.0364880712525
169.847726346	0.0360174941287
175.126260496	0.0338266483779
159.939507898	0.0402473948562
187.825884796	0.0294896481066
183.501765351	0.0309560493419
178.155603055	0.0328184407002
168.618310656	0.0364805107928
170.222292038	0.035594829031
186.135150878	0.029926185945
168.165583595	0.0366958986018
170.150915392	0.0359030161146
171.754369378	0.0351681429423
180.091992527	0.0321075721518
172.575057883	0.0348835597939
176.712306327	0.0331036027703
175.803843873	0.0336252391081
175.464909649	0.0338245180747
180.292202516	0.032012782548
172.990532095	0.034721689072
172.917252654	0.0348345496169
185.005183266	0.0304230625892
178.192139424	0.0326357028105
172.665051272	0.0349333006219
176.653963073	0.0334309681333
172.482211784	0.0348200816483
180.602329578	0.0318505000977
183.385880995	0.0309592101229
183.022450738	0.0310663195256
174.903371261	0.0339602531933
183.128181965	0.0308977136748
177.83625136	0.0329665196384
182.784251093	0.0311958652161
165.393240838	0.037856118323
161.866117219	0.0393778988083
161.659846738	0.039468670868
167.237993418	0.0370780921616
171.020913337	0.0355530978347
164.754491868	0.0381480458901
172.586913979	0.0349454534587
163.675939335	0.0386051628772
165.601753601	0.0377751826378
170.782335375	0.0356785159882
170.521995652	0.0357709115766
179.021319867	0.0325346627726
164.791323287	0.0381323467022
172.415077423	0.0350245472675
188.117771196	0.0293691270679
187.205432222	0.0296798900436
180.351006813	0.032035044266
182.208750081	0.0313051095433
188.671934287	0.0291300409122
182.227978287	0.0313386762682
190.615772718	0.0285225399507
190.925800369	0.0284417382068
184.440309056	0.030565217764
188.136159685	0.0293752420654
188.890145553	0.0291162618777
190.692754674	0.0285537183605
188.201241987	0.0293541720089
179.129281982	0.0325004028531
180.546709672	0.0319927333265
185.947091433	0.0301319582078
189.04921785	0.029090239428
178.733953681	0.032644969814
177.593672116	0.0330638435405
176.372563623	0.0335250585803
178.588531859	0.0327006375521
186.044180829	0.0300808425292
180.287269272	0.0320511462308
178.012113562	0.0328742789963
178.259798205	0.0328267076777
186.357590264	0.0299556544975
184.348247156	0.0306443043356
179.356305988	0.0323524710323
183.601786015	0.0309011078303
173.87285126	0.0343078772073
177.186112983	0.0331492140404
181.954215314	0.031406159968
189.144467879	0.0290087450729
179.352530777	0.0323210087361
186.152184489	0.0300059952712
181.828913355	0.0314540443206
195.081200112	0.027179174159
181.973553271	0.0313779020357
184.221650908	0.0306188179925
184.870787627	0.0304207868421
182.664369841	0.0312317921533
188.551447548	0.0292203681878
187.32759313	0.0295066032019
184.738593098	0.0304690287104
181.853540783	0.0313619914525
185.137924258	0.03035159944
190.688314462	0.0284772578826
188.366576296	0.02932194673
179.655886218	0.0321453327408
183.237545671	0.0310248038525
179.645610161	0.0321876580479
179.855153878	0.0322221733116
185.047919453	0.0302852576605
186.58840075	0.0298583476001
172.984036168	0.0345893318415
180.908223235	0.0318148405663
177.687590244	0.032793908671
181.535582578	0.0315976613888
178.310464428	0.0326065196628
186.024418011	0.0300383139977
172.247197339	0.0348037430812
186.273982193	0.0299774763282
177.306401584	0.0330520200389
173.896213318	0.0341957714384
175.040773881	0.0338073832781
181.198620566	0.0315602217663
185.880562088	0.0300436973034
185.837283603	0.0300226930244
180.79333451	0.0317961718016
183.865711111	0.0307364699663
184.180476492	0.0305936516953
189.240521508	0.0289395441837
185.853926574	0.0300370516273
191.621994519	0.0282116818528
192.360608171	0.0279822584694
189.052040368	0.0290318076916
192.586311192	0.0279441339499
191.817939814	0.0281732735068
192.250499456	0.0280549725436
191.288674638	0.0283593995685
184.443306768	0.030633703587
191.770811315	0.0282091950144
192.052212555	0.0281382252033
192.245362353	0.0280784188662
184.351872065	0.0306685850452
186.677549148	0.0298891986671
185.594681739	0.0302520568955
190.103030402	0.0287469962999
181.495567585	0.0316623084004
187.300973433	0.0296684570918
185.646549112	0.030252049411
187.185281996	0.0297300943812
187.395208832	0.0296373408518
188.30382417	0.0293417467821
190.742480704	0.0285542099068
190.52420648	0.0285717567487
191.248222121	0.0283707536182
183.666682944	0.0308599000489
194.533536197	0.0273584694964
193.056766602	0.0277910930973
195.613891574	0.0270012768684
189.815844836	0.0288118408055
191.135690235	0.0283704238928
191.896206236	0.0281616064245
197.579975972	0.0264140293936
189.528980724	0.0289330350834
189.598942267	0.0288477871936
191.943974384	0.0281496598543
194.882715365	0.0272096281792
190.961168113	0.0284805109566
191.180186659	0.0283355459502
190.702219324	0.0285695003827
182.898676691	0.0309997430422
187.660285124	0.0295153695915
190.588919917	0.0284801088636
193.90439882	0.027522502668
186.11801441	0.029925964615
186.857920741	0.029738021251
184.339926606	0.0305273160453
190.003434625	0.0287139554841
186.753492382	0.0296939867522
184.766413869	0.030473316537
191.862776316	0.0281103561754
194.410461883	0.0273377753531
192.576019298	0.027924823193
195.027223307	0.0271737079224
196.570452694	0.0267260832026
198.305788015	0.026205849047
196.420635322	0.02676475636
193.621672141	0.0276300951191
196.248406946	0.0268350739148
199.399168361	0.0259088752334
198.790842113	0.0260806577267
193.424100192	0.0276988848849
195.748161138	0.0270125062387
196.702008446	0.0267251615177
196.127140876	0.0268781659383
190.466337274	0.0286510790836
193.530736056	0.0276780799895
196.631152528	0.0267432812766
196.63988128	0.0267471436265
187.852656326	0.0294767161655
198.302558153	0.026224303564
191.68854342	0.028264373923
191.10782531	0.0284290012351
189.386007961	0.0289927921184
190.792841068	0.0285630428985
196.543604933	0.0267699885141
195.065019837	0.0271888187502
192.617238463	0.0279594483432
196.374357002	0.0268067568028
195.100881152	0.0271983219832
197.173160545	0.0265844489443
194.173802529	0.0274521895411
194.353457134	0.0274142587251
193.599826064	0.0276301758512
198.127826722	0.0262897393446
192.635584333	0.0279637120241
198.597129732	0.0261363291634
195.402263891	0.0270858512659
193.547635169	0.0276453941597
195.405412661	0.0270907035053
196.790130442	0.0266549230393
192.896460152	0.0278610474866
193.905970217	0.0275267331764
193.97666088	0.0275476269913
192.310610452	0.0279736140411
190.478689698	0.0286188321699
189.994486332	0.0287173003639
191.87435032	0.0281533878105
194.032619756	0.0274758641373
199.308110956	0.0259259432402
200.79744559	0.0254981398368
197.00163886	0.0266132040905
196.982891985	0.0266235239214
200.002838091	0.0257310641022
203.688421635	0.0246893749174
201.404513344	0.0253550605287
202.038106468	0.0251496385942
200.63634906	0.0255757016576
202.27046379	0.0250941403664
201.643906692	0.0252590980986
196.875785634	0.0266649923478
198.232322883	0.0262806097008
197.714452306	0.0264319093472
200.250354946	0.0256787618077
196.948080732	0.0266621713473
199.681600558	0.0258323808031
199.495527962	0.0258762442068
194.914255363	0.0272527285413
198.442363711	0.0261831893002
200.010609358	0.0257577610123
200.463260402	0.0255978955199
197.229734812	0.0265681982443
199.431332815	0.0259256138118
199.140460058	0.0259710186
201.585264628	0.0252713945278
196.346279976	0.0268023008842
200.564056698	0.0255989593224
195.898636312	0.0269636847155
197.780478269	0.0263975075175
198.783927283	0.0260742609865
200.761890671	0.0255145597133
200.653693435	0.0255593855111
202.054165029	0.0251383950844
200.365878283	0.0256549143581
199.713654898	0.0258009915245
198.277135648	0.0262186272847
200.237639312	0.0256844731797
200.865011391	0.0254794056274
199.144566974	0.0259909412811
201.374436865	0.0253540075383
202.806533323	0.0249558953275
201.573328219	0.0252702123428
199.409087985	0.0258934409611
203.258231611	0.0248043796019
204.851344158	0.024387927781
202.464167383	0.0250533304065
205.725237572	0.0241303229432
203.07593802	0.0248806730673
205.211320357	0.0242946353285
206.695981842	0.0238665817768
204.476374567	0.0244629203211
202.239147292	0.0250941034148
203.970978192	0.0246357521536
204.050123031	0.0246103504955
204.859769058	0.0243562158151
204.323057437	0.0245374565348
206.242719258	0.0239953473397
205.157301327	0.0242718196668
202.014016042	0.0251584731035
203.875637107	0.0246600454803
204.452671634	0.0245010481952
201.785933094	0.025241589995
203.615772936	0.0246977008144
205.282715758	0.0242688612745
205.079745072	0.0242929091955
202.367695253	0.0250524968833
204.200592987	0.0245357063667
205.575775777	0.0241569958123
204.626207635	0.0244526975748
204.896854362	0.0243419598077
205.928295631	0.0240936990839
206.309677201	0.0239795104586
204.969943801	0.0243202715404
202.606850825	0.0249826821512
203.677914322	0.0246744423072
205.923724022	0.0240615221026
205.25268165	0.0242784998966
205.907898101	0.0240964742493
206.016122836	0.024071463349
206.408202496	0.0239352163943
204.260764755	0.0245167254283
203.284553101	0.0247897447421
206.738858963	0.023871914925
207.645609285	0.0236332273227
206.70850944	0.0238479180069
206.604185083	0.0239117092669
208.732249305	0.0233236483945
208.917826628	0.0232779513154
207.605294315	0.0236058775422
205.676288165	0.0241305843779
207.940681906	0.0235505812711
206.44750893	0.0239442100816
207.28558223	0.0237204764771
208.80612648	0.0232846801085
208.961362441	0.0232778259083
209.603898099	0.0231046664719
206.52141062	0.0239249110677
205.505855983	0.0242011142358
207.535410156	0.023658098511
208.134161775	0.0234702007566
207.436820381	0.0236830753093
208.395826345	0.0234052113503
207.630359356	0.0235982520726
204.352380176	0.0244911311358
205.044798721	0.0243313736183
200.348663715	0.0256525669635
192.930419066	0.0278652017982
201.318711457	0.0253722626853
205.280664008	0.0242623253419
205.314625143	0.0242526368769
204.239457282	0.0245424834237
196.012918112	0.0268995702075
205.43521222	0.0241952601749
203.871485115	0.0246348179817
198.121410786	0.0262852675071
204.023124954	0.0246101418702
200.666868803	0.0255400156414
198.719861147	0.0261120119493
205.442393003	0.0242341248412
204.486785178	0.0244591623629
206.445530354	0.023957591967
206.374456092	0.0239773878122
205.259448842	0.0242749933222
201.53949215	0.0253057618175
203.557019183	0.0247417216228
200.412858037	0.0256316647685
205.52023216	0.0242084510964
205.58315434	0.0241590520942
205.680467154	0.0241565755976
205.212615971	0.0242592352834
205.263100443	0.0242807721795
204.849115014	0.0243643704566
205.212544262	0.0242630393589
206.673317878	0.0238760463917
207.621354664	0.0236288522276
205.25837834	0.0242769125986
207.631858946	0.023641102649
204.7700504	0.0244045785343
207.60329072	0.0236215007588
205.938081498	0.0240599068577
206.366367387	0.0239838110022
203.84365524	0.0246687098143
206.535927845	0.0239368246078
205.821600947	0.0241292244426
205.03570443	0.0243414536587
205.282741477	0.0242463542498
204.785367717	0.0243852169884
203.994770619	0.0246037109998
203.860595111	0.0246431445748
205.430798085	0.0242057006753
205.764169254	0.0241466822534
205.906226062	0.0241060823489
206.901920648	0.0238215362179
206.990062085	0.0238074845428
207.546718313	0.0236567982767
207.685392013	0.0236021332276
206.659296012	0.0238992762807
207.899363218	0.0235623742773
206.241666719	0.0240078537181
207.940858254	0.0235539858881
207.193876307	0.0237576077992
205.597985345	0.0241776510703
205.87555777	0.0241017483079
205.576072245	0.024158429994
204.406528723	0.0244807579599
206.83773151	0.0238473076564
206.189892078	0.024008877259
206.228105796	0.0239824327837
207.421846573	0.023693524625
205.817500191	0.0241166368589
206.154867178	0.0240244328361
207.31064894	0.0237198797411
207.569053458	0.0236358366252
206.534002604	0.0239002819853
206.415720548	0.0239293869192
208.54173459	0.0233914084745
208.186532944	0.0234744386761
208.137088048	0.0234938409863
208.793719072	0.0233260426787
208.117296516	0.0234796585589
208.820832167	0.0232982080377
208.90345835	0.0232834426898
209.171212719	0.0232245189936
207.643321419	0.0236226353085
208.225136426	0.0234508849572
208.676672949	0.0233321361979
207.515909304	0.0236317120145
209.076574913	0.0232481803655
208.955060809	0.0232802106922
208.093068975	0.0235044570405
208.491271577	0.0233938183656
207.690212562	0.0235882360599
207.873233977	0.0235412267148
209.052660783	0.0232532137367
207.961298475	0.0235395655896
207.335658237	0.0237048177341
206.942338222	0.0238071749201
208.300450222	0.0234547504519
207.451955134	0.0236608661362
208.307942149	0.023449441631
207.926321764	0.0235532763882
207.781894734	0.0235906315584
207.707347063	0.0236073922563
207.029136318	0.023777127535
207.450432174	0.0236607050177
208.016836853	0.0235331394185
207.549111948	0.0236522102031
208.002085006	0.0235352583646
207.107216493	0.0237652639233
206.797351062	0.0238388066562
208.083196879	0.0235084276618
207.50485014	0.0236711183684
206.805014301	0.0238447085604
206.74840176	0.0238651226305
207.700677047	0.0236124890941
207.557215837	0.0236431348612
208.049973031	0.0235178784677
207.314228755	0.0237178651158
207.108365528	0.0237650509838
207.729785112	0.0236035259011
207.881640322	0.023561575413
207.691798285	0.0236081647678
207.535812373	0.0236550137583
207.36397014	0.0236940230969
207.90370166	0.023536975051
208.216055283	0.0234799901262
208.419818128	0.0234234561846
208.101035672	0.0235152560078
207.66420116	0.0236083747823
208.037902167	0.0235310661821
207.544104432	0.0236503830235
207.908403006	0.0235657619333
208.649689784	0.0233632559292
207.501753294	0.0236764002246
207.988137922	0.0235341650585
206.357403677	0.0239767553822
208.569970608	0.0233816511661
206.651319585	0.0238848837551
208.616906793	0.0233683508003
206.731890324	0.0238637815299
207.983736636	0.0235179486025
206.919101695	0.0238314217988
207.786048584	0.0235770591097
207.075121957	0.0237894396063
207.600768187	0.0236247711768
207.031203467	0.0237803740691
207.564722188	0.0236390198547
206.979467224	0.0238161780691
206.776917607	0.0238615519421
207.243650261	0.0237413944834
206.754645864	0.0238587276231
207.465300737	0.0236575406272
207.482279143	0.0236743412708
207.919017313	0.0235659165753
206.663068656	0.0238767288588
208.538664859	0.0233955012507
207.416824773	0.0236980704551
207.179220332	0.0237399151064
206.821955402	0.0238528147817
208.071295831	0.0235192392587
207.682667194	0.0236050635584
208.590001384	0.0233600294344
207.153637724	0.0237613881895
208.586729831	0.0233729234955
207.897434627	0.0235408841473
207.976396341	0.0235124155276
207.398575566	0.0236660687426
208.754683665	0.0233051568314
207.257252057	0.0236992470984
208.652040603	0.0233500996895
208.258088117	0.0234455311845
208.523629304	0.0233954526849
208.477799013	0.0234094694823
208.350144254	0.0234447951056
207.489316555	0.0236677330766
209.011021583	0.0232451704897
208.400453144	0.0234262228479
209.345920388	0.0231616993542
208.066309982	0.0234826246911
208.869719642	0.0233023584547
208.293734801	0.0234338519109
208.748425075	0.0233334556807
208.808598204	0.023313541865
209.042279222	0.0232304608449
209.105652256	0.0232390983268
209.512636422	0.0231224692707
209.053402662	0.0232509822532
209.201052588	0.0232191572692
209.054521518	0.0232401874551
209.207600982	0.023213354919
209.152725204	0.0232111315092
209.134195347	0.0232024791238
208.259897234	0.0234293984298
209.560901061	0.0231063178972
209.252222071	0.0231819725606
209.481480305	0.0231127916495
209.468820596	0.0231352117221
209.442825477	0.023155279179
209.228636785	0.0232077984337
210.02842083	0.022982809163
209.011221583	0.023234563255
209.481370526	0.0231104529001
209.63819574	0.0230907975381
210.233888182	0.0229254446101
209.34965967	0.0231695986444
209.946118336	0.0230233547713
209.4010715	0.0231392815979
209.894324029	0.0230299968786
209.454450795	0.0231466470205
209.551350636	0.0231252540096
209.415987157	0.0231561628321
209.808188322	0.0230573526755
209.403476809	0.0231600007288
210.005574983	0.0230035280735
209.2767399	0.0231792249549
210.220536919	0.0229391979937
209.357767126	0.0231666496566
210.020588752	0.0229972918337
209.324113288	0.0231803407043
210.128993384	0.0229684392571
209.244099969	0.0231924360463
210.267019347	0.0229201673654
209.159574194	0.023219126412
210.110085029	0.0229773018997
209.088461921	0.0232286063373
210.202980239	0.0229340606171
209.108965616	0.0232314233433
210.070467346	0.0229657574609
209.075677813	0.0232250906254
210.011131113	0.0229781094465
208.604184339	0.0233360365967
209.691930336	0.0230572522411
208.973140305	0.0232645098948
209.599956768	0.0231114417057
209.08315866	0.023228240846
209.456542689	0.023147229059
208.999623822	0.0232506542913
209.808305654	0.0230383330593
208.929934101	0.0232836023465
209.725333885	0.0230620650563
209.415398532	0.0231394841993
209.737500323	0.0230683020058
209.537685004	0.0231087415318
209.520170225	0.0231282477419
209.521812319	0.0231296143246
209.237768054	0.02320583499
209.383801155	0.0231661407891
209.172866497	0.0232234012239
209.517413102	0.0231254878085
209.380282285	0.0231674362395
209.659261954	0.0230884022618
209.218596513	0.0232097324284
209.757576809	0.0230507571997
209.470216269	0.0231371071118
209.872823522	0.0230304939877
209.3327067	0.0231775570675
209.800876497	0.0230540895415
209.225735611	0.0232069544361
209.77254417	0.0230572638481
209.245984609	0.0231999595217
209.487460341	0.0231399260151
209.369461693	0.0231547228246
209.486491352	0.0231314690419
209.31769711	0.02317339401
209.441220657	0.0231334897003
209.139818084	0.0232267921722
209.413135348	0.0231422152168
209.115450401	0.0232114917365
209.327592881	0.023159517381
208.956052556	0.0232508408126
209.246026717	0.02318264983
209.144679962	0.023222326629
209.210159038	0.0232059586963
208.985053424	0.0232573329737
209.010779148	0.023241762633
208.781843383	0.0232979921664
208.832577736	0.0232803030209
208.905324291	0.0232766300697
209.155370777	0.023215446497
208.675839021	0.023349632239
209.208784034	0.0231963173088
208.826226918	0.0233063736361
209.031492733	0.0232583161227
208.897520301	0.0232871651735
209.377492406	0.0231627802494
208.873009507	0.0232878462179
209.353211179	0.0231597124571
208.734227699	0.0233149891189
209.294809683	0.0231815445787
208.900489932	0.0232861540418
209.172254336	0.0232154797398
208.792289166	0.0233222489486
209.071131538	0.0232477569159
208.923200879	0.0232860588424
209.591350252	0.0230980394174
208.935181163	0.0232651998459
209.543080556	0.0231022258319
208.920068099	0.0232713684249
209.692394388	0.0230700920024
209.125413804	0.0232212643462
209.441821795	0.0231449775545
209.182721404	0.0232086514952
209.44643084	0.0231303208728
209.13683143	0.023209599855
209.364557001	0.0231531606398
209.331764276	0.0231719760505
209.404779536	0.0231567123548
209.298804215	0.0231861109305
209.459988789	0.0231411544505
209.308145085	0.0231711181403
209.407809371	0.0231384090635
209.341545746	0.0231602652814
209.554183385	0.0231102541767
209.286422511	0.023183711572
209.424649218	0.0231528617629
209.422058476	0.0231490615891
211.97399491	0.0224842335769
216.215281921	0.021420302627
220.187205767	0.0204861012647
223.563575768	0.0197199291983
226.430163654	0.0190883667958
229.088571865	0.0185239800061
231.437445251	0.0180386475394
233.924681346	0.0175372630403
235.964259862	0.0171483549687
237.924362113	0.0167752631875
239.752376214	0.0164289158162
241.34346696	0.0161393748762
242.717748034	0.0158991112242
243.890196442	0.0156979409544
245.21426819	0.0154740388852
246.281629559	0.0152882896231
247.43967657	0.0150987470729
248.266435125	0.0149543506992
249.162625183	0.0148102191153
249.881763475	0.0146923838696
250.502053614	0.0145897525972
251.172624499	0.0144821036064
251.702193169	0.0143991987198
252.170164907	0.0143252897745
252.559115443	0.0142648226694
252.864711705	0.0142154613131
253.192830079	0.0141658115828
253.520024571	0.0141153835309
253.767096677	0.014076120691
253.899037215	0.0140552604562
253.968698506	0.0140437891353
254.001897868	0.0140370904111
254.07802644	0.0140257140512
254.191784452	0.014008660477
254.153784847	0.0140145205333
254.106765358	0.0140192011106
253.798472181	0.0140616942237
253.598981085	0.0140849580552
253.669455522	0.0140703097579
253.640014531	0.0140742703123
253.702711805	0.0140538386791
253.913958644	0.0140132869308
253.809812247	0.0140251522241
253.847127527	0.0140178093644
254.02604422	0.0139888086735
253.830118672	0.014015444486
253.840615145	0.014016274889
253.488989654	0.0140686393805
253.386064305	0.014087898373
252.875002168	0.0141689535443
252.37566336	0.0142468612094
252.177129673	0.0142795545424
252.391206989	0.0142456184344
256.272801825	0.0136547130824