100	-0.04386	0.0	0.990002529971	0.00999747002875	0.0
104	-0.0333	0.000966465493637	0.649931320071	0.343010191763	0.00609202267181
105	-0.03736	5.15835170108e-296	0.0	1.0	0.0
107	-0.03874	0.0	0.0	1.0	0.0
11	-0.09893	1.0	0.0	0.0	0.0
113	-0.04591	1.0	0.0	0.0	0.0
114	-0.00698	0.0	0.0	1.0	0.0
115	0.0009707	1.0	0.0	0.0	0.0
116	0.04182	0.00233657434316	0.960770319964	0.0368931056926	0.0
117	0.02003	0.0	1.0	0.0	0.0
118	0.0507	0.0	1.0	0.0	0.0
119	0.07829	0.0	0.917501149595	0.0	0.0824988504054
121	0.0842	0.0	0.0	0.0	1.0
125	0.1698	0.0	0.0	0.0	1.0
126	0.4867	0.0	1.0	0.0	0.0
127	0.6301	0.0	0.0	0.0	1.0
128	2.292	0.0	0.00311438989706	0.0	0.996885610103
165	-0.09646	0.0	1.0	0.0	0.0
166	-0.08583	0.0	0.487621451354	0.0	0.512378548646
167	-0.106	0.0	0.0	0.0	1.0
168	-0.1078	0.0	0.0	0.0	1.0
17	-0.1357	1.0	0.0	0.0	0.0
170	-0.07938	0.0	0.0	1.0	0.0
172	-0.0763	0.0	1.0	0.0	0.0
175	-0.08087	0.0	1.0	0.0	0.0
176	-0.0595	0.0	0.0	1.0	0.0
178	-0.05899	0.0	0.0	1.0	0.0
189	-0.02457	0.0	0.0	1.0	0.0
190	-0.02246	0.354779292868	0.0	0.645220707132	0.0
191	-0.02458	0.0	0.0	1.0	0.0
192	-0.02143	0.0	0.0	1.0	0.0
193	-0.02634	0.99999999294	0.0	7.05982412089e-09	0.0
194	-0.009756	0.958089034677	0.0	0.0419109653225	0.0
195	-0.009028	1.0	0.0	0.0	0.0
196	0.01521	1.0	0.0	0.0	0.0
197	0.01831	0.118522544889	0.0	0.881477455111	0.0
198	0.05154	0.999576823857	0.0	0.000423176142523	0.0
199	0.06916	1.0	0.0	0.0	0.0
200	0.1045	4.19038608162e-17	0.0	1.0	0.0
201	0.07055	0.999999993835	0.0	6.16532207768e-09	0.0
202	0.02334	0.391648644906	0.0	0.608351355094	0.0
206	-0.007814	0.814668862351	0.0	0.185331137649	0.0
207	-0.0002766	1.0	0.0	0.0	0.0
208	-0.01867	0.0418075383644	0.0	0.958192461636	0.0
211	-0.01923	2.01318004771e-06	0.0	0.99999798682	0.0
23	-0.0963	0.419830587403	0.0	0.580169412597	0.0
24	-0.08386	0.0	0.0	1.0	0.0
25	-0.09067	1.0	0.0	0.0	0.0
26	-0.0922	0.0	0.0	1.0	0.0
39	-0.08229	0.0	1.0	0.0	0.0
40	-0.06781	0.0	0.202154798241	0.0	0.797845201759
41	-0.04343	0.0	1.0	0.0	0.0
42	-0.02697	0.0	0.996674353851	0.0	0.00332564614866
43	-0.03118	0.0	1.0	0.0	0.0
45	-0.0367	0.0	0.457937317524	0.0	0.542062682476
46	-0.04253	0.0	0.99999145497	0.0	8.54502987317e-06
47	-0.02884	0.0	0.0	0.0	1.0
48	-0.03255	0.0	0.457973927511	0.0	0.542026072489
49	-0.04747	0.0	1.0	0.0	0.0
53	-0.07048	0.0	0.0	0.0	1.0
54	-0.06139	0.0	0.450591136333	0.0	0.549408863667
6	-0.06645	0.0	0.0	1.0	0.0
61	-0.06367	0.0	1.0	0.0	0.0
62	-0.05713	0.0	0.0181475969936	0.0	0.981852403006
63	-0.05836	0.0	0.0	0.0	1.0
64	-0.07038	0.0	0.0	0.0	1.0
65	-0.06438	0.0	1.0	0.0	0.0
66	-0.06068	0.0	0.999999999805	0.0	1.95241212719e-10
67	-0.06494	0.0	0.0	0.0	1.0
68	-0.06937	0.0	1.0	0.0	0.0
69	-0.05906	0.0	1.0	0.0	9.43987078833e-30
7	-0.0832	0.0	1.0	0.0	0.0
70	-0.05637	0.0	0.0	0.0	1.0
72	-0.06001	0.0	2.74122154743e-170	0.0	1.0
73	-0.05305	0.0	0.0	0.0	1.0
74	-0.05345	0.0	0.667202063642	0.0	0.332797936358
76	-0.05608	0.0	0.559982098471	0.0	0.440017901529
79	-0.05238	0.0	0.0	1.0	0.0
80	-0.05303	0.673338227903	0.0	0.326661772097	0.0
84	-0.119	0.0	0.0	1.0	0.0
86	-0.09781	0.0	1.0	5.28235908474e-89	0.0
90	-0.05534	0.0	1.0	0.0	0.0
91	-0.05394	0.0	0.0	0.325785456821	0.674214543179
92	-0.06128	0.0	0.00655678591642	0.0	0.993443214084
94	-0.04713	0.0	0.999999995379	4.62134687239e-09	0.0
95	-0.04815	0.0	0.910573086707	0.0	0.0894269132933
97	-0.04419	0.0	0.269953997784	0.730046002216	0.0
98	-0.0401	0.0	0.971546165738	0.000366188411078	0.0280876458507
99	-0.04268	0.0	0.0519520674092	0.948047932591	0.0