-81.5804220226	0.606378886306
-19.3754986321	0.299223914132
-50.6682124314	0.427586102743
-3.04685451959	0.250679026835
-23.8622009567	0.316993565473
-27.6465674653	0.330896708151
-28.9979732011	0.3358160526
-55.5171188139	0.453726776078
-68.8549911672	0.527463717661
-30.801316537	0.3428598778
-62.2979383171	0.487695521691
-18.3508162004	0.298189799317
0.306277579972	0.241610475866
-21.7719705482	0.310717343725
5.5017203179	0.22684125173
-23.6399484847	0.315970843583
13.9251820091	0.207396957141
0.985569331248	0.23884986902
-2.48101556631	0.250507277596
-38.8315346217	0.376067434806
3.58658531822	0.233925665333
-29.3269538298	0.337814911324
-53.2311866784	0.442046020877
-3.78218599999	0.252988279247
-41.4910959995	0.376342900105
-46.0386357262	0.407993358465
-39.2075184668	0.376946340454
-61.2873238361	0.484117942548
-25.85205828	0.322329119069
-39.342741542	0.378232639704
2.76884798812	0.23556045089
-12.3379902606	0.275509016899
-10.1529476398	0.27085553874
-32.8233284648	0.342596962031
-30.7352012843	0.332645799742
14.7766944902	0.206408008648
13.7629429079	0.208711443615
-2.89480486501	0.25155932024
-19.0512220122	0.288195152483
-26.248406837	0.320082793603
33.318785115	0.166763190675
11.1835170794	0.213022116277
7.82921181596	0.222558895591
-24.8923004129	0.321832468434
29.8393649965	0.173669334207
-8.53188025927	0.264447366418
21.5402166721	0.19074546581
-53.0783459213	0.439883571217
-47.565020033	0.411878884609
-0.645600431644	0.244182989155
-1.48300937753	0.247559921985
-35.2576630364	0.361453659309
-40.2480656133	0.381947724009
-23.8766239794	0.311923555272
-25.5109514896	0.319352565793
-48.0964914694	0.416147703993
10.6510176093	0.216095944291
-18.9034833957	0.298400123739
-9.26703883519	0.2645725311
2.62166818527	0.235327658909
-23.0885830094	0.309600552496
-40.6655243466	0.384098045103
10.6267381694	0.215084819826
-29.2911849758	0.335887208485
-9.65443918906	0.266356535276
8.50970831798	0.221411700228
-10.065375766	0.269732971486
-9.49414284195	0.257216024994
-4.97858861604	0.257457336789
-39.9024342265	0.379328807347
10.4415918092	0.215293220321
-11.7532804742	0.277782570733
-44.4365963069	0.394494114746
-52.6938993226	0.435319969763
-27.1728907909	0.32743879546
10.6000478825	0.21591419075
30.3629991829	0.172322050444
28.966630079	0.175289471252
47.3732976474	0.141561843857
-10.8526796121	0.274982221164
-48.6077406937	0.418767997434
-41.8090021464	0.384820651413
-23.1943058977	0.308915672459
-21.2700813806	0.297279624986
-20.1604129346	0.301116779905
19.0051412341	0.196726051311
-13.7497302097	0.28333349072
-5.36105624436	0.245114344406
-40.6847467306	0.378884651158
-4.89496757841	0.252905621126
-6.91655494173	0.249251956826
1.87804363637	0.235933708488
-21.4585257142	0.307600149088
-62.0470553638	0.487478458496
-31.2861720719	0.340112169441
-7.2469977687	0.252427891651
13.8569751762	0.208173933197
-4.33751780305	0.255486643715
35.3286593533	0.161998024988
-21.7651221698	0.310311384291
34.4044044765	0.164777954156
20.3762509834	0.193443241393
-13.3621526993	0.27946018018
73.7029586847	0.10478951989
1.05724833217	0.235126600539
-15.9446606102	0.286366523635
-10.8065225388	0.270487935146
29.0758050447	0.175453479491
60.4557261942	0.122169031446
-33.4879687685	0.353933212623
50.5848902387	0.136709017825
63.5564096061	0.117652316976
-12.0376648322	0.268980117992
30.9763605356	0.171605912815
-42.3945916766	0.39162702534
-21.9422351087	0.311187708385
-26.6794292887	0.325112342002
80.6264113937	0.0969622710048
-28.4833078147	0.333347807583
-25.9644525992	0.325598704014
8.10894713016	0.220384616929
42.3884519048	0.149358652099
-61.8614934567	0.487209045128
-4.75439811301	0.252795267882
12.1146588652	0.21034409642
-6.3404076806	0.261337418858
-0.116136460462	0.242202076638
20.1640178874	0.193654895344
18.1914740504	0.197832479582
26.4037833459	0.180915245917
4.80970554165	0.229409274516
-16.9381434792	0.289410618881
-13.8167960535	0.277883197488
21.0348859068	0.191829818417
5.04877244699	0.226904138104
34.7174550179	0.163746741551
18.9913209943	0.195896585858
74.8332029919	0.103165875441
-9.821077761	0.259407840528
5.66628214514	0.223375452996
-18.8454206026	0.289187117723
-29.0382201831	0.331211786611
4.23795082075	0.220671615379
63.3597777735	0.117253033443
-34.6227882182	0.359076779785
-52.5930771016	0.438923435561
82.5000416692	0.0948292874626
13.5249308983	0.206983103065
1.35587008472	0.239749344334
50.5679238935	0.135177836233
37.2653206162	0.159599692343
21.8903057002	0.189681868617
-8.65307341165	0.259537212114
2.00418010325	0.233648067394
-24.9890106993	0.316091570399
79.2611735468	0.098528783601
-10.7658436653	0.263871255774
6.87370868029	0.221623584394
5.09571312092	0.218802698215
-5.40765492213	0.248417374884
11.3534031194	0.212389364135
95.3967788344	0.0821594952856
10.4410507315	0.213326443861
1.85819233558	0.226592680936
16.5189230508	0.197915721644
13.119078916	0.209271618346
-22.4827090722	0.306876152555
27.518250658	0.177795421408
32.8455698682	0.167605591743
43.380240122	0.149005570713
-22.9095720449	0.306401074792
-2.8877000851	0.246248366351
5.0663181234	0.218693376346
11.1487437199	0.209697347921
-6.52316996072	0.259541798373
62.3529729654	0.119134924931
-22.3869943592	0.302145518068
-7.1196193882	0.260911672376
-39.3766240278	0.372594694019
-7.40311277545	0.256133514193
14.1572855865	0.203841361512
20.2956962617	0.192589105342
-27.2849317121	0.322714829456
62.6390419833	0.117981334296
8.0959066645	0.211671279551
-7.80654727015	0.265218466859
-3.3417798934	0.243322115711
-22.0581166066	0.303985290424
-10.6475366457	0.26579776014
40.2698774228	0.153972059556
1.38736565328	0.229369919723
4.45260754456	0.230996743797
7.95676121571	0.221553329177
16.2741981452	0.202351982906
10.9382120424	0.214365502537
9.8938339373	0.21746617811
-13.7697883968	0.282775102163
94.9032945736	0.082410443455
-15.5058031138	0.283638946166
-2.25021986489	0.2404675536
-1.45609530194	0.239986966394
9.48024096715	0.208573654518
13.4886970002	0.208388761513
42.2925346763	0.149595332074
-21.4739659786	0.309640288687
-16.8282257382	0.287830993103
-23.3324664233	0.310839979898
16.1418962463	0.197492764489
5.45301873772	0.224290275576
20.3957796783	0.188524742611
-18.9244470436	0.298959203528
-13.6890085302	0.274446863928
53.9016714418	0.131412654023
58.2475223432	0.125093040468
17.0362022359	0.198140213415
82.8146067921	0.0938261457938
-3.60327045655	0.246172078432
13.9327467719	0.204671913986
26.9883784989	0.174700005096
90.1080428654	0.0873394851157
1.55501070674	0.229581577436
42.1522635738	0.15007015186
19.08147057	0.195186580397
28.4204627182	0.174822178861
-1.11635778486	0.243218575043
6.62690291775	0.224459179994
59.8711618231	0.121463043793
1.48835557399	0.232255725268
-5.51072992613	0.253277388465
-11.2535765185	0.270799227443
79.3491713743	0.0989840741167
9.35399845754	0.211693540986
12.7500532773	0.210184382731
-2.71356758884	0.249804315985
-10.9848234086	0.27478874786
13.4402806897	0.202045625922
3.02472146323	0.232988517605
85.8807828617	0.091454321515
41.4661743546	0.152167076007
9.82666341527	0.211473785821
-17.4135742816	0.294268062118
8.15963202052	0.220936593881
-3.00560366308	0.250955669889
5.7880919447	0.226583716292
33.0940864323	0.166808301182
-11.037828247	0.26815961066
25.3985830213	0.177482647764
57.5782998332	0.125237251837
44.3558375886	0.147140040105
22.7628221443	0.182288225137
61.2343531829	0.121609947814
26.6261369618	0.178266715168
-12.3403333211	0.27937876766
34.2137409847	0.164610372553
16.2995134514	0.197237413054
46.2848839683	0.143904889213
-0.165530855382	0.235843314738
13.8619338152	0.206285136447
19.9393876179	0.189379598785
13.6493057617	0.204561380315
50.7604327319	0.136479171022
9.50990402642	0.209231490521
13.5120828076	0.204930466259
24.8565122196	0.182029308893
5.65833920547	0.222193559043
23.2851072459	0.186577789793
-16.9233765491	0.285137165184
53.5035301042	0.131690334861
2.23815871943	0.232770459388
11.7777031351	0.204211702364
2.48719628249	0.227965107721
120.187001117	0.0621393068273
-7.19302017512	0.255914824595
91.6733897575	0.0858956221874
25.19146279	0.180280381755
44.561926374	0.146147675977
-0.199220707596	0.234571626253
16.312686721	0.194318441701
1.76769335583	0.23530846608
25.4578516729	0.178157712404
12.8922451861	0.205605364245
40.7465445076	0.150909372203
26.075818151	0.177244751368
80.2790090716	0.0967060334544
-8.78172767598	0.267607685243
1.03163436684	0.239295848954
-3.67879815954	0.245407481616
-5.55504738685	0.25611207035
30.3051772858	0.171658811529
-1.84811772546	0.241380258859
-22.6010182295	0.307846220603
-19.8377589511	0.298304931283
31.2925174524	0.169698141048
91.3087271902	0.0867123800188
34.2154348446	0.164386094559
30.0140183592	0.172337869486
58.8709562906	0.125085967383
39.7640881715	0.15465875646
24.0657056736	0.184904259447
31.3897784138	0.168753661353
94.9725132383	0.0827953797771
26.219409107	0.174363216506
50.3375904263	0.137019898164
3.72205636196	0.227305056069
18.3284463592	0.195650715728
25.8358229383	0.177761755191
22.4845230758	0.185586401566
23.1677902275	0.180797431728
4.04965992696	0.224357109357
15.5565584654	0.201078298095
44.9031061399	0.145707430208
116.465127571	0.0649628141246
-4.80660720263	0.252002641763
12.1359333789	0.209605827054
22.7216078382	0.182461529601
107.627495827	0.0717920778874
19.2147599047	0.190083248033
23.4177698414	0.184258618863
107.357004918	0.0718173494921
93.3504982973	0.0833928303349
20.0255082082	0.188075413463
18.0340957693	0.191368209471
73.4934855116	0.105534990536
36.5036341213	0.157423519639
84.0340385075	0.092392526368
33.6617297148	0.162585580177
80.7549270942	0.0974145670801
20.8943371374	0.184825526574
74.9188107899	0.103433330943
57.2638189213	0.12656327995
10.2607380153	0.216192351122
110.54789797	0.0699053825961
18.8865157004	0.192553691587
81.699295325	0.0969229284089
60.3071953164	0.123053008991
75.54672735	0.102561081927
95.3060847169	0.0832693322182
38.8495936936	0.152863905658
19.2072582361	0.191923396877
12.8400302628	0.202333680506
96.1625063208	0.0823968237112
15.3556032829	0.201493949525
22.7193181796	0.185267996446
63.398645314	0.118473528565
50.9403657034	0.134045873156
5.34391739737	0.223291853356
110.627032118	0.0698367485777
81.2101418738	0.097718521747
69.5516546364	0.11043197096
5.57516196514	0.2199485102
71.4518683659	0.1088945162
106.760333656	0.0731895512978
100.333218017	0.0781001708774
12.0220767659	0.204581556823
37.2510483228	0.155401546859
11.7643755546	0.205545877488
12.3547623213	0.207712642274
49.2828538851	0.138810153057
123.986732872	0.059607874124
111.102446733	0.0693362713065
16.2855930308	0.199953281644
55.2566371051	0.127507070168
29.5620742333	0.169619871189
97.3023367875	0.0807349301768
80.3072258954	0.097725357372
120.409572526	0.0619095288953
31.4154940351	0.165121436787
131.045681826	0.0549258495776
41.2894813818	0.151021266987
63.8301676723	0.118481770266
87.1735310122	0.0913182142673
46.2896131652	0.140972559251
103.246758837	0.0761474742508
68.2909320479	0.110163159649
36.7430362243	0.158488190814
37.8643310535	0.157696448722
24.1749356598	0.181532362585
94.4636290358	0.0826651670994
28.0572582182	0.173888844086
44.351744605	0.146301105791
93.5859700695	0.084213004231
113.647809283	0.0675593386375
30.7098082039	0.166582404183
117.487999077	0.0638176152866
41.2431025893	0.151213665564
63.7333491737	0.118088448558
39.3343136015	0.153049741253
60.5313032294	0.120574880313
129.072348005	0.0563569776308
71.047310442	0.106883231559
78.9511817931	0.0993691239898
47.7179691811	0.141373094945
77.8973803381	0.100770838544
89.7315315904	0.0888682561196
16.1825633005	0.198372844058
21.9034276732	0.183267799553
99.4285841308	0.0784300119191
18.0805260968	0.195212829399
47.2592180539	0.139395542709
46.1793717896	0.143964363397
104.99048614	0.0742714953961
108.564379271	0.0714694760972
68.3900748407	0.112444129204
62.9673167087	0.119385166282
109.751989123	0.069804129251
81.457926024	0.0973811915042
67.5192257261	0.1110768934
65.7946816788	0.115802803436
114.916663241	0.0664028310232
54.0130697982	0.12967192015
51.9447733257	0.134831491852
60.3277197544	0.122671563138
112.004664866	0.0676681215327
104.476078669	0.0749889688061
109.691469346	0.07079675074
142.21829357	0.0485004686621
109.433922837	0.0705390630143
106.160853669	0.07382053701
84.7631701501	0.0934963110244
124.339272294	0.0591913839409
117.001019406	0.0642123099633
99.18272532	0.079151368573
54.1899187604	0.129277436527
110.132977712	0.0699422699492
55.1679793248	0.128178670644
71.1069180198	0.106675948052
66.4622132607	0.112280070738
73.8568554522	0.103499032503
54.6371111776	0.128252882213
64.3002707673	0.115356530449
68.4493393724	0.109764488737
51.4091590942	0.13389298913
63.1052699608	0.119305517781
121.193490795	0.0616564892619
107.069010764	0.0728699594029
46.7281617747	0.143257726994
80.6139529207	0.0969892314112
42.523125773	0.147992790147
71.9529549162	0.105540473811
74.3980141032	0.10450019412
113.356567295	0.066836812869
71.6375964276	0.105797103547
109.773806306	0.0694021980696
119.756409871	0.0630115350721
72.7319467516	0.104566933872
65.1537970472	0.114187805697
58.5079214111	0.123023953971
82.6998885874	0.0943767898737
90.5844769624	0.0860018882328
63.2908504342	0.116697132769
72.3542351306	0.107758926794
59.4812816738	0.121910297969
96.9245972999	0.0802571184148
61.0703158491	0.119977813905
128.113618923	0.0570536614678
111.186787991	0.0682450806849
70.9728390861	0.109222059598
84.8154871766	0.0933296114855
96.41074917	0.0805287074935
67.6031017096	0.112894188621
84.4364368994	0.0922283468518
121.219514644	0.0613407389246
77.3180566374	0.0994689025213
86.238983044	0.0902049446628
45.2826268153	0.143999282606
48.2959276206	0.138853189559
85.3743476173	0.0919105357104
40.9546100673	0.15114680412
99.93643004	0.0771258208222
55.1538697622	0.128481151806
82.9931936374	0.0935584774921
48.4673048551	0.13880568674
102.315478615	0.0750846507179
57.9709090041	0.124518741071
65.7727128617	0.11388985095
63.9890670393	0.116189810418
65.235865151	0.114486579301
90.15564064	0.0864481869758
69.9812034775	0.108430332029
68.9271903609	0.10961933854
112.802871817	0.0680824159779
111.094117586	0.0686337059958
118.765303939	0.0634649637959
79.4683972079	0.0973244669753
80.4270611286	0.0971104635723
62.0982353347	0.118833336649
67.1651725276	0.112049430706
120.165970614	0.0621390672069
76.6067332936	0.100971910165
125.104726361	0.0586210808185
70.9090944217	0.107512667032
68.814108765	0.109921605001
57.3211949722	0.124372999923
55.2004179004	0.130174164707
71.9811467556	0.107640243592
108.701540246	0.0702260869386
58.1668682022	0.123994093019
32.5376314304	0.163636079645
41.4042094657	0.148137503374
66.8903144261	0.113988194547
55.9612927341	0.127646754859
96.1695035877	0.0808932225144
73.1034250221	0.104724963307
86.8852309877	0.0914680768718
65.042405995	0.114896850503
78.5256481678	0.0982094561698
104.785440973	0.0733477260895
109.109340894	0.0700059473362
86.8815424331	0.0896157081731
69.5263353245	0.108471740994
64.9498946306	0.115322218895
51.6789667634	0.134437411156
74.9775579488	0.102206685281
82.6310650099	0.0959421643961
122.120736315	0.0612436677564
73.241054575	0.106554323353
71.4945294702	0.106536592489
59.3578176201	0.124005236419
75.1318944797	0.101939105588
48.6091098304	0.138983649766
75.8392395904	0.101098031737
52.5272324283	0.133044512757
63.670292906	0.116572524633
62.7190243584	0.119912492187
101.413004892	0.0773621402753
77.2009412919	0.0995009075998
78.9705333488	0.0983204730894
98.8284210862	0.0782950223004
101.939051267	0.0755928135216
45.3360440312	0.141843190529
71.7957879724	0.105830126577
85.518077306	0.09284727095
98.8517747058	0.0781007374596
82.7660752636	0.0953854672968
88.9540895402	0.0874814013168
39.1711832219	0.154423764055
51.8396971363	0.133809895918
121.580111144	0.0608491051363
64.5562178131	0.116726432503
134.511553727	0.0527513043046
56.8390884501	0.126923687827
96.9640529337	0.0799868646023
74.7897327135	0.102147867265
90.2216996908	0.0867403297304
121.405851792	0.0617879865681
96.0076637814	0.0826298263156
48.7337274613	0.138641067625
109.768540965	0.0706362944551
123.033844009	0.060695183726
104.075186869	0.0753634445121
36.2530509515	0.158918308899
119.737750685	0.0631398392688
78.8382577468	0.0998226859057
128.465289007	0.0571279552173
30.2085402269	0.170177190609
137.700702759	0.0514707711835
101.44197058	0.0777676268817
100.612104567	0.0785415682067
42.1997069781	0.149408203646
72.7792828359	0.106556973157
45.9458793407	0.14325422065
126.274152931	0.0577099640781
79.5168015653	0.0970518763737
45.1117179307	0.142941421609
57.5778803585	0.123342060623
79.7473371961	0.0970304320618
84.4154966953	0.0942225026057
66.7726026749	0.114061291562
83.5157495724	0.0946506838183
63.3194312224	0.118382677456
115.611805197	0.0662395406801
79.0986664296	0.0975957083484
67.4425769674	0.111754010458
59.2446649645	0.121584099503
116.813046899	0.0647296137011
89.8169067321	0.0865803442751
105.862477837	0.072350107915
90.4479359969	0.0875572391538
147.198516351	0.0461122938113
58.2857272182	0.12483769987
68.4108722999	0.109682668036
141.893768213	0.0486708388022
55.6005213296	0.129081699597
63.46312968	0.116318652241
78.5325442272	0.0983880463526
48.4434184133	0.139124912384
100.49976694	0.0785618964017
51.1825422058	0.135404818351
92.3765405014	0.0859890960736
144.387915226	0.0477516379883
116.583399958	0.0650877364625
77.0599858747	0.0998727653222
99.3711915003	0.0779624947205
100.8904502	0.0782344313949
80.0770510891	0.0966841381571
81.8074129651	0.0947470337584
112.283746737	0.0680968951043
75.8951243732	0.103397022725
63.4574355186	0.116373500452
99.1223538192	0.0799036660678
75.0683449062	0.102338151319
73.0373514864	0.104231320013
75.3806018822	0.101780118997
79.9578682941	0.0967699452849
63.0783291339	0.116165997369
110.368107887	0.0689928924124
72.2007651091	0.105234258433
28.3037385552	0.171308895507
153.975327208	0.0426946150619
106.500799548	0.0735324617264
96.1105472922	0.082679916143
69.8044561678	0.109076485853
128.519387073	0.0564657722774
141.420398169	0.0493777189284
136.48244659	0.0521869916045
100.906630258	0.0776333571482
98.4362320747	0.0794611927677
79.8181850709	0.0967617241499
124.538019445	0.0599206302281
129.435125869	0.0567412121458
92.8825130727	0.0835813321694
61.8070029055	0.118171926069
72.4518310794	0.10478451812
68.4847900803	0.109811125656
64.7628793046	0.114718457919
73.3862785503	0.103622883434
95.4225477782	0.0813183444621
70.9918181735	0.106548403399
71.3947697388	0.106204251381
57.0834655143	0.124701316747
130.687663953	0.0555883070559
128.668280411	0.0570128342164
82.2785280469	0.0942127662282
52.7924431087	0.13110628622
141.908906302	0.0487392600783
67.31659211	0.111296121727
97.2994542848	0.0814865420134
113.552820151	0.0674311249761
75.9707501316	0.100847812143
123.248500435	0.0607686376369
87.2499091977	0.0909301407723
93.6902608152	0.0848793958292
100.655279571	0.0766845066951
101.216722582	0.0779852003652
98.3918330133	0.0796937517312
132.34585114	0.0542099166824
128.035212833	0.0570040869766
61.1900162974	0.119543807606
72.490999523	0.10473612792
69.7867235656	0.108340964126
69.3628056761	0.108879838914
52.7719972527	0.131726525994
66.6552295555	0.112455961673
93.4283830368	0.0848505794436
68.2696520655	0.112083520164
130.94260209	0.0553154386055
49.0468646601	0.137314470469
150.437103734	0.0443375898445
74.0399962323	0.102886204789
137.880749791	0.0510733428895
71.8030368217	0.105332882861
69.2166097199	0.109313028668
71.2161279797	0.106213476075
87.5236208744	0.0892168470753
56.9670733382	0.126675086305
76.9221758706	0.0998353374992
59.431403417	0.123658225427
79.1854154288	0.0976225481503
82.2455503031	0.0946771516455
126.091457359	0.058313929401
140.245899194	0.0497130332601
72.1450376841	0.106373833511
99.2112179847	0.0784358793237
110.916803521	0.0687349483018
95.4566956016	0.0819492104629
103.972068506	0.0753829370604
101.617920321	0.0760632703465
117.885417681	0.0637129088444
87.0142422364	0.0896008420235
90.9118398412	0.0855699830711
92.8764002113	0.083865039294
83.7152828981	0.0930740678049
96.6424365639	0.0806318625667
118.441084489	0.064153815406
128.714921406	0.0563630872948
58.6864985506	0.123512785707
85.0533461618	0.0917384875283
131.962573269	0.054728659955
116.305340722	0.0657620232873
117.120263088	0.0642229923378
126.421831391	0.0585882358213
145.536508444	0.0470308470522
78.6682064618	0.0986119551458
103.429182458	0.0750085237713
83.611153587	0.0929538311272
116.785687662	0.0652486741814
140.627009061	0.0499644029735
95.0968145633	0.0822674015108
78.7190803552	0.0982757166943
100.186383098	0.0772580276549
115.927044729	0.0648865646917
129.518006506	0.0558615084666
134.189461814	0.0535953727512
95.6961082268	0.081383457788
104.077012775	0.0740616773908
125.351940578	0.0586554075617
109.371612571	0.070450726217
123.569945999	0.0605831875077
161.259271161	0.039546747986
82.5403075876	0.0944387687742
110.77334529	0.068705768009
110.771400907	0.0698751849463
89.4459105232	0.0871805681632
80.5010529091	0.096442979484
88.0285933033	0.0885994843432
78.5252924355	0.0981572212698
102.08760062	0.0756928773399
114.713120818	0.0660685114161
107.422826653	0.071674418149
109.511052086	0.0709322764167
83.5531946807	0.0933504380095
89.1268693717	0.0876198705329
76.3821446073	0.101052520908
139.557432067	0.0502626458593
139.497454659	0.0506838681183
140.563349794	0.0497420607973
112.411613906	0.0679085630091
110.078257795	0.0705800604123
111.650705899	0.0692678186935
133.254488675	0.0543778462309
124.188575294	0.0600089296155
86.754033863	0.0916177131315
159.50355251	0.0404110473991
129.641634526	0.0561518978213
115.53152718	0.0664218089468
89.8727564758	0.086954148127
152.297365985	0.0438996031842
155.671896302	0.0421945635498
140.207216602	0.050120737364
119.046537398	0.0632495163636
116.059485798	0.065152553828
138.468243185	0.0509298087317
150.418439516	0.0447583639728
162.054606028	0.039328760065
137.651933758	0.0513987972222
136.394317277	0.0521078356445
135.258119359	0.0529476698782
102.838164944	0.0750481853208
130.826574429	0.0554784668172
148.623534656	0.0456702762809
105.263478055	0.0734342478625
109.666252332	0.0700353550437
116.269695484	0.06506228835
147.587699457	0.046172186011
123.513714132	0.0603727950458
139.912014793	0.0502114184982
154.033486799	0.0430590358941
84.1687736551	0.092926934412
153.038617347	0.0434851426955
116.358586848	0.0658435411736
127.052070148	0.057709881435
146.493373409	0.0466878864395
136.909876105	0.0520211113474
112.423419109	0.0686827145449
110.553609044	0.0692313094914
132.522534246	0.0545354048341
143.960475453	0.0481386621818
95.2790424339	0.0816540606042
122.384596833	0.0608191355515
111.229876151	0.0688188616075
114.546975001	0.0662982873642
137.891430476	0.0514352584699
161.177995384	0.0396985085553
116.140349414	0.065158246251
128.785661023	0.0570210766612
117.362492808	0.0643864701355
155.55681133	0.0422877729757
143.151843562	0.0485804388033
132.047774996	0.055157040514
168.423056259	0.0366689021586
142.403345894	0.0487565118732
150.128166707	0.0449345419217
126.186393819	0.0583384009492
134.133888742	0.0534884580244
126.641555935	0.0580874546742
125.204712642	0.0590834060705
128.499619727	0.0570399762302
111.229492267	0.0687612237664
116.491259874	0.0653230917927
118.113162771	0.063744858417
144.125429895	0.0480176411076
135.66968559	0.0526805894951
121.43778039	0.0619115176883
151.518090115	0.0442598682945
126.688222953	0.0585517760775
163.439713288	0.0388216612263
142.176395608	0.0491416031508
84.709482521	0.0918994870224
121.097942948	0.0616028660814
117.151441962	0.0646854534625
118.906163731	0.0635662707037
115.842539615	0.0653033973062
155.930391422	0.0421700560787
133.911830281	0.0537223178258
129.207917482	0.0563552278899
119.571843398	0.0630449465023
128.675193173	0.0569009093719
160.58865047	0.0399929392187
146.783760134	0.0466271527688
146.77802246	0.0466362604936
109.657412627	0.0710278168288
153.772318813	0.0431756011354
125.696383944	0.0589493964599
139.873134666	0.0500731189283
119.84946909	0.0625365192266
106.02868287	0.0725738533222
103.338828144	0.075111557103
109.89969938	0.0696012276914
110.522119893	0.0693070044265
130.240683983	0.0558247715632
104.71679564	0.0739430148272
131.2254271	0.0552695128996
91.5169039448	0.085567239705
139.219339228	0.0506041341279
127.168598992	0.0577970549784
106.091566347	0.0730321815697
111.448587107	0.0686717923576
125.845716772	0.0586763504577
145.820555408	0.0471290554553
128.362699178	0.057143660144
137.320563491	0.0517620681468
140.528170322	0.0500251511721
136.085290461	0.0526436272236
149.895466848	0.0450826889384
140.303539445	0.0499419327771
142.905165185	0.0486636870893
101.731188941	0.076218170803
142.974395939	0.0487285953008
145.971729512	0.0470664958884
143.135195545	0.0486137113396
125.176890712	0.0592452423376
139.632676621	0.0504261364935
152.245019721	0.0439470133793
107.368973805	0.0728815401947
147.242523701	0.046442389095
142.379815549	0.048801434406
117.556079473	0.0641374167033
118.955206333	0.0630142621458
119.964939379	0.062553209164
134.708427382	0.0532515755687
112.379285065	0.068017283003
142.572966602	0.0487914824668
97.0099019146	0.0803395854165
143.292054183	0.0484862916354
131.439585111	0.055328150512
146.767734894	0.0467294377456
139.387191773	0.0506541841716
144.772807431	0.047754492627
145.807300144	0.0472089133112
153.094052125	0.0435023985554
162.335597949	0.0392638622094
157.813384335	0.0412646540639
145.122547518	0.0475132536698
143.528768269	0.048385890646
162.876776139	0.0390072620514
130.463048036	0.0561106159233
177.564060442	0.0330857713982
143.920552763	0.0481899514624
164.000809334	0.0384982295005
146.818024385	0.0466798005698
149.073649544	0.045509576837
138.898120348	0.0509998507203
148.907959883	0.0454127742633
152.285280212	0.0438719824508
143.552770339	0.0481944053082
177.317088802	0.0331265944202
152.180990966	0.0437037584727
155.5347332	0.04231812463
163.53047838	0.0386375128761
139.170640188	0.0508506142102
151.121498754	0.0442822278698
145.676331406	0.0472715178199
137.40392941	0.0515157606644
165.083177767	0.0379984383448
140.593743857	0.0496504723702
144.730552639	0.0477079983375
126.558862404	0.0579586302824
165.909156797	0.0376588903589
111.022352102	0.0698806204952
116.655550488	0.0655259534014
130.530103013	0.0560663965415
123.640044844	0.0605973372733
142.308501742	0.0488034657458
129.656690605	0.0566677180296
138.339700712	0.0513870186663
136.859813573	0.0522281113099
168.446302773	0.0364642657541
161.028071579	0.0396853216974
153.337684426	0.0433823321592
139.061482607	0.0504887778306
98.441759414	0.0785333636203
152.578525369	0.0436478195346
157.866215276	0.0410429841229
127.486486559	0.0580511153024
113.768021959	0.0677464243441
171.36885798	0.0353876281844
145.198569233	0.0475403713852
135.103255742	0.0525676196343
128.267948562	0.0567569523258
128.026046745	0.0569516790035
116.787116863	0.0645316604337
156.425604528	0.0419218257101
141.067134881	0.0496665612666
127.16359052	0.0574293378758
125.205490033	0.0586565713792
156.584313938	0.0418344907153
148.007696251	0.0460198893717
147.026554031	0.0465624130438
153.592652929	0.0431964974693
158.085215419	0.041109680316
126.225522667	0.0584060905813
134.260835147	0.0537711804821
153.948520769	0.0430468456367
142.79513083	0.0488109604495
159.311820684	0.0405421179745
159.341286007	0.0404570680617
164.550231936	0.0382399433485
131.200901596	0.0548150113594
163.21178643	0.0388600789118
164.35431581	0.0383437123058
137.486017995	0.0518790482618
173.7547056	0.0344511677571
151.232558484	0.0443624908332
126.325230741	0.0588452787288
142.104848564	0.0492397199179
119.316089305	0.0637117583995
162.785689645	0.0389957529616
173.246635226	0.0346854904753
171.759127246	0.0351937267597
166.462458545	0.0373957406012
158.143561738	0.0410187166702
171.138389406	0.0355131957764
172.463176748	0.0349890360774
152.966373908	0.043509220842
161.498861121	0.0395180303216
172.145470953	0.0351226067019
177.438554127	0.0330713179699
153.07153783	0.0434639484959
160.857798118	0.0398466452316
155.998816053	0.0420815826057
158.60126596	0.0406772536783
154.099068903	0.0428674504647
156.447438632	0.0418558227182
125.446558477	0.0584911043369
174.849788685	0.0340550630926
175.666220377	0.0336700574672
164.124621579	0.0383868575774
151.509238853	0.0442746757699
166.805148653	0.0371430925332
148.300302195	0.0458888791449
160.482220886	0.0399923781864
172.512455859	0.0349852810289
170.93130538	0.0355581901475
128.229827102	0.0567226718427
174.235833606	0.0343076028024
146.800812866	0.046379789349
142.441160098	0.0485731854174
158.426889042	0.0405940599561
159.949255324	0.0400353610354
152.938736084	0.0434952735095
156.109025806	0.0420128792464
152.307244417	0.0438457802982
151.787886633	0.0441305271001
158.172413327	0.0410204554653
171.910076222	0.0352239421491
175.522540329	0.0337421936758
127.836219944	0.0569950867027
164.951834552	0.0380520745146
143.707545451	0.0483216329272
155.335818519	0.0423862095177
139.372881079	0.0506979525651
131.95740552	0.0552076403364
150.206770117	0.044627987512
160.322647166	0.0400700106511
172.340745958	0.0350411933133
142.22750995	0.0487608904818
169.899851876	0.0360369086137
150.094578574	0.0445782713349
161.6509657	0.0395102977649
164.030395471	0.0384780537905
154.053841337	0.0427630427192
172.910667231	0.0347854622937
168.782493769	0.0364605113386
153.919789651	0.0431052455348
154.433755812	0.0426566880186
165.229650871	0.0379321286369
175.451557804	0.0337622353633
161.83360377	0.0393135575676
181.864859199	0.0314773150276
140.59470689	0.0500543560702
152.581034792	0.0437143498057
170.192891772	0.0358619327319
163.14100384	0.0388446816769
177.676705468	0.0330171061678
167.792941465	0.036864112508
173.05674652	0.0347614086221
174.077576454	0.0343665514858
158.017446943	0.0408139672568
152.738038736	0.0433725535207
171.614966007	0.0353367846098
144.282057194	0.0479989526297
146.640441596	0.0467875889725
173.050494562	0.034741156674
166.699514496	0.0371520460838
172.849077671	0.034806101351
174.894895464	0.0339864281106
157.796364397	0.041215677629
171.493995015	0.0353511383129
168.463187247	0.0364977660933
165.625993679	0.0376344649424
167.992381358	0.0367372987691
171.67021572	0.035139951993
151.675465453	0.0438283346591
169.49384719	0.0361328914681
173.019810271	0.034763634511
160.481128683	0.0400058810492
145.280201766	0.0471414134805
162.219530819	0.0391263715276
148.805400538	0.0455832467937
180.493190544	0.031993047567
172.276422717	0.0350364216878
162.83268066	0.038966814109
158.883312523	0.0407378069936
174.012565004	0.034345285719
169.227907462	0.036288257717
172.652684334	0.0348597934411
178.386463549	0.032757368522
146.102239493	0.0469854165827
159.637939543	0.0404047564693
180.830592336	0.0318346945973
168.898068567	0.0364168547885
163.618051362	0.0386474782793
135.423018582	0.0530721301283
162.94678182	0.0388932144315
156.642775731	0.0417700798775
160.538346915	0.0399046513162
151.828397099	0.0441252428869
173.082423701	0.0346988660155
161.501586108	0.0395597965381
172.086950088	0.0351517242121
161.240328356	0.0394442014611
144.246673642	0.0475995111954
163.127531467	0.0385880137887
162.851363294	0.0388702097447
175.777952208	0.0336505488622
170.596072581	0.0357201810872
164.794058221	0.0381354955324
176.573388113	0.0334153874621
168.033496548	0.036742600485
164.459192391	0.0382669747873
175.25003472	0.0339003320816
160.208756042	0.0401464816248
169.657125447	0.036044713715
165.115950543	0.0379793523017
171.137146901	0.0354339728991
184.902309034	0.0304104850051
174.48985875	0.0341340135281
182.34559921	0.0312922352714
185.707554484	0.0301290997201
184.639568657	0.0304824463084
170.098438909	0.035880473512
167.733803274	0.0368509912001
171.336756002	0.0353814587787
175.529144753	0.0337286335623
179.099105426	0.0324201386895
178.892934164	0.0324685520075
172.976426239	0.0346568907108
182.182947538	0.0312930110244
167.480803593	0.0368110880953
162.65562477	0.0388328594914
147.176480877	0.0464414130289
176.286151771	0.0333813850251
170.462830486	0.0356010522581
170.440584337	0.0356024976237
180.762139465	0.0318606150154
175.432680972	0.0338280115072
170.378180705	0.0356548744162
175.593468997	0.0336592232622
170.032811921	0.035826827036
161.198154473	0.0394651719926
178.495589594	0.0326872511353
162.982315186	0.0387631080082
169.245186026	0.0362764556979
181.59858915	0.0315661059888
177.646480892	0.0328480234393
171.696046957	0.035286986647
176.339523217	0.0333698226478
168.892564152	0.0363832550253
161.562838469	0.0392534992995
178.627243116	0.0326498630597
178.700535259	0.0325457164216
186.20346187	0.0299529496227
164.560202744	0.0381133237747
160.137187582	0.0401752259941
170.679865581	0.0356799690904
176.902032193	0.0332069497596
169.489263675	0.0360110223307
158.108426938	0.0410689086488
177.019563967	0.033150512937
186.910787824	0.0297228290865
176.555560346	0.0333400464921
165.520645385	0.0377951435491
170.580700209	0.0357169788407
171.801218473	0.035248554245
157.859171052	0.0409899424971
187.743849115	0.029418554449
175.171883307	0.0339440086746
174.66912081	0.0341486499519
176.303328803	0.0334675853179
179.698956629	0.0322593903989
180.401921791	0.0320120451547
183.938967943	0.0307617976927
167.78755049	0.0368630042078
172.318917986	0.0350218445428
184.938277944	0.0303731475425
172.69804688	0.0347231009416
176.08407609	0.0335448599586
187.406490974	0.0295644571431
166.257612447	0.0375033440808
170.771536585	0.0356471495877
161.056286417	0.039744733976
180.679608214	0.0318936766269
163.128524431	0.038833989047
183.021110451	0.0310641794488
170.923404875	0.0355832276461
180.70237926	0.0318985020963
179.328489769	0.0323767199569
171.010926155	0.0355580491147
173.27800994	0.0346673546078
170.650646148	0.0356933035504
176.227873653	0.0335247804864
177.218294976	0.0331595933306
180.739096495	0.0318819005028
176.91944064	0.0332760956963
177.796551126	0.0329400604923
185.836882902	0.030100612873
180.490571924	0.0319488553996
185.708024567	0.0301516882192
184.059027045	0.0306824601724
187.109056653	0.0296582072373
185.110126119	0.0303320727067
184.116455643	0.0306787303092
188.565553215	0.0291660657927
190.528763409	0.0285236557212
187.086161006	0.0296235125684
188.121736964	0.0292848975842
180.883992821	0.0317554385667
184.626016936	0.0304239561479
178.939415454	0.0324313228256
183.326861466	0.0308605215778
175.634157711	0.0336159002877
172.190073996	0.0349360141426
180.064403587	0.0320160901242
174.261781953	0.0341098524608
171.234480655	0.0352660591352
171.298577498	0.0352457883716
173.896005323	0.0342635535341
176.358235925	0.0332880066452
185.207811358	0.0302808341477
170.427127802	0.0356073734663
174.600808737	0.0339085889455
173.496961258	0.0345845166094
169.130241777	0.0363175989086
171.838696403	0.0352440575033
178.835134259	0.0324436137004
191.162665928	0.0283132818896
175.216215855	0.0338822247477
180.921426891	0.0317954540731
178.620115281	0.032637916247
174.726400721	0.0340769777897
177.33560662	0.0331124150699
180.874128902	0.0317796667247
184.13054409	0.0306916459993
190.005912695	0.0286968225008
181.144677776	0.0317000527542
180.996778821	0.0317717454956
180.672474028	0.0318886350136
183.773085676	0.0308012999663
185.105935213	0.0303304556858
185.919532812	0.0301015464244
180.333465798	0.0320078405752
187.197146701	0.0296746950979
183.829513546	0.0307582035776
186.872290495	0.0297738757591
184.732536606	0.0304142940451
182.973599345	0.0311108710267
178.876586783	0.0325285499227
172.616989162	0.0349116747977
183.79570441	0.0307854734328
179.34644662	0.03239484191
183.279297777	0.0309163939317
176.289591719	0.0335087927289
175.239635931	0.0339072740469
175.066665744	0.0339879729607
182.412671904	0.0313093648627
179.676751921	0.0322914853616
179.404470093	0.0323729370478
168.807316687	0.0364432561217
175.774405295	0.0335493787365
182.345759834	0.0312903521041
181.979826913	0.0313431549552
183.073953773	0.030979639444
184.418434362	0.030545153022
189.220607145	0.0289468428931
188.022615615	0.0293423977737
192.517811486	0.0278920452821
185.608487694	0.0301705448803
188.135077644	0.0293393554195
185.440033472	0.0302111160421
177.613605866	0.0329631807119
182.494329063	0.0311573388419
181.03148043	0.0316291657928
180.411954126	0.0319087280803
179.807899748	0.0322179733528
187.76004105	0.0294543247568
177.050947577	0.0332298141061
187.421841481	0.0295313969334
182.709522555	0.0310515473381
189.264340924	0.0288711537535
189.165703213	0.0289446867084
187.433006902	0.0295430915906
181.121986355	0.0317256110382
187.920765417	0.0294006248057
183.359056683	0.0309154617438
189.033267364	0.0290065418968
185.115517997	0.0303232060097
188.408511202	0.0291771361545
184.609952847	0.0305105911569
185.185498422	0.0302514228025
183.919830532	0.0306836692437
179.102059607	0.0323149557242
181.090033189	0.0316460964424
184.013685569	0.0306132539242
183.823173057	0.0306421036048
182.252538245	0.0313244082296
182.031800863	0.0313311407632
183.140409802	0.0308574633164
185.353050758	0.0302433071782
183.4467146	0.0308273908455
184.685609787	0.0304714125303
188.463182569	0.029102886317
189.160062151	0.0289707517005
190.11896195	0.0286502437979
185.856957642	0.0301023115603
185.88578617	0.0300562086674
190.201147607	0.0286565436764
190.185366654	0.0286480850022
186.482178247	0.0298903411833
189.679588003	0.0288212362289
192.278808758	0.0280030423775
191.708274263	0.0281440602313
189.917378488	0.0287226471241
190.403433523	0.0285557803235
189.32779757	0.0288912641871
188.72117133	0.0290785198457
190.51185052	0.0284920453891
186.445191346	0.0298258076074
187.655246518	0.0294217188927
190.129743442	0.0286141806413
187.65804303	0.0294541711582
187.954548537	0.0293262575978
188.359045643	0.029252675278
187.106967533	0.0295856491947
184.95645593	0.0303720101424
187.036293189	0.0296793423402
190.426846426	0.0285807771535
188.430004493	0.0292104272467
188.681996882	0.0291513529711
193.199961373	0.0276958046275
190.289765597	0.0286263032091
190.770638647	0.0284362224071
184.703799888	0.0304548046113
190.190643547	0.0286482790496
187.944322149	0.0293900506945
192.034613833	0.0280790739247
190.750257215	0.0284749274926
189.788540384	0.0288137725777
189.528957009	0.0288891169906
187.961846961	0.0294049935053
188.798793508	0.0291228857066
185.275569783	0.0303098800167
189.179586107	0.0290159086076
191.262809248	0.0283497225382
189.943659517	0.0287779397695
186.667054539	0.0298413344372
187.682504062	0.029506073695
192.337122238	0.0280161120924
189.19783781	0.0290178860836
191.025791852	0.0284196106911
192.730400762	0.027893539286
193.422270092	0.027679945477
193.470940048	0.0276441246757
190.339368827	0.0286423416536
192.017072929	0.0281009614604
195.187134662	0.0271274657009
195.309452677	0.0270812919064
194.648391316	0.027257333886
193.758340762	0.0275335146438
194.709588855	0.0272368729821
195.380516093	0.0270229055573
192.727478105	0.0278296835529
189.689999206	0.0287933933372
188.795596702	0.0290854562603
191.662058611	0.0281598834787
190.223473375	0.028638831048
190.057045518	0.0286650696092
191.589466691	0.0282351022839
191.393365001	0.0282380356554
188.774781978	0.0291225788756
193.221323861	0.0277181384098
192.959453463	0.0277942614366
189.840593789	0.0287996228672
188.758708196	0.0291550871743
192.597257702	0.0279196625249
191.653950499	0.0282409612649
193.986310762	0.0274656974194
187.990769808	0.0293806003016
190.525559853	0.0285876757016
189.980420915	0.0287736599676
194.155092364	0.0274381162113
191.804020443	0.0281648715308
196.993275796	0.0265880086026
191.024568726	0.0284116307783
190.548118033	0.028590730876
191.578913488	0.0282501817146
190.256221398	0.0286751726979
187.280980978	0.0296508819769
190.062301825	0.0287721596613
190.400307313	0.0286288879508
189.269746312	0.0290089528578
190.972106702	0.028476792655
186.874603851	0.029796038694
193.832031347	0.0275595684158
193.722499837	0.027577725471
193.504197766	0.0276562363348
192.365228593	0.0280193876683
191.609855668	0.0282507057556
193.69680679	0.027597945853
194.149741381	0.0274649604553
193.27225526	0.027704857547
194.131738186	0.027462115251
194.711980579	0.0272774083476
194.953322673	0.0271882745043
192.179825844	0.0280481479563
191.820056852	0.0281570102147
194.225701076	0.0274050070538
194.749029832	0.0272568696799
192.522599727	0.0279156207161
192.616945096	0.0278950857496
192.870389929	0.0278028964494
193.26294661	0.0276844330867
191.168702282	0.0283439552074
191.414682155	0.0282764232008
193.16335317	0.0277584953244
192.564119962	0.0279039660172
190.601907495	0.0285570389129
193.036694142	0.0277792474788
195.365558557	0.0270744013203
193.287847573	0.0277066869424
191.86897366	0.0281584694301
191.268799401	0.028347244969
194.150740019	0.0274431661085
193.880833469	0.0275216289972
196.167649203	0.0268469310209
194.681266944	0.0272926694809
195.943909132	0.026906005276
193.154078788	0.0277494449929
192.7989647	0.027872512126
193.71355492	0.0276012191447
192.162783107	0.0280871328022
192.385708565	0.0280077535155
193.977621462	0.0275021271031
194.414901741	0.0273942544637
194.444509096	0.0273624092768
193.240422955	0.0277330211312
195.372125986	0.0270863378669
195.393227618	0.0270684751603
195.387572419	0.0270991788294
196.531700531	0.0267463648252
196.918477321	0.0266137914153
195.01074813	0.0271892972422
193.718272208	0.0275838297143
195.373584308	0.0270966394173
195.110342735	0.0271805734601
195.453330904	0.0270479484149
194.85712317	0.0272579499572
196.105322434	0.0268553839981
194.930605749	0.0272112892468
193.816314499	0.0275553133754
195.662295907	0.0270047026681
196.789228754	0.0266533409154
195.697308459	0.0269973198428
196.87550182	0.0266245847947
197.146989155	0.0265624664166
196.719536437	0.0266686541527
195.437638883	0.027055982834
197.279026213	0.0265018077782
197.861962654	0.0263303533638
196.865256087	0.0266408785451
197.948715276	0.0263086223089
198.120949002	0.0262658031752
197.532745207	0.0264219734863
196.040677405	0.0268649708628
197.947117714	0.0263015971535
197.992231724	0.0262938903361
196.745183624	0.0266861110467
196.996636237	0.0265933553465
195.006829172	0.0272175889739
194.557607018	0.0273244133975
190.652757416	0.0285358753584
190.627356801	0.0285416631372
190.484397362	0.0286180224185
189.978941935	0.0288039296266
196.068486279	0.0268820605318
195.98316508	0.0268833685833
195.776905236	0.0269765447014
191.77754055	0.0282083331009
187.459232123	0.0296149183933
191.522890498	0.0283135577626
194.722612747	0.0272843124303
196.078876094	0.0268702802059
194.071755553	0.0274809471517
196.976904097	0.0266006472278
194.681385805	0.0272933247877
193.003997412	0.0278215647459
192.974250277	0.0278058625856
191.244680493	0.0284009303198
192.711543944	0.0279408305306
193.766948342	0.0275994684145
191.165471561	0.0284336031234
193.151803033	0.0277904239296
192.56088631	0.0279857293698
192.554665059	0.0279630014007
193.298569028	0.0277493714025
195.235371717	0.0271425631145
194.919545073	0.0272500587616
194.594395695	0.0273322867164
192.163521059	0.0280812825591
193.342925936	0.0277157370318
193.673759897	0.0276113807802
194.301893171	0.0274391402255
192.581295418	0.0279821361221
194.573437262	0.0273421278288
192.608476941	0.0279721962854
194.14639811	0.0274867807938
194.946180083	0.0272466739861
192.39149055	0.0280370219562
194.203928017	0.0274720566792
195.649981325	0.0270126696429
196.174805698	0.0268608890223
196.23440329	0.0268374991342
196.759857976	0.0266856344638
194.906794224	0.0272354932206
194.985325374	0.0272038393972
195.618872708	0.0270236628336
197.815023394	0.0263741913658
194.500715417	0.0273874388902
195.657535196	0.0270062251117
195.537126583	0.0270603764553
194.726247131	0.0273172498089
194.498824016	0.0273919225939
195.38135398	0.0271205817746
195.822090788	0.0269825021687
194.849258181	0.0272762503227
195.523130213	0.0270613142951
195.561282532	0.027061821953
195.786613521	0.0269923204581
195.915622082	0.0269515155708
195.940670882	0.0269445039589
194.536736408	0.0273728636923
195.70118718	0.0270179842587
195.332692776	0.027119138715
193.630100353	0.0276293261531
194.814849048	0.0272880311144
195.304047265	0.0271378390102
194.702887756	0.0273006417491
195.001106992	0.02721918108
194.677481794	0.027305595921
195.362391851	0.0271083187435
194.429680936	0.0273971304187
195.336742016	0.0271200327119
194.744104392	0.0273055103716
195.238142818	0.0271377766174
194.641715622	0.0273109382347
196.136220174	0.0268829888636
196.923537259	0.0266479148652
195.134324346	0.0271883829577
196.156702822	0.0268793718089
194.927004152	0.0272550122743
195.798547985	0.0269714374188
194.568826134	0.0273667364766
193.964296521	0.0275503772796
195.189461891	0.027175449297
195.245073319	0.0271373235437
195.907717175	0.0269523389442
195.480428146	0.0270599840533
195.282626217	0.0271440835381
195.782965537	0.026991865875
195.612089753	0.0270430344797
195.255253213	0.0271478482145
196.675035704	0.0267216867259
196.565474852	0.0267488487438
196.243052515	0.026851618239
196.796004879	0.0266750766064
196.867980145	0.0266546574333
196.495868991	0.0267533867969
197.305082586	0.0265222748572
196.66648073	0.0267221632092
196.821329935	0.0266544781333
197.643651671	0.0264242665792
198.04970684	0.0263079909403
197.177191357	0.0265675582276
198.120357134	0.0262886310559
197.780263655	0.0263701351934
198.335972849	0.026224421648
197.70806121	0.0263885159567
198.986388161	0.0260208063789
198.406197117	0.026203819153
198.708651478	0.0260949286445
198.135780364	0.0262846482076
198.95221676	0.0260356659799
198.72623709	0.0261025931144
199.033512412	0.0260152061947
198.701384255	0.0261146257095
198.712444165	0.0260870576474
198.746231797	0.0260944425283
199.204016184	0.0259585050392
198.488494027	0.0261564849343
198.946255495	0.0260241517383
198.354174565	0.0262193955792
198.728974794	0.0260870855981
198.900939832	0.0260440550061
198.923717272	0.0260342631086
197.904530254	0.026321163235
198.717261195	0.0261075100107
198.052917185	0.0262834222281
198.733628844	0.0261041570395
198.051244001	0.026285930362
198.435169704	0.0261676008089
197.795998946	0.0263566018148
198.687072419	0.0260992857009
198.098316152	0.0262926987211
197.647443905	0.026426499049
197.994917054	0.0263014742936
198.389800426	0.0261771556842
198.307397202	0.0262288148892
198.573996764	0.0261312242958
198.126711028	0.0262538662289
198.368483305	0.0261803864367
198.394105922	0.0261769465712
198.472196949	0.0261499365955
198.135493946	0.0262515552973
199.053762394	0.026010791532
198.175212987	0.0262570373544
199.033322362	0.0260023814046
197.73047257	0.0264035540164
198.598110871	0.0261270058713
198.430055305	0.026195335143
198.82814794	0.0260692406325
198.088035733	0.0262677193321
199.021691166	0.0260213831298
198.29126814	0.02621509523
198.273225568	0.026209760373
198.019983881	0.0262897574371
198.343423329	0.0261874933785
198.460641253	0.0261639388441
199.126032893	0.025980068041
198.631247692	0.026135948921
199.157355791	0.0259793044827
198.445470181	0.0261689431839
198.988642611	0.0260309768027
198.926001179	0.0260453734575
198.7372899	0.026102488606
198.230249209	0.0262545753776
198.567284495	0.0261542775637
198.325836458	0.0262241830777
199.008856988	0.0260171194918
197.947507947	0.026336413125
198.584673185	0.0261429314056
197.778641646	0.026386944733
198.574157018	0.0261527029558
198.005365895	0.0263150258327
198.214721851	0.0262591716787
198.397371266	0.0262047423894
198.246235558	0.0262565096166
198.737135218	0.026084616637
199.275256606	0.0259491322271
198.329178525	0.026225625627
199.737293913	0.0258101968962
199.14633993	0.0259640310646
199.575073317	0.025846053291
199.17788785	0.0259457233581
199.833913863	0.0257703823192
199.678314089	0.0258150229155
199.865278992	0.0257508395907
199.761941814	0.0258040161526
199.427401807	0.0259076842339
199.947040962	0.0257484258295
199.751919602	0.0258122508817
199.920649029	0.0257579635768
200.041070469	0.0257045564367
199.897094734	0.0257439845548
199.870264729	0.025773909207
200.088568771	0.0256906039526
200.14059873	0.0256720532042
200.05438722	0.0256973375279
200.748849999	0.0254996745767
199.789358833	0.0257687073132
200.561654521	0.0255488082142
200.204449725	0.0256734980252
200.871518492	0.0254713579143
200.202239193	0.0256546067618
200.853551838	0.0254747835128
200.183924779	0.0256570848541
200.861031351	0.0254809656932
200.07692714	0.0257154099606
200.555801394	0.0255791991582
199.941011751	0.025755195938
200.526943227	0.0255876716058
200.00955282	0.0257350878886
200.907405319	0.025476725987
200.464989034	0.0255964537444
200.865479649	0.0254883179214
200.432715864	0.0255987734608
201.506857408	0.0252887738057
200.312951609	0.0256283265956
201.226690799	0.02535676863
200.417111805	0.0256068912698
201.533099289	0.0252841808953
200.307942685	0.0256453574642
201.151911251	0.025406276116
200.560364986	0.0255612465976
201.805744646	0.0252012014808
200.481412879	0.0255931774579
201.896798789	0.0251703538549
200.486280697	0.0255757885065
201.532718565	0.0252672198505
200.672210545	0.0255335674585
201.866958922	0.0251807027405
200.500892329	0.0255665088276
201.79963163	0.0252111813418
200.698787963	0.0255275869946
201.842738374	0.0251861649992
200.358242393	0.025605129584
201.604343721	0.0252653764959
200.044726197	0.0257038310551
200.325824103	0.0256151761445
199.55711511	0.025845460312
201.017903076	0.0254233102438
199.86811376	0.0257704093433
201.172289947	0.0253793198506
199.899768829	0.0257418451844
200.962221396	0.0254510363132
199.992870436	0.0257374445495
201.082967581	0.0254142827186
200.178148756	0.0256844923073
201.024780849	0.0254267885425
200.203567994	0.0256606148974
201.027573638	0.0254324950173
200.420919263	0.0256127261121
200.779936913	0.0255116946425
200.409804753	0.0256144609649
200.955621244	0.0254490280075
200.336775744	0.0256222445588
200.843482853	0.0254740608752
200.588932861	0.0255639825424
200.771762883	0.0255131261801
200.819061799	0.0254916953711
200.917794471	0.0254673628586
200.968973132	0.0254522703197
200.866739618	0.0254740571848
201.152857377	0.0253920415083
200.795020333	0.0254978424967
201.18362367	0.0253819616996
200.74633239	0.0255097491398
201.270057281	0.0253605447595
200.552747562	0.02556091587
201.313266055	0.025345394482
200.603252794	0.0255569088831
201.108577363	0.025417899775
200.555561543	0.0255743144407
201.169012718	0.025386286488
200.751934473	0.0255148771004
201.173748575	0.0253879474093
200.892834668	0.0254687596942
201.083236358	0.0254083482878
200.771354215	0.0254979898061
201.078652184	0.0254097537619
200.964715939	0.0254560912113
200.898752181	0.025478154123
200.765346136	0.025515197182
201.110175886	0.0254177216028
201.06837519	0.0254197323464
201.037484617	0.0254202514768
200.895102083	0.0254602300227
201.005596356	0.0254378072489
201.049694198	0.0254326743127
201.043667142	0.025432377316
200.806618768	0.0255026135685
201.156545294	0.0254007615966
200.734482608	0.0255221702682
201.024841262	0.0254413161249
200.816426775	0.0254979699492
201.105011705	0.025409752642
200.896034888	0.0254751999255
200.931613903	0.0254669484704
200.824934807	0.0254962550461
201.044101042	0.0254285333314
201.058101495	0.0254278383168
200.967060596	0.0254553069267
200.983130175	0.0254404784459
200.974761158	0.0254392030375
203.49156436	0.0247328286346
208.500230465	0.0233731425973
213.384586402	0.0221227463851
217.501152603	0.0211200435973
221.12093856	0.0202847757343
224.295068285	0.0195742864426
226.882005795	0.0190074403935
229.636599686	0.0184270236236
232.061556408	0.0179300472761
234.652456254	0.0174096365481
236.866411929	0.0169827645471
239.049698261	0.0165746869991
241.047434972	0.0162088459797
242.872514622	0.0158851847717
244.567228315	0.0155893019099
246.110995905	0.015326594863
247.458976531	0.0150988065719
248.484033273	0.0149262688062
249.57025297	0.0147412154762
250.448348183	0.0145947226226
251.350427562	0.0144503761111
252.028281161	0.0143454367345
252.848629066	0.0142110033658
253.381794514	0.0141227246133
253.844523298	0.0140564693341
254.407004413	0.013970511107
254.869947654	0.0138989584494
255.281182107	0.0138347754489
255.606627236	0.0137801612563
255.756622949	0.0137613289188
256.086006802	0.0137084873829
256.102441647	0.0137031682302
256.247302678	0.0136785655634
256.230410783	0.0136820841011
256.201464626	0.0136788805575
256.173055252	0.0136726835227
256.173090977	0.0136660135921
256.155006342	0.0136695331327
256.181997256	0.0136684637387
256.262044991	0.0136546924723
256.243644174	0.0136579463714
256.42521842	0.0136280966303
256.480423382	0.0136177516278
256.452226887	0.0136194342937
256.593255994	0.0136057298478
256.680776827	0.0135935315721
256.684199767	0.0135914577407
256.53613595	0.0136162376515
256.30506259	0.0136508520906
255.834830782	0.0137227804093
255.492621081	0.0137741580683
254.443425648	0.0139381604363
254.471423561	0.0139338522073
258.079701026	0.0133898819366