100	-0.04579	0.0	0.983017235464	0.0169827645363	0.0
104	-0.03512	8.74028372471e-18	0.508921474549	0.480249373969	0.0108291514825
105	-0.03909	0.0	0.0	1.0	0.0
107	-0.03959	0.0	0.0	1.0	0.0
11	-0.08667	1.0	0.0	0.0	0.0
113	-0.0429	1.0	0.0	0.0	0.0
114	-0.006252	0.0	0.0	1.0	0.0
115	8.553e-05	1.0	0.0	0.0	0.0
116	0.04146	0.0194943208404	0.974108038557	0.00639764060217	0.0
117	0.02201	0.0	1.0	0.0	0.0
118	0.05179	0.0	1.0	0.0	0.0
119	0.07821	0.0	0.961816841708	0.0	0.0381831582919
121	0.08674	0.0	0.0	0.0	1.0
125	0.1795	0.0	0.0	0.0	1.0
126	0.4892	0.0	1.0	0.0	0.0
127	0.6308	0.0	0.0	0.0	1.0
128	2.266	0.0	0.961253068577	0.0	0.0387469314227
165	-0.09676	0.0	1.0	0.0	0.0
166	-0.08773	0.0	0.506664219444	0.0	0.493335780556
167	-0.1106	0.0	0.0	0.0	1.0
168	-0.1081	0.0	0.0	0.0	1.0
17	-0.128	1.0	0.0	0.0	0.0
170	-0.07931	0.0	0.0	1.0	0.0
172	-0.07262	0.0	1.0	0.0	0.0
175	-0.07844	0.0	1.0	0.0	0.0
176	-0.05621	0.0	0.0	1.0	0.0
178	-0.05637	0.0	0.0	1.0	3.24187777642e-108
189	-0.02459	0.0	0.0	1.0	0.0
190	-0.02248	0.410828584804	0.0	0.589171415196	0.0
191	-0.0246	0.0	0.0	1.0	0.0
192	-0.02125	0.0	0.0	1.0	0.0
193	-0.02574	0.999999954095	0.0	4.59046802608e-08	0.0
194	-0.009309	0.99363490207	0.0	0.00636509792978	0.0
195	-0.007947	1.0	0.0	0.0	0.0
196	0.01526	1.0	0.0	0.0	0.0
197	0.01898	0.109908275645	0.0	0.890091724355	0.0
198	0.04996	0.996683550626	0.0	0.0033164493742	0.0
199	0.06714	1.0	0.0	0.0	0.0
200	0.09993	0.00399895468857	0.0	0.996001045311	0.0
201	0.07185	1.0	0.0	1.08115337876e-87	0.0
202	0.02944	0.628966499495	0.0	0.371033500505	0.0
206	-0.004209	0.749946426897	0.0	0.250053573103	0.0
207	0.00168	1.0	0.0	0.0	0.0
208	-0.0159	0.0102869085684	0.0	0.989713091432	0.0
211	-0.01761	6.49797943922e-35	0.0	1.0	0.0
23	-0.09254	0.435013952995	0.0	0.564986047005	0.0
24	-0.08152	0.0	0.0	1.0	0.0
25	-0.08942	1.0	0.0	0.0	0.0
26	-0.09257	0.0	0.0	1.0	0.0
39	-0.08499	0.0	1.0	0.0	0.0
40	-0.08033	0.0	0.807421386237	0.0	0.192578613763
41	-0.0404	0.0	1.0	0.0	0.0
42	-0.009672	0.0	0.577588396592	0.0	0.422411603408
43	-0.01882	0.0	1.0	0.0	0.0
45	-0.02951	0.0	0.533478763194	0.0	0.466521236806
46	-0.03716	0.0	0.992505932111	0.0	0.00749406788928
47	-0.0197	0.0	0.0	0.0	1.0
48	-0.02356	0.0	0.419538820092	0.0	0.580461179908
49	-0.03944	0.0	1.0	0.0	0.0
53	-0.05365	0.0	0.0	0.0	1.0
54	-0.05028	0.0	0.483183130785	0.0	0.516816869215
6	-0.06412	0.0	0.0	1.0	0.0
61	-0.06137	0.0	1.0	0.0	0.0
62	-0.05343	0.0	0.00382834638884	0.0	0.996171653611
63	-0.05596	0.0	0.0	0.0	1.0
64	-0.06726	0.0	0.0	0.0	1.0
65	-0.06216	0.0	1.0	0.0	0.0
66	-0.06017	0.0	1.0	0.0	0.0
67	-0.06608	0.0	0.0	0.0	1.0
68	-0.06999	0.0	1.0	0.0	0.0
69	-0.0601	0.0	1.0	0.0	1.19589179897e-152
7	-0.07942	0.0	1.0	0.0	0.0
70	-0.05897	0.0	0.0	0.0	1.0
72	-0.06274	0.0	0.0	0.0	1.0
73	-0.05651	0.0	0.0	0.0	1.0
74	-0.05797	0.0	0.886877756506	0.0	0.113122243494
76	-0.0624	0.0	0.539881841798	0.0	0.460118158202
79	-0.05549	0.0	0.0	1.0	0.0
80	-0.05546	0.907181426151	0.0	0.0928185738493	0.0
84	-0.1209	0.0	0.0	1.0	0.0
86	-0.09801	0.0	1.0	4.30415853505e-27	0.0
90	-0.05495	0.0	1.0	0.0	0.0
91	-0.0542	0.0	0.0	0.289307335759	0.710692664241
92	-0.06211	0.0	0.0168234591212	0.0	0.983176540879
94	-0.04788	0.0	0.999998243196	1.7568043885e-06	0.0
95	-0.04946	0.0	0.967807561036	0.0	0.0321924389644
97	-0.04548	0.0	0.315180940294	0.684819059706	0.0
98	-0.04159	0.0	0.98513367014	0.000518768843405	0.0143475610163
99	-0.04462	0.0	0.0123097762808	0.987690223719	0.0