6	-0.265738573113	0.00170312692269
6	0.457296181303	0.00200367650403
6	-0.0732961813029	4.82199854549e-06
6	0.649738573113	0.00262970294823
7	-0.203651924082	0.00264814868099
7	-0.0872320708629	2.32677313076e-05
7	0.137232070863	0.00201778487074
7	0.253651924082	0.00171516093687
11	-0.0941941081332	8.1658744747e-06
11	-0.0295922085943	0.00261671507521
11	0.0995922085943	0.00169472280569
11	0.164194108133	0.00199378511335
17	-0.148794792849	3.52537511782e-06
17	2.39610421034	0.0026284063248
17	0.333895789662	0.00170228532291
17	2.87879479285	0.00200268742342
23	-0.0489591552069	3.69696471118e-05
23	2.70495893248	0.00258791130257
23	-0.0489589324784	0.00167629335761
23	2.70495915521	0.00197197673516
24	-0.184923665277	0.00169498996674
24	1.79615261214	0.0019941000565
24	-0.0741526121366	7.75161869725e-06
24	1.90692366528	0.00261712933098
25	-0.0720083859994	2.34364883112e-05
25	1.43952551229	0.00260144446137
25	0.00647448770715	0.00168491602558
25	1.518008386	0.00198220093364
26	-0.178035002021	0.00171400658617
26	1.16314193967	0.00201643428917
26	-0.105141939672	2.150589214e-05
26	1.23603500202	0.00264638684182
39	-1.41668292677	0.00261212169101
39	-0.0676837175963	1.27592586748e-05
39	-1.3543162824	0.00199029537388
39	-0.00531707323283	0.00169176441978
40	-1.44410040777	0.00197923230026
40	-0.0844842458625	0.00168240919381
40	-1.42351575414	0.00259752047115
40	-0.0638995922316	2.73604785307e-05
41	-1.04134742285	0.00265651109861
41	-0.029205939717	3.16301489253e-05
41	-0.992794060283	0.00202420391332
41	0.0193474228534	0.00172065400376
42	-0.614103923519	0.00263087941158
42	-0.018844338395	5.99846189512e-06
42	-0.589155661605	0.00200457422846
42	0.00610392351936	0.00170389102422
43	-0.669244911956	0.00265971533118
43	-0.023659481216	3.48343814998e-05
43	-0.596340518784	0.00202666725775
43	0.0492449119557	0.0017227649008
45	-0.513928155861	0.00196011437726
45	-0.0460719397808	0.00166632882755
45	-0.513928060219	0.00257214284712
45	-0.0460718441392	5.27381025595e-05
46	-0.701355272069	0.00260619705495
46	-0.0460031156995	1.86838947305e-05
46	-0.659996884301	0.00198580087418
46	-0.00464472793144	0.00168795943827
47	-0.548200831336	0.00202939886854
47	-0.105500459781	0.00172510754465
47	-0.468499540219	0.0026632653725
47	-0.0257991686642	3.8384422815e-05
48	-0.508439814127	0.0020171347582
48	-0.029560777138	0.00171460522026
48	-0.508439222862	0.00264730070986
48	-0.0295601858735	2.24197601798e-05
49	-0.868311841952	0.00263932448114
49	-0.0405207248609	1.44435314613e-05
49	-0.645479275139	0.00201102685055
49	0.182311841952	0.00170938975624
53	-0.745526649519	0.00199162320244
53	-0.376583279475	0.00169288965881
53	-0.425416720525	0.0026138701459
53	-0.0564733504813	1.1010803785e-05
54	-0.788316326168	0.00264814740306
54	-0.0356837853937	2.32664533804e-05
54	-0.788316214606	0.00201778389088
54	-0.0356836738316	0.0017151600992
61	-0.378119358361	0.00264582298039
61	-0.055990703249	2.0942030706e-05
61	-0.292009296751	0.0020160021813
61	0.0301193583614	0.00171363736455
62	-0.280185368323	0.00200983033739
62	-0.0839719744827	0.00170836925836
62	-0.246028025517	0.00263775996613
62	-0.049814631677	1.28790164503e-05
63	-0.352345033586	0.00200540230327
63	-0.129109539936	0.00170459604177
63	-0.274890460064	0.00263196426462
63	-0.0516549664144	7.08331494049e-06
64	-0.412484311708	0.00197967066373
64	-0.143511884548	0.00168277920119
64	-0.334488115452	0.00259810018425
64	-0.0655156882925	2.67807654288e-05
65	-0.445134846035	0.0025960483163
65	-0.0638138221283	2.8832633378e-05
65	-0.342186177872	0.00197811942327
65	0.0391348460352	0.00168147010934
66	-0.398903599516	0.00262508600214
66	-0.052824014616	2.05052456935e-07
66	-0.361175985384	0.00200015624194
66	-0.0150964004835	0.00170013280908
67	-0.485957428636	0.00201644215843
67	-0.122924176928	0.00171401331065
67	-0.419075823072	0.0026463971097
67	-0.0560425713636	2.15161600203e-05
68	-0.535147349609	0.00264657908154
68	-0.0627391406384	2.16981318596e-05
68	-0.465260859362	0.00201658162445
68	0.00714734960895	0.00171413249071
69	-0.388754290444	0.00265450017994
69	-0.053243982851	2.96192302604e-05
69	-0.348756017149	0.00202265902297
69	-0.0132457095561	0.00171933096899
70	-0.4165995828	0.00201455914233
70	-0.106693105298	0.00171240470179
70	-0.361306894702	0.00264393932964
70	-0.0514004171997	1.90583799541e-05
72	-0.367423413836	0.00202157582213
72	-0.113186030558	0.00171840369985
72	-0.316813969442	0.00265308958633
72	-0.0625765861639	2.82086366497e-05
73	-0.334906308621	0.00199421634263
73	-0.111637532917	0.00169508861749
73	-0.280362467083	0.00261728227414
73	-0.0570936913785	7.59867554383e-06
74	-0.379271997915	0.00261157446637
74	-0.0607699405875	1.33064833102e-05
74	-0.357230059413	0.00198987992885
74	-0.0387280020851	0.00169141246438
76	-0.359962266844	0.00198540649243
76	-0.0700382408378	0.00168762584036
76	-0.359961759162	0.00260567670949
76	-0.0700377331557	1.92042401889e-05
79	-0.128003711723	0.00168815502564
79	0.0568350504022	0.00198603207397
79	-0.0608350504022	1.83788863867e-05
79	0.124003711723	0.00260650206329
80	-0.0663705091373	3.99928925225e-05
80	0.11159613603	0.0026648738422
80	-0.0335961360302	0.00172617031775
80	0.144370509137	0.00203063735325
84	-0.203016530802	0.00168351295001
84	0.0801787642902	0.00198053976765
84	-0.12417876429	2.56317042589e-05
84	0.159016530802	0.00259924924542
86	-0.20581773384	0.00262564762556
86	-0.101621250007	7.66675874292e-07
86	-0.0543787499931	0.00200058422211
86	0.0498177338403	0.00170049663676
90	-0.285946127141	0.00263864726657
90	-0.0484016525439	1.37663168885e-05
90	-0.109598347456	0.0020105088669
90	0.127946127141	0.00170894792343
91	-0.132579908437	0.00200497025447
91	-0.112416868548	0.00170422817446
91	-0.0675831314516	0.00263139828158
91	-0.047420091563	6.51733190005e-06
92	-0.153423968489	0.00200522415806
92	-0.0902216090948	0.00170444435403
92	-0.117778390905	0.00263173090535
92	-0.0545760315107	6.84995566777e-06
94	-0.161932063939	0.00263197289101
94	-0.0431775233223	7.09194132398e-06
94	-0.0808224766777	0.00200540888882
94	0.0379320639388	0.00170460164943
95	-0.14061772997	0.00261611066255
95	-0.0445935856149	8.77028713313e-06
95	-0.121406414385	0.00199332566621
95	-0.0253822700301	0.00169433311515
97	-0.122335432923	0.00169766299671
97	-0.0560745438701	0.00199724932998
97	-0.0419254561299	3.61188856946e-06
97	0.0243354329231	0.00262126906111
98	-0.0943286588308	0.00262462808231
98	-0.0382713197068	2.52867370089e-07
98	-0.0717286802932	0.00199980733711
98	-0.0156713411692	0.00169983624177
99	-0.117198445725	0.00170189983454
99	-0.0135902009595	0.0020022342754
99	-0.0304097990405	2.93117233623e-06
99	0.0731984457248	0.00262781212202
100	-0.169203176285	0.00261917683689
100	-0.0345213302876	5.70411279239e-06
100	-0.0754786697124	0.00199565723151
100	0.0592031762855	0.00169631130814
104	-0.070195803349	0.00261517706485
104	-0.0323354249022	9.7038848346e-06
104	-0.0436645750978	0.00199261613961
104	-0.00580419665097	0.00169373143268
105	-0.0885787651348	0.00170496018732
105	0.0459600547986	0.00200582992111
105	-0.0419600547986	7.64340749095e-06
105	0.0925787651348	0.00263252435717
107	-0.162990889402	0.00171445022412
107	0.114126189219	0.00201695341017
107	-0.0461261892195	2.21831855534e-05
107	0.230990889402	0.00264706413523
113	-0.0435742995861	4.63007368387e-05
113	0.322094409014	0.00257858021284
113	0.097905590986	0.00167038597977
113	0.463574299586	0.00196495047034
114	-0.128232447721	0.00171270799149
114	0.42244061137	0.00201491425506
114	-0.01244061137	1.95220094998e-05
114	0.538232447721	0.00264440295918
115	0.00393125541868	1.38038692018e-05
115	0.130660638644	0.00263868481888
115	0.0513393613559	0.00170897241952
115	0.178068744581	0.0020105375872
116	0.00652943330597	0.00263780314668
116	0.0607676175545	1.29221969951e-05
116	0.0752323824455	0.00200986335432
116	0.129470566694	0.00170839741301
117	-0.130127526501	0.00264985426766
117	0.0348174206395	2.49733179746e-05
117	-0.0888174206395	0.00201909293448
117	0.0761275265015	0.00171627941442
118	-0.240313351919	0.00261185671739
118	0.0687941439362	1.30242322904e-05
118	-0.166794143936	0.00199009420178
118	0.142313351919	0.00169159398522
119	-0.176133620557	0.0020107248069
119	0.0502510777733	0.00170913210831
119	-0.112251077773	0.00263892960272
119	0.114133620557	1.40486530387e-05
121	-0.410033660736	0.00200407074254
121	-0.0605771386559	0.00170346245267
121	-0.271422861344	0.00263021964237
121	0.0780336607364	5.33869268929e-06
125	-1.11126471601	0.00200171469005
125	-0.118245683043	0.00170145789928
125	-0.793754316957	0.00262713068235
125	0.199264716009	2.24973266407e-06
126	-1.86315399248	0.00261866499252
126	0.485481401003	6.21595716236e-06
126	-1.641481401	0.00199526787913
126	0.707153992481	0.00169598085829
127	-2.43347393631	0.00197890268001
127	0.392140869364	0.00168213101037
127	-2.19614086936	0.00259708450199
127	0.629473936314	2.77964476933e-05
128	-6.5593077062	0.00259017204736
128	2.26341372368	3.47089023263e-05
128	-6.53341372368	0.00197368193954
128	2.2893077062	0.00167772928219
165	-0.891071154054	0.00263616327089
165	-0.0595478643665	1.12823212059e-05
165	-0.778452135633	0.00200860973493
165	0.053071154054	0.0017073286193
166	-0.573611134336	0.00265446159569
166	-0.0949136627775	2.95806460069e-05
166	-0.557086337223	0.00202262938858
166	-0.0783888656635	0.00171930559646
167	-0.641287957037	0.00263738967842
167	-0.173661183254	1.25087287378e-05
167	-0.550338816746	0.00200954722195
167	-0.0827120429628	0.00170812784851
168	-0.568592276085	0.00198175739468
168	-0.293382664378	0.00168454131828
168	-0.432617335622	0.00260085846299
168	-0.157407723915	2.40224866905e-05
170	-0.461337346583	0.00168771803365
170	-0.367007873942	0.00198551548934
170	-0.102992126058	1.90604225136e-05
170	-0.00866265341691	0.00260582052717
172	-0.531074089635	0.00262589818964
172	-0.0927128459191	1.01723995702e-06
172	-0.401287154081	0.00200077518359
172	0.0370740896353	0.00170065899047
175	-0.406359160774	0.00262847126071
175	-0.0898892154108	3.59031103141e-06
175	-0.270110784589	0.002002736949
175	0.0463591607741	0.00170232745729
176	-0.323029220437	0.00167352794127
176	-0.165574983728	0.00196868976679
176	-0.0584250162719	4.13316738179e-05
176	0.0990292204365	0.00258354927586
178	-0.182879822632	0.00171243553393
178	-0.125922253527	0.00201459524457
178	-0.0640777464729	1.91055171003e-05
178	-0.0071201773678	0.00264398646678
189	-0.102798579008	0.00168001506297
189	0.0613036346811	0.00197639423334
189	-0.0233036346811	3.11160082478e-05
189	0.140798579008	0.00259376494143
190	-0.0305108094269	0.00168698800115
190	0.104001829944	0.00198465228491
190	-0.0220018299437	2.01995514778e-05
190	0.112510809427	0.0026046813982
191	-0.113757722287	0.00171050585566
191	0.142504724666	0.0020123349297
191	-0.028504724666	1.61531710033e-05
191	0.227757722287	0.00264103412068
192	-0.0826623833026	0.00168636064339
192	0.176557086582	0.00198391027902
192	-0.0225570865819	2.11790344688e-05
192	0.236662383303	0.00260370191521
193	-0.0304097314229	3.33409211539e-05
193	0.281432310285	0.00265822187084
193	0.0105676897152	0.00172178061312
193	0.322409731423	0.00202551885992
194	-0.00524063712995	5.60953029743e-05
194	0.293877172104	0.00256878564671
194	0.0141228278955	0.00166421890574
194	0.31324063713	0.00195759592754
195	-0.00936007661252	6.70661209245e-06
195	0.370849753511	0.00261817433759
195	0.0691502464887	0.00169566417305
195	0.449360076613	0.00199489469719
196	0.014992178172	9.08045163664e-06
196	0.426604613004	0.00263396140132
196	0.105395386996	0.00170589497072
196	0.517007821828	0.00200692736966
197	-0.00231227433746	0.00171301613046
197	0.458617020014	0.00201527500474
197	0.0233829799858	1.99929396225e-05
197	0.484312274337	0.0026448738893
198	0.0628282726663	5.69168705328e-06
198	0.393813215986	0.00263057263673
198	0.0861867840138	0.00170369173166
198	0.417171727334	0.00200434010984
199	0.0745160112902	6.42015410004e-06
199	0.46428413131	0.00261846079558
199	0.24771586869	0.00169584905264
199	0.63748398871	0.001995112565
200	0.0602631342795	0.00170487780543
200	0.704705290808	0.00200573318488
200	0.103294709192	7.51671014051e-06
200	0.747736865721	0.00263239765982
201	0.0857328747929	9.77437275386e-06
201	1.47024681396	0.00261510657693
201	0.117753186041	0.00169368601704
201	1.50226712521	0.00199256257687
202	0.0141281645648	4.31707116579e-05
202	1.8218716883	0.00266805166134
202	0.0141283117046	0.00172827249507
202	1.82187183544	0.00203308572389
206	-0.0148090576967	0.00168386602334
206	1.4122423675	0.00198095787831
206	0.0117576324983	2.50790453665e-05
206	1.4388090577	0.00259980190431
207	0.00120508676838	3.7783649046e-06
207	0.88282033088	0.00262865931459
207	0.15117966912	0.0017024494862
207	1.03279491323	0.00200288037964
208	-0.043027028952	0.00169985368633
208	1.13338938005	0.00199982786137
208	-0.0173893800509	2.25928733612e-07
208	1.15902702895	0.00262465502095
211	-0.0592018725629	0.00171957358274
211	0.734149156579	0.00202294237515
211	-0.0261491565791	2.99881377215e-05
211	0.767201872563	0.0026548690874
