100	-0.04426	0.0	0.973778623965	0.0262213760353	0.0
104	-0.03369	1.41641012304e-08	0.701001122422	0.274659352112	0.0243395113027
105	-0.03767	0.0	0.0	1.0	0.0
107	-0.03861	0.0	0.0	1.0	0.0
11	-0.0877	1.0	0.0	0.0	0.0
113	-0.04255	1.0	0.0	0.0	0.0
114	-0.00513	0.0	0.0	1.0	0.0
115	0.0008651	1.0	0.0	0.0	0.0
116	0.04244	0.00703119514187	0.949725070485	0.043243734373	0.0
117	0.02132	0.0	1.0	0.0	0.0
118	0.05114	0.0	1.0	0.0	0.0
119	0.07808	0.0	0.956008843649	0.0	0.0439911563506
121	0.08504	0.0	0.0	0.0	1.0
125	0.1757	0.0	0.0	0.0	1.0
126	0.4902	0.0	1.0	0.0	0.0
127	0.6314	0.0	0.0	0.0	1.0
128	2.266	0.0	0.925616724531	0.0	0.0743832754694
165	-0.09423	0.0	1.0	0.0	0.0
166	-0.0857	0.0	0.425966234197	0.0	0.574033765803
167	-0.1079	0.0	0.0	0.0	1.0
168	-0.1064	0.0	0.0	0.0	1.0
17	-0.1285	1.0	0.0	0.0	0.0
170	-0.07896	0.0	0.0	1.0	0.0
172	-0.0733	0.0	1.0	0.0	0.0
175	-0.07918	0.0	1.0	0.0	0.0
176	-0.05719	0.0	0.0	1.0	0.0
178	-0.05739	0.0	0.0	1.0	0.0
189	-0.02425	0.0	0.0	1.0	0.0
190	-0.0221	0.470702867281	0.0	0.529297132719	0.0
191	-0.02416	0.0	0.0	1.0	0.0
192	-0.02086	0.0	0.0	1.0	0.0
193	-0.02531	0.999993952043	0.0	6.04795663341e-06	0.0
194	-0.008853	0.958404806264	0.0	0.0415951937355	0.0
195	-0.007313	1.0	0.0	0.0	0.0
196	0.01623	1.0	0.0	0.0	0.0
197	0.02044	0.0629901401429	0.0	0.937009859857	0.0
198	0.05235	0.995766362954	0.0	0.00423363704593	0.0
199	0.07	1.0	0.0	0.0	0.0
200	0.1021	4.37454774392e-58	0.0	1.0	0.0
201	0.07347	1.0	0.0	2.67625341492e-292	0.0
202	0.02812	0.389626972578	0.0	0.610373027422	0.0
206	-0.005051	0.728310023414	0.0	0.271689976586	0.0
207	0.001515	1.0	0.0	0.0	0.0
208	-0.01613	0.022898200099	0.0	0.977101799901	0.0
211	-0.01768	4.40977950436e-12	0.0	0.999999999996	0.0
23	-0.09295	0.510154543818	0.0	0.489845456182	0.0
24	-0.08146	0.0	0.0	1.0	0.0
25	-0.08891	1.0	0.0	0.0	0.0
26	-0.09125	0.0	0.0	1.0	0.0
39	-0.0807	0.0	1.0	0.0	0.0
40	-0.06877	0.0	0.144453842323	0.0	0.855546157677
41	-0.03804	0.0	1.0	0.0	0.0
42	-0.005374	0.0	0.438322447505	0.0	0.561677552495
43	-0.0195	0.0	1.0	0.0	0.0
45	-0.03007	0.0	0.582055180227	0.0	0.417944819773
46	-0.03468	0.0	0.982932435718	0.0	0.0170675642818
47	-0.01164	0.0	0.0	0.0	1.0
48	-0.01709	0.0	0.511894573645	0.0	0.488105426355
49	-0.03476	0.0	1.0	0.0	0.0
53	-0.0538	0.0	0.0	0.0	1.0
54	-0.03749	0.0	0.567667105799	0.0	0.432332894201
6	-0.06374	0.0	0.0	1.0	0.0
61	-0.07101	0.0	1.0	0.0	0.0
62	-0.05195	0.0	0.00232161567992	0.0	0.99767838432
63	-0.05341	0.0	0.0	0.0	1.0
64	-0.06467	0.0	0.0	0.0	1.0
65	-0.05978	0.0	1.0	0.0	0.0
66	-0.0571	0.0	1.0	0.0	7.17781239375e-63
67	-0.062	0.0	0.0	0.0	1.0
68	-0.06644	0.0	1.0	0.0	0.0
69	-0.05695	0.0	1.0	0.0	1.53137955988e-266
7	-0.07963	0.0	1.0	0.0	0.0
70	-0.05522	0.0	0.0	0.0	1.0
72	-0.05941	0.0	0.0	0.0	1.0
73	-0.05317	0.0	0.0	0.0	1.0
74	-0.05436	0.0	0.742521663894	0.0	0.257478336106
76	-0.05877	0.0	0.503758386901	0.0	0.496241613099
79	-0.05352	0.0	0.0	1.0	0.0
80	-0.05335	0.811135170787	0.0	0.188864829213	0.0
84	-0.1186	0.0	0.0	1.0	0.0
86	-0.09697	0.0	0.999978903451	2.10965493548e-05	0.0
90	-0.05502	0.0	1.0	0.0	0.0
91	-0.05397	0.0	0.0	0.246138799164	0.753861200836
92	-0.06148	0.0	0.0316819909397	0.0	0.96831800906
94	-0.04719	0.0	0.995324400758	0.00467559924236	0.0
95	-0.04845	0.0	0.932619374218	0.0	0.0673806257819
97	-0.04438	0.0	0.336656602936	0.663343397064	0.0
98	-0.04041	0.0	0.970186620073	0.00264598146272	0.0271673984641
99	-0.04314	0.0	0.0293884552946	0.970611544705	0.0