100	-0.0452	0.0	0.999903060919	9.69390807104e-05	0.0
104	-0.03398	3.04954586499e-95	0.726435493568	0.273397670319	0.00016683611251
105	-0.03792	0.0	0.0	1.0	0.0
107	-0.03904	0.0	0.0	1.0	0.0
11	-0.09964	1.0	0.0	0.0	0.0
113	-0.04508	1.0	0.0	0.0	0.0
114	-0.006529	0.0	0.0	1.0	0.0
115	0.006293	1.0	0.0	0.0	0.0
116	0.0495	0.0	0.993405124273	0.00659487572688	0.0
117	0.03946	0.0	1.0	0.0	0.0
118	0.06643	0.0	1.0	0.0	0.0
119	0.09804	0.0	0.0	0.0	1.0
121	0.105	0.0	0.0	0.0	1.0
125	0.188	0.0	0.0	0.0	1.0
126	0.4876	0.0	1.0	0.0	0.0
127	0.632	0.0	0.0	0.0	1.0
128	2.289	0.0	0.00907003537936	0.0	0.990929964621
165	-0.09442	0.0	1.0	0.0	0.0
166	-0.111	0.0	0.991862205173	0.0	0.00813779482683
167	-0.1563	0.0	1.0	0.0	0.0
168	-0.1237	0.0	0.0	0.0	1.0
17	-0.1292	1.0	0.0	0.0	0.0
170	-0.1049	0.0	0.0	1.0	0.0
172	-0.07841	0.0	1.0	0.0	0.0
175	-0.09432	0.0	1.0	0.0	0.0
176	-0.06265	0.0	0.0	1.0	0.0
178	-0.06554	0.0	0.0	1.0	0.0
189	-0.02527	0.0	0.0	1.0	0.0
190	-0.02272	0.406280758613	0.0	0.593719241387	0.0
191	-0.02472	0.0	0.0	1.0	0.0
192	-0.02123	0.0	0.0	1.0	0.0
193	-0.02583	1.0	0.0	5.5600472036e-59	0.0
194	-0.008581	0.982435394014	0.0	0.017564605986	0.0
195	-0.007146	1.0	0.0	0.0	0.0
196	0.0177	1.0	0.0	0.0	0.0
197	0.02221	0.0124180513119	0.0	0.987581948688	0.0
198	0.05608	0.999595787564	0.0	0.000404212435836	0.0
199	0.07285	1.0	0.0	0.0	0.0
200	0.1037	0.0	0.0	1.0	0.0
201	0.07054	1.0	0.0	0.0	0.0
202	0.02544	0.566172208829	0.0	0.433827791171	0.0
206	-0.004114	0.686185271802	0.0	0.313814728198	0.0
207	0.002474	1.0	0.0	0.0	0.0
208	-0.01575	3.29986730035e-06	0.0	0.999996700133	0.0
211	-0.01712	0.0	0.0	1.0	0.0
23	-0.08789	0.553307223739	0.0	0.446692776261	0.0
24	-0.07723	0.0	0.0	1.0	0.0
25	-0.08426	1.0	0.0	0.0	0.0
26	-0.08754	0.0	0.0	1.0	0.0
39	-0.07553	0.0	1.0	0.0	0.0
40	-0.05986	0.0	0.00595068878626	0.0	0.994049311214
41	-0.03741	0.0	1.0	0.0	0.0
42	-0.01303	0.0	0.887539223693	0.0	0.112460776307
43	-0.02555	0.0	1.0	0.0	0.0
45	-0.03655	0.0	0.46287576076	0.0	0.53712423924
46	-0.04008	0.0	1.0	0.0	5.17526998363e-78
47	-0.02052	0.0	0.0	0.0	1.0
48	-0.02622	0.0	0.573172236763	0.0	0.426827763237
49	-0.04223	0.0	1.0	0.0	0.0
53	-0.06019	0.0	0.0	0.0	1.0
54	-0.03994	0.0	0.428923346681	0.0	0.571076653319
6	-0.06699	0.0	0.0	1.0	0.0
61	-0.06432	0.0	1.0	0.0	0.0
62	-0.05263	0.0	0.000363808455386	0.0	0.999636191545
63	-0.05149	0.0	0.0	0.0	1.0
64	-0.06404	0.0	0.0	0.0	1.0
65	-0.05994	0.0	1.0	0.0	0.0
66	-0.05617	0.0	1.0	0.0	0.0
67	-0.05982	0.0	0.0	0.0	1.0
68	-0.06554	0.0	1.0	0.0	0.0
69	-0.05638	0.0	1.0	0.0	0.0
7	-0.08649	0.0	1.0	0.0	0.0
70	-0.0538	0.0	0.0	0.0	1.0
72	-0.05842	0.0	0.0	0.0	1.0
73	-0.05193	0.0	0.0	0.0	1.0
74	-0.0526	0.0	0.785319238419	0.0	0.214680761581
76	-0.05577	0.0	0.558236005903	0.0	0.441763994097
79	-0.05164	0.0	0.0	1.0	0.0
80	-0.05227	0.805055932284	0.0	0.194944067716	0.0
84	-0.1206	0.0	0.0	1.0	0.0
86	-0.1023	0.0	1.0	0.0	0.0
90	-0.05974	0.0	1.0	0.0	0.0
91	-0.05807	0.0	0.0	0.518918091384	0.481081908616
92	-0.06562	0.0	0.0120879360785	0.0	0.987912063921
94	-0.04983	0.0	0.999999908863	9.11366997403e-08	0.0
95	-0.0508	0.0	0.997714729028	0.0	0.00228527097175
97	-0.04604	0.0	0.36886738797	0.63113261203	0.0
98	-0.04172	0.0	0.999921732062	1.37464778918e-06	7.68932900777e-05
99	-0.04433	0.0	4.48548533381e-06	0.999995514515	0.0