6	0.0	0.0	1.0	0.0
7	0.0	1.0	0.0	0.0
11	1.0	0.0	0.0	0.0
17	1.0	0.0	0.0	0.0
23	0.524761850058	0.0	0.475238149942	0.0
24	0.0	0.0	1.0	0.0
25	1.0	0.0	0.0	0.0
26	0.0	0.0	1.0	0.0
39	0.0	1.0	0.0	0.0
40	0.0	0.0895183545886	0.0	0.910481645411
41	0.0	1.0	0.0	0.0
42	0.0	0.932093914498	0.0	0.0679060855018
43	0.0	1.0	0.0	0.0
45	0.0	0.445132328258	0.0	0.554867671742
46	0.0	0.992896708264	0.0	0.00710329173575
47	0.0	0.0	0.0	1.0
48	0.0	0.357180803437	0.0	0.642819196563
49	0.0	1.0	0.0	0.0
53	0.0	0.0	0.0	1.0
54	0.0	0.499041502253	0.0	0.500958497747
61	0.0	1.0	0.0	0.0
62	0.0	0.0334454404894	0.0	0.966554559511
63	0.0	0.0	0.0	1.0
64	0.0	0.0	0.0	1.0
65	0.0	1.0	0.0	0.0
66	0.0	1.0	0.0	0.0
67	0.0	0.0	0.0	1.0
68	0.0	1.0	0.0	0.0
69	0.0	1.0	0.0	0.0
70	0.0	0.0	0.0	1.0
72	0.0	0.0	0.0	1.0
73	0.0	0.0	0.0	1.0
74	0.0	0.735814209829	0.0	0.264185790171
76	0.0	0.523492297058	0.0	0.476507702942
79	0.0	0.0	1.0	0.0
80	0.564559015017	0.0	0.435440984983	0.0
84	0.0	0.0	1.0	0.0
86	0.0	1.0	0.0	0.0
90	0.0	1.0	0.0	0.0
91	0.0	0.0	0.495269209692	0.504730790308
92	0.0	0.0523194971188	7.01046610246e-164	0.947680502881
94	0.0	0.999027304971	0.000972695028536	0.0
95	0.0	0.982373482444	0.0	0.0176265175563
97	0.0	0.344235711012	0.655764288988	0.0
98	0.0	0.996763810604	0.000487377560905	0.00274881183551
99	0.0	0.00213931629409	0.997860683706	0.0
100	0.0	0.999129407056	0.000870592943549	0.0
104	7.92937946119e-17	0.636806651866	0.363046321994	0.000147026139948
105	0.0	0.0	1.0	0.0
107	0.0	0.0	1.0	0.0
113	1.0	0.0	0.0	0.0
114	0.0	0.0	1.0	0.0
115	1.0	0.0	1.13527623727e-69	0.0
116	4.65482206318e-29	0.983263329018	0.0167366709825	0.0
117	0.0	1.0	0.0	0.0
118	0.0	1.0	0.0	0.0
119	0.0	0.0303298915554	0.0	0.969670108445
121	0.0	0.0	0.0	1.0
125	0.0	0.0	0.0	1.0
126	0.0	1.0	0.0	0.0
127	0.0	0.0	0.0	1.0
128	0.0	0.944551422013	0.0	0.0554485779867
165	0.0	1.0	0.0	0.0
166	0.0	0.99256783115	0.0	0.00743216885038
167	0.0	1.0	0.0	0.0
168	0.0	0.0	0.0	1.0
170	0.0	0.0	1.0	0.0
172	0.0	1.0	0.0	0.0
175	0.0	1.0	0.0	0.0
176	0.0	0.0	1.0	0.0
178	0.0	0.0	1.0	0.0
189	0.0	0.0	1.0	0.0
190	0.398823604538	0.0	0.601176395462	0.0
191	0.0	0.0	1.0	0.0
192	0.0	0.0	1.0	0.0
193	0.999999972232	0.0	2.77677022541e-08	0.0
194	0.943702739469	0.0	0.0562972605312	0.0
195	1.0	0.0	0.0	0.0
196	1.0	0.0	0.0	0.0
197	0.0123701166959	0.0	0.987629883304	0.0
198	0.997335771647	0.0	0.00266422835323	0.0
199	1.0	0.0	0.0	0.0
200	0.0	0.0	1.0	0.0
201	1.0	0.0	1.50054758464e-43	0.0
202	0.472299031126	0.0	0.527700968874	0.0
206	0.671391270708	0.0	0.328608729292	0.0
207	1.0	0.0	0.0	0.0
208	0.00421510204068	0.0	0.995784897959	0.0
211	1.41771487232e-146	0.0	1.0	0.0
