-68.2313063949	0.523398930846
2.86413636453	0.234864205336
4.48657857862	0.228774893725
24.6187293388	0.178110907052
47.3123868877	0.13775416337
-42.1618403197	0.39044111903
33.2309656479	0.160272830301
35.8204330597	0.156893718801
20.2432058411	0.190157022756
0.284590029604	0.238864421031
4.68151652234	0.230231914483
20.325744384	0.191292820724
7.84506950018	0.215805528897
-8.25269929538	0.265891087949
43.2898819125	0.145308723779
17.3840134529	0.198477917041
20.6344738047	0.186295245652
20.2384851715	0.192870182025
0.591842730683	0.235338320558
22.2858058478	0.185177056586
1.54053009512	0.231880714428
-9.23639718845	0.267956900262
2.99360067608	0.234665097706
-7.86774280966	0.263804317468
27.3137058151	0.171917037763
34.4692448479	0.158655384913
29.8004898878	0.167526374191
-27.4707595697	0.323224518093
15.5215767326	0.202952949376
4.0847907353	0.229835767455
68.4366777814	0.112627009409
-27.2333887937	0.326954595643
-11.2650406423	0.273409845953
24.1888129092	0.181118505002
-9.51054704952	0.266589495336
32.9390139787	0.167148862959
12.6744320475	0.209068955118
20.3518696117	0.192579180183
16.5269766384	0.197720426151
23.6208561969	0.182711113145
22.7676637911	0.185002957286
-5.7164887403	0.257566493074
-5.40432664217	0.257907735043
98.6746310464	0.0804368819199
37.3982998603	0.15922907173
-38.3101423606	0.373718712652
25.1756132974	0.177478455031
8.85657153696	0.210256703811
12.4384405041	0.206187959682
27.0304981666	0.175249825105
18.6579044293	0.193685147048
3.85539496939	0.232455875963
36.2809088715	0.155261556296
23.6387748363	0.1830861149
-60.6921756309	0.480330326651
-10.7825664375	0.270448661098
-30.1179203796	0.337546751862
-30.1494573238	0.33986470294
73.0736575187	0.10451802947
173.93700411	0.0343912901197
-24.4064173572	0.315945560171
-9.45870385007	0.267582518351
-28.9068034489	0.332789459539
-44.9184834094	0.40275079728
11.1338141106	0.212046747273
24.6555728518	0.17644748419
-6.7387519324	0.256310109656
25.0476692002	0.178147042762
0.370691707055	0.232048917226
27.5491072578	0.173458376973
86.4565672157	0.0899091640153
41.3173169513	0.151796145242
2.69157199689	0.230066468778
-17.1344613661	0.292113390259
-1.26045835421	0.242544036995
22.1337890619	0.187396191262
-44.3538635996	0.400211883091
13.0871019799	0.205399931692
31.4458341202	0.163953655294
25.8494837262	0.177227591321
-5.43828232357	0.251670467021
26.6065727662	0.178906457161
27.7364822895	0.172460656301
8.77035957244	0.214340195503
16.9470568533	0.198797782014
18.1309417935	0.193648854898
18.269490074	0.193046540089
23.4836441324	0.182513014666
17.0888714348	0.196013767097
14.2218039669	0.203958418787
16.6645292069	0.197978681551
7.11795197879	0.220036138124
-4.43953261234	0.245580725692
72.2962067924	0.107929215205
-16.2571505274	0.285635758021
84.1737582827	0.0943022579359
2.13544945541	0.231634171586
-29.5452950695	0.334312285125
-26.5663211249	0.326145109836
14.0172859181	0.205991481281
-20.5439140902	0.303058782735
-4.41521807122	0.25023229826
23.8894147042	0.183785691919
-10.9375267143	0.272440422604
31.0025329218	0.17053504078
9.90131048195	0.214044176631
48.5824991234	0.140209825717
25.2926787905	0.178739546197
60.0471659049	0.120928508627
-7.94280686269	0.258974006397
13.1548364309	0.207328467474
1.39097425288	0.235120230341
25.0120642699	0.179361698063
-10.4208539277	0.266001364961
160.530509613	0.0400081594749
28.2695348025	0.175595852096
17.8354180885	0.19641687813
-1.50219090386	0.245185561608
18.6344129761	0.195928788158
20.6892167477	0.190233652514
37.8904767276	0.157853244376
25.2911791417	0.178733062143
4.55680811429	0.229693358818
-5.86680801858	0.256809009486
43.495183139	0.148376651151
-6.38149270942	0.258547031766
19.1153491642	0.191108905825
20.3305748812	0.191452609073
19.3668014603	0.190743927702
-27.8376207866	0.330974140413
28.6527908444	0.175657521815
37.7236095131	0.155232072832
18.6080805199	0.196769577295
25.6646375694	0.177595166185
-2.06062336877	0.247556764902
56.1684291255	0.128165458201
22.7643512067	0.179984471493
38.726659466	0.150971718422
129.164095784	0.0570446818208
16.4453111437	0.198392490053
26.3095532797	0.175533104402
33.1722472818	0.166955057373
67.0875102971	0.114338337813
22.0489111474	0.188802531819
37.6051266408	0.158664915186
-16.8604098089	0.293636764626
116.636919586	0.0647863745652
90.7855428028	0.0873754234429
48.8158726574	0.139905160042
37.5004484703	0.152629939274
-4.49807803268	0.252426435281
-8.11593613281	0.263208718206
0.571825913678	0.239607561114
124.872241696	0.0580579528477
12.7866374612	0.203832909978
11.5672988856	0.212789155748
12.0082998958	0.206564548109
71.5131088969	0.107745429626
39.6836851965	0.150896074058
2.79919729734	0.229056751566
65.9731631448	0.114678126155
67.0592663096	0.111418933949
30.5468973159	0.166283734515
14.4814092914	0.202159981475
24.6959367895	0.181512931609
141.340805918	0.0491905572373
-12.7339936205	0.271614847472
23.1839919007	0.18507092585
15.915114545	0.199989750613
2.40901297423	0.230957656406
91.6225251807	0.086932761182
36.3951780946	0.154506040435
23.4579791115	0.184327306775
17.6544341017	0.198018160323
12.4686287671	0.205675431188
14.6777032852	0.197116882421
22.8682719941	0.182451531354
32.1716035219	0.164772009214
21.9257049108	0.187358467047
40.6648575094	0.153099195399
8.40241876475	0.215731491114
0.813341211606	0.240337406753
26.9119934585	0.17590753354
49.7026443617	0.138475044815
-12.6361690173	0.278217986026
101.088099145	0.0783422516692
17.5272718609	0.199157885831
34.5045422011	0.158126160971
17.5737513531	0.194465097275
59.9356327157	0.122285270408
26.8360180001	0.176484029115
164.44697655	0.0382668227623
15.0439821187	0.20147038042
17.1023442918	0.197843500401
44.3755361118	0.147323449697
45.8547971324	0.142296611186
9.89953011432	0.214212486584
29.3918822977	0.167108096272
22.5739399621	0.185897260055
40.8687621479	0.152827904225
-10.8058437431	0.27267301017
59.4283518598	0.122198527988
25.4249067463	0.179774196928
68.7014513805	0.112165157876
18.628954982	0.196026858028
21.7454442262	0.188516923704
49.0536383698	0.134523960355
26.5206072163	0.175918857247
18.5148925995	0.196912943922
9.13045247903	0.216620270998
14.5606262495	0.198741870721
12.1583701985	0.210209559889
27.2137466047	0.175852342178
20.9150243062	0.190940681981
22.8456631554	0.184260514049
2.88692768835	0.231609918003
20.3105394729	0.18873551489
-2.35600432051	0.244772051971
29.4457471183	0.170353843962
27.059298931	0.175846021059
-14.3060498137	0.283701844649
84.4964740005	0.0941927720262
89.4515570857	0.0892086767249
25.6586147278	0.177434658393
41.3477804373	0.151189550873
49.8405020658	0.135108162795
22.8053802024	0.180651718001
2.62078678007	0.231867590665
56.3586742127	0.125067036931
25.3429412397	0.181287353461
25.2421036631	0.178989455633
84.9217230446	0.0937569843809
26.1495332857	0.177582842011
56.6782240042	0.124816302273
144.825685347	0.0475314885019
12.5763922011	0.205530725323
20.8584308611	0.183837928265
30.1719806322	0.167194731258
101.085201855	0.0777308988906
34.7151732404	0.157969906463
19.0312740561	0.189345547395
49.365794157	0.134773915518
22.1659441087	0.186961962547
18.8819484606	0.19617673026
17.4945161406	0.197562663226
27.7821769959	0.173195817065
25.8170009967	0.180960112225
201.066786098	0.0253304412605
33.8903638283	0.163088481732
37.9733645447	0.152298838086
28.1250506424	0.176553215429
32.8812081936	0.166941204161
45.2738532891	0.142580556253
127.487648533	0.0581809770411
16.3432368807	0.201101389967
12.8817151618	0.206759760501
117.93906355	0.0639240056986
-1.04902953492	0.242225772704
56.0599077628	0.127621383581
10.7575750556	0.211394001415
33.4745362222	0.160114343885
11.0835817011	0.212406251941
15.4070614853	0.20001115083
19.6636774038	0.194447756451
53.2293159165	0.133275723387
19.8499019233	0.192625895385
18.7022194671	0.194781505659
77.3004856051	0.0991918460044
19.1867553569	0.193808405936
19.4666041537	0.193719208382
28.1333285807	0.175605922366
27.0865545685	0.177741233168
25.5383251515	0.179213905211
21.6124706167	0.18869049898
79.6042303745	0.0994093222637
26.0251123354	0.179852469515
22.6174734087	0.185695008382
24.5038009658	0.18177492909
8.72669956348	0.217983998745
14.4374231304	0.204455160475
103.55216061	0.0754741913222
25.1699040673	0.181810533857
122.033651932	0.0618586434818
28.4673989622	0.17211249959
28.9511630962	0.174859627946
29.043019428	0.169809819248
69.4143030374	0.108397592121
42.0892370945	0.147919754499
20.5620053331	0.191404491141
8.4124952012	0.219126010127
145.681061176	0.0465589134607
66.5013697749	0.112114979337
32.8906726972	0.167536364144
60.7867678973	0.119723392112
30.6859152983	0.166473885041
76.5674065341	0.0999041407068
53.1596597425	0.130343561621
23.9561585492	0.179247051216
138.058699456	0.0516100954035
25.011387783	0.181344271672
30.3376160332	0.171835176845
45.8551232006	0.144431777016
94.2511937022	0.0845086890865
28.2176548237	0.173110619893
30.1983593494	0.166835890078
124.599495469	0.0583586464553
24.0609326331	0.18128993322
29.576749797	0.170355187104
38.4128423308	0.157349056061
36.0817846355	0.155215647197
60.347885354	0.123156410503
17.6117931105	0.196719098208
50.1682088015	0.133375609529
47.3383906443	0.138728661104
58.3315712807	0.125886245733
31.6238607789	0.165552437133
50.6511511368	0.134298234376
33.8775448677	0.160291261539
76.3878446428	0.100233872372
70.8358395642	0.106658085793
48.6192084326	0.135038726466
42.5072405294	0.14758704139
39.4889645898	0.150567176743
13.3181006798	0.203699469672
53.0128225724	0.13048918816
35.2651731355	0.157277167895
22.9809311181	0.185913243232
109.855659668	0.0709846860081
39.5552967444	0.155023011574
86.8921571298	0.0917851637869
12.6289363867	0.210341117053
31.2314842047	0.170203655531
153.19500795	0.0429646646911
72.7560274145	0.107260461898
68.3552641977	0.112779725609
34.1266198692	0.159781736262
54.7593536214	0.128064852545
171.801983453	0.0351295158569
81.713461509	0.0972645040736
54.5433299339	0.131298870571
111.576746185	0.0696359035012
119.466983403	0.0636997872798
19.1488982841	0.193123001372
97.9632325177	0.0791894075046
25.4569033248	0.178998116571
29.8181848056	0.171139063466
36.7060015347	0.159698061594
64.638150722	0.116941532327
100.980711675	0.0784394156986
11.7655239968	0.211862033436
36.3023594187	0.160477850492
86.8196188932	0.091773031176
58.8696764094	0.124948867963
27.555068543	0.176059961372
29.2365051345	0.173083187291
37.3504605627	0.158708077312
26.3063626652	0.179423500847
126.132811391	0.0585367969956
151.67847124	0.0437181235005
17.7053649201	0.197690375156
56.4888155482	0.126804016921
141.74401347	0.0491401604451
66.9254974903	0.111944681967
108.177343793	0.0707851679392
69.1303273268	0.109437032689
63.7026472871	0.118468615521
143.032299076	0.0478496248706
150.493715399	0.0447642741995
32.9566800576	0.162160240744
67.6421336652	0.111234977974
103.742768075	0.0748825790694
28.3014143706	0.175167370651
91.6675038087	0.0846264834513
50.3188031936	0.135286740588
51.7072242251	0.13301796632
100.27081365	0.0771014765623
108.304045422	0.0721503213171
30.1807432535	0.171284961805
25.7683029282	0.1797673039
25.520537205	0.180709730644
31.5633828884	0.169374960072
75.2423015373	0.102156527942
153.043553268	0.0435050186498
173.439114036	0.0346313748717
74.8616575317	0.102716787715
35.8283163281	0.156258931605
95.7173321501	0.0807666051686
31.2877923707	0.169814479018
8.70180923241	0.216480051517
147.247896586	0.0456922136725
119.488110373	0.0620337491382
29.0533311184	0.17425397365
49.7133339854	0.135329753697
51.6224701908	0.131209258099
31.9329039755	0.165833483701
116.964562751	0.0654701850319
59.6442877826	0.123944610797
131.90895234	0.0542892463872
64.1786331094	0.115534409058
77.8252986964	0.100379140596
57.4481788205	0.126887245352
31.2079005698	0.168991504583
86.0643292203	0.0910069688369
69.2551080236	0.108621981875
45.6194360174	0.140175112057
43.1515395819	0.145451611068
37.0198916086	0.156817709172
59.0683652222	0.12221508801
42.9499797536	0.144265330002
31.2608106251	0.169199862913
168.867914221	0.0364332387579
95.6263022777	0.0831640376891
62.8295339309	0.116791571554
162.362915324	0.0387944755728
99.2942959866	0.0799403452443
41.7660464363	0.148933043476
91.0506792766	0.0869050989329
64.9396915287	0.117073978022
69.7992550478	0.110842729203
146.635448847	0.0467018518183
152.230487078	0.0439128047955
95.9608613241	0.0823967286381
56.6205948361	0.125533123164
123.241302593	0.059478079525
97.2785595665	0.0793027885045
50.8516518163	0.133372137252
148.215923491	0.045187961142
126.359918644	0.0588772351933
93.3557068511	0.0853749969292
172.163498035	0.0347475211862
128.994955663	0.0556157382206
52.178742609	0.130804432958
125.287550259	0.0581799792369
60.7595515245	0.122495155167
67.8963393979	0.113100008725
88.31583236	0.0902684579096
135.681701449	0.0529032119437
83.8733275573	0.0948190001725
79.0725556253	0.0970792862175
106.96438839	0.0712057963113
101.891678408	0.0776218160704
62.2940271156	0.12030834858
69.7885703215	0.109741510092
75.2776977687	0.104278775814
102.328848137	0.0750822327141
69.9979828266	0.110539901678
97.8320205584	0.0812113700119
70.5760283305	0.109808992505
50.7895333733	0.135277456177
65.3142400399	0.116545429263
148.055039221	0.0460890349668
41.5035904503	0.151572002744
77.6152144188	0.098718367516
120.000474165	0.0627702637591
69.2620220187	0.108789765703
91.0065808205	0.0876952467727
70.7948288703	0.107424294048
100.233713909	0.0790902321086
85.8453370698	0.0901739056063
121.792904777	0.0620504742382
74.3617548285	0.103227798805
83.7607015547	0.0950290420747
74.7615744261	0.102427205522
94.2862906164	0.0845558009279
74.6520462629	0.102183994099
138.886409187	0.0504564013341
69.9335263645	0.107786426967
187.936697881	0.0294972858596
63.481166907	0.116209723729
124.019300769	0.0588566559789
185.676621023	0.0301489532143
133.994215912	0.0538626577927
77.6515247488	0.101711051611
77.979105759	0.101172254015
58.3509968766	0.125648422809
158.753701516	0.0402295509172
110.841303939	0.0680214622028
79.6194712023	0.0993870848582
89.1254334408	0.0894875356145
98.4696743735	0.0805676216198
91.9637705097	0.0844513353526
77.0473805317	0.0993755067176
48.8815992366	0.135012989511
134.53386397	0.0530245070967
145.122340513	0.0469410524527
68.9241131429	0.112015684951
76.0381597651	0.100814418301
159.342991562	0.0404938336081
139.416318502	0.0507027114996
107.459222246	0.0708151319602
96.482224342	0.0802482971487
42.6512640227	0.147316248744
59.0551533283	0.122158848457
88.4082597191	0.0901902355171
107.081396028	0.0713383127056
83.9737255558	0.0946915539889
191.369963295	0.0283350753368
126.122781684	0.0585198049141
77.5230653885	0.10184551883
162.8621178	0.0390057779394
78.1684057425	0.101026749734
67.7805158572	0.113368663401
127.439294139	0.0581708569681
141.234416202	0.0490862865364
88.7688078715	0.0898436063767
119.6702806	0.0621317362905
95.6156571184	0.0833037060082
91.9757969092	0.0849078129658
170.250570136	0.0359422544339
126.101628974	0.0576326396599
150.744157469	0.044688160217
112.911577543	0.066758557526
126.258520131	0.0589163772671
122.349471919	0.061469624601
175.245469859	0.0339893495347
84.7371348706	0.0918959321273
88.9939700238	0.0881363302704
127.60118898	0.0580520380784
136.973035945	0.0517880373076
46.6465474307	0.143231068074
116.93926001	0.0651423452097
123.411394199	0.0606010928252
142.266231136	0.0491812198239
101.640014856	0.0778633290523
128.694780967	0.0573271025448
78.9816986241	0.0972358018243
81.5322933548	0.0948048882976
69.1393553359	0.108723205021
158.340392533	0.040482310313
156.525985891	0.041883318657
119.871328894	0.0624267260403
174.809268666	0.0341719243186
149.637423521	0.0452795792194
82.8045142885	0.0959969173937
123.111713231	0.060521243744
139.868436887	0.0500231865122
167.343677563	0.0371284607045
98.9003036463	0.0802871991133
179.332234511	0.0324854519384
210.437068655	0.0228089779618
126.814398549	0.0583647141676
137.467179321	0.0512486506252
109.31625857	0.0714278803674
149.455718948	0.0453569512171
144.274103194	0.0480488173092
126.326148146	0.0588878863673
141.670847368	0.0493754071143
147.567573881	0.0463713904752
115.955556308	0.0658529430723
137.751476877	0.0512158482119
92.201802613	0.0864750494163
156.764710663	0.0415887675654
167.756051782	0.0368922423135
164.897308064	0.0380713963389
136.064976223	0.0526768492488
124.081712119	0.0604588013036
119.822584302	0.0634203498283
123.21252501	0.0610136638414
110.765860426	0.0684933626316
78.8188020713	0.10040755514
138.642962409	0.0512773462132
135.138494795	0.0532491808064
129.276101745	0.0569746083272
124.847630654	0.0585643260225
135.366646926	0.0527814599832
120.251974939	0.0630003389841
111.504702708	0.0695758227244
98.0219495788	0.0810525705176
193.994046584	0.0275250973496
93.652950043	0.0851377312447
79.0272260084	0.100117821389
98.0169983187	0.0802942211645
113.343167259	0.066431139738
84.6076581057	0.0940961161902
119.863836649	0.06182774576
90.6777638111	0.0859870161834
127.681312884	0.0580634929478
198.983473188	0.0259681824177
145.889643629	0.046581878618
128.639703418	0.0565002152544
100.348752926	0.0768182108756
101.934334189	0.0754147073803
86.4884312834	0.092190480737
143.112472483	0.047983572477
117.587934268	0.0634588898041
121.19503772	0.0621988099667
123.707670792	0.0593268831146
100.89481566	0.0763219689881
136.273035584	0.0517064060855
164.282708996	0.0384289480281
95.8644443389	0.0830476417159
168.024569248	0.0365572880664
154.273295532	0.042983519071
172.133176006	0.0350500688032
158.014247201	0.0407997381865
137.04474777	0.0522138012623
130.769563471	0.054997622337
91.1064153828	0.0853691513732
186.055902399	0.0300332763002
139.940328329	0.0504158310367
179.567498514	0.0323709553418
148.128775272	0.045371774693
140.831469374	0.0500142630841
196.483398252	0.0267129352783
134.675047635	0.0534738504422
102.716000927	0.0746131432214
141.491195447	0.0493429933291
127.004221295	0.0584253147488
156.6556363	0.0413739277702
91.8194562724	0.0847017354492
187.718357322	0.0295462243368
73.7379767555	0.103935942128
159.771220004	0.0399741873001
203.909906045	0.024603842456
164.433164948	0.0379847293333
147.973847908	0.0461026579346
97.8797921438	0.0793682340029
131.070140355	0.0553432582594
130.601608202	0.0552562727448
187.643546287	0.0295404022842
156.535947572	0.041847622408
131.78551353	0.054363990858
138.68361062	0.0505715242028
184.981914103	0.0304630218828
77.783415584	0.101498762012
92.8725267753	0.0832161379995
127.717149485	0.0571018280732
129.546722287	0.0564610026119
106.001701957	0.0741490946994
140.572648097	0.0501256570114
90.5381497831	0.0855466998157
123.896489087	0.0594188095318
133.583408861	0.0537175859722
225.845707132	0.0191559989419
118.520043898	0.0643659799155
128.523473924	0.056442768239
175.368411344	0.0337643471836
162.608355894	0.0387952003097
130.752742318	0.0558786640032
122.854148898	0.0613094164436
158.437061024	0.0407474010878
165.261551856	0.0377635757101
85.3468683236	0.0933203790409
94.8062176498	0.084020622179
162.996243488	0.0388090832085
107.01494539	0.0714176487896
95.0143102622	0.0819158359278
107.694749967	0.0727218955713
99.7758813781	0.0794280813963
114.009390904	0.0677030349989
131.14445461	0.0550963071126
155.604817074	0.0420686757708
197.1364868	0.0265872305596
124.610431726	0.0588766917983
210.101637328	0.0228964772542
120.739895517	0.0616799225069
139.986088313	0.0502379607404
212.261470079	0.0223806249634
115.072931102	0.0669287156718
135.53645639	0.0523810073716
135.671306568	0.0526791134742
113.608754626	0.066528495204
151.706054234	0.0437121949379
166.275311932	0.0375182975254
164.149857361	0.0382828363583
186.908078329	0.0297429909154
124.010702546	0.0593017209102
152.085413896	0.0435697114894
97.7492326705	0.0788503902405
167.999095257	0.0365888368508
230.043552463	0.0182791489174
153.303624071	0.0433103335753
209.256373255	0.0231160833565
159.272486699	0.0402609595127
234.771361514	0.0173157669827
144.920271691	0.0472641169448
235.52951842	0.0171729122471
190.696105668	0.0285001848034
234.036299156	0.0174633301827
167.130328906	0.037163047242
212.306843246	0.0223423648935
162.670722274	0.0388538422519
171.66024571	0.0353643628816
200.877008613	0.0253977152947
164.652699114	0.0382584160456
212.061779536	0.0223834186096
179.186629865	0.0324970948872
204.638249279	0.0243531199959
160.182029328	0.0401300548568
142.200137826	0.0490067844635
163.017979853	0.0388759778486
150.146124167	0.0448104428976
182.429232017	0.0312923558932
176.75108953	0.0333753626513
179.042066063	0.0324636402309
175.244294371	0.0339874588536
210.356093309	0.022810031026
211.582723295	0.0224998037913
148.284500552	0.0456503594458
196.403898787	0.0267384294163
167.12616312	0.0370510328984
221.185676347	0.0201892326379
158.628591619	0.040789769224
194.12591562	0.0274433616534
183.469913716	0.0309289478461
207.35686266	0.0236227310749
186.107941856	0.0300368885187
170.409231101	0.0358656107699
162.08509009	0.039252838124
231.399700737	0.0180225363425
159.114285333	0.0404603812212
234.697192296	0.0173442608385
172.954597724	0.0347411706737
224.382315135	0.0194918428206
184.767515279	0.0305283263381
212.287703795	0.0223623818956
168.911258462	0.0363931220023
203.355107556	0.0247103643792
167.258063742	0.0371346491034
190.932103049	0.0284425762373
155.765195342	0.0421374341894
153.65507501	0.0431901889612
135.113974715	0.05242423248
148.790124306	0.045615947672
190.269603481	0.0286633191376
143.564196951	0.0483551553351
130.751365523	0.0549669845206
195.436024259	0.0270410300748
200.71259075	0.0254788771445
152.13398685	0.0440390988753
163.401775758	0.0387006419952
205.07011107	0.0242402463327
144.849471653	0.0472141047266
155.382913506	0.0421564061209
163.954158061	0.0384117391484
186.584619742	0.0298902952659
154.034063338	0.0430761702491
170.77521834	0.0356882846568
191.380326421	0.0283199503084
162.526306826	0.0389937662178
198.705178367	0.0260252797064
224.756842073	0.0194097795838
191.676475504	0.028252059448
129.831962377	0.0555072921753
163.310486783	0.0388069207285
168.88519415	0.0363728706363
151.945883954	0.0441143105542
146.759313954	0.0463584495262
220.071090969	0.0204264626359
186.324021667	0.0299994132124
135.268900576	0.0524840887964
179.939834119	0.0322025632492
192.259431069	0.0280478979531
146.870838374	0.0461737218261
185.023701624	0.030439412716
218.962170583	0.020679790911
184.979029553	0.030452751754
224.296773457	0.01945057319
170.818812648	0.035671086185
164.877012555	0.0381595608942
188.305604825	0.0292826223332
158.671706322	0.0409500091929
150.881325811	0.0441548128023
177.668114634	0.0330685174893
195.045603304	0.0271563173292
205.548331866	0.0240615784999
169.605218711	0.0361865025775
146.573336395	0.0463795549666
220.229920765	0.0204126137472
163.699377508	0.0385100824189
207.586264716	0.0235628804429
175.104644532	0.0340529056444
163.578818652	0.0387155522189
144.926937131	0.047751167277
154.571717474	0.0428689785073
190.930812869	0.0284918704482
157.774103846	0.0413377789374
221.584082087	0.0200685753019
148.139302477	0.0460559958552
222.714095364	0.0198150248433
144.103505408	0.0481921529236
219.717804169	0.0205550694418
150.828095754	0.044697820396
220.395887112	0.020368708811
154.285729116	0.0429988246553
182.007518528	0.0314741174016
183.467999681	0.0309654308961
189.013490774	0.0290830888326
173.222211703	0.0347775052072
181.838446787	0.0315187775024
197.541350803	0.026379991235
210.087264811	0.0228947437048
183.598594419	0.0309015372748
226.572077204	0.0189844031281
201.426674866	0.0253036695575
223.055825725	0.0197612063422
226.344541439	0.0190476236398
216.190398631	0.0213572291716
209.624105771	0.0230421523163
178.625385771	0.0326422201978
185.869178546	0.0301616133935
211.62214761	0.0225072685628
194.121254441	0.0274670985341
190.227966418	0.0286649204441
234.932014359	0.0173354816016
195.775392147	0.0269204748504
189.330762709	0.0289696369455
174.14251815	0.0344083957023
233.543756899	0.0175891243082
200.337370597	0.0256143566909
219.110488264	0.0206583607993
190.315260125	0.0286396616291
231.321727076	0.0180278193971
180.932621262	0.0317896485366
183.973659446	0.0307826799378
182.363832622	0.0313182737161
209.906472408	0.0229418540406
162.390706842	0.0390536725225
218.600945954	0.0207935378927
175.961223721	0.0335911295388
197.701239193	0.0263608404205
171.78444777	0.0351357138528
174.154837736	0.0344032190141
167.08235169	0.036987427863
210.880346055	0.0226800389373
170.301981869	0.0357219580923
184.062495779	0.0307257308232
133.530246904	0.0534779130906
199.388380333	0.025857597284
219.922966034	0.0204878284543
148.279510944	0.0454896785102
180.675489817	0.031976123788
141.228206608	0.0491639897837
221.409911285	0.0201530441589
164.58090776	0.0381341347758
162.359791864	0.0391011696592
152.089049312	0.0438509191435
151.098896474	0.0443792590071
173.037157261	0.0347536765116
185.066597683	0.0304085694294
127.142223904	0.0573404331547
207.463458987	0.0235774555262
180.306204534	0.0320734850302
187.904335426	0.0294701217521
209.575697457	0.0230264299567
121.507692193	0.0610828515554
174.246555047	0.0342677082736
207.333467754	0.0236497586812
165.36073669	0.037825593788
177.440485114	0.0330528944109
192.258190567	0.0280371026624
167.693476082	0.0369974014734
224.935014098	0.0193347309505
177.25357856	0.0331951126325
151.908877401	0.0440843255031
164.462382856	0.0382130060024
190.437992717	0.0286384598059
165.207291723	0.0379075926331
191.022842231	0.028494059309
171.787207193	0.0352205992743
158.092258194	0.041046094391
158.596690841	0.0406177764625
154.322183478	0.0429336212274
171.812045407	0.0352088292988
177.553588887	0.0331187648346
192.026452946	0.0281433680121
150.877151538	0.0446702103991
209.800899177	0.0229765264208
179.907762029	0.0322902721648
159.217626565	0.040637620775
198.136869879	0.0262181612537
214.707297755	0.0217230144091
139.798751182	0.0498856093959
166.075555902	0.0374306357578
161.703559965	0.0393133920692
137.932124068	0.0509400230111
146.313833364	0.0464084641367
186.853170262	0.029798591392
195.591051461	0.0269903049619
149.634869264	0.0452754274794
198.938618803	0.025993182248
177.418932661	0.0331762857947
198.055642254	0.0262336290329
155.034218054	0.0426065982511
224.064835296	0.0195487505569
196.447689527	0.0267948794809
203.769860811	0.0246206757107
185.267728136	0.030365890251
210.238636183	0.0228343937983
185.1317545	0.0304479075199
191.068287571	0.0284077582209
169.437261585	0.0362994779301
207.266593914	0.0236281678594
214.039987956	0.0219117979928
190.974695047	0.0284341483874
201.38284748	0.025324955841
215.684952876	0.0214884756105
231.2117225	0.0180624307258
213.225742046	0.0220874144208
203.902165574	0.0245776220916
212.581154865	0.0222461177838
199.634984103	0.025783649734
200.152596908	0.025632536841
227.685342468	0.0187567893902
200.779622939	0.0254528508444
227.50415652	0.018792053084
204.338660773	0.0244462473425
224.044723072	0.0195400133914
232.759379685	0.0177161003878
209.433192438	0.0230654377137
229.885887168	0.0182997146554
202.515554271	0.0249451180008
231.126718269	0.0180254865903
223.938330097	0.0196053102911
201.745163993	0.0251854540702
220.812644884	0.0202767602147
223.902892167	0.019593134591
196.863348069	0.0266054925799
215.879615062	0.0214213542101
210.545996927	0.0227765246143
228.556480175	0.0185611356133
203.128970333	0.0247771464687
193.806342477	0.0275236331289
220.877528507	0.0202784784281
221.080244784	0.0201887514834
199.444903435	0.0258275609022
217.973414412	0.0209260607107
193.968254095	0.0274833560932
211.661629543	0.0225104961336
192.942938971	0.0278080231675
204.028305591	0.0245629852182
221.440755226	0.0201579144176
200.327350466	0.0255729504852
201.419890103	0.0252631500311
211.481386941	0.0225307972492
193.057448536	0.0277763546424
214.605114867	0.0217305188141
216.360852971	0.0213039299098
200.78153737	0.0254340829981
218.273258384	0.020857820666
207.382169856	0.0235898669586
219.93474405	0.0205045669914
229.310165723	0.018390389136
217.200497137	0.0211097756661
224.493069005	0.0194435652102
217.561232887	0.0210149083586
210.672142104	0.0227416573741
215.720868638	0.0214649385466
194.568396183	0.0272965841122
209.594050037	0.0230241063957
209.605746864	0.0230636262344
229.204876263	0.0184099825056
228.686063875	0.018520202539
217.03331384	0.0211694764615
214.885513782	0.0216662671033
204.870012055	0.0243160951942
210.371775907	0.0228197468809
202.208980706	0.0250758106475
209.573870432	0.0230777812415
207.992060334	0.0234924084423
196.644332939	0.0267271540012
209.103558375	0.0231594583065
187.575811248	0.0296113960877
202.589285974	0.0249524043688
217.563156479	0.021038368782
193.219939689	0.0277201649879
209.166417875	0.0231560032387
215.814745192	0.0214520384989
209.411665631	0.0230989976222
201.311205953	0.0253370136641
211.547488471	0.0225349437638
221.353455584	0.0201400781916
215.950316256	0.0214437839471
225.078514078	0.0193163758339
234.889170459	0.0173213860239
203.101457256	0.0247801527884
236.05134472	0.017092080779
212.724013396	0.0222295274847
232.79423695	0.0177135842463
216.155079351	0.0213830551777
217.426157873	0.021071936269
224.938597875	0.0193593542271
227.5974501	0.0187684308598
231.209854846	0.0180479591264
224.591614031	0.0194363204864
208.929342899	0.0231900770292
213.663438478	0.0219808991768
214.193892115	0.0218426549922
208.378103476	0.0233234909158
220.452278882	0.0203543723479
213.053137907	0.0221528041734
218.440533336	0.0208245058244
197.06565286	0.0265423046627
223.230556527	0.0197284532748
199.810775979	0.0257145800445
213.246212382	0.0220774026259
201.19680865	0.0253200781609
229.799332401	0.0182857616153
219.779930087	0.0205287498499
212.632469283	0.0222947167382
202.500529187	0.0249426734163
212.634052731	0.0222600682218
219.251150507	0.0206671810042
234.853156768	0.0172951498263
214.062856665	0.0219149315177
220.845985363	0.0202647282853
205.33804237	0.0241881865481
210.672698716	0.0227363151634
202.266085594	0.0250142217713
216.831931274	0.0212056146977
204.100297491	0.0245036116134
216.814391353	0.0212055680273
215.840747417	0.021479362155
221.197370698	0.0201848031646
219.932960091	0.0204854104201
217.3432817	0.0211221759338
208.276243344	0.0233569532721
217.566224338	0.0210461282649
220.721217823	0.0202989193547
217.856654585	0.020970445214
225.61887492	0.0192077362262
227.355546766	0.0188421715083
231.983733583	0.0178973296913
233.484754677	0.0176072140437
223.22431849	0.0197340605369
221.525739583	0.0201391581349
225.324853291	0.0192761930114
217.642565159	0.0210327839616
226.041648757	0.0191282684643
232.733423224	0.0177642258116
241.004194111	0.016159994127
220.75278399	0.0203175738745
240.024419574	0.0163619336491
241.692382632	0.016070831592
222.077595359	0.0199897533455
240.752574243	0.0162323171594
221.291120828	0.020173059466
227.947287574	0.0187208049717
233.176825356	0.0176679999889
239.088314865	0.0165113820666
222.028783271	0.0200304980539
237.041500912	0.0169063409308
232.405660679	0.0177769117416
225.91527822	0.0191651902108
230.044672544	0.0183088583718
231.803949833	0.0179162266525
235.964963078	0.0171159346737
238.792164033	0.0165865154247
224.904118608	0.0193912531409
230.645284456	0.0181473728765
228.242690253	0.0186723211968
217.465194224	0.0210414090958
235.632301682	0.01715879943
237.378498148	0.0168552416521
227.413430259	0.0188410832567
230.567111071	0.0181606740056
234.583073287	0.0173637977466
235.577198367	0.0171841433528
220.830135697	0.0202763248418
233.277551702	0.017636327765
218.157149069	0.0208970916148
233.018938691	0.0176442466726
229.606056616	0.0183587982647
235.227754651	0.0172454207765
227.382729744	0.0188256262807
228.917966342	0.0185037616461
223.849760357	0.0196028820341
231.105880965	0.0180586227324
227.662934416	0.0187848113184
237.136940198	0.0168434761178
226.653657784	0.018993934988
223.373055281	0.0197014840661
221.303645187	0.0201707662099
231.637289293	0.0179266624127
232.482283676	0.0177559468531
229.266232574	0.0184431435227
227.774993249	0.0187726247642
219.544945093	0.0205693616268
236.428201396	0.0170409215744
229.020518028	0.0184896422396
241.423769207	0.016135823047
235.213420821	0.0172545515232
227.969776753	0.0187298341327
239.130737039	0.0165138959656
233.720656731	0.0175507919268
244.217850019	0.0156308548441
240.668716947	0.0162207731563
226.914045492	0.0189452676274
240.316406914	0.0162899260935
233.048839045	0.0176646606904
239.554654747	0.0164399810139
231.116442601	0.0180432654742
227.440673735	0.0187984740866
236.288942199	0.0170347841562
231.155229968	0.0180540798191
238.683602801	0.0165816045126
227.476901563	0.018819741647
237.361950504	0.016819149265
231.896249781	0.0179251751354
236.722733974	0.0169419990093
230.128029956	0.0182583243521
236.153774018	0.0170635646574
229.963233608	0.0183164046452
225.99987848	0.0191247379755
223.467170839	0.0196517123077
229.122074215	0.0184751363638
230.525556389	0.018185166787
238.724424712	0.0165969648405
223.634505345	0.0196265328852
242.542162287	0.0158786860506
241.496289523	0.0160879899387
247.744539094	0.015034828518
247.774627826	0.0150037240825
247.583468532	0.015071647741
239.403301343	0.0164990477666
246.164173999	0.0153126502477
244.409723061	0.0155971450977
243.89389152	0.0156823646592
240.918952916	0.0162142884683
245.452868045	0.0153955735836
232.965331436	0.0177088570732
245.0749255	0.0154566474078
234.855130635	0.0173436210578
235.567280086	0.0171681736236
247.467541851	0.0150912211159
246.165935852	0.0152749267616
240.186954909	0.0163566238064
242.058372728	0.0159876229565
243.892513046	0.0156800491395
245.021197223	0.0154602056558
232.610239307	0.0177828204969
231.679203726	0.0179233583031
244.900819026	0.0155019840255
240.210813217	0.0162984031331
236.515375326	0.0170238499905
237.868885422	0.0167174844364
244.499774849	0.015544346781
242.057178255	0.0159563326473
239.967928707	0.0163739801652
244.067379509	0.0156143248924
238.815893226	0.0165828397299
239.521642985	0.0164159579929
238.50583174	0.0166517258268
245.119428218	0.0154476846791
240.40412427	0.0163033151201
232.975515492	0.0176892572111
235.812595344	0.0171511758067
239.797385972	0.0163708103333
245.431481874	0.0153594510011
243.904478658	0.0156413585787
241.586124329	0.0160671816984
237.000183834	0.0169031890846
242.399530784	0.0159654765559
248.112767263	0.0149458517999
247.912575674	0.0149448917632
238.48106296	0.0166492603496
232.544048986	0.0177681081487
235.701096836	0.0171303720435
222.04076739	0.0200010247238
240.720825165	0.0162150407043
215.191406678	0.0216305136453
251.438343172	0.0143905145406
239.889583569	0.016370422222
243.571380916	0.0156781752361
246.375444191	0.0152128466994
241.609620154	0.016049590382
241.346380792	0.0160973369702
241.883307426	0.0159868734607
237.856665274	0.0167232639983
240.200692241	0.0163010477834
237.317781247	0.0168195258106
237.776242135	0.0167311051025
240.141761807	0.016316148936
236.086988176	0.0170585903896
239.826467352	0.0164158566469
238.683894093	0.0165757931878
242.591161365	0.015905080064
235.519917582	0.0171916000741
238.888913283	0.0165806769001
247.256665594	0.0150567498639
245.574534927	0.0153836370601
247.813776503	0.014975667798
243.195297355	0.0158106186298
245.192942295	0.0154416181063
239.829720208	0.0164181589741
244.86569055	0.0154941371194
243.599573521	0.0157466248867
245.019510215	0.0154735594642
249.291191429	0.0147590501556
252.554252657	0.0142493084849
246.619260205	0.0152027793762
244.959170098	0.0155036959648
251.201134324	0.0144386253147
244.071273081	0.0156672693745
248.104575048	0.0149373082814
248.106825814	0.0149747507925
249.551514858	0.0147006727611
248.176196729	0.0149654756203
249.116648045	0.0147688291913
244.51870214	0.0155778057147
241.796343409	0.0160082767628
249.056555751	0.0148229991669
249.062339919	0.0147785557487
248.794405785	0.0148471391469
250.688331582	0.0145113604604
250.720904568	0.0145398230499
248.039619547	0.0149360054901
241.610478389	0.0160334741461
246.336880416	0.0152300241406
243.762104358	0.0156938099
249.268061991	0.0147449548062
251.357732954	0.0144060058826
247.963998122	0.0149586112761
248.30290301	0.0149250945759
248.834359408	0.0148161066802
248.509487996	0.0148909912346
252.410158452	0.0142318889236
244.580599805	0.0155681854144
244.90769813	0.0155007087804
253.098437453	0.0141428123722
252.444422865	0.0142521000634
250.738610971	0.0145339307842
245.069809021	0.0154426131155
245.958553023	0.0152965702814
248.749887061	0.014834370104
250.260748332	0.014588027334
250.55140323	0.0145823228013
249.755711202	0.0146741484933
250.560069937	0.0145734832371
244.350160194	0.0156041315501
247.546608068	0.0150789369666
250.978471563	0.0144772451115
247.073571314	0.0151347428749
250.666899206	0.0145320711246
250.895111169	0.0145192393654
248.772685269	0.0148413673539
247.811166969	0.0150375149352
249.331970888	0.0147610535303
247.678677941	0.0150624883601
245.758865249	0.0153471694674
251.500392293	0.0144272860879
251.649725975	0.0143857247464
247.847353869	0.015035092791
253.42782357	0.0141073520448
253.062068671	0.0141700790071
255.150362499	0.0138378684993
252.054586527	0.0143173749009
251.464332258	0.014427991819
255.027198468	0.0138694099973
254.076095288	0.0140077793728
253.417786827	0.0140912926728
251.442092299	0.0144370701601
253.762914008	0.0140369921187
253.250217633	0.0141543428041
253.979986096	0.0140059477753
253.645124652	0.0140836234728
253.925460259	0.0140407950785
252.09641399	0.0143246431009
254.936789253	0.0138632795305
253.423519307	0.0141041071603
255.16221442	0.0138148150246
252.368358719	0.0142559819196
253.459940322	0.0140905209717
253.788731814	0.0140446062441
255.050316272	0.0138430510598
253.768204719	0.0140502974125
254.055931154	0.013996675972
251.974479103	0.0143364559908
255.468446352	0.0137905420086
254.437194821	0.013967819409
255.985942295	0.0137127344458
252.765891148	0.0142018044761
253.410393154	0.0141208760087
249.90031265	0.0146840648799
253.701984466	0.0140776694768
254.212956021	0.0139796298088
248.801304872	0.0148430549035
250.457314917	0.0145763808296
251.785262457	0.0143679009997
251.719155764	0.0143948700607
250.177406909	0.0146276718655
253.767182447	0.0140576230726
254.724175889	0.013914392474
252.578865204	0.014242441981
252.199713486	0.0143146478097
254.157013779	0.0139897796098
253.244698041	0.0141408598589
250.32975189	0.0146051965597
251.552865727	0.0144076963984
251.15383399	0.0144962068288
251.535642202	0.0143904021002
253.974701857	0.0140354463295
257.700033054	0.0134423002607
255.794720604	0.0137555882312
255.277321916	0.0138227561627
256.141547958	0.0136790449931
251.460065979	0.0144335144477
250.787120034	0.0145451729789
255.235710349	0.0138246688365
250.90200978	0.0145253473064
255.723598343	0.0137449248879
254.810194084	0.0138916011212
256.498406973	0.0136325087618
249.475516189	0.0147362993551
254.231788535	0.0139672977842
254.542128811	0.0139384348968
256.31228215	0.0136708707717
253.886823188	0.0140332301548
254.451407194	0.013940949106
254.9455435	0.0138756785822
256.20117407	0.0136794597211
252.716594753	0.0142319942415
256.367743348	0.0136610398151
252.249821137	0.0142870352289
256.685875468	0.0136012778917
255.411620919	0.0137909785652
256.697901021	0.013618601392
253.741251753	0.0140575911142
257.193580742	0.0135220867104
251.567926404	0.0144100436466
255.815335856	0.0137401803106
250.553696779	0.0145538261406
252.540683216	0.0142304402409
251.096843415	0.0144672659892
251.563407847	0.0143869018981
254.440991737	0.0139602045498
256.421560559	0.0136311705034
254.398306529	0.0139536391021
255.312450429	0.0138209818511
250.945445772	0.0145160799707
256.641191061	0.0135945933573
254.171340766	0.0139872077202
253.482946541	0.014101090689
256.446319577	0.0136553990676
258.835581828	0.0132748987867
256.031957645	0.0137033455916
255.167433292	0.0138396468736
254.043538355	0.0140207603206
258.585886773	0.0132929927115
255.21174422	0.013831726157
255.336979703	0.013803674699
257.500064265	0.0134913032349
258.71923777	0.0132895290991
258.612398748	0.0133073699684
258.761132888	0.0132729683151
256.070405783	0.0136896248375
258.869543352	0.0132596357785
258.983792341	0.0132351921014
258.778825757	0.0132866116422
257.643923883	0.013435147816
257.954210746	0.0133654239406
256.677935342	0.0135812956959
255.351306803	0.0137847909809
251.394315327	0.0143794920074
244.585565437	0.0155302649232
245.90990729	0.0152706006628
244.50001419	0.0155162970373
252.822170469	0.0141902493345
249.805418272	0.014670341585
251.379423979	0.0144246875225
250.361874903	0.0145411735336
246.88549045	0.0151243600807
258.159114501	0.0133870779142
247.820769302	0.0149746281758
254.404610228	0.0139356167633
245.683837864	0.015330665387
245.867186457	0.0152932923434
250.31268826	0.0145707462277
253.979130835	0.0140309726133
249.468298452	0.0146749356836
252.125811268	0.0142992392558
256.559327692	0.0136138123647
254.514458824	0.0139298282397
255.742258261	0.0137472316478
258.884632175	0.013263394058
256.671243614	0.0135794166971
254.43211634	0.0139606195006
249.430705127	0.0146994186224
255.080840387	0.0138478762561
251.523845491	0.0143530260956
258.471085014	0.0133387736386
252.875107312	0.0141352576353
257.537666227	0.0134767320762
253.259576017	0.0140914004078
254.198049999	0.0139989662592
252.335077398	0.0142534647654
256.7877975	0.0135997737897
250.449726335	0.0145416643284
255.216470502	0.0138236028643
251.168065465	0.0144269814976
255.922249657	0.0137284199454
253.579945428	0.0140646397471
254.646283478	0.0139125031349
254.629526735	0.0138901441879
256.14957908	0.0136936384475
250.850825711	0.0145012065071
256.976828761	0.0135683362563
254.18245429	0.0139419237869
257.781427218	0.0134302183505
253.582474012	0.0140366417674
253.979524279	0.014020449067
251.2518264	0.0144237812661
258.625987169	0.0133224899737
252.997695933	0.0141607965704
257.907971108	0.0134122998237
255.549574674	0.0137510577371
254.772097214	0.0139085955708
253.750201398	0.0140202338134
256.016206152	0.0137050792811
252.552184574	0.0142201364143
257.31378381	0.0135201747795
254.728895118	0.0138635320648
257.283303243	0.0134985657908
254.626294295	0.013905302195
255.031927222	0.0138406953988
254.155165763	0.0139665856593
258.288898421	0.0133768062682
254.112908057	0.0139868423793
254.953679443	0.0138694473605
253.618789256	0.0140409137636
256.190940602	0.0136880988055
253.695692688	0.0140248943585
257.388770897	0.0134946096616
253.601602774	0.0140561688298
258.672916143	0.0133117170829
252.758590145	0.0141874043468
258.375387013	0.0133595983332
251.762533688	0.0143455017769
257.803991754	0.0134408837547
253.81711939	0.014024936609
258.04701759	0.0133993705913
254.086950494	0.0139863585243
258.586344221	0.0133239907692
254.478833224	0.0139348877433
255.752780847	0.013742169538
252.925791307	0.0141532492229
255.013211832	0.0138430584887
253.485593386	0.0140554852713
257.578886974	0.0134504154178
252.693164766	0.0142115517929
257.543747424	0.0134718342061
254.62684538	0.0138881771372
257.290226947	0.0135113139312
254.684584455	0.0138729814008
256.595929066	0.0136158367264
253.261191858	0.0141194677616
256.814969736	0.0135757065529
255.377693283	0.0137566530434
257.912627083	0.0134231451044
254.06635206	0.0139782571221
256.628646618	0.0136024773965
255.304077993	0.0137906390297
257.426986589	0.0134870544439
256.081959349	0.0136612981782
257.86815487	0.013417092981
255.542575911	0.0137495675524
257.132202942	0.0135253927553
256.460407567	0.013578235227
257.756338668	0.0134398327054
255.162824879	0.0137992127478
258.104908809	0.0133871737961
253.883578732	0.0140081235766
257.634435242	0.0134536140755
255.850021744	0.0136980518348
257.83789508	0.0134160919196
255.744446917	0.0137193964001
257.919827574	0.0133992438219
255.15705746	0.0138172897343
257.764672097	0.0134452205433
254.767834345	0.0138728198714
258.099325429	0.0134059009881
256.600337202	0.01359554661
258.059093739	0.0133979656243
256.210103922	0.0136756760638
257.863526493	0.0134438480061
255.546722509	0.013764387035
257.275677034	0.0135123965496
256.876832414	0.0135416108052
257.877024983	0.0134318808177
256.822972625	0.0135649691432
256.010983199	0.0136934904702
257.316503899	0.0134863965677
257.18365265	0.0135363742536
257.366196213	0.0134766911386
257.809109621	0.0134265472291
257.863432072	0.0133913864252
258.537451326	0.0133249167476
257.10830514	0.0135025905954
258.153742054	0.0133687616908
258.263477471	0.0133123282633
258.425757945	0.0133388565421
258.439676618	0.0133200659757
257.443327692	0.0134717760574
258.37783337	0.0133209995233
257.350798218	0.0134809356865
258.079340431	0.0133634753927
257.666780175	0.0134378634751
258.516934969	0.0132941702114
258.290272975	0.0133397204791
258.72925901	0.0132515109749
258.393206005	0.013339356982
257.37816895	0.013470062935
258.829796577	0.013269745387
257.73549655	0.0134112191819
259.105695301	0.0132271801967
258.772295949	0.0132425097779
258.68952024	0.0133023818721
259.095173722	0.0132162013758
258.590793582	0.013324380418
258.909405196	0.0132503518743
258.391820753	0.0133451134724
259.283651175	0.0131816339965
259.124031347	0.0132327308319
259.083327321	0.0132286433538
259.501094273	0.0131903600774
258.696005348	0.0132658012803
258.297553578	0.0133469103945
258.626059283	0.0132835923165
259.060995819	0.0132191741493
259.318250337	0.0131852802675
260.064635337	0.0130773813879
259.389946627	0.0131802643577
259.483190831	0.0131663484239
259.429550176	0.0131580492389
260.776480453	0.0129633848408
260.176958412	0.0130542313905
259.778088863	0.0131227542707
259.715030229	0.0131215587789
260.010049573	0.0130767024801
259.499645081	0.0131640267482
259.851584196	0.0131127183779
259.17874512	0.0132172421108
260.252668871	0.0130492130761
259.356729939	0.0131792847551
259.733479811	0.0131230093817
259.768133296	0.0131074646991
259.69765165	0.0131285164774
259.67003581	0.0131335328358
258.919259915	0.0132561232683
260.217119437	0.01305030296
259.286799489	0.0131962085446
259.406170614	0.0131669383888
259.287781854	0.0131784411184
258.885420281	0.0132496819656
259.026953209	0.0132208188898
258.98173831	0.0132152494291
259.070779352	0.0132216855826
259.578879835	0.0131509487806
258.754745869	0.0132619368328
259.634698723	0.0131312051666
259.688932378	0.0131204480199
259.004646702	0.0132311279305
259.293090695	0.0131809606416
258.417862483	0.0133220612016
259.547151656	0.0131470733801
258.685414995	0.0132624016683
259.267877363	0.0131928784555
258.295760741	0.0133373112523
259.612178584	0.0131420146247
259.002486803	0.013232541985
259.912991243	0.013095103986
259.083759406	0.0132033038398
260.265107752	0.013016350062
258.939801219	0.0132141234779
259.486862113	0.013150150618
258.869125159	0.0132336661015
259.870712619	0.0130677258182
258.428331257	0.0132942230456
259.145203752	0.0132059003766
259.117905037	0.0131902780631
259.246571982	0.0131834353789
259.775365819	0.0131107207278
260.318421568	0.0130326611113
260.354181472	0.0130293281172
260.542702686	0.0130043451703
260.272983355	0.0130413868642
260.785676263	0.0129719968733
259.744287652	0.0131256344376
260.292514673	0.0130460466879
260.420738512	0.0130227693677
260.848132113	0.0129557485602
260.769788425	0.0129748858379
260.803596855	0.0129614148841
260.326285252	0.0130295925558
261.642270332	0.0128495457703
261.329717476	0.0128895639792
261.75916074	0.0128330309686
261.269995348	0.0128931107091
261.701244948	0.0128395551431
261.484961671	0.0128702502505
261.56269495	0.0128480015063
261.898753995	0.0128081617319
261.798509761	0.0128144296912
262.24869241	0.0127521627455
262.637110047	0.0127011834449
262.740076129	0.0126856223377
262.312131852	0.0127439366095
262.641108769	0.0126998633686
262.768001545	0.0126863750118
262.842926209	0.0126734818284
262.537591865	0.0127196463416
262.355845906	0.0127446308428
262.832279828	0.0126757038039
262.374272117	0.0127319759
262.739630952	0.0126813240896
262.854081895	0.012667571603
263.07194079	0.0126385673873
263.022192605	0.0126490275258
263.215247899	0.0126189807627
263.162428441	0.0126246644001
262.914010512	0.0126648931256
263.016205221	0.0126495655132
263.271987118	0.0126077261173
263.247250863	0.0126176330495
263.460028238	0.0125861909753
263.057670501	0.0126456934899
263.54564461	0.0125741026756
263.10114308	0.0126389105256
263.602609225	0.0125649703071
263.458139252	0.0125871431381
263.246717189	0.0126088052937
263.535502621	0.0125767562755
263.413106848	0.0125944809363
263.678711115	0.0125536631945
263.676061847	0.0125508088896
263.28366847	0.0126043012902
263.82764211	0.012534638275
263.190699688	0.0126165975777
263.779692726	0.0125367452822
263.514904908	0.0125723396886
263.931458297	0.0125191684461
263.516967775	0.0125795337588
263.758451723	0.0125450765884
263.907792897	0.0125210464721
263.706508738	0.0125520760397
263.858903962	0.012529461594
263.930417096	0.0125142211127
263.691332507	0.0125554905944
264.089121777	0.0124979529384
263.462628243	0.012576873078
264.266903612	0.0124709165766
263.822284842	0.0125285041394
263.759164132	0.0125355823826
264.105192072	0.0124954373534
263.947409308	0.0125191017073
263.763840233	0.0125348656876
264.305166251	0.0124623918032
263.987689588	0.0125044921175
264.338365671	0.0124598578709
264.092450497	0.0124969623875
263.925937044	0.01251155908
263.917413663	0.0125124981431
264.086147153	0.0124888948582
264.124562395	0.0124913270379
264.232211249	0.0124754752355
264.245548988	0.0124705363464
264.144690575	0.0124808040764
264.337045516	0.0124575466235
264.06333249	0.0124918123036
264.289732698	0.01246885485
264.506620574	0.0124354073778
264.349415132	0.0124593705769
264.069021406	0.0124918501399
264.296999612	0.012462161575
263.968829857	0.012506177962
264.098083889	0.0124938060365
264.36020228	0.0124553982468
264.317048246	0.0124643907773
264.107772161	0.0124860478433
264.275141786	0.0124627812304
264.154664932	0.0124789169623
264.666413817	0.0124138282004
264.680497179	0.0124139480105
264.640668115	0.0124159701238
264.88697853	0.0123765756786
264.656789049	0.0124079615787
264.365410466	0.0124499038176
264.075520832	0.0124897252778
264.14291267	0.012485856892
263.935798983	0.0125146102217
264.19921405	0.0124902368429
264.687892896	0.0124307437295
264.794187452	0.0124134944098
264.546236506	0.0124499020796
264.692483855	0.0124268148149
264.498257508	0.0124573218829
264.724449842	0.012418257619
264.744305239	0.0124166772421
264.677568784	0.0124317769007
264.779965031	0.0124106346723
264.871663829	0.0124031212166
264.651330181	0.0124371639512
264.987427352	0.0123883677852
264.592855132	0.0124464559714
265.001482805	0.012389033358
264.915802304	0.0124013170045
265.047614457	0.0123766050042
264.892272479	0.0124043522996
265.021864688	0.0123823066405
265.011078918	0.0123866510702
264.968337499	0.0123895114257
265.003688818	0.0123833151338
264.998315619	0.0123850450346
265.024183168	0.0123800497709
264.899922113	0.0124030666557
265.012640188	0.0123858279412
265.031561536	0.0123806810336
264.93322618	0.0123971494939
264.957272608	0.0123936979054
264.982145114	0.0123904392386
264.855422588	0.0124083396294
265.087166097	0.0123724213344
265.054725775	0.0123773587413
265.09181611	0.012372164358
264.970541756	0.0123924137112
264.91212398	0.0124007181125
265.036164146	0.0123800883335
264.943622217	0.0123962192026
265.013478012	0.0123845335471
265.082770396	0.0123744810699
265.073618558	0.0123748886929
265.04605677	0.0123810674344
266.554455555	0.0121718565554
268.112565769	0.0119642521305
269.484356405	0.0117830914228
270.76642537	0.0116123950125
272.020303117	0.0114465608219
272.894049582	0.0113371806523
273.878210048	0.0112113314174
274.725436016	0.0111056065979
275.57925945	0.0109995500971
276.407706956	0.0108981231821
277.217527173	0.0107998278047
278.046220042	0.0107039639266
278.856581387	0.0106020653482
279.434530152	0.0105315824519
280.006658628	0.0104632369683
280.821961348	0.0103721862454
281.415194998	0.010304184241
282.076057777	0.0102293576171
282.619679369	0.0101718181226
283.188994947	0.0101045703468
283.62944343	0.0100581495313
284.327299664	0.00997096142315
284.565606351	0.00994616483983
284.992947161	0.00989648485413
285.285827502	0.00986968465124
285.671347002	0.00982871742118
285.924164398	0.00979791481772
286.12032918	0.00977679226297
286.238937891	0.00975847509244
286.150367382	0.00976963603271
286.048939262	0.0097839345217
285.985976224	0.00978734781041
285.652939354	0.00982369370494
285.269483883	0.00986656207338
284.690046624	0.00993607621989
284.238507181	0.00998344098864
283.606523853	0.0100551110366
282.882747508	0.0101390010629
282.235597106	0.0102103473746
281.461636928	0.0103034564152
280.833215245	0.0103752743926
280.215896761	0.0104465823722
279.686351541	0.0105058823021
279.136161633	0.0105727124295
278.752644949	0.0106155951802
278.30285497	0.0106721302269
277.946297602	0.0107143102459
277.673917697	0.0107446116231
277.257727247	0.0107979270345
277.017496082	0.010824335765
276.715950268	0.0108634130597
276.235159136	0.010925015292
276.235328931	0.01092479844
289.911241825	0.00936780405955