100	-0.04399	0.0	0.997434642457	0.00256535754334	0.0
104	-0.03324	1.59739591999e-23	0.694995478994	0.302273325772	0.00273119523381
105	-0.03717	0.0	0.0	1.0	0.0
107	-0.0384	0.0	0.0	1.0	0.0
11	-0.1008	1.0	0.0	0.0	0.0
113	-0.04502	1.0	0.0	0.0	0.0
114	-0.005757	0.0	0.0	1.0	0.0
115	0.01075	1.0	0.0	7.01387817609e-52	0.0
116	0.04701	4.58581365658e-53	0.989961053592	0.0100389464077	0.0
117	0.02658	0.0	1.0	0.0	0.0
118	0.05781	0.0	1.0	0.0	0.0
119	0.08623	0.0	0.0264916158406	0.0	0.973508384159
121	0.09422	0.0	0.0	0.0	1.0
125	0.1789	0.0	0.0	0.0	1.0
126	0.4901	0.0	1.0	0.0	0.0
127	0.6287	0.0	0.0	0.0	1.0
128	2.27	0.0	0.736636757355	0.0	0.263363242645
165	-0.09666	0.0	1.0	0.0	0.0
166	-0.09076	0.0	0.682454088628	0.0	0.317545911372
167	-0.1155	0.0	0.0	0.0	1.0
168	-0.1104	0.0	0.0	0.0	1.0
17	-0.1322	1.0	0.0	0.0	0.0
170	-0.08566	0.0	0.0	1.0	0.0
172	-0.07558	0.0	1.0	0.0	0.0
175	-0.08385	0.0	1.0	0.0	0.0
176	-0.05826	0.0	0.0	1.0	0.0
178	-0.0594	0.0	0.0	1.0	0.0
189	-0.02438	0.0	0.0	1.0	0.0
190	-0.02204	0.371112344764	0.0	0.628887655236	0.0
191	-0.02409	0.0	0.0	1.0	0.0
192	-0.02071	0.0	0.0	1.0	0.0
193	-0.02542	0.99981333858	0.0	0.000186661420188	0.0
194	-0.008387	0.946606697487	0.0	0.0533933025134	0.0
195	-0.007326	1.0	0.0	0.0	0.0
196	0.01737	1.0	0.0	0.0	0.0
197	0.02108	0.022749360455	0.0	0.977250639545	0.0
198	0.05512	0.99236474763	0.0	0.00763525236951	0.0
199	0.07165	1.0	0.0	0.0	0.0
200	0.1044	2.60348132014e-10	0.0	0.99999999974	0.0
201	0.06862	1.0	0.0	1.1186549122e-51	0.0
202	0.02299	0.494319767108	0.0	0.505680232892	0.0
206	-0.005636	0.722927619124	0.0	0.277072380876	0.0
207	0.001564	1.0	0.0	0.0	0.0
208	-0.01697	0.0223848174769	0.0	0.977615182523	0.0
211	-0.0177	1.13173388556e-18	0.0	1.0	0.0
23	-0.09105	0.477486438855	0.0	0.522513561145	0.0
24	-0.07962	0.0	0.0	1.0	0.0
25	-0.08622	1.0	0.0	0.0	0.0
26	-0.08851	0.0	0.0	1.0	0.0
39	-0.08184	0.0	1.0	0.0	0.0
40	-0.06498	0.0	0.125517520357	0.0	0.874482479643
41	-0.03839	0.0	1.0	0.0	0.0
42	-0.02092	0.0	0.976289251706	0.0	0.0237107482944
43	-0.02675	0.0	1.0	0.0	0.0
45	-0.0347	0.0	0.635401317153	0.0	0.364598682847
46	-0.04032	0.0	0.999893772181	0.0	0.000106227819411
47	-0.02554	0.0	0.0	0.0	1.0
48	-0.03013	0.0	0.482269587701	0.0	0.517730412299
49	-0.04571	0.0	1.0	0.0	0.0
53	-0.06894	0.0	0.0	0.0	1.0
54	-0.06037	0.0	0.493890089082	0.0	0.506109910918
6	-0.06614	0.0	0.0	1.0	0.0
61	-0.06197	0.0	1.0	0.0	0.0
62	-0.05475	0.0	0.00539194402149	0.0	0.994608055979
63	-0.05557	0.0	0.0	0.0	1.0
64	-0.06754	0.0	0.0	0.0	1.0
65	-0.06219	0.0	1.0	0.0	0.0
66	-0.05878	0.0	1.0	0.0	1.08164531067e-26
67	-0.06322	0.0	0.0	0.0	1.0
68	-0.06782	0.0	1.0	0.0	0.0
69	-0.05793	0.0	1.0	0.0	3.44520190544e-71
7	-0.08438	0.0	1.0	0.0	0.0
70	-0.05565	0.0	0.0	0.0	1.0
72	-0.05944	0.0	0.0	0.0	1.0
73	-0.05286	0.0	0.0	0.0	1.0
74	-0.0536	0.0	0.660883168406	0.0	0.339116831594
76	-0.05673	0.0	0.482486680464	0.0	0.517513319536
79	-0.05175	0.0	0.0	1.0	0.0
80	-0.05212	0.771599224295	0.0	0.228400775705	0.0
84	-0.1182	0.0	0.0	1.0	0.0
86	-0.09904	0.0	1.0	4.80244150958e-103	0.0
90	-0.057	0.0	1.0	0.0	0.0
91	-0.05548	0.0	0.0	0.460676890241	0.539323109759
92	-0.06282	0.0	0.0126774921537	0.0	0.987322507846
94	-0.04794	0.0	0.999999984779	1.52214379056e-08	0.0
95	-0.04894	0.0	0.98865682878	0.0	0.0113431712197
97	-0.04457	0.0	0.286117213419	0.713882786581	0.0
98	-0.04045	0.0	0.978500598644	6.18598225869e-09	0.0214993951704
99	-0.04302	0.0	0.0142980218106	0.985701978189	0.0