100	-0.04546	0.0	0.999945676419	5.43235814234e-05	0.0
104	-0.03428	5.62279063287e-30	0.663234797267	0.336765202733	1.40442372746e-39
105	-0.03835	0.0	0.0	1.0	0.0
107	-0.03968	0.0	0.0	1.0	0.0
11	-0.09726	1.0	0.0	0.0	0.0
113	-0.04671	1.0	0.0	0.0	0.0
114	-0.009509	0.0	0.0	1.0	0.0
115	0.02021	0.999945633299	0.0	5.43667009319e-05	0.0
116	0.04494	0.0	0.999999999928	7.20526158525e-11	0.0
117	0.04045	0.0	1.0	0.0	1.40097524985e-98
118	0.06904	0.0	1.0	0.0	0.0
119	0.1001	0.0	0.0	0.0	1.0
121	0.1115	0.0	0.0	0.0	1.0
125	0.1927	0.0	0.0	0.0	1.0
126	0.4874	0.0	1.0	0.0	0.0
127	0.6284	0.0	0.0	0.0	1.0
128	2.264	0.0	0.995831029417	0.0	0.00416897058342
165	-0.07664	0.0	1.0	0.0	0.0
166	-0.1045	0.0	0.998556775864	0.0	0.00144322413564
167	-0.1683	0.0	1.0	0.0	0.0
168	-0.1378	0.0	0.0	0.0	1.0
17	-0.1268	1.0	0.0	0.0	0.0
170	-0.1033	0.0	0.0	1.0	0.0
172	-0.08543	0.0	1.0	0.0	0.0
175	-0.09719	0.0	1.0	0.0	0.0
176	-0.0671	0.0	0.0	1.0	0.0
178	-0.06592	0.0	0.0	1.0	0.0
189	-0.0265	0.0	0.0	1.0	0.0
190	-0.02405	0.390155197206	0.0	0.609844802794	0.0
191	-0.02597	0.0	0.0	1.0	0.0
192	-0.02282	0.0	0.0	1.0	0.0
193	-0.0275	1.0	0.0	7.89323014718e-166	0.0
194	-0.01128	0.998965844919	0.0	0.00103415508085	0.0
195	-0.01051	1.0	0.0	0.0	0.0
196	0.01347	1.0	0.0	0.0	0.0
197	0.0164	0.0388353387015	0.0	0.961164661299	0.0
198	0.04796	1.0	0.0	1.22042786707e-126	0.0
199	0.06692	1.0	0.0	0.0	0.0
200	0.1007	0.0	0.0	1.0	0.0
201	0.07406	1.0	0.0	0.0	0.0
202	0.03076	0.480468214915	0.0	0.519531785085	0.0
206	-0.003094	0.661746678794	0.0	0.338253321206	0.0
207	0.002243	1.0	0.0	0.0	0.0
208	-0.01551	0.000797036480168	0.0	0.99920296352	0.0
211	-0.01748	0.0	0.0	1.0	0.0
23	-0.08847	0.574180523588	0.0	0.425819476412	0.0
24	-0.07805	0.0	0.0	1.0	0.0
25	-0.08577	1.0	0.0	0.0	0.0
26	-0.08929	0.0	0.0	1.0	0.0
39	-0.07348	0.0	1.0	0.0	0.0
40	-0.05706	0.0	7.95168389706e-05	0.0	0.999920483161
41	-0.04315	0.0	1.0	0.0	0.0
42	-0.01484	0.0	0.995015203604	0.0	0.00498479639596
43	-0.02778	0.0	1.0	0.0	0.0
45	-0.03808	0.0	0.420406571481	0.0	0.579593428519
46	-0.04222	0.0	1.0	0.0	0.0
47	-0.0208	0.0	0.0	0.0	1.0
48	-0.02507	0.0	0.459184427188	0.0	0.540815572812
49	-0.04114	0.0	1.0	0.0	0.0
53	-0.05627	0.0	0.0	0.0	1.0
54	-0.03198	0.0	0.493422600451	0.0	0.506577399549
6	-0.06753	0.0	0.0	1.0	0.0
61	-0.06913	0.0	1.0	0.0	0.0
62	-0.04913	0.0	0.0	0.0	1.0
63	-0.04878	0.0	0.0	0.0	1.0
64	-0.06137	0.0	0.0	0.0	1.0
65	-0.05736	0.0	1.0	0.0	0.0
66	-0.05476	0.0	1.0	0.0	0.0
67	-0.05959	0.0	0.0	0.0	1.0
68	-0.06501	0.0	1.0	0.0	0.0
69	-0.05584	0.0	1.0	0.0	0.0
7	-0.08638	0.0	1.0	0.0	0.0
70	-0.05426	0.0	0.0	0.0	1.0
72	-0.05935	0.0	0.0	0.0	1.0
73	-0.05331	0.0	0.0	0.0	1.0
74	-0.05489	0.0	0.884491256119	0.0	0.115508743881
76	-0.06021	0.0	0.526119861002	0.0	0.473880138998
79	-0.05392	0.0	0.0	1.0	0.0
80	-0.05386	0.903696912379	0.0	0.0963030876206	0.0
84	-0.1213	0.0	0.0	1.0	0.0
86	-0.1018	0.0	1.0	0.0	0.0
90	-0.05957	0.0	1.0	0.0	0.0
91	-0.0577	0.0	0.0	0.538770245025	0.461229754975
92	-0.06515	0.0	0.000823340639981	0.0	0.99917665936
94	-0.04986	0.0	1.0	1.52306788609e-47	0.0
95	-0.05067	0.0	0.999791016935	0.0	0.000208983065049
97	-0.04623	0.0	0.243693610843	0.756306389157	0.0
98	-0.04182	0.0	0.997635597312	2.49898388441e-13	0.00236440268743
99	-0.0444	0.0	0.0049732444491	0.995026755551	0.0