-68.9659903174	0.527702286797
0.991275911795	0.239429798422
142.384845306	0.0484266916186
-23.5563010609	0.310371868967
-9.3096650506	0.260458907031
23.1820350911	0.182765773869
-27.8522262833	0.331694280612
8.17343818264	0.218363424033
-16.7978347373	0.29343160087
82.4011028296	0.0963904734415
35.7651769989	0.161848849873
-3.19892279637	0.250848793101
-18.7813392538	0.300046312018
-60.0820224528	0.477740641237
-37.854922307	0.371072308021
-13.8594153243	0.282414186982
4.46508049815	0.230709477927
18.6710356902	0.196280484374
0.736224584633	0.235640775558
-16.9492306882	0.284531979544
10.28346487	0.207117992832
13.6035870689	0.205215421438
152.943980374	0.043045212741
-43.5886194336	0.397083512794
-18.900890419	0.297131370066
-0.00266922058453	0.242870084654
16.1615494237	0.202193547121
1.26108232657	0.231949234963
28.3820319388	0.16941586637
22.131477032	0.185471993634
-41.4062615326	0.387455694035
17.8599267811	0.195061794277
-10.4984648539	0.273299740671
42.6321567939	0.150022330613
9.35922163725	0.210948742274
-57.6527225854	0.463212415604
-3.31262131197	0.251040242388
28.8924376611	0.168073382686
112.875652725	0.0664000223768
22.7467487337	0.183418805335
-29.7086701227	0.336035354896
-33.479371105	0.349399371907
17.9527979722	0.19511426732
-9.04135217643	0.264612006325
-52.8598837746	0.439116070515
40.4000449552	0.15366618977
22.7876120467	0.182429463734
38.7361850667	0.150548796339
8.2314646439	0.214090707819
-31.8920522436	0.342445016956
13.0256820316	0.206302616537
-51.7795754646	0.433012109135
-20.6065428722	0.304538847615
4.19365984222	0.229709619435
16.3013304715	0.197801938669
-41.5972578961	0.382544366044
-39.1998840499	0.372062466954
6.13293159641	0.222443002566
18.7362032349	0.188195246053
-24.8787959569	0.320802356442
-19.4044365517	0.301808896752
-48.5392242618	0.419786016059
40.67637172	0.152929529515
-11.3020935899	0.275779041247
-15.3735146132	0.286423404999
35.7065336165	0.155659672211
19.2723453837	0.192683204157
-60.3760454108	0.476843067687
38.6649563951	0.153392393389
21.9175964453	0.181498479056
4.97905937951	0.224795070551
63.5182570472	0.116467845807
-19.9221798819	0.302991494441
17.4016160628	0.194680946086
-12.0055121302	0.272694518415
16.685150264	0.200338725909
17.8777447768	0.195143627744
15.9902428209	0.202399076759
25.1188225311	0.182630806636
25.2916966659	0.182490947191
31.6051044881	0.169597510205
88.966673131	0.0896298535261
16.5783328671	0.200183552334
62.4842319918	0.120386776663
-31.9092095136	0.342588408678
45.4107438045	0.139935209349
32.304023922	0.168208585623
5.84106966304	0.227167999181
30.4050170318	0.172351914854
53.1288364443	0.133592370091
30.0613899918	0.173021426701
8.73468838545	0.220031439145
-25.9145907598	0.322231651053
40.7890793368	0.153343307306
18.7769473799	0.19079552839
-26.8264117471	0.325312382563
32.1052496948	0.168971447663
2.13725599213	0.237079204141
34.5283954493	0.164102535777
45.0381953562	0.145891289336
3.15012240845	0.23418645592
62.477570726	0.119910056377
3.61656348051	0.231601249265
-9.96568816146	0.268928016605
18.4513079357	0.194749222139
90.1674129766	0.0884314127918
15.7874720428	0.196002985058
18.803778599	0.195879840198
-6.05637763941	0.25052276621
-2.31919641236	0.248929080091
50.2287779596	0.137215928632
82.5349958213	0.0962768298797
16.0825205152	0.198937683249
12.7900931857	0.203321569487
-2.34996721226	0.247990714908
44.1494435663	0.147602653978
106.228017901	0.0739005408426
16.6128280712	0.19600019282
108.745844948	0.0718745905629
-27.3327156084	0.326202131924
-15.8343003377	0.284849385326
17.7123148148	0.19720073161
67.1696233992	0.114025116657
17.815168417	0.195534870676
-14.7203424669	0.283851212521
-5.28597242421	0.257749871777
32.2394650107	0.167045589146
2.00928166096	0.227824934183
17.6284400935	0.194090306059
49.4556991849	0.138976223607
-0.555705994734	0.23705594321
35.1184810607	0.156726961411
12.4683232232	0.209814969183
33.8064381271	0.160218569787
-7.88957379197	0.259531914996
6.68142160492	0.217753686159
128.656786849	0.0574214345942
-9.50379233068	0.270226310775
-6.45442081828	0.261200916754
3.21075439866	0.234033994503
-17.0055563496	0.289020863611
27.2652850168	0.174613692512
-26.2378066127	0.323210060671
0.647784791994	0.235834654499
-34.2282646746	0.35593816741
21.1993108359	0.186910911616
0.132724221646	0.238116986604
-10.6094032117	0.268822314708
23.0869528824	0.182104081518
35.4717069725	0.158422001193
46.1931663607	0.144029300794
24.4768143773	0.1785072877
7.64098425948	0.220501572051
44.8436101888	0.146224414914
7.83711952758	0.214896346725
2.5934282196	0.235166572263
21.1681291236	0.186250798408
25.7115596578	0.175162880699
15.4669639718	0.200042286117
17.6497901822	0.190356744336
17.3115350633	0.19685789162
7.51853112343	0.217281781698
5.42351638697	0.226730877225
-7.46965672758	0.264313089406
22.2831495264	0.187935613453
65.4467606837	0.116518131423
39.5176719735	0.152063772257
101.507044857	0.0765196667813
28.3427084543	0.169182871874
44.1376388285	0.143364096805
233.441204487	0.0176123950692
133.270218061	0.0535522204834
2.93719245756	0.2272342511
-9.35587076143	0.267985198807
28.9204546145	0.167312339643
14.5482745147	0.2018517554
6.77795768767	0.223538951253
5.97332143855	0.219877400358
6.12161754466	0.225357192238
42.2504081083	0.145409393298
26.6638084069	0.179397313668
7.08481914328	0.220730043691
-17.4338350671	0.295757098317
15.6291830141	0.202209218431
-12.6835291969	0.279088641451
15.6900590713	0.203169392325
11.9185458672	0.20996671575
21.3787874709	0.185887333897
21.5904169927	0.181734030299
51.2084600989	0.132686456137
32.7524558221	0.160529585714
18.2671571232	0.193873193268
3.68057788292	0.225551505208
65.7616277001	0.116123612065
22.998895676	0.182169287291
7.59338711408	0.222887150191
14.6284147396	0.204677595186
13.1918450369	0.20910227328
89.8161541755	0.0875582238159
0.933776261409	0.235772689624
59.6277766857	0.12401932093
96.3486394538	0.0826286093294
-4.89513434229	0.253940082026
60.4739771098	0.122868473916
5.19182545318	0.227173802712
17.4740975682	0.197771972838
24.0780373531	0.18408386897
13.15015658	0.206708604664
-7.34436799735	0.258939587258
11.5444136609	0.213137545858
68.6214319601	0.110156986167
13.6291905779	0.19953441854
13.4502399799	0.206835066746
16.5048048046	0.198586476579
15.7101383665	0.200006899343
5.23768096215	0.226013796394
54.4136755131	0.129539660594
77.420967088	0.101941317622
86.1871057304	0.0903500939744
34.1821340404	0.164903189448
34.001765802	0.165321017757
137.291077365	0.0520040641047
46.0325619374	0.142007572693
114.887134484	0.0670923162337
34.3608201552	0.164216769617
28.2385939777	0.175701169026
40.4662073896	0.153390479925
49.0375682598	0.139462554961
-15.5171889281	0.288333421116
16.5994553504	0.199430592582
26.6481780692	0.178940922229
31.2743837275	0.16694661484
51.4836774802	0.135836234333
12.0859857553	0.207846285892
16.7547786643	0.198993713134
60.1140376457	0.123326378552
92.2512517649	0.0865155559205
13.1532249887	0.208086826215
127.20312418	0.0583396817321
13.8452911328	0.203815753202
61.1182615181	0.122135334872
12.4850426889	0.207276589973
-3.27606845422	0.249419492479
10.0669574594	0.211018014774
143.221969041	0.0487245150047
16.1469997439	0.195854431888
-5.96095726201	0.255015187819
82.7402993009	0.0961072459395
8.60226946008	0.216574258406
65.0290545484	0.115415461796
16.9629701689	0.197317411662
10.6991137392	0.213484824289
38.70938666	0.150888646141
26.1510887842	0.173062355335
163.952594188	0.0385788237352
26.0327215812	0.175040901407
-10.9345367546	0.272277966894
-9.30100418414	0.262988662392
31.8989690833	0.165867158123
52.9796450717	0.12955258057
46.4506009448	0.139325846412
19.5000631177	0.191362868282
141.439481754	0.0488147517129
54.2102549184	0.131044087683
73.5374938443	0.106452768813
13.076815665	0.206252170296
28.903834757	0.174789380434
24.367612613	0.183452068197
8.53023722796	0.219277467228
61.7497334915	0.121105306007
41.7770096859	0.151593394648
34.8403741621	0.156883248957
11.308503101	0.209650982539
29.6850763946	0.173510534996
55.1495469969	0.130375649955
113.976550753	0.0677795476728
12.2039822297	0.208967245017
57.7613212126	0.123820610333
89.0779618276	0.0893326962296
16.8944665842	0.195815038343
24.2724041664	0.1796482439
16.8323312598	0.197522296586
54.5795221709	0.127766498999
16.9217425785	0.198057162693
89.2892324547	0.0872412564479
1.93738350347	0.235038913153
17.5920071274	0.197311861564
16.4370174983	0.199976393269
14.964263087	0.201912408024
1.89888325721	0.231574223385
0.388206225072	0.238459150528
73.1287037707	0.104704917369
83.0793220566	0.0957452935726
61.4886373723	0.121678832395
32.9356276209	0.167331164404
15.3716229463	0.202038799576
101.618112739	0.0773140132396
59.2827148162	0.124671856737
31.227246983	0.164221082917
31.2563690559	0.166237991062
32.1201353353	0.16256938819
66.3422328377	0.112506615395
95.7309938588	0.0832229726594
109.37975512	0.0714120616119
182.357041473	0.0313629257673
21.0114593959	0.189993504303
122.381500413	0.06009471103
206.495714571	0.0238377296992
15.8681714791	0.200733926498
11.9624324574	0.210272493556
17.8280570328	0.196677813083
59.3326935566	0.124670186168
24.7943354325	0.176867331911
161.122363308	0.0392682738786
16.7117402384	0.197566482926
49.1264642408	0.13936956588
134.600309248	0.0525610109525
88.9747161468	0.0892518892434
8.85850370664	0.216931691883
74.5604519951	0.103020175649
10.3187887518	0.213549826177
16.1480838674	0.199922766845
18.5133965338	0.194415179846
41.3284246992	0.146226516162
16.6728797863	0.195706984736
15.1795140788	0.202369024858
88.5804239592	0.0877785267639
29.5290635424	0.167935868222
30.4741640649	0.165948236798
96.8719377194	0.082143910319
36.0386742748	0.159323150644
39.2517831088	0.149825157877
46.8170917429	0.140243767825
56.6619714566	0.124555639307
33.5107914538	0.159654502181
31.7241265288	0.163548551377
42.0343106	0.146811654473
128.346675057	0.0572113813932
58.9402582097	0.121805436305
28.8362808541	0.169442379238
60.6921011509	0.119547340661
19.3684551396	0.192072996128
138.405710932	0.0513351826872
91.476136331	0.0872463200996
158.157658677	0.040846910271
62.6213826384	0.117105633956
196.345269908	0.0267789430118
100.190330387	0.0791418723305
132.038728669	0.0552662019687
27.5602280506	0.172184922668
22.6807198846	0.186495072175
28.2325576688	0.170422333137
121.025701976	0.0612554619389
52.8629110814	0.129728212249
97.0773224538	0.0797253031132
48.5947908974	0.140541255263
68.9958916458	0.111829585723
39.7157343598	0.152115686051
86.5135172018	0.0919624470898
65.6151110322	0.113297544859
64.2411821504	0.115108645868
104.28506848	0.073324367483
118.728032533	0.0641445869511
32.6339008294	0.161589128858
93.0298686321	0.0841011687875
17.3058679915	0.19748985741
151.329620043	0.0436996291128
46.585464065	0.138980480092
150.131208625	0.0448675333547
86.4270236616	0.092251421785
94.6562743874	0.084188314632
129.171194487	0.0557876361215
45.8342689219	0.144523575063
143.336714604	0.0480453212662
108.820802742	0.0698872658701
20.2765740324	0.19084023806
101.829767913	0.0759801033787
104.485840892	0.0739683374347
67.4400878333	0.113915795044
116.699044045	0.0656672086843
58.3838433473	0.125750749086
135.461732685	0.0530832765215
63.4238826626	0.116204145698
107.824557095	0.0711529357964
201.264357346	0.0253781341984
81.7060903982	0.0972461761713
119.310262001	0.0636922998671
20.7007643616	0.19066217965
64.3258055629	0.117853121565
162.750446505	0.0388645973535
62.5006671624	0.120093830629
79.5173928745	0.0979883231994
65.9786091334	0.11548015345
57.8200456319	0.12378293795
44.8694846604	0.142879297556
171.911314918	0.0351059934175
92.4243515283	0.0861877774472
47.6361273944	0.137916611634
161.741569463	0.038984402061
193.52978904	0.0276416472295
54.7252767559	0.126879653828
106.024152602	0.0719884998973
72.7835821109	0.104356454184
38.2517548829	0.151716854584
41.1650748796	0.146888324687
23.3627021696	0.180137004689
48.584162265	0.137225899331
134.913564746	0.0523693877397
27.4748798673	0.173036197635
63.5785772786	0.115783728267
145.775678248	0.0464076480466
130.15691901	0.0554000404884
100.734126738	0.078678807078
69.0436068828	0.109713835242
124.596628523	0.0600646148593
77.2626844523	0.0998772656062
69.0488575771	0.108811136229
146.618636783	0.0465178454794
70.501845771	0.107564498133
89.4852481945	0.0891516964155
24.7293201822	0.182381041229
100.191882831	0.0790721524081
56.212076104	0.126746832401
76.2735864816	0.103191661727
171.006740245	0.0351937166102
87.0626346233	0.0915850711902
71.977070178	0.10530012145
65.7454269111	0.112690465586
67.7747491672	0.110578106578
45.9315116202	0.139557311333
51.1189160969	0.132767532971
144.964893517	0.0471026656752
56.3034978976	0.124697214797
16.8987502572	0.196734807731
125.461328408	0.0591490309565
81.6682742987	0.0972363148109
119.774865621	0.0634402660334
84.4723699636	0.09430713733
61.8353002236	0.121103489547
54.6419051587	0.129026687747
101.290072847	0.0759693300596
69.4068726832	0.108513509233
112.268619323	0.0675687405845
127.564648396	0.0581233083685
89.1262388056	0.0879028600069
69.9403786877	0.107635429322
49.6332371706	0.13371145753
54.9646671576	0.128014530424
52.8608140408	0.131110524991
144.547444981	0.0471407383345
62.195834172	0.117864167655
61.7609809619	0.11935405674
67.4706027386	0.110508897634
56.6667279133	0.124016279484
68.2474464912	0.109914785744
34.4528141325	0.158662047643
70.5574104405	0.106790909846
142.024428365	0.0493342097501
133.217143546	0.0544739708759
134.781511887	0.0526015171179
131.696954569	0.0554602907631
75.4164416038	0.101267210957
70.6113207555	0.109903982624
66.4674229428	0.112682627981
61.0630117169	0.119354696147
92.24391409	0.0860072094489
69.0310869948	0.10902789634
125.188102045	0.059555056491
67.6756892977	0.110704814441
97.6266198698	0.0791141267801
75.5859890677	0.101009044057
80.8517718565	0.0981500838749
76.5375703049	0.102870371853
104.709470932	0.0752162047744
105.404537414	0.0723987347609
68.7696808071	0.11208835003
101.421184491	0.0756982325172
74.4928843876	0.105206799486
80.5580444436	0.095537293767
78.6861664345	0.0974488299415
172.146491671	0.0348033171017
135.644805905	0.0530287319382
54.0517679197	0.131761438951
171.595791448	0.0353860170641
152.376878478	0.0438955519592
110.849104456	0.0702201811568
109.224216022	0.0715083872594
90.937410127	0.0877144206529
102.403370325	0.0771932741172
103.046523677	0.0765911118914
90.5076059742	0.0881997191158
83.596101655	0.0952356798317
139.189204438	0.0508953705228
99.3539309745	0.0798905013682
92.0698769083	0.0866654154461
135.62875421	0.0528503751964
102.432617161	0.0771184350624
124.362681483	0.059888258965
133.638559959	0.0541338282134
128.066503684	0.0577829922066
148.68388731	0.0456967140018
116.216352201	0.0659601367103
174.760547572	0.0341696714696
89.7118577253	0.0889254016128
132.426425902	0.055006071467
111.307800438	0.0698475686888
119.490471018	0.0635795279835
102.256278103	0.0771295443614
170.40545772	0.0358325252271
108.235485045	0.0722067907129
108.23561262	0.0722633947045
128.255803091	0.0576607564202
108.270923017	0.0714056317803
114.251078288	0.0675560197833
127.691454662	0.0580405908329
127.304006204	0.0583046050157
158.785450216	0.0408334426723
200.490084119	0.0255713151845
90.4335012323	0.0882356885965
123.549438628	0.0593144571873
175.148257381	0.0336692335365
63.7578994598	0.118561846575
90.3627426858	0.0864891781137
157.602139903	0.0413887808486
129.863741913	0.0566058636411
103.731831107	0.0742134627028
96.1948264849	0.0805245229618
98.7777126359	0.078289868418
119.086597488	0.0639802423572
85.7188452709	0.0929814256054
199.628373709	0.0258393411888
98.5315723743	0.080277637096
162.564114899	0.0391675000789
166.691895037	0.0369058457116
71.8691788119	0.108311375762
116.139932478	0.0646579838969
133.317669855	0.0544469018609
177.223464823	0.0332495920397
140.038944644	0.0498826739785
129.228380349	0.0558358162677
103.362844585	0.0743607675677
116.546695945	0.0655502732757
116.610684035	0.0641733992849
111.119346189	0.0700109552373
170.471439618	0.0358079616492
139.108723346	0.0509420440172
67.4749164624	0.113878090601
118.839899754	0.0641294351407
118.444473058	0.0638984348636
152.899348446	0.0429996458967
91.4359984762	0.0872555396822
133.15561609	0.0535931975383
111.77701187	0.068044341077
106.862503985	0.0734225107921
150.842840096	0.0446634675424
141.274907873	0.0490852124424
155.960496127	0.0421295289108
135.681609681	0.0528018652683
120.062095814	0.0629216012529
96.2559040866	0.0808076499557
126.9098278	0.0580194926524
135.312808292	0.0524061117823
147.200369575	0.0463578519309
91.7185789272	0.0849030583494
178.781331449	0.0326024096795
100.523198321	0.0787648062906
145.527424521	0.0467204320153
116.426108371	0.0659267670008
149.577019593	0.0447371563138
131.104273239	0.0548853272816
76.9058840394	0.102485836903
76.4477186743	0.103024067715
111.593210526	0.0695968389808
175.093461581	0.0338359522308
226.523481751	0.0190011529794
174.215067476	0.0343851975115
171.321898485	0.0353314710211
139.607263046	0.0507313375345
122.756040606	0.0601374908716
153.625090618	0.0429328459245
122.614500672	0.0614983369652
129.976784972	0.0559526085338
146.99510979	0.0466436948812
151.668177547	0.043670043381
126.794377879	0.0586063827501
190.427508619	0.0286495849136
92.6441049975	0.0861132982429
159.811158908	0.0403460550968
178.44011734	0.0327813069051
140.97813253	0.0491348948911
95.1119135869	0.0816085266089
89.296672677	0.0872371755408
137.74773778	0.0509269808234
181.38327957	0.0316809626881
104.274400073	0.075611853936
120.442505223	0.0616092562742
205.51812299	0.024146211786
147.866719327	0.0457645274067
138.305568637	0.0508745246727
180.91641632	0.0317486349137
207.815301042	0.0235288925665
130.000071762	0.0556302023117
95.080565804	0.0812014748678
103.717570067	0.0738637403903
108.6642242	0.0699841066666
131.971252715	0.054422552688
92.28672128	0.0864505047112
169.876479727	0.0360972455869
108.733066275	0.0719117807563
93.3444087212	0.0833271416892
180.283844283	0.0320808372503
119.252766052	0.0638566053506
68.139985906	0.112968476137
116.864014921	0.0655889046392
222.449290321	0.0199018272442
216.687187375	0.0212960977064
125.382455875	0.0589608058882
168.836542492	0.0362809348109
135.775914469	0.052249702183
181.497164852	0.0316167504034
177.173109843	0.0331836749656
109.480275765	0.0712945856664
113.68793567	0.0665369572521
181.611393777	0.0316427483577
141.272271152	0.0497831041023
152.799381637	0.0433474758211
191.75354949	0.0282191848928
104.835252658	0.0732433166496
162.671289295	0.0390042744524
90.9340427849	0.0877341261268
80.5015152998	0.0985086755852
136.485778621	0.0517345592516
84.6762154379	0.0918798546773
138.389334881	0.0513637507997
102.139483143	0.0755463838326
151.876676994	0.0435463882658
124.334376607	0.059241386785
117.753920341	0.0634301384842
120.578416015	0.0614108298706
131.808980557	0.0544250523958
151.445481326	0.0444009230033
180.369789668	0.0320416739911
96.8451018289	0.0801171952813
95.7255782534	0.0812030522686
168.258302548	0.0367150004578
100.533921583	0.0788070112952
133.003403106	0.0537886241558
159.179724517	0.0404685160029
118.505160583	0.0630524580595
111.939768416	0.0677617296993
152.726321372	0.0433246060802
114.105267991	0.0661994862943
194.510444446	0.0273754715894
82.0502104941	0.0946794470154
126.035728361	0.058024566554
89.2070971136	0.0869362395114
179.428045347	0.0322810309837
105.682520225	0.0727134193925
122.240460523	0.0617351782261
90.1154739028	0.0885697435473
134.619729689	0.0530589304796
128.077004551	0.0566709300784
101.352659167	0.075867939598
163.422666556	0.0386944574353
120.017582387	0.0632232245345
84.4316265705	0.092003197885
130.868375253	0.0553412436665
111.870623616	0.0674329571832
86.2273744161	0.0898575802226
120.778560096	0.061534827135
194.793807732	0.0272484929933
150.558940735	0.0446990829414
121.779494635	0.0620558819163
162.737693251	0.0390884672974
136.286107219	0.0519409498457
202.848266592	0.0248865571765
190.480295035	0.0286215888581
219.284804828	0.0206126780461
151.177867361	0.0445154304023
222.399170528	0.0199569336872
230.567370039	0.0181611797432
151.303607817	0.0440008460668
140.029093591	0.0503470114133
155.170036399	0.0421176469463
180.111343641	0.0321467919226
172.808574815	0.0347518020344
152.341430656	0.0438666453903
147.779881895	0.0460091508671
196.751180761	0.0266521343923
136.019870219	0.0522319454389
160.004975178	0.0401879671242
128.164540397	0.057245443362
180.384119006	0.0320658082954
129.326555349	0.0560571270964
169.297001512	0.0361246152287
205.742956682	0.0240833038757
224.238660805	0.0195590636383
217.964128014	0.0209566870443
185.501020872	0.0302751135925
182.930712144	0.0310825211073
183.053446013	0.0310853302198
221.336509794	0.0201952791401
157.092913526	0.0414809761198
178.751452639	0.0325728470233
157.956406247	0.0409976325057
185.172162012	0.0303668961116
190.910683723	0.0284711574147
166.04821145	0.0375670890005
183.939609063	0.0307634104434
207.964883259	0.0234860453835
166.522362305	0.0372701149995
227.696821413	0.0188076611733
172.333732438	0.0349535651619
202.786050489	0.0249009707831
184.252595575	0.0306748115248
223.435911941	0.0196988960612
186.479195176	0.0299388905204
229.329949328	0.0184294956817
184.08590828	0.0307511280484
228.513426761	0.0186017196173
143.717024759	0.0481541162047
150.071676271	0.0449176068573
144.613259385	0.047464953625
153.443700216	0.0432817513029
147.785683435	0.0459903840325
157.667652825	0.0413404012341
160.197476298	0.0399268146616
194.669720152	0.0272788739849
177.290829187	0.0331499254378
214.528477817	0.021807354295
170.522849263	0.0356966377474
213.177005345	0.0221294385064
165.411163877	0.0379065429619
205.99601597	0.0240362005801
166.745656951	0.0373537031108
187.778933519	0.0295240246912
149.032355169	0.0451620826714
169.643037361	0.0361518995206
177.808089607	0.0329309099311
188.475315277	0.0292499206435
201.444884875	0.0252798342591
188.843888432	0.0291235286335
204.905475583	0.0243406299652
218.020026985	0.02094499129
164.547643798	0.0382568728732
196.551037151	0.0266932831019
176.166955982	0.033593373882
213.736667331	0.0219777783078
185.290233646	0.0303260048314
173.7530951	0.0345179040599
219.746046714	0.0205491934511
184.779551837	0.0305053109474
218.216727895	0.020910795514
163.369724356	0.0387555921012
226.296747597	0.0190453796682
176.57810497	0.0334485795015
225.756637428	0.0191602031903
179.224449451	0.0325009091012
169.92201373	0.0360394520004
201.763931116	0.0252066703601
166.441564841	0.0374696461981
195.355151258	0.0271067456335
186.054360321	0.0301168393342
212.32036329	0.0223648967479
199.619426288	0.0257717186068
196.481877093	0.0267232653769
164.193563898	0.0384180547002
184.964519732	0.0304320011262
149.257210434	0.0454054711231
182.969121075	0.0311638258986
181.233605107	0.0317542366557
175.618792042	0.0338351831305
176.401787319	0.0335404437888
236.089072528	0.0171030666604
180.18545564	0.0321402836945
234.544344393	0.0173676470909
177.541866302	0.0331101294805
215.329074014	0.0215824893976
169.357558039	0.0363021875061
197.498787867	0.0264260318488
151.242956674	0.0444701089739
225.623771847	0.0192346906936
151.336451508	0.0444210689281
133.677498515	0.0542086369005
211.28490984	0.0225815848863
133.257805263	0.054384535526
211.592924808	0.0225292866661
213.259785631	0.0221049377847
191.773377335	0.028191018166
160.380205463	0.0400917609835
192.302155731	0.0280488577217
220.131103804	0.0204540872086
201.412805492	0.0252646103158
221.568076278	0.0201259612907
224.117027271	0.0195465257712
224.278743016	0.019535018522
230.508459303	0.0181803800902
209.025463739	0.0231920844279
218.189336391	0.0209137259586
186.970001715	0.0297788243253
217.278410005	0.0211295764792
174.324884115	0.0343320304048
226.009028631	0.0191359986554
165.219858062	0.0379639898358
230.877774864	0.0181214717283
173.165702915	0.0347618323718
237.724018979	0.0167865009101
183.943707394	0.03076898691
234.732833164	0.0173396752941
191.516152533	0.0282603949022
211.963581418	0.0224380233506
177.634170703	0.0329200646673
177.916280833	0.0329501160059
156.209778518	0.0417839350055
235.807554655	0.0171174405296
150.165118224	0.044617777346
154.553505762	0.0426974706118
153.115912879	0.0431616615847
234.059182135	0.0174810693871
161.317593132	0.0394907097295
187.057920264	0.0297636616979
175.29733332	0.0337689569674
182.761689614	0.0312339597919
173.203533039	0.0346047052978
218.844808114	0.0207357602788
181.249290113	0.0316854584274
202.520325212	0.0249427585071
172.946123734	0.034839690974
154.651107662	0.0424702401508
182.069941786	0.0314583869169
158.948725661	0.0405279917759
185.520926999	0.0302360779043
155.227747513	0.0421044365634
166.658946899	0.037306495706
150.995163986	0.044204534454
161.94034269	0.0393850260854
150.119637968	0.0445623711047
158.488608116	0.0409300221338
158.667681246	0.0406145795712
230.288597389	0.0182352444996
148.478875072	0.0453165879111
212.473545502	0.0223113634271
143.824278034	0.047716716723
224.734336431	0.0194230476708
145.669146178	0.0468068366334
223.178346794	0.0197901179688
165.691154832	0.0375701852418
162.406681041	0.03927187907
169.283303006	0.0362454175334
171.333438757	0.0355069710804
224.802360262	0.0194152561455
180.564289729	0.0319810311435
176.771888165	0.0332621603995
184.158030815	0.0307495633561
145.24402902	0.0469085012837
209.217119412	0.0231517112593
176.636999247	0.0334193510416
191.564434148	0.0283307675041
177.648303351	0.033048551623
185.485932703	0.0302520993255
179.319756979	0.0324762967124
181.071114161	0.031859303847
167.779511368	0.0366856761765
200.929992294	0.0254267932104
203.111333613	0.0247814245877
150.459724459	0.0442803199995
235.015841096	0.0172994128661
223.781847095	0.0196111785369
197.669875334	0.0263959940878
166.208254092	0.0376372787352
145.256787679	0.0476038155475
150.278686631	0.0449714180227
189.241425951	0.028994311158
212.463498384	0.0222942294858
180.958072599	0.0317683310589
197.400962573	0.0264392962507
202.436230316	0.025014079813
220.202789006	0.0204146036133
193.456724874	0.0276442797261
215.945360904	0.0214258947886
186.616586709	0.0298794722983
208.174758938	0.0234429433022
186.306524112	0.0299904986037
206.668282167	0.0238471676026
194.030579481	0.027482126638
203.342628835	0.0247299727645
200.449200408	0.0255574705505
197.841651764	0.0263241253382
225.734720414	0.0191767951363
195.066394993	0.027169084906
233.808264263	0.0175339808866
226.135900987	0.0191053270982
226.084992267	0.0191151565435
243.158705843	0.0158020213498
208.634977608	0.0232982433273
216.450049526	0.0213286518764
212.943989896	0.0221930498076
230.18825992	0.0182475101878
218.68531075	0.0207905370974
220.359376298	0.0203994059992
241.506434768	0.0160940804373
195.785807171	0.0269564350784
202.627868208	0.0249291618502
218.955111111	0.0207189482675
205.458850564	0.0241449771884
228.93554314	0.0185504781416
213.288668833	0.0221082606546
214.227402513	0.0218657690003
235.293939827	0.0172155789443
201.494822358	0.0252606644475
202.62335567	0.0249533042461
204.329513242	0.0244553931488
207.936430712	0.0234937808434
217.586590781	0.0210668804826
207.403532936	0.0236107506517
210.135846401	0.0228955442068
202.52682035	0.024979798687
204.010710822	0.0245312921122
207.432148779	0.0235983746466
208.065855227	0.023436321539
195.487227833	0.0270126284833
216.594270763	0.0212881612173
204.888056073	0.0242828057194
203.338826852	0.0247315005416
218.703152255	0.0207512993799
196.74809714	0.0266483951828
213.09510002	0.0221171809208
232.570434953	0.0177563937711
201.683399703	0.0251920468308
229.118717066	0.0184627131902
194.303490857	0.0273722469438
228.003135187	0.0187442531201
201.663214764	0.0252193351659
219.267636665	0.0206400986863
210.362122513	0.0228225482437
237.268618265	0.0168218036811
200.075377422	0.0256488938077
224.44424806	0.0194910619405
206.00620117	0.0239788174436
223.84141909	0.0196260710613
211.238162342	0.0225956332642
234.686498506	0.0173671320625
229.348776864	0.0183940038652
233.383592745	0.0176488491746
222.972429727	0.0198216543572
208.126012042	0.0234202231738
205.416310961	0.0242064267555
169.373945038	0.0360696496842
221.536102374	0.0201000818706
221.442047273	0.0201486140494
210.220230162	0.0228928796833
222.90293154	0.0197924226938
221.060227394	0.020213618662
224.417804495	0.0195040593914
215.921222091	0.0214694667946
155.693913689	0.0419348981636
235.924842667	0.0171229821734
239.80560119	0.0163785972022
209.417323899	0.0230939736281
213.414544586	0.0220379906383
241.167783211	0.0161256711168
213.222820059	0.0221298356842
225.23447848	0.0192973751767
219.094750805	0.0206930368832
204.682253079	0.0243943766924
169.643625368	0.0362015685376
220.638594648	0.0203294264241
234.211422389	0.0174343986806
225.718389368	0.0191735844023
223.295249527	0.0197314373246
222.280579919	0.0199605013126
232.497769274	0.0177742807196
215.804645275	0.0214832139394
223.943488896	0.0195784941287
222.273151472	0.0199634065293
211.442369665	0.0225637360973
216.439056882	0.02132083077
222.191107055	0.0199775491032
236.6888212	0.0170014288042
200.415790322	0.0255946824563
195.559141069	0.0270411802184
213.347045754	0.0220928420579
229.241947597	0.0184564674056
200.85413398	0.0254389082554
207.962988624	0.0234937725503
199.855965311	0.0257477159755
183.432101175	0.0308853880641
205.66904073	0.0240728534667
180.44975405	0.03191781325
194.464263784	0.0272912608954
189.260235795	0.0289499484465
195.206437552	0.0270969509759
196.420582492	0.0267406546882
230.552372009	0.018170427539
188.251864017	0.0293190727107
205.77079043	0.024035872411
224.757572877	0.0193898517119
220.649230603	0.0203430538402
210.128530155	0.0228973282194
223.932924061	0.0195707359242
234.971431383	0.0173017709769
227.522373804	0.0188007314544
213.790539388	0.0219740380583
228.53362762	0.0186021382478
238.534660506	0.0166130860406
243.151092032	0.0158094900387
219.853187024	0.0205238615967
242.71937825	0.0158643028142
230.350915784	0.0182266345004
223.607923888	0.0196617477757
220.379513644	0.0204098222048
215.559331189	0.0215324396433
219.589158612	0.0205968254676
222.031766606	0.0200209927181
204.597944291	0.0244102192336
210.668268769	0.0228025866557
194.321687173	0.0274180497866
191.204595719	0.0283950165563
198.029877499	0.0263297051714
202.474879975	0.0250304234404
215.838709463	0.0215155092584
218.082519052	0.0209747886628
209.157553148	0.0231924018534
218.743037219	0.020795983355
198.463050156	0.0262011832107
208.892528607	0.0232449590219
234.689180793	0.0173690100036
228.187621796	0.0186974186801
197.794544219	0.0264051145987
222.145797525	0.0199778839375
209.255070099	0.0231653434813
228.004420042	0.0187458341981
232.881583486	0.0177028059935
211.64065864	0.0225240242662
217.899752713	0.0209916623249
204.762996368	0.0243315342785
207.430515379	0.0236748880768
213.798982839	0.0219582457361
225.673979984	0.0192172867597
215.116631129	0.0216832859782
243.647274925	0.0157098872016
212.756365584	0.0222088258463
214.827515446	0.021735473116
214.600001667	0.0217685924739
248.575572998	0.0148733328572
214.92276863	0.0216753413904
209.119769048	0.0231703119462
235.340505175	0.0172050966442
240.811452374	0.0162314051228
217.29366606	0.0211043951646
232.13681705	0.0178827010308
237.045602535	0.0168785359069
233.422340954	0.0176038097645
224.029865812	0.0195597345847
247.318414071	0.0150512408171
240.448660732	0.0162760540508
214.369033742	0.0218147342764
237.362247886	0.0168444830868
223.433855408	0.0197017862678
212.524948365	0.0223230835717
240.487036974	0.0162728671273
233.434291009	0.0175867944425
239.529682399	0.0164308339099
243.396684389	0.015745680767
243.651517502	0.0156776615885
221.86976934	0.0200522943036
222.608846387	0.0198970556507
229.460133402	0.018408061595
230.621795348	0.0181624791342
204.485305918	0.024390996783
197.392291173	0.0264695169761
193.035986285	0.0278491945215
226.036758052	0.0191313272702
216.626797385	0.0212937502488
209.689686985	0.0230677561582
224.921181101	0.0193864720318
217.97964535	0.0209528491986
222.312418951	0.019986538419
238.570849389	0.0166202481894
229.409040418	0.0184105906981
237.479566319	0.0167789364451
227.600037161	0.0187819969136
229.003851193	0.0184668062136
229.883815449	0.0183474180295
227.973345946	0.0186869772793
230.149574076	0.018286959981
222.743099695	0.0198316626678
230.491872691	0.018231646804
231.11169575	0.0180762562456
227.030797122	0.0189514401185
228.944671489	0.0185334473425
220.528620917	0.02034276629
226.551769971	0.0190288748072
225.776898931	0.019211746145
236.611486483	0.0169966679813
215.636356081	0.0214910272285
242.753128286	0.0158540384711
242.120037475	0.0159704444616
239.235491937	0.0164867462501
234.045973038	0.0174749065337
240.1419357	0.0162917660753
243.964143193	0.0156416722883
247.737985734	0.0150048607954
247.417452363	0.0150481241211
249.081068165	0.0147414317882
243.527082211	0.0157060262382
245.298418318	0.0154131590536
246.860742365	0.0151310030991
239.687171421	0.0164103850554
249.240905605	0.0147284093072
248.947374027	0.0147993947538
250.046902788	0.0146351830262
242.015639101	0.0159686331737
241.830017557	0.0160120728162
234.35892224	0.0174093015702
244.203173883	0.0155708692298
249.129322526	0.0147792037987
246.723880341	0.0151428912962
239.535941248	0.0164290980145
240.286881465	0.0162914678948
246.084687597	0.0152750358257
241.876294615	0.016032211986
238.287763132	0.0166400291211
242.661108237	0.0158593807045
234.753102652	0.0173227864998
241.621395099	0.0160154841454
243.831575356	0.0156723887304
243.204567918	0.0157353310916
236.998516633	0.0169116342289
244.881184395	0.0154829677015
243.528158068	0.0157117982732
232.914448241	0.0177228801434
241.945392063	0.0159708749187
238.531675507	0.0166408377821
245.169431352	0.0153921497229
243.285260653	0.0157650987509
232.395275267	0.0178056164181
242.09851588	0.0159734237277
247.624381028	0.0149735109402
241.32123698	0.016114844286
249.906864302	0.0146442241189
245.398396571	0.0153637798652
246.971323027	0.0151259101252
234.809963143	0.01731135006
249.485884639	0.0146755122118
245.632025128	0.0153686629495
235.311370103	0.0172249879833
235.27158933	0.0172176225243
237.098267034	0.0168703118151
241.176605689	0.0161068226928
238.648432911	0.0165957261721
234.603091237	0.0173612260821
243.257618089	0.015767304772
229.368860017	0.018400089984
239.741634742	0.0164024273323
240.235219438	0.0163268131108
233.852498445	0.0175215134196
233.469864178	0.0175776769088
240.841437253	0.0161731072986
238.41707706	0.0166213851126
240.55776818	0.016253141028
244.872608952	0.0154713077685
237.53811946	0.0168065546585
247.51004635	0.0150269225118
248.736166215	0.0148304976996
245.869864769	0.0152974106148
248.405237118	0.0148545719022
246.485877848	0.0151874404993
241.322720429	0.0160938919491
252.809219684	0.0141800232725
250.637932698	0.0145146031328
252.455520275	0.0141964726887
245.362922247	0.0153907495359
244.695400594	0.0154728260967
250.130523066	0.0146020873455
253.062433203	0.0141485386264
248.633847699	0.0148121539209
252.380093406	0.014219555098
243.785969845	0.0156485052842
248.531667967	0.0148655722413
247.881325598	0.0149698258446
248.497249675	0.0148318154555
243.691496008	0.0156739300357
244.597198937	0.0155175571102
246.047749162	0.0152858735904
248.82435101	0.0148023145219
241.34410732	0.0160788864314
237.031720873	0.016896494
241.602551501	0.0160298118271
245.355598917	0.0153618682385
244.474889196	0.0155525201079
248.557987965	0.0148162861658
240.902577371	0.0161817591591
248.431490069	0.014882738183
246.403705825	0.015214019731
249.994112904	0.0146299166006
243.675189733	0.0156552667031
250.904960389	0.0144783284902
247.499823447	0.0150315711271
253.082990841	0.0141175773856
245.414835587	0.0153733969171
251.249241667	0.0143804046582
245.311521296	0.0153949628961
249.926369294	0.0146200344854
248.673426924	0.0148201884889
249.194078668	0.0147445919776
245.805497927	0.0152877193925
247.375031611	0.0150169869734
249.195294157	0.0147046989773
249.684008122	0.0146514224772
243.790328302	0.0156568540459
248.575297544	0.0148352328287
244.129028304	0.0156016630147
247.308030463	0.0150404462236
252.571594029	0.0142146277996
254.307514749	0.0139209005867
249.68763834	0.0146288970435
255.978099644	0.0136488546488
254.933171389	0.0138104125906
257.800982331	0.0134101154395
256.750016408	0.0135744781294
256.64617531	0.0135582048705
252.906041273	0.0141454143028
255.232125145	0.0137794551511
254.827751721	0.0138507284808
254.05707088	0.0139811600159
256.127933944	0.0136303759159
254.668333619	0.0138792249548
248.73129484	0.0148209461166
253.955877859	0.0140090098921
252.239776275	0.0142386146444
254.587662935	0.0138836753611
253.196314963	0.0140843781838
255.282381498	0.0137751423711
253.665079288	0.0140176045238
251.625480808	0.0143640040196
251.606489663	0.0143506701553
255.458555762	0.0137718243266
255.216689213	0.0138023994024
257.518632217	0.0134548381877
249.657725378	0.0146679901394
254.165829073	0.0139437271024
253.97924538	0.0139754730296
254.546950807	0.0138730859943
253.956612489	0.0139731716936
251.19042627	0.0144017222679
252.647065986	0.0141803501919
248.624085657	0.0148292608596
252.487937319	0.0142083380806
256.053342151	0.0136393676976
256.596711728	0.0135721179765
256.220926454	0.0136101157679
255.019522197	0.0138125282758
257.111380957	0.0134783981028
255.206211952	0.0137734698203
257.619700027	0.013409737859
257.189356379	0.0134814009752
259.407272424	0.0131426263735
251.967351556	0.0142846666281
257.071996166	0.0134842581675
254.681931069	0.0138701184109
259.24465537	0.0131774623454
259.192362752	0.0132011761383
258.595099903	0.0132966021469
256.92152695	0.0135287513367
252.070982314	0.01428861433
251.21257602	0.0144246262821
258.774036022	0.0132377135194
259.578406502	0.0131188526263
258.716523738	0.0132473502974
259.127888354	0.0131869105964
258.631567562	0.0132918528696
259.001969277	0.0131937400175
252.984491004	0.0141437799599
256.628908997	0.0135610879324
258.422709962	0.0133144199892
257.96947515	0.0133916372476
256.056708355	0.0136467190664
256.547879034	0.0135720570594
259.550116545	0.0131326428635
255.468591197	0.0137402236907
260.125323362	0.0130574421101
255.064933989	0.0137998741011
259.374781223	0.0131356588454
255.898561156	0.0136742345276
256.592043429	0.0135512709582
258.651889412	0.0132589594781
260.546208278	0.0129904554586
260.042241396	0.0130617377967
259.480958521	0.0131514025285
259.067091184	0.0131669890822
260.664324981	0.0129463143643
260.802181308	0.0129632146087
261.834595922	0.0128143647767
257.805755674	0.0133969345087
259.755311809	0.0130788802895
260.748287299	0.0129791477494
258.407248553	0.0132761491085
260.045679114	0.0130804853896
258.363757305	0.0133232001639
260.432565663	0.0130206128175
259.549844428	0.0131491238092
262.740198971	0.0126806759601
261.585898835	0.0128499794682
262.194583941	0.0127598473271
263.454042735	0.0125995449165
261.650521505	0.0128247622642
260.342466202	0.0130240386206
262.828955428	0.0126653854545
263.364784449	0.012591560979
263.604127225	0.0125670387951
262.859021971	0.0126825059978
260.412796549	0.0130182810095
262.773785522	0.0126989293673
264.249551677	0.0124751580457
262.922975033	0.0126541671939
260.189184359	0.0130539589224
258.496145615	0.0133001857719
264.458896077	0.0124486082005
262.991904211	0.0126645105826
261.845908452	0.0128107667757
262.431378176	0.012739540538
242.49645768	0.0159004624613
260.656683738	0.0129808836004
259.245745114	0.0131939187817
255.848893007	0.013677687247
257.38029517	0.0134634167399
253.494177651	0.0140336948243
263.700074855	0.0125646487052
245.68498493	0.0153398197797
265.106645257	0.0123702815063
263.872980708	0.0125311739158
257.974548438	0.0133673819849
257.280368983	0.0134786551068
261.57809528	0.0128588797128
260.946955995	0.0129200407399
261.597736861	0.0128378634994
258.630303613	0.0132828017611
259.72317863	0.0131415196554
260.480820343	0.0129959619709
260.566947385	0.0129979763787
261.073876929	0.012932616337
255.364114108	0.0137729834304
261.633955785	0.0128276908544
257.560839786	0.0134510128536
261.457318549	0.01287295043
258.173889471	0.0133514927176
259.822825626	0.0131165223439
255.790918564	0.013729698198
261.519921959	0.0128603393004
254.817357375	0.0138718455096
262.017915961	0.0127891909401
259.003874161	0.0132387791688
262.158176856	0.0127487298274
259.571086451	0.0131437639477
263.26551214	0.0125938232387
260.866381293	0.0129598642353
261.808403048	0.0128232950383
257.267239015	0.0134973534194
260.895790085	0.0129567715842
257.945087484	0.0133937583511
262.009722005	0.0127693156396
254.56624237	0.0138887091194
258.277854542	0.0133211577911
253.647616699	0.0140412822125
257.131919119	0.0134840659829
252.249020433	0.0142567708323
259.214306344	0.013178588266
251.70249765	0.0143429863471
257.34036774	0.013464787552
251.275969191	0.0144110329713
258.692856589	0.0132577308512
253.221896631	0.0141035069128
258.630696613	0.0132650286936
255.715113728	0.0137489770267
255.114152329	0.0138200767285
254.186782041	0.013987346764
260.911421378	0.012940495594
252.983228517	0.0141392174994
256.1349378	0.0136496483818
254.234794694	0.0139469120317
259.50916331	0.0131403074117
257.386650193	0.0134918140427
260.884965711	0.0129455415316
261.845197727	0.012830418224
263.514874096	0.0125698976503
262.792580517	0.0127044744128
262.31917717	0.0127609704816
261.56763579	0.0128865877692
259.273859263	0.0131900243502
258.917070764	0.0132498735751
260.388631878	0.0130307115486
259.734205144	0.0131546895641
263.067142962	0.0126224279766
264.112429303	0.0125182648265
264.065782109	0.0124826379977
261.327931324	0.0129004441925
261.561034567	0.0128542432409
263.585408651	0.0125743042493
262.525238628	0.0127281231736
263.103766552	0.0126606252851
260.679605059	0.012980653565
263.465460452	0.0126063394779
263.791893142	0.0125284111917
260.849665818	0.0129690933361
262.29805882	0.0127491742568
262.575543166	0.0127410944123
262.133176957	0.0127794911208
260.995301904	0.0129588880216
261.928757529	0.0128125247539
260.482270099	0.0130236418296
262.903107342	0.0126576430169
261.864200836	0.0128178043566
260.738477632	0.0129798521852
261.035014048	0.0129434933887
263.540662746	0.0125617208894
263.318750185	0.0126090338129
261.355810479	0.0128786443833
263.664844308	0.0125825182563
262.958780837	0.0126382301831
264.561567779	0.0124512882494
262.790056418	0.0126880552988
261.787743798	0.0128350353193
263.041951053	0.012630996566
260.934938145	0.0129569184543
261.836438642	0.0128069328858
260.197975412	0.0130645974809
262.505793871	0.0127071036587
261.919570361	0.0128098244549
262.004220154	0.0127788887362
260.652810671	0.012997045031
261.821671055	0.012792871585
263.659360123	0.0125825175882
261.684471906	0.0128476292709
260.854139449	0.0129666237669
261.920818143	0.0127961249781
261.283845634	0.0128983521576
261.35778509	0.0128703603861
261.494115153	0.0128730237778
259.722903149	0.0131124619055
260.314331243	0.0130348327603
260.994941135	0.012919417986
263.496197944	0.0126082487121
260.940370165	0.0129221227511
260.856891562	0.0129661074823
260.077388089	0.0130590811297
262.544741136	0.0127334727024
260.483189551	0.0129863822016
263.082265515	0.0126612072879
259.399236194	0.0131689297574
260.725605389	0.0129941983573
259.875108049	0.0131024359588
260.858039395	0.0129659380511
259.887665213	0.0130851437997
262.769054776	0.0127074483119
260.713994262	0.0129555377805
262.737764305	0.0127077879406
260.423712565	0.0130046226036
262.681180243	0.0127136461939
260.81323723	0.0129702836562
261.623319841	0.0128606348176
260.777389208	0.0129725794549
263.947420268	0.0125384290165
263.184335325	0.0126133395962
264.920397038	0.0124123495323
261.749863061	0.0128350705523
263.977480783	0.0125449568337
262.399513786	0.0127418998994
264.589612166	0.0124469449006
263.995394506	0.0125077347165
263.69653046	0.0125716002792
264.170561205	0.0124838049396
265.87752744	0.0122583746195
262.425109469	0.0127407454456
264.012007855	0.0125262640297
265.578394541	0.0122931984372
264.843383075	0.0124113092347
263.127514259	0.0126426979026
264.555061607	0.012450831391
266.147317659	0.0122187641061
266.418134125	0.0122066909402
266.40850258	0.0121984363114
267.055952688	0.0121180198182
266.64398948	0.0121698363297
265.484951105	0.0123275136083
266.667087221	0.0121691338618
266.01192867	0.0122472146384
267.51713364	0.0120277087291
264.999285861	0.0123806324741
268.175342451	0.0119432999937
265.371763555	0.0123303501158
266.948257343	0.0121018841506
266.615766118	0.0121530237705
267.017954075	0.0121046439063
267.341709729	0.0120776004196
266.303672677	0.012206171226
266.611518709	0.0121778105246
267.516818039	0.0120355766792
265.409726606	0.012316776319
267.050258211	0.0120977110527
266.915618507	0.0121312150734
268.149345152	0.0119404580863
266.078798019	0.0122257211928
267.344231707	0.0120441411519
266.334918838	0.0121871125558
267.855842189	0.011975477169
266.38462982	0.0121898684555
266.868607007	0.0121339654979
266.943392266	0.01212085972
267.497428353	0.0120243172055
266.329660026	0.0122047124764
268.073722487	0.0119464916179
264.781871119	0.0124075820852
267.841382799	0.0119832044534
265.260580013	0.0123367394699
267.042336021	0.0120917364541
264.70066902	0.0124185832878
266.824350108	0.0121211771958
265.310344053	0.01233022211
267.679307084	0.0120038773036
264.779285893	0.0124078047646
267.417350642	0.0120399861171
266.848926827	0.0121385360019
267.079995058	0.0120970603762
266.645295447	0.0121609505564
267.512102513	0.0120239760966
267.17224074	0.0120901403887
267.5017953	0.0120261727217
266.077419676	0.0122342628755
268.074155288	0.0119468147201
266.34326499	0.0122005472779
267.667564868	0.0119974544527
266.150430702	0.0122264645418
268.102631595	0.0119393842177
265.207254566	0.0123481271659
267.710976316	0.0120002495746
266.140558227	0.0122150070831
267.2848294	0.0120480612163
265.616782954	0.0122892232948
267.770548426	0.0119920659495
266.812656617	0.0121469136388
267.875619707	0.0119700032643
266.971877413	0.0121249868894
267.332035041	0.012060990703
265.408598311	0.0123205583859
267.51249988	0.0120278303793
266.747120363	0.0121564595792
267.767285657	0.011984495346
266.297748776	0.0122019542826
267.528481417	0.0120198992725
265.865775629	0.0122543400101
267.064410211	0.0120830333414
266.180101283	0.0122112690381
267.007285234	0.0121004502099
267.070659584	0.0121044261804
267.779448435	0.0119829246687
266.468015866	0.0121707707068
267.621116242	0.0120129078049
266.781491948	0.0121285314872
267.798103787	0.0119891932665
266.880492508	0.0121134132274
267.743230423	0.0119964323162
266.555703276	0.0121637985521
267.905969688	0.0119742658552
266.947039192	0.0121038367992
267.891995955	0.01196710372
266.542956011	0.012166542524
267.991376813	0.0119556426255
267.278922629	0.0120818765071
268.111529281	0.0119393723126
267.663490761	0.0120307350925
267.794506938	0.0119954050407
267.631909031	0.0120391521918
267.704675779	0.0120109100268
266.987557279	0.0121236224886
267.434211118	0.0120419408318
267.60506885	0.0120426160712
267.67387786	0.0120056273727
267.178636413	0.0120968632957
267.734424057	0.011993946204
266.697659392	0.0121407311057
267.54204149	0.0120240404879
266.524977527	0.0121681308702
267.903870402	0.0119665687162
267.606948724	0.0120408041194
267.961953429	0.0119818179161
267.373618528	0.0120742212542
267.845703958	0.0120003451383
267.076925548	0.0121147327379
267.908580436	0.0119930156095
266.942179122	0.0121323197599
267.6919915	0.0120009315681
266.578875806	0.0121569823126
267.463830872	0.0120318604461
266.83837765	0.0121236960966
267.568672863	0.0120199819401
267.377119006	0.0120692004722
267.969987395	0.0119593708371
266.955109231	0.0121074357429
267.311742115	0.0120600759859
266.532391566	0.0121685809859
267.96977461	0.0119630874822
266.482785506	0.0121728359574
267.896174787	0.0119690471325
266.746683852	0.0121377319544
267.463485813	0.012026036957
267.198756914	0.0120739641168
267.651486165	0.0120102820415
267.243520113	0.0120786148183
268.085773651	0.011942365132
267.309913805	0.0120597928132
267.168910261	0.0120797021016
267.363280734	0.0120503000212
267.92133356	0.0119737090383
267.587358498	0.0120234059638
268.039351458	0.0119544333802
267.554758176	0.0120299279445
267.403896105	0.012045645105
267.302345969	0.0120563830405
267.91349983	0.0119718663305
267.532284199	0.0120327286892
267.462044522	0.0120320131887
267.33676298	0.0120483045167
266.634517624	0.0121373536958
267.47344806	0.0120297060517
266.569648229	0.0121464843852
267.399084755	0.0120386416437
266.989592546	0.0120976413865
267.386532701	0.0120409943244
266.799982021	0.0121238580364
267.31711318	0.0120496691403
266.472362919	0.0121710649116
267.919464074	0.0119720814993
267.59934926	0.012014645589
267.8064693	0.011992744089
268.37293048	0.0119098783486
267.612941809	0.0120154674097
267.394825762	0.0120409917241
267.326471924	0.0120537223737
267.766161115	0.0119921200738
267.150047661	0.0120779457228
267.646478821	0.0120070452691
267.1834614	0.0120740973022
268.879718749	0.0118507555605
268.622252553	0.0118776166432
268.320182749	0.0119227784965
267.940592249	0.0119776693276
267.513494434	0.012031493425
268.18162182	0.0119443603558
267.629984774	0.0120141927411
268.439411871	0.0119026475229
268.219572705	0.0119271176967
268.22388205	0.0119292795803
268.48656031	0.011902169822
268.323340641	0.0119134932478
268.598565741	0.0118896578603
268.30390736	0.0119174969095
268.2366998	0.0119281816785
268.617002738	0.0118817308879
268.42286922	0.0119104566623
268.78186855	0.0118587422795
268.671324117	0.0118767587507
268.369531115	0.0119069222391
268.990742582	0.0118359617502
268.897770843	0.0118469347831
268.882304171	0.0118492665999
268.912782836	0.0118381919421
268.502535965	0.0118897188429
268.660203271	0.0118731067062
268.698942305	0.0118650989797
269.017942779	0.0118272669912
268.641617256	0.0118737003096
268.895464277	0.0118471771115
268.796076941	0.011860220934
268.954609655	0.0118404436987
269.068504566	0.0118209968124
268.918043138	0.0118406336688
268.734150884	0.0118612527795
269.110139117	0.0118150006416
268.609249838	0.0118782922292
269.044456831	0.011826998775
268.784795167	0.0118624905138
268.757546813	0.0118567752476
268.888550527	0.0118411709745
269.00164509	0.0118275107624
268.803417429	0.0118518126087
269.040639814	0.0118264581538
268.992495885	0.0118323804722
268.779815793	0.01185654614
268.948520201	0.0118391026323
269.078517075	0.011817026376
268.978964756	0.0118307239333
269.033945632	0.011826424753
269.066252668	0.0118223836185
269.045218624	0.0118217718543
269.062455522	0.0118236494566
269.045423543	0.0118266468876
269.022622118	0.011829860587
269.063277671	0.0118216324328
268.785633877	0.0118540063146
268.992823489	0.0118285888772
269.051134381	0.0118243261933
269.059787483	0.0118247939108
268.991698567	0.0118337560894
268.886598543	0.0118412910753
268.796424944	0.0118534780178
269.064803473	0.0118211776346
269.04314532	0.0118266483413
269.038371757	0.011823516066
269.068980199	0.0118220310566
269.079504641	0.0118196759486
269.056965734	0.0118224098531
268.917893585	0.0118374186471
269.062338809	0.0118223079785
268.985411477	0.0118296182452
268.893899691	0.0118409974822
269.099314719	0.0118182510718
269.045132227	0.0118236843111
269.086143442	0.0118205558881
268.976721982	0.011830724908
269.106561855	0.0118176512281
268.973566274	0.0118310211204
270.421286049	0.0116372001618
272.124944438	0.0114218757519
273.194780993	0.0112828699957
274.367266133	0.0111391008762
275.320522247	0.0110161409286
276.450768953	0.0108744582436
277.6350554	0.0107287439978
278.815400893	0.0105884433082
279.723730178	0.0104815005325
280.484423085	0.0103928422904
281.171451766	0.0103129304232
281.85924601	0.0102336799906
282.451470452	0.0101642948346
283.222232201	0.0100786578806
284.050413371	0.00998483613314
284.440249097	0.00994140407111
285.190730098	0.00985890801014
285.535394561	0.00982017971692
286.168052732	0.00975411408697
286.684889262	0.00969680190673
287.423890491	0.0096150026891
287.761817905	0.00958185924627
288.103888182	0.00954420773717
288.795432241	0.00946911318477
289.041006898	0.0094449364272
289.2818775	0.00942147855496
289.410905342	0.00940719155273
289.754603535	0.00937053616977
290.180553484	0.00932530815299
290.011522205	0.00934336798381
290.053505393	0.00933804611902
289.841617798	0.0093628612083
289.574111741	0.00939085209315
289.198867201	0.00942522268496
288.589504486	0.00949136894307
287.944091181	0.00956038117123
287.266895636	0.00963333623125
286.354860576	0.00973095943528
285.397537856	0.00983431807894
284.640887035	0.00991981018339
283.721921145	0.0100205601829
282.948193493	0.0101085163382
282.167766521	0.0101989795081
281.317279318	0.0102940687428
280.556396254	0.0103813104066
280.081413735	0.0104390190648
279.63153113	0.0104933435142
279.532386264	0.0105059152617
279.759799398	0.0104785267884
280.106256442	0.0104403061019
280.236161437	0.0104246169408
282.582012036	0.0101489532758
282.563156155	0.0101502787471
297.785544786	0.00856273577624