-76.8256035423	0.573019294917
-10.8728631831	0.270900613605
-43.1000542764	0.389211020356
-21.4949823423	0.308476529621
-28.3690685568	0.334613162065
-67.5879800945	0.519231579725
-15.2246754518	0.288048185338
-25.2802168767	0.322060243653
-52.9077696061	0.436155439344
-0.582498964098	0.244448701254
-30.8231036606	0.335942333374
-14.7115187606	0.287303769944
-22.3406902027	0.311641534233
-21.8726813343	0.310569799011
8.11928990277	0.220438791218
-19.1013418394	0.297582468869
-21.3813358773	0.296260294601
-58.1037209151	0.466580561677
-69.1364947019	0.528382913044
-1.38310621391	0.247036318299
-6.03644264582	0.260251239651
-34.7903877855	0.358894021776
7.62968619726	0.223533389733
-19.0900200554	0.300005300201
8.03884803624	0.222537062585
-26.6648279274	0.317735697186
-25.4214295851	0.31531827626
-74.0360023331	0.558605455966
8.81912467303	0.220400954803
-21.4037201159	0.306786069539
-24.0767293545	0.311256274437
-12.327406068	0.279125328328
9.9948427786	0.216354856246
-25.7684350255	0.324675400626
-5.90673119478	0.259758479681
-27.9366550736	0.332488432292
16.5051121765	0.200988009703
-46.2579954844	0.408915091339
-27.2641796087	0.330349426386
-47.0402595244	0.411672824421
-3.5578250087	0.253344522624
-14.6070133711	0.285063483696
37.072100543	0.159343840285
13.0130588071	0.20912090939
2.50637032147	0.235643397664
-35.6893774598	0.362387259741
-25.3922404339	0.32361936364
-39.9720424426	0.380046244745
39.881683544	0.154393638585
-2.64963893111	0.249006763317
-8.10082848599	0.266329086903
-14.9337681139	0.285714794543
42.2335817008	0.150132809586
-14.9769163639	0.287913483915
-0.335954487186	0.243542492333
11.7283173822	0.212809832781
-11.4414714476	0.276782891211
-49.7656581402	0.424826847047
-43.4184195373	0.391718477395
-4.45902235675	0.242806026995
-4.02781482459	0.251381681349
-25.6036643181	0.321733052897
-11.7099364036	0.26836749275
-9.46748194715	0.270069981359
-37.4244715295	0.369190774307
-27.6491869114	0.330394812485
-41.1974950186	0.386009921897
-37.6221984228	0.365599371697
-37.5795376001	0.367793239742
-15.6416285465	0.289410753873
-11.9135395395	0.269658177051
-27.2451708954	0.329881774326
-44.0530361766	0.399150281665
-30.9701709159	0.336486716411
-9.80328474591	0.266893931054
0.681597506943	0.235871777121
-22.8300852473	0.313528247637
6.15778753371	0.226943924554
-18.3410475441	0.292495949896
-1.08129533065	0.246162439378
-22.5104510405	0.304118272991
-22.6090977225	0.307132959601
-32.3245421296	0.348796524671
-21.8983849018	0.308725103702
-37.2992846445	0.361958361141
-23.0717622479	0.314196449223
-8.78304289756	0.255497324254
-45.7747588094	0.400207266729
30.3099024136	0.17087151522
-50.8864982844	0.431008220326
-49.7765692557	0.423400710208
15.0292328804	0.204021190003
20.0942126819	0.193786697903
31.2312419527	0.170855042719
39.1946304074	0.154976255534
-31.6239879671	0.346412261656
5.72177212621	0.227258144652
-33.6971435369	0.355294266396
-5.9543939625	0.260207147696
8.6337934898	0.2189231085
3.0930628583	0.234907742488
-30.1617340401	0.338400699135
22.4903462695	0.187995545121
-19.0910508175	0.293469244496
29.2659391202	0.174960068374
-51.1905567232	0.431401921335
-3.54647332649	0.241273692349
-3.55875644705	0.243570431796
-41.5552220962	0.387875737921
53.3687093839	0.132337283887
-5.41238463495	0.253478738884
39.8492243961	0.154291001109
-37.9202957531	0.367574189751
-48.8589176981	0.421157268153
11.2875742713	0.214136228924
29.4175077281	0.173771611441
71.1607678839	0.108418950491
37.6932162221	0.158173596764
42.1139339664	0.150634971941
55.2646700741	0.130362484629
17.2379267268	0.200237202199
48.2292656549	0.140732282404
48.5763948606	0.139938159235
57.9903629137	0.126446793122
15.5896676811	0.201996670565
10.4642626574	0.215962765906
41.9678457459	0.150994409242
-40.003194896	0.381416707224
8.91356065704	0.21977526504
8.38031470783	0.221264745965
13.4941223276	0.209011895299
-26.0884819312	0.325437607785
12.01487041	0.2109753705
-9.12641704348	0.263455436633
56.240078863	0.127761065623
-8.05610404426	0.260487687273
2.66352847682	0.231741331288
-3.37389818232	0.246894260301
-5.87762911736	0.250819727902
-31.7696251433	0.342779737828
8.65823197388	0.21161986287
1.33813236134	0.237449502679
19.9919013786	0.190135642013
38.2257270484	0.154712661215
51.663709059	0.134216339052
-11.7051789137	0.270055258353
51.6307014451	0.134073332562
-9.61423857425	0.261653408955
26.4596880231	0.176784237532
-9.09562586773	0.269339287898
1.91801545985	0.237272220896
8.38875604274	0.212144197326
-1.94202249947	0.248380518336
22.1325191648	0.188526128284
47.7763395981	0.141660595622
-5.31524349491	0.25745007314
-4.97733846954	0.256827801098
1.79040920242	0.229893240384
14.1870868895	0.201232979402
6.2466974195	0.21947163786
12.3333941173	0.202864201752
-4.79137748433	0.250584490284
-9.73838118426	0.263358931258
-2.1562375151	0.247656560793
-8.2082519673	0.25807224115
-7.33700047838	0.257176099855
3.2320825743	0.232006536596
18.2192118153	0.194892540432
-6.17566749387	0.252081584242
-17.2788564328	0.295220345293
-1.46376673253	0.242100720729
19.1714220209	0.195627455757
102.945979608	0.0755210795066
-19.5869894157	0.295333676896
28.0209385151	0.175450278685
77.8080819632	0.100733723306
39.1786346973	0.153657628292
12.7005965976	0.210691011134
0.709007288423	0.240001271822
-33.111528427	0.347315079845
18.4869933801	0.19660086688
-1.74784979938	0.240369890627
64.5385329628	0.115233921706
11.7689524146	0.212255072537
-14.2440063073	0.278479968414
26.2012931529	0.176466627434
-24.062932883	0.31152424441
-16.2154943674	0.283870831436
-21.1835451008	0.301479003708
-27.5514076661	0.324619312772
9.69477426045	0.208473199799
-27.3017195408	0.325055249758
29.7935214963	0.173593765601
41.1903147454	0.149624658861
-7.94806976867	0.265686984237
17.5213801515	0.192517529141
46.4917728126	0.143872738954
-13.4437230754	0.275841008333
49.3009040525	0.139172758832
33.0880853181	0.163703100599
34.5436106149	0.164148044476
2.81623528322	0.235326802492
9.77704406892	0.208621090949
-0.184311400753	0.235383617509
11.768056634	0.203829957857
7.80044616167	0.216229403667
10.5873251812	0.208291278661
60.1637070297	0.123054699129
23.429342452	0.186098821858
22.4509979983	0.188548533271
7.88550520785	0.21570492655
-11.6180967271	0.270141146811
-12.3913050068	0.27877597868
73.7888838704	0.105093022701
68.0534579618	0.112970940644
-6.37153230674	0.261293214987
-14.6417780714	0.285786168865
90.8814229048	0.085944543649
-3.44245087576	0.250642725992
120.029715495	0.0622146884921
23.2194787112	0.184973155563
13.7991049444	0.204398948719
0.686146364512	0.239184348157
19.9524109814	0.187232907978
22.2906931859	0.188538561401
21.7109193537	0.186473603021
29.3331864621	0.174251722917
69.6111073593	0.110622481162
-11.5929177851	0.276739991437
32.4596167488	0.167860957157
-26.8553757447	0.324999249814
10.8721004588	0.212254457587
25.1562064899	0.181626910654
-12.3006432365	0.277244447995
-3.61177755822	0.245978610948
126.679349606	0.0577934007581
10.3386029373	0.208992669925
39.0449066926	0.15313137088
0.646199902616	0.239472973875
16.2460515054	0.194367210077
31.4707698327	0.169791647297
-0.282344199387	0.235950353723
-6.37452347304	0.253680397275
37.093863324	0.159241481928
0.543949495782	0.238743686125
98.2059419587	0.0789287964512
69.6400579871	0.110863529643
4.62940634542	0.224294936561
15.0760179219	0.201390908147
1.75029689371	0.232175574368
49.4014624583	0.136267571784
59.4361245297	0.123050577298
-1.85280092868	0.24132568873
10.5085432404	0.212311349479
33.0941392415	0.16383818394
22.6308564949	0.182212442617
4.15107077685	0.224460815134
4.10041206906	0.225063449903
-1.75593810508	0.239738127401
102.454437935	0.076047768331
14.5620829618	0.204803028784
55.1767949198	0.130043739691
-14.2767278003	0.285278610661
79.9878589826	0.0986552748408
31.4204172296	0.169327201313
109.228630689	0.0710346548657
59.2301961884	0.122640247825
14.8030806831	0.199023989867
27.6338556062	0.176559303193
115.279509628	0.0654545255879
35.6862827368	0.161620707375
53.8241631596	0.132304648668
95.2053883737	0.0826727030005
38.6221481345	0.15629719553
9.78160911786	0.216849943171
37.047288881	0.156702922849
46.3706886415	0.143624651295
5.48401047438	0.221645486654
40.2863204761	0.150969185632
9.42423078553	0.211377434839
15.9610719814	0.198925151771
17.2030867737	0.199452231142
99.4700076766	0.0795915005606
4.4907173948	0.224103859918
48.3829478724	0.137848638275
42.7914302219	0.147265387226
6.04373812274	0.219679360689
4.26313937596	0.225244057641
68.5899337655	0.110175648301
2.1954344748	0.235379601415
37.703417007	0.155536793854
4.65265921635	0.225964693085
81.4030645513	0.0955131726296
5.80987596677	0.220468183881
56.0233465944	0.129032715501
34.57538169	0.160128918143
14.8641379542	0.201452274919
16.5613494844	0.194810400899
46.833625022	0.140368313057
66.0677645043	0.11457347917
24.7163928744	0.177809753543
77.465661531	0.101801311325
7.67606855826	0.215614356332
-2.71538128486	0.244645768589
-6.51710232519	0.255117673323
20.7560906045	0.188435622875
32.2712764743	0.166992470497
30.6374852563	0.167026581441
30.7111355277	0.167179278033
28.2987399863	0.174658415252
28.084531217	0.175023413906
30.0882832143	0.169722108347
2.5557729374	0.23224212361
72.811762671	0.107233128094
31.4334223216	0.166194470458
-8.34345167061	0.262544701192
43.2723501875	0.146160406461
1.03955184484	0.237986897076
11.843913032	0.205988526152
53.905225174	0.1320454907
55.0215443694	0.128075041337
61.3078787258	0.121783228786
47.0860365668	0.140422752098
8.28298646345	0.220404116165
26.3081275515	0.178815879586
99.6455866185	0.0787514728885
30.5636693973	0.16807108426
78.5199129781	0.100661617791
33.0676275042	0.165427480305
40.010925414	0.153633989154
84.0693829657	0.0944462711629
32.4196418106	0.164256755186
13.9513541157	0.202607910648
4.5488925185	0.225491208089
49.890355733	0.135579713222
42.7194611796	0.149776565745
126.187474272	0.0579148071671
46.5965893071	0.142923835629
82.8909926331	0.0953300039646
8.34210577001	0.215472346295
86.4096187275	0.090154929321
113.173320503	0.0672299903961
67.2583153267	0.11355070489
46.1514796346	0.14147921612
67.3558250011	0.113798525781
48.5668138521	0.137698145963
29.135611847	0.174588416152
28.2606296134	0.172251824342
20.8242166812	0.188268108321
58.676561958	0.122464797887
-6.80853002339	0.259174217966
57.4411392986	0.127066928403
47.7321487339	0.139025264306
70.8115582821	0.109598166085
101.928540498	0.0760236070918
35.8579263319	0.16128201133
96.6802508122	0.0819118880041
17.7684538256	0.196320714844
72.8231901676	0.105590630918
37.3974854204	0.158865481828
2.0730804244	0.231353928217
56.7862382816	0.125430563836
58.477445969	0.125585652326
97.7824867971	0.0795269596798
9.88654012729	0.211261760957
6.74035209003	0.217865714938
28.3883377043	0.171303605313
75.344180105	0.101968079516
79.8091462185	0.0974825319353
103.169356847	0.0754595409939
33.4422937475	0.163698593089
61.8275474415	0.118773295387
44.558871946	0.143931696294
88.7900958167	0.0884640316369
69.8870290974	0.110797875748
96.8148333972	0.0812328600117
55.8664776722	0.126552552968
7.23851801739	0.216252727325
56.1957056587	0.128722225892
52.7563039468	0.131314082359
90.9713548155	0.0873502964567
11.3016081713	0.207881897673
54.6862581304	0.128556753887
108.171694449	0.0708724440596
0.0345383547392	0.23867192456
10.8180625199	0.208559829365
14.4888934193	0.202211716214
3.68324984439	0.227813363277
81.3234088835	0.0959072670969
45.4156737245	0.144555862056
65.1757688689	0.113861028649
123.120357325	0.0602544957897
91.4016914857	0.087209416695
82.8417794152	0.0951350419174
10.267437112	0.211694257986
37.0763409603	0.157099574219
83.3926489991	0.0942794471114
37.1675471504	0.15794647472
49.8695109684	0.135684432485
46.0146625536	0.141795371424
92.8739568214	0.0857155804408
83.9823256539	0.0947183853254
105.206017342	0.074571383253
59.4444513156	0.121664372488
70.3012073563	0.107800118266
12.7552484776	0.209266912673
101.006007546	0.078215520129
51.2587690847	0.135774354556
75.1288814571	0.103405637181
123.683599546	0.0593519391586
92.8990285867	0.0838506389263
113.449668812	0.066635650155
83.3047842284	0.0949626572697
47.860823821	0.141375089029
51.039986129	0.133759138423
57.6794344701	0.124358739508
57.5085828696	0.124291890624
70.2895122692	0.107530767203
19.4611704814	0.191865576613
102.600581514	0.0768589909435
49.7698402199	0.135558314814
73.0834760441	0.104387438536
54.2009363166	0.129234493339
65.1196716719	0.116604663003
40.0469422372	0.15206867222
60.2369421417	0.122344410213
67.965454758	0.110473307102
117.080695451	0.0651854476827
26.0913357477	0.177683359678
119.62586016	0.0624636614459
48.3194303146	0.138273361414
93.4857589992	0.0846158044214
84.929944448	0.0917583234984
101.468187932	0.0770851058278
47.4281814616	0.13974770891
111.591383724	0.0692821496976
63.1158450073	0.117044352391
127.87310305	0.0568453841661
56.893639592	0.127792577393
71.9207986115	0.105579905882
73.8055453644	0.105516937293
91.0298720631	0.085690357735
67.520283952	0.11334595937
112.784353658	0.0671513021521
123.512143239	0.060053367065
64.3542979468	0.117783579032
24.4967393442	0.17869533828
46.442395085	0.142919651835
71.357719154	0.107176495495
39.3106404078	0.155571759212
152.139033508	0.0434040352671
94.8944260084	0.08199832358
32.1837016174	0.164690762037
90.2133502727	0.086276496778
138.344658238	0.0509876545876
138.996833959	0.0504288989252
105.846608165	0.074051429102
83.546788393	0.0949087259387
89.0580131687	0.0895171891333
80.44317337	0.0982704140341
85.0691578209	0.093477822446
100.161771593	0.0786434073955
73.9107472478	0.105711431742
84.7430558995	0.0934019270124
66.7741109398	0.114323108933
76.5657304835	0.100931442052
58.1355502174	0.125983677319
110.600546827	0.0695608360382
74.5634487147	0.104976072559
153.952270319	0.0424487191315
65.1751294881	0.116721169657
120.822469049	0.0623830290013
93.8389173173	0.0848651639867
62.1120980912	0.120757692813
93.2047152869	0.0853858244982
54.1659069735	0.131850777723
71.2596526645	0.108862213687
47.6720980204	0.137925865256
100.811015473	0.0766685520053
133.882729198	0.0537342892925
98.2511552201	0.0807670237101
96.0868483848	0.0826562929311
47.4911762631	0.141691328495
89.9574064422	0.0885378281243
118.829876447	0.0637898354334
46.9665408408	0.142012857154
111.024477875	0.0683051235646
105.36574205	0.0727595839133
57.9657130638	0.123822817851
140.63506225	0.0495184627665
130.927189482	0.0555358766612
54.0698495025	0.12923080083
107.672215388	0.0724705742599
63.1226491346	0.119393125578
104.179506818	0.0754655688806
126.753410397	0.0581072269089
63.792951959	0.118483799188
138.533341747	0.0509396903755
91.9334513349	0.0846617340924
121.700757653	0.0607649140482
117.419537973	0.0649539927058
118.288001807	0.0629975601577
134.54294324	0.05280660885
145.453202435	0.0467164302877
95.4152473568	0.0816884763822
61.45707711	0.119820463038
115.639239515	0.066014376566
104.528502952	0.0750571264055
73.2460422937	0.103870338334
65.0665039652	0.116002118823
104.725575503	0.0738425360121
53.1918819452	0.131115664976
39.5574622658	0.152669411813
64.8060590522	0.114308536566
48.9141035961	0.136289488466
81.3874433713	0.0970186733839
57.819944821	0.126063104258
87.67917864	0.090830458756
69.1181214504	0.108903669819
53.9580404396	0.13138577471
113.105292011	0.0678515031126
64.4000228388	0.114833958915
91.5013742817	0.0847355133262
58.2541460008	0.123784621925
57.60761005	0.126922634355
94.0156822781	0.0827107527826
105.063860764	0.0743047544843
25.2829664853	0.179669887231
55.6711260038	0.129620512537
71.7269565746	0.106137107801
69.9283931626	0.10802194884
94.5344506357	0.083636251441
43.8159362311	0.144792288492
54.9978407396	0.129816580444
95.0283947268	0.083483753854
56.6431370727	0.128014420877
92.623003585	0.0847721908825
99.9107265331	0.0788335311989
34.8173929316	0.161714360601
141.489607488	0.0492361355374
98.7759368775	0.0801064043697
71.0856924487	0.106565220518
83.5052112965	0.0944680981921
57.2204458468	0.124675525744
70.75650838	0.106838456848
102.416092624	0.0768604020037
70.4010652027	0.109782273897
76.1129216406	0.103030953742
26.5766808993	0.176631947466
44.4605414474	0.145301288746
132.543884689	0.0544415703431
38.6765111152	0.155316837956
93.2133654042	0.0851171648453
35.1228114697	0.161183707383
76.7824875225	0.101064371345
92.5834174248	0.0852389990019
93.3995212721	0.0851025309251
102.807430945	0.0749507375587
63.3765111358	0.115848654912
57.7551610488	0.123622920593
74.383634671	0.105383437619
80.2731788533	0.0986017320378
35.7557542553	0.161110070111
150.663098198	0.0443463859795
105.516939015	0.0733981619298
97.7913551881	0.0811151666955
57.9790718547	0.125642390442
56.834209949	0.125579046412
81.7893471746	0.0969747047709
74.5438320031	0.105093711783
73.2335821013	0.106579423535
77.121421486	0.102078223277
58.2326097333	0.123384878406
148.962150198	0.0452463225948
75.8859515779	0.103640039444
120.455111668	0.0625268602572
85.6906207565	0.0922225781167
92.9946326631	0.0836858205242
154.823531011	0.0424171734311
96.2094822175	0.082574752486
89.9637848296	0.0885885788256
148.180132017	0.0455313248752
78.4105277856	0.098448682206
81.9809093715	0.0967742912447
76.3124086258	0.102859212886
45.9359018623	0.14340576994
67.749039629	0.110664253868
141.33576946	0.0493766769226
89.2639457973	0.0891829203208
105.296612662	0.0743305567504
67.6433717099	0.110650851688
123.763710088	0.0603877659074
163.40188194	0.03845730891
112.435145151	0.0686724040638
86.4916704748	0.0905313157972
70.4000148072	0.107279495164
52.5077957114	0.130642570177
107.059038458	0.0730071679711
93.913731878	0.0826167573091
170.171588399	0.0355617977833
80.317589944	0.0986449270969
56.242506341	0.126625312492
72.618536284	0.104748951784
73.9106216712	0.105827786997
101.269083951	0.0765949995377
68.6638783754	0.1096679937
126.940517044	0.0575210312778
145.119716642	0.0471901283469
108.949006165	0.0713919035892
133.513033422	0.0537982785227
59.5057521435	0.121598905417
99.2955879464	0.0778941003788
124.9691889	0.0585877253586
54.8894320254	0.130832502887
78.8182226826	0.0977999634104
160.186238793	0.0400417871465
150.545450277	0.0445483470556
123.922104618	0.0603713079117
97.7543216744	0.0792583998584
104.941479026	0.0729461424478
126.281199516	0.0577349012711
67.0554904737	0.111819340018
77.7168249179	0.0988923512905
72.22739939	0.105154082344
45.9846898405	0.140881236273
71.3425761467	0.106195600434
107.901760704	0.0721997619584
82.4313483452	0.0960543992945
67.1824528117	0.113532655601
73.7456872958	0.103439265037
53.2917422943	0.131124746173
106.770814068	0.0714488522554
120.428068154	0.0618869103645
71.3900680095	0.106418828711
95.0033189828	0.0820296299681
128.108348658	0.0573426438435
103.378471539	0.0746577392361
68.8311758911	0.111877432179
80.0231401537	0.0963083454884
101.678317807	0.0774364392985
120.199496249	0.062435858814
108.573846946	0.0704845726813
107.503668283	0.0727065209826
120.050432374	0.0629380081004
133.320638682	0.0536209870657
78.2765154333	0.100842389792
105.00791861	0.0745604225862
165.90442552	0.0374699022013
134.121946749	0.053271476296
156.172897634	0.041868947009
117.702980482	0.0647880513234
144.07781421	0.0476511280653
85.6039157189	0.0917497432097
101.371980209	0.0766963212503
119.199457214	0.0628073724357
85.677853941	0.0908856414434
143.846186239	0.0479854479813
80.9417927756	0.0960530222314
103.905820972	0.0738664515864
125.673557543	0.0585636638602
108.264395675	0.070680626657
148.625824357	0.0456703616224
121.894163464	0.0612319589422
130.211621195	0.0553067832949
120.473415941	0.0627671385622
130.980297598	0.0550666333659
95.1032739299	0.0833216619386
115.391310995	0.0652546156785
81.8700933081	0.0947855360772
130.607334056	0.055332912484
107.510883152	0.0710923330919
115.31315929	0.0665519771802
117.750066815	0.0641126710064
126.61763082	0.0578900384114
71.8237312349	0.108292708833
99.5666114077	0.0777873822521
87.068686164	0.0913797300419
125.631442915	0.0585768030757
144.81090343	0.0477174138717
143.428255321	0.0481475339432
155.145618715	0.0424385963011
115.197055137	0.0658932480134
106.605508402	0.0734810418872
119.863074897	0.0627189162698
131.193530585	0.0556529653274
142.514144695	0.0485034682373
92.4562726555	0.0859015214027
170.135258872	0.0356684962259
137.769025479	0.0516738902652
132.983541922	0.0537352027402
105.969544388	0.0740266937122
128.327784289	0.0567719008123
114.433746665	0.0672022370593
161.458886377	0.0393333437335
121.848176555	0.0618482571322
123.940596005	0.0601679056994
158.471376665	0.040770110116
131.452445393	0.0547360872254
169.943348832	0.0359124021743
120.436937404	0.061703102185
86.2844722206	0.0923564097597
155.748465919	0.0419283648746
163.612090282	0.0385060423761
115.995368291	0.0646577601055
165.815740729	0.0376868398273
137.554379278	0.0512465515747
192.617720974	0.0279260775561
113.183038649	0.0668661234127
195.510429622	0.0270257193684
109.277828956	0.0703628784894
93.774190577	0.0847476607101
134.545893009	0.0531392806156
105.340846334	0.0744926529762
146.061601514	0.0467107430557
167.994753949	0.0367639670256
111.759723941	0.0677700634289
169.707891139	0.0359915193595
114.075380716	0.0666143353348
134.896965273	0.0524558437272
84.5389651668	0.09209027084
168.052006454	0.0367255166434
92.1516159246	0.0843043397371
88.9542906023	0.0896216599129
132.915356277	0.053792309532
96.4993612655	0.0823689196864
176.492645146	0.0333865986514
163.422520773	0.0386914622078
130.511203098	0.0556164373674
161.455731624	0.0393626315511
127.958727201	0.056823568802
101.280176712	0.0780668702163
162.563452107	0.0390372597883
99.1014545869	0.0800365242709
150.980331049	0.0442109083451
140.67616141	0.0499422006582
115.425781912	0.0650272662931
145.91572429	0.0471556469178
170.588122153	0.0356313711727
162.66746666	0.0389911351731
126.20749253	0.0577220326516
115.029159829	0.0655708426745
114.34997868	0.0662658424407
128.658339291	0.0565036183277
118.50514233	0.0634244290442
130.684732197	0.0551104893888
141.645796585	0.049172427973
189.57012238	0.0289923430841
176.487919817	0.0335091346458
150.265921766	0.044596761569
130.268320129	0.0554418092526
188.858578402	0.0292239694886
137.144961221	0.0516780642978
192.722100906	0.0279776561466
142.224910377	0.0487322444133
113.333886103	0.0681014284556
170.25275335	0.0358160335084
126.054052283	0.0589160398739
142.315663259	0.0484130291546
173.549977355	0.0346152611401
148.892911224	0.0454316672971
146.544950338	0.0467008343119
143.160136205	0.0484463728568
149.85196939	0.0450064164737
152.876073164	0.0434272557556
149.733330103	0.0451743756926
147.951366243	0.045724504279
110.592328152	0.0702725416537
134.368444697	0.0536378480445
178.313714034	0.03282468474
156.349753614	0.0417995354834
162.684302776	0.0388868223351
158.417772839	0.0408187810419
180.471558981	0.0320561205819
184.34795357	0.0306439180732
151.458980134	0.0441546573931
147.180305309	0.0463312194001
148.259116881	0.0456935994661
135.564102899	0.0527583810387
155.939254623	0.041871733829
150.941135916	0.0444021186983
171.135512586	0.0353791883331
183.363766505	0.0309937145605
153.127109565	0.0434420007676
160.531307572	0.0397863388096
179.212666553	0.0324130812038
144.586100201	0.0474876602617
178.701565668	0.0326457569419
190.568789355	0.0286237852069
155.552867076	0.0421655146172
178.646891345	0.0327115009481
175.275307801	0.0339015596008
167.999627172	0.0367395723189
162.391299267	0.0389585734456
182.460547247	0.0312663388513
149.085953349	0.0452515838571
188.17602846	0.0294018906934
157.767893819	0.0411747225901
138.310213215	0.0511696007423
144.330221343	0.0478015146541
178.07053877	0.0329117249428
160.381589652	0.0400392720146
157.22764778	0.041476732598
152.985059661	0.043483068778
148.635624496	0.0456909409826
139.383334333	0.0507727176478
138.820648915	0.0509979423372
136.752905233	0.0522958912088
136.30667832	0.0524386238903
149.983052258	0.0450350515999
173.026853029	0.0347832707375
129.54896196	0.0566438145813
151.864196652	0.0439686786687
138.535784063	0.0511597310208
154.056908378	0.0429757792987
139.628540496	0.0506342490131
130.631893844	0.0560393286097
120.742276428	0.0626704327438
149.778173866	0.0450952100488
159.556479102	0.0403712319502
146.805363478	0.0466660502812
148.349971529	0.0456881121833
139.909610291	0.0504376564181
164.152892271	0.0383543899113
154.515323435	0.0428119452944
145.821844745	0.0471790825326
150.66367974	0.0447033287373
113.873495858	0.0677098500635
146.330448277	0.0469134687192
128.428744625	0.0574434067192
133.657756855	0.0540059575133
122.771922273	0.0612407329306
158.309407911	0.0409855973678
121.466493466	0.0621598986755
160.168956303	0.0401237081063
130.581000844	0.0561057759856
180.808882282	0.0318841796823
114.069272677	0.0676350643134
190.431246351	0.0285606448256
116.220632137	0.0659688936615
137.574997775	0.051689244644
125.286532323	0.0595123494546
170.280900654	0.0358639404301
101.011546708	0.0783491110231
170.155497036	0.0358828700347
108.581055175	0.071940136227
166.1464855	0.0375640489279
102.109785712	0.077330060243
167.938114652	0.0368206740588
100.113497485	0.079086432232
144.590304551	0.0475221794946
103.13656784	0.0764870206471
142.918165402	0.0482899568081
122.527387728	0.0613361316924
164.724192718	0.0381459843878
190.823064415	0.0285410891584
165.33661233	0.0378871564084
124.19674544	0.059523844666
146.499772931	0.0467049744067
146.387318758	0.0465030467895
139.201317909	0.0501992640294
156.334416255	0.0418216993101
159.89498677	0.0402816659202
164.089772504	0.0384315541871
161.813996431	0.0394202008031
138.766973651	0.0511530882193
160.788298425	0.0397212439907
163.710176142	0.0385357621202
191.229592965	0.0284081453564
133.395616681	0.0536982484469
124.822047198	0.0598714545559
157.505391453	0.041054004244
116.931628467	0.0654610577935
177.095500944	0.0330890404749
113.589247193	0.067978160266
164.804234439	0.0380347472019
117.675378796	0.0649143495235
190.825977013	0.0285208780753
122.004087488	0.0618222602542
182.948407643	0.0311202405413
108.258445189	0.0721845244244
156.70027673	0.041375450428
130.003051923	0.0564385983156
180.262314214	0.0319768495325
146.530701732	0.0467370716441
181.228496689	0.0317211872215
171.783531254	0.0352774092133
121.270389576	0.0622796707572
184.367558526	0.0305960456147
120.466252434	0.0628812271839
192.890902094	0.0277775980354
116.705428034	0.065582356019
163.145042681	0.0386637989785
138.4436943	0.0513268918903
183.813106577	0.030819800956
129.175022052	0.0569791425077
152.171847679	0.0437122556234
143.624381465	0.0483396230464
194.446775656	0.0273333517718
143.542602794	0.0484433428854
146.97702418	0.046390626309
138.4061569	0.0513258339484
141.686624922	0.0489936000175
139.91926367	0.0503806116248
187.000878322	0.029626230554
139.814182809	0.050440532667
161.896226011	0.0391129442139
137.882294943	0.0516416145601
169.131733794	0.036117481087
138.729049626	0.0511501505575
161.792689542	0.0391334742628
151.474274364	0.0442647214409
162.154351189	0.0389261204362
157.08028732	0.0415720930091
149.670243122	0.0447605978415
147.253938535	0.0463961511792
145.225881522	0.0470424272521
154.209208826	0.0429462874083
156.668762259	0.0413626994012
144.64458752	0.0478370803159
139.622238632	0.0500898631667
169.435516615	0.0362281810555
154.707858347	0.0423846920084
157.318421324	0.0414720366828
150.078428888	0.0445094408106
166.049751885	0.0376288098292
171.610795228	0.0351077626888
175.379196137	0.033922941401
156.525522973	0.0415517484956
172.983150035	0.0348475036453
148.077283284	0.0455709982826
182.37815607	0.0313437245839
155.301899979	0.0419966877752
182.974522666	0.0311460347593
165.099733453	0.0377026458801
189.148319845	0.0290817110252
171.74884949	0.0351507068466
178.165501675	0.0328963606771
150.50077251	0.0443911141602
161.093444618	0.0396851350828
148.719921384	0.0452366171057
169.138956068	0.0362734298004
144.678604698	0.0472979630389
195.673187858	0.0270173743012
155.398841446	0.0420861130409
184.377679745	0.0305929681442
156.790123046	0.0413432829693
174.020620477	0.0344226247354
162.88754035	0.0386098246554
182.488775044	0.0313328607042
173.380412523	0.034448767298
188.177483146	0.0293220261836
160.734690015	0.0396773019769
176.156055838	0.0336063529869
158.376952133	0.0407458313551
163.987121905	0.0384246329921
149.759391488	0.0448580104138
164.038168992	0.0382963170882
157.85947304	0.0409248091449
154.81778898	0.0425014630871
165.595664517	0.0376126113763
173.259813963	0.0346519791585
163.396029318	0.0385915258836
183.841031431	0.0307244314596
160.445611253	0.0397223055725
183.697822097	0.0307634915419
182.727995292	0.0311183975812
177.255065738	0.0330674655892
165.065036901	0.0377478521447
182.371409564	0.0313161174325
191.85804956	0.0281052354645
182.740354083	0.0310932550326
169.049428707	0.036160695556
178.95689153	0.0323889260394
168.067103737	0.0365432939507
182.75274073	0.0310896774336
176.38972159	0.0334303552658
177.982797426	0.0328564015296
186.875753255	0.0297024294977
195.798162251	0.0269104472266
186.006653491	0.029965476578
186.369145833	0.0298678940494
176.596932968	0.0332007342223
172.400851373	0.034878170372
174.523547694	0.033975605847
181.773303083	0.0314475876334
188.155355656	0.0293150998626
196.405669017	0.0267581559493
184.943508212	0.0303085115066
184.137263729	0.0307295586302
181.075203634	0.0316123241511
180.677347915	0.0319338072512
170.680804971	0.0354350982723
181.244914626	0.0317066857166
165.902045903	0.0373525780641
192.96179824	0.027797590865
175.43355504	0.033613258481
180.210674231	0.0321297881193
168.9580705	0.0361143511344
178.353151696	0.0327652914358
172.992840939	0.0345359331092
181.082667748	0.031774763084
166.547865415	0.0370611081839
199.005812551	0.0260066141964
173.055902909	0.0344931480603
174.86743021	0.0340484585616
169.716025957	0.0357938173664
177.519081446	0.0329720106184
160.594451865	0.0396653432411
196.537002603	0.0267263888028
164.116132021	0.038077983375
198.48880538	0.0261696360679
176.329394704	0.033300536126
176.418352048	0.0335371417961
179.828719139	0.0320736321045
176.411293094	0.0335367016869
171.745329647	0.0350186149628
198.661642481	0.0261275688982
182.594989081	0.0310829953517
183.58309836	0.0309490193853
184.63880317	0.0304259495359
174.601261029	0.0341901948761
186.123769099	0.0299453006342
178.550796481	0.0327220416763
175.681533581	0.0335917903063
189.915964689	0.0288371321594
190.771244403	0.0284336464951
182.256659352	0.0314244870649
180.919074124	0.031788869565
168.024712496	0.0368202421312
186.022865365	0.0299749733681
184.101898117	0.0307849865273
193.736298131	0.0275372238026
190.023277001	0.028796017861
194.640872358	0.0272670118534
175.095422756	0.0340065213512
194.639767647	0.0272663423204
171.562084796	0.0353623443984
187.599541379	0.0295274414884
181.175772557	0.0318008848652
195.037335768	0.0271528806599
191.60853722	0.0283019735173
195.682363454	0.0269703421328
177.081451023	0.0332959336112
183.093183302	0.0310602261519
173.782080226	0.034541300403
188.21385776	0.0292760875549
194.574256389	0.0273755918925
197.24170706	0.0265017079488
191.245536903	0.0283787600698
198.785737162	0.0260593011823
183.185386887	0.0310184492472
185.36198097	0.0302188930665
186.003258878	0.0301302133341
191.829544222	0.0281743543806
198.031526149	0.0263152401593
194.684781303	0.0272938190059
184.489642003	0.0305745018191
193.527730348	0.0276469499153
187.282243146	0.0296276535433
185.379368588	0.0302957195562
180.02976532	0.0321867134048
182.379145504	0.031348056104
198.119212396	0.0262640146293
183.546702064	0.0309515997311
183.796072275	0.0308586290884
179.198127169	0.0325058631313
191.287997426	0.0283560418857
166.39494735	0.0374475267569
187.959665094	0.0293297854574
163.592097942	0.0383143450479
175.646627409	0.0338248258769
177.45567013	0.0331249573262
184.95391182	0.0305000848381
175.733596088	0.0336053244661
193.77726548	0.0276289591207
181.539755661	0.0316361404811
191.824581898	0.0282410336143
176.502899105	0.0334341906533
185.578625843	0.0302535311991
189.755528421	0.0288377514385
173.898196393	0.0344568565619
186.565524192	0.0299045030486
156.823429916	0.0416591718456
165.772642983	0.0375923225435
193.260850253	0.0277454960865
187.224477443	0.0296918937678
154.068596417	0.0429447510288
185.886818005	0.0300995212328
194.789207616	0.0273039725403
178.805988599	0.0326060640255
191.347516116	0.0284002528171
178.118821393	0.0328127914716
167.879923643	0.0365799623991
172.221006349	0.0351282970157
184.462888401	0.0306224147326
181.698340961	0.0315967140634
179.569631554	0.0323865259162
176.791312505	0.0332725696929
171.35607787	0.0352130400762
201.229736807	0.0253938983945
177.47781931	0.0329662023307
168.541031867	0.0363182448316
181.23568158	0.0316871278785
193.540270595	0.027612875306
175.39039521	0.0339287970507
174.016832087	0.0344334577488
182.277775584	0.0313293231863
155.371760399	0.0419406739302
195.062213739	0.0272014142368
188.69788105	0.0292033805229
178.372301278	0.0325457891275
188.751227075	0.0291981117371
180.65417283	0.0319603398928
181.016658275	0.0318549016006
165.239932885	0.0379381552214
183.751407276	0.0307667825944
188.135114226	0.0294040994043
192.178127289	0.0280928164665
184.737173727	0.0304174683737
184.228250225	0.030627340909
177.840559081	0.0327868029977
180.100650249	0.0321065304507
176.990085069	0.0331242613026
163.099240216	0.0388495553636
188.158755208	0.0293901491417
181.490460212	0.0316848872965
167.363138991	0.0370780509802
183.405008449	0.031039304962
166.838207152	0.0369386257958
185.21177822	0.0303838595158
193.583383642	0.0276028524575
194.089916062	0.027488357328
182.430450628	0.0313119898723
192.798609175	0.0279257331384
187.810704572	0.0294867334808
198.764910652	0.0260866731808
185.720229814	0.030103637387
196.078613085	0.0268831685292
197.328909181	0.0265221467638
199.431529809	0.0258856519063
197.600744355	0.0264043737592
187.596750167	0.029560956476
197.492033149	0.0264392153186
187.103356317	0.0296947325821
187.512946226	0.0295208404469
193.151388355	0.0277045161731
184.490520592	0.0305079751913
180.556195578	0.0318995744659
187.665259105	0.0294667255678
185.999102037	0.0299817439409
181.799544359	0.0315280453822
179.439397345	0.032357087733
192.180437049	0.0280760923117
186.28743431	0.0299947693099
183.133568799	0.0310758477344
187.623509713	0.0295262576907
183.751035484	0.0308861387434
184.336235866	0.0305904988387
185.213143955	0.0303889027369
189.634758639	0.028885892805
189.628869321	0.0289263671485
195.779758051	0.026949392411
194.867590944	0.027258718851
191.475114553	0.0282959750633
185.860946912	0.0301761679578
193.767219755	0.0276057219394
186.227921755	0.0300510396367
198.558643376	0.0261733125946
191.503663427	0.0283240446051
196.390178249	0.026816925116
193.878637518	0.0275389173121
186.098680534	0.0300762531081
192.843459941	0.0279105368063
192.267459274	0.0280608096045
201.678068632	0.0252218243498
191.356441298	0.0283840377643
190.738756437	0.0285575898735
192.495275982	0.0280080601189
190.71605138	0.0285571011291
190.386327593	0.0286988066753
189.648431954	0.0288969385035
183.951043908	0.0308237789624
194.467818713	0.0273102189092
181.911429514	0.0315462213685
183.402077752	0.0309717375704
181.671582897	0.0315861157791
193.084449785	0.0277910085711
196.00940165	0.0269371882292
199.824444078	0.025750893623
187.046596926	0.0297767707247
182.025308955	0.0314843465448
182.982197918	0.0311880845382
174.588019724	0.0342380505983
183.337585291	0.0310363849494
174.551469642	0.0342548187818
176.311656443	0.0335620434883
179.037262674	0.0325850000566
178.651146442	0.0327024623393
178.04882133	0.0329456188415
182.246247475	0.0314099447493
184.683022437	0.0305440426934
188.631276549	0.029273339718
187.09405848	0.0296026766227
187.533134806	0.0295948137514
188.208828146	0.0291977099249
194.559899108	0.0273195737557
185.804366736	0.0301440877374
193.0406178	0.0278583340484
192.04131858	0.0281593168861
187.883682435	0.029506090724
192.846762585	0.0278980332979
196.464243845	0.0267813125797
192.849537967	0.0278666526204
192.001147687	0.0281248012827
190.245073241	0.0286436309889
193.590263581	0.0276108449051
195.85663419	0.0269106460485
187.360339673	0.0296272938049
187.373535329	0.0296243572953
187.533706678	0.0295596177057
195.981670129	0.0268735991689
194.594084095	0.0273039504112
186.281947896	0.0299254543281
183.807633174	0.0307675074539
187.08926815	0.0296218004978
188.545340555	0.0291973756682
185.811955404	0.0301784107429
186.138507298	0.0300337208129
194.263766471	0.0274433327151
194.279442374	0.0274245461577
191.687328647	0.0282622433325
193.893252949	0.0275605098313
186.20801773	0.030027251186
193.780894895	0.0275608845805
195.198850402	0.0271680636012
192.220104027	0.028044994451
196.122738171	0.026879303308
199.47714913	0.0259007168128
189.71882921	0.0288602526606
194.451990819	0.0273987965745
196.989140877	0.0266150657654
198.045635607	0.0263329252312
199.567708429	0.0258213372383
192.608418511	0.0279776820157
196.009279692	0.0269137555857
190.38426815	0.0287029455168
188.005665177	0.0294261278742
190.889169782	0.0285450107622
195.247011447	0.0271605386035
186.934514243	0.0298297993148
192.822033675	0.0279020488459
191.400715384	0.028384698292
190.620734596	0.028623832538
187.356683507	0.0296718514559
192.756204561	0.0279410013284
187.82858149	0.029534036157
185.706317605	0.0302252070394
192.830212172	0.0279073266046
193.336364994	0.0277667199028
189.163243437	0.0290991671594
193.349511769	0.02774437096
192.301921167	0.02810153903
194.471725194	0.0273953770412
196.892278353	0.0266831029819
198.658413958	0.0261311272568
198.588721131	0.0261467469298
199.703788451	0.0258375980231
196.540730878	0.026748119424
196.367070338	0.0267915097003
195.977720721	0.0269045610009
195.604117154	0.0269999459242
193.968936866	0.0274959710696
192.756385658	0.0278551099079
195.991722448	0.026893003565
194.230309573	0.0274321642811
194.799822277	0.0272677280088
193.79753573	0.0275724795019
194.876546281	0.0272555508271
194.491885945	0.0273774773265
193.956137437	0.0275377251149
190.523367698	0.0286101495489
196.48897376	0.0267588374023
196.292726256	0.0268216357395
191.146746362	0.0284358324811
199.105143234	0.0259953493956
194.787197528	0.0272885969065
198.859603822	0.0260634046241
198.168474028	0.0262895933593
199.419375837	0.0259213309089
194.079586812	0.0275029542781
197.788255832	0.026388542111
196.922885634	0.0266368977498
198.142298136	0.02629475148
195.222477371	0.0271541764715
196.292684527	0.0268582192907
198.630712339	0.0261417061365
196.63267529	0.0267560302878
194.72041727	0.0273325674829
190.682828097	0.0285903144753
190.779714725	0.0285625774143
192.816853696	0.0279090160357
190.714215378	0.0285834477663
194.128278687	0.0275209455157
193.545129662	0.0276863093355
195.310294926	0.0271607716355
198.402189016	0.0262180708393
195.274398558	0.0271557612858
192.947627405	0.0278660455513
193.579714668	0.0276686266172
200.201837354	0.0256966060166
201.981110601	0.025175761536
196.876263809	0.0266540534914
199.322149442	0.0259254780704
200.132309531	0.0256848522043
200.792395573	0.0255065557548
198.106129516	0.0262763533745
194.344696013	0.0273931381052
195.815362095	0.0269561439046
194.271391841	0.0274306420459
194.653583	0.0273171983213
197.048184786	0.0265934091124
200.321008858	0.0256488772746
198.871935882	0.0260788861208
196.129771313	0.0268860010652
195.847100289	0.0269704686626
199.621888926	0.0258376564859
196.159540772	0.0268735677125
200.217521352	0.0256901182402
197.926868406	0.0263388477377
201.214065604	0.0253902053875
200.16529039	0.0257080358687
199.193552093	0.0259913226964
196.225136355	0.0268580850656
199.399249418	0.0259080425908
197.081129366	0.0265969378871
200.504279477	0.0256058979198
198.424590608	0.0261922425372
200.275128756	0.0256624213082
200.94557038	0.0254805521088
200.726720943	0.0255481198813
196.919889425	0.026658516485
196.175388978	0.0268854125306
200.71026712	0.025535011841
198.949452644	0.0260441532329
198.455520339	0.0262158863215
198.878143909	0.0260650428349
198.461184462	0.0262115780526
201.036464957	0.025437000666
199.281845292	0.0259678941134
200.25236043	0.0256874322473
200.433690768	0.0256325724318
202.111300835	0.025155939817
200.800229315	0.0255022600752
202.107844459	0.0251550458308
202.501538685	0.0250161555887
200.600020023	0.0255790746605
200.684531939	0.0255543743626
201.224050228	0.0253991397475
202.821433823	0.0249376713628
198.59857233	0.0261353332958
201.249846526	0.0253676790596
201.310557572	0.0253492185648
199.242281486	0.0259651024589
199.263538814	0.0259593024839
200.292035335	0.0256699224179
201.47462027	0.0253242406032
199.778111549	0.0257936022294
199.835619557	0.02580241985
201.210401445	0.0253845215051
199.782519787	0.0258212193313
199.408156792	0.0259289773028
199.332624925	0.0259510094895
202.005101439	0.0251727358524
199.333540218	0.0259261977279
202.543862691	0.025015004403
201.821065613	0.025210374189
203.072034657	0.0248741881566
199.611088565	0.0258700632207
200.493335481	0.0256167376962
200.553101899	0.0256003279655
203.64642306	0.0247089414142
200.075441328	0.0257109108483
201.645979362	0.0252604967755
202.913142403	0.024905873841
202.995692901	0.0248999649588
199.982731273	0.0257626475038
198.968856882	0.0260600950189
202.261497501	0.0251154073012
203.411444847	0.0247814902003
201.207371515	0.0253874862913
202.714063159	0.024959525972
203.716991673	0.0246822755783
202.839584438	0.0249521941196
201.01279061	0.0254668223497
200.651379276	0.0255693286976
202.469709935	0.0250560819416
205.311612545	0.0242571499605
203.625785104	0.0247022266197
205.013216968	0.0243163206011
205.716852371	0.0241431696386
204.709857318	0.0244306022985
203.246935611	0.0248321529316
204.523091839	0.0244812720885
206.290564481	0.0239990635219
205.535195118	0.0241750743075
204.82678397	0.024398558062
205.622239868	0.0241578147474
205.599656816	0.0241572250789
203.102442087	0.0248491960359
205.857688859	0.0241089579578
206.30147346	0.0239974596988
205.934523066	0.0240644931997
205.539127278	0.0242043648252
206.065480296	0.0240311765486
206.310478876	0.0239611963414
204.642928148	0.0244194858729
206.966404368	0.0238007657455
207.07568547	0.0237868680584
206.784261105	0.023832822732
206.505159513	0.0239399335243
206.574987707	0.0238883449413
206.559752609	0.0239244085652
207.350740499	0.0236825422802
207.960648263	0.0235188789203
208.217719008	0.0234593807096
207.043279795	0.0237609624507
207.022535667	0.0237989434642
207.999524006	0.0235045502581
208.474613232	0.0234016105106
207.452440629	0.0236485527128
206.779767837	0.0238332349815
208.481688672	0.0233787436521
207.907813505	0.0235283425267
207.716873471	0.0236124574939
208.726332243	0.0233184701078
207.821794847	0.023552069649
205.363069111	0.0242180423151
207.069939497	0.0237869741253
203.657550005	0.024687366853
196.350384316	0.0267938057124
203.942464926	0.0246023049552
206.263034425	0.0239746983144
193.682921604	0.0276448044632
206.101573719	0.0240231118012
202.557572746	0.025024192324
201.704742479	0.0252444255439
200.695647307	0.0255649425673
200.752872942	0.0255440699443
201.02220265	0.0254647011095
197.765875753	0.0264028336923
200.977996844	0.0254519513689
204.864648345	0.0243898314212
204.520693409	0.0244515530881
204.583561686	0.0244674333548
205.259621576	0.0242547023775
205.59371235	0.0241882525002
204.943266683	0.0243691284472
206.719769091	0.0238770643241
206.300041745	0.0239840319202
206.82577955	0.0238471224904
204.571612119	0.0244687346
207.462153386	0.0236805519651
206.535398052	0.0239317835214
207.101255857	0.0237510008362
207.582101523	0.0236360575606
204.691791089	0.0244057088949
207.789153652	0.0235738380235
208.366146368	0.0234268084856
205.621591781	0.0241452300767
206.715298225	0.0238836197966
207.672183192	0.0236265391688
207.370756101	0.0237099601242
207.642487952	0.0236153777211
207.88073967	0.0235649868529
207.971159563	0.0235254729588
208.563511926	0.0233715237949
208.050346122	0.0235241405097
206.730964291	0.0238787313447
208.89307552	0.0232965803216
207.404991958	0.0236649299716
207.989744627	0.0235143081529
207.179554601	0.0237526456872
207.922568913	0.0235271032288
206.291472502	0.0239655028338
207.690454945	0.0235870307866
209.702479371	0.023053820827
208.592276261	0.0233776505184
209.821612808	0.0230495151426
209.882661808	0.0230319067305
208.885945432	0.0232975966212
208.825268699	0.0233121762232
211.706728326	0.0225459179042
211.281966861	0.0226416654995
211.327445476	0.0226282896761
209.955872244	0.0229854810144
211.575377265	0.0225911694368
210.383199825	0.0229022369606
210.180264153	0.0229572876809
211.569202828	0.0225709202134
210.821533649	0.0227913295652
211.71939416	0.0225524645638
210.554258148	0.0228618788187
211.583285784	0.0225962656641
210.28925987	0.022931003438
210.706055166	0.0228195093162
211.226391409	0.0226533617407
211.102357344	0.0227088324374
211.579497379	0.0225897903471
210.532334048	0.0228506419998
211.96559536	0.0224946859097
212.154902912	0.0224286805755
212.281973224	0.0224050712201
212.354038662	0.0223949606052
212.641009602	0.0222944112984
211.921290795	0.0224713583848
211.67047431	0.0225391437612
212.95829154	0.0222197510038
212.585947875	0.02233594407
212.262311295	0.0224203384457
213.517299028	0.0220752053015
212.846232384	0.0222578309404
213.161011589	0.0221887335815
213.943877964	0.0219752031267
212.87716267	0.0222578290226
213.857655477	0.0219865562158
212.731691789	0.0222676162503
213.14521861	0.0221609406148
213.328048896	0.0221378260168
213.278650107	0.0221594950299
214.412438645	0.0218476652166
214.246050283	0.0218877667094
213.404072578	0.0221214770499
213.466786958	0.0221116621975
214.067369935	0.0219560443728
213.477706444	0.0221083207637
212.943851556	0.0222439942013
214.551863644	0.0218346590918
214.704102507	0.0217781375926
214.29380243	0.0218792854944
214.194971752	0.0218969833903
213.772549694	0.0220029315218
213.18155072	0.0221529589007
214.309132919	0.0218666849592
213.352668858	0.0221269590547
213.504639971	0.022103845847
212.664189275	0.0223124024338
214.690120345	0.0217815086219
214.065414796	0.0219355897614
213.52028278	0.0220924913779
214.421862035	0.021839041533
213.917189348	0.0219644671736
214.046416591	0.0219306532571
214.392240208	0.0218607819046
214.126999324	0.0219143007684
213.633967349	0.0220629649626
214.224301468	0.0218930333934
214.610252608	0.0217968077184
214.098457705	0.0219415670086
213.579550637	0.0220819342318
214.67668936	0.0218004429938
212.822869143	0.0222722085423
214.614757942	0.021807358709
213.643165978	0.022051899328
213.86164797	0.0220080353361
212.460097232	0.0223659390264
212.972374855	0.0222073027556
212.239281349	0.0224018146978
212.887187703	0.0222328446559
211.347724828	0.0226248946176
212.074847477	0.0224549395215
211.882665892	0.0225095989835
211.520834224	0.0226036301699
212.517890448	0.0223481015555
213.993416773	0.0219591707504
212.210063939	0.0224001605555
213.863534142	0.0220049112868
213.15120203	0.0221733246905
213.780590309	0.0219986123419
212.388441522	0.0223517954292
213.859756031	0.0219812003898
213.284883247	0.0221501438735
213.490943036	0.0221045264169
213.131472189	0.0221713716557
213.249576166	0.022132869009
213.084426527	0.0221975739733
213.981949478	0.0219810225072
213.592699144	0.0220603521126
214.607937345	0.0218192396548
213.3491883	0.0221178301989
215.148779567	0.0216733875964
212.922740516	0.0222444414844
215.381601702	0.021628888489
213.069395851	0.0222091361251
215.086470323	0.0217071327376
214.101479846	0.0219510398814
215.568176809	0.0215744516053
213.381787881	0.0221007565112
215.681382914	0.0215438617699
214.046215556	0.0219368337046
215.876390918	0.0215005123253
214.820069322	0.0217639556128
215.840902138	0.021497743403
215.004535691	0.0217203821751
216.066899399	0.0214456334556
214.883637338	0.0217250268381
216.750794587	0.0212899859139
215.862864963	0.0214955402458
217.208727836	0.0211884694796
215.676964506	0.0215636416472
217.522194764	0.0211035700391
216.479686053	0.0213640185043
218.368608278	0.0209094929534
217.69105261	0.0210500987084
219.142746495	0.0207023237082
218.816894518	0.0207966004851
220.464109148	0.0204093344009
219.574094519	0.0206175722423
221.354302777	0.0202077116939
220.93344251	0.0202891376588
222.174219205	0.0200317894419
221.997657588	0.020067996957
222.746978327	0.0199059500152
221.758232196	0.0201244818037
223.060940285	0.0198358721189
221.915517034	0.0200942172867
224.001464473	0.0196145319927
222.924088205	0.0198463903023
224.889477694	0.0194300207745
223.518372938	0.0197333338793
225.37017889	0.01932815342
224.499162232	0.0194981162626
225.978385254	0.0191923664479
225.031803417	0.0194025122777
226.252334873	0.0191373714244
225.078127476	0.0193902284224
226.447717059	0.0190843981208
225.68586886	0.0192582801504
226.846132263	0.0190109601993
226.100248501	0.019147870382
226.93478422	0.018990409199
226.790775347	0.0190236443145
226.762481565	0.0190275053948
226.949981029	0.0189853951162
227.136424928	0.0189510886864
226.582061137	0.0190643848858
226.9389511	0.0189887881311
227.322958698	0.0189018361666
227.136225913	0.0189283980235
227.602685694	0.0188472202823
227.455698723	0.0188777174876
227.358152942	0.0188721969281
226.937614509	0.0189647225002
227.716467047	0.018811961958
227.433764229	0.0188771069901
227.776795737	0.018783792833
227.138206351	0.0189222735792
228.110567805	0.0187285167664
227.582532541	0.0188443525852
228.073719528	0.0187227652132
227.738155745	0.0188041685043
228.389873112	0.0186728400647
228.06217323	0.0187437451057
228.39205792	0.018665113219
228.108492363	0.0187248483066
228.497197474	0.0186501965004
227.972918725	0.0187523269634
228.371148023	0.0186548989713
227.992755023	0.0187518408165
228.674308652	0.018600533514
227.908491207	0.018773515883
228.883286605	0.0185807403045
227.769753909	0.0187955297705
228.819234332	0.0185880641171
227.853180048	0.0187958694074
228.901568991	0.0185751378486
227.870504845	0.0187865027948
228.945269657	0.018561642637
227.908001274	0.0187815072707
229.005119727	0.0185477701013
227.917055602	0.0187821978771
229.021123263	0.0185460041961
227.835164861	0.0187954013746
229.143398151	0.018523671472
227.870933033	0.0187931480556
229.127791284	0.0185290518084
227.880610863	0.0187911747393
229.103955108	0.0185339950933
227.879761995	0.0187925005796
228.946551957	0.0185663098839
227.978551554	0.0187715482095
229.067526423	0.018540804826
227.829814456	0.0188008497921
229.289744536	0.0184867354565
227.887450361	0.0187853975849
229.238265999	0.0184964699174
227.843498522	0.0187836739209
229.151165434	0.018523126262
227.933259228	0.0187704675855
228.980267683	0.0185487068234
228.033890642	0.018746108084
229.033576331	0.0185225060289
228.036510903	0.0187300347779
229.359712007	0.0184726206666
228.21065598	0.0187116814752
229.169135631	0.0185010239961
228.085953401	0.0187139420324
228.843751661	0.018553956104
228.36754371	0.0186687076128
229.057412228	0.0185314492593
228.509692346	0.0186294855129
228.873522754	0.018569411786
228.458070195	0.0186447190289
229.093383608	0.0185362987797
228.726730154	0.0185992954677
228.892350343	0.0185619783304
228.551931423	0.0186195951814
228.934215376	0.0185487541982
228.668172782	0.0186040161214
228.9308936	0.018539979349
228.63076116	0.0186060606094
228.985828437	0.0185445876979
228.9625487	0.0185616080032
229.884644699	0.0183672475618
234.9741585	0.0173593586406
238.729952615	0.0166532095608
241.681504285	0.0161080438957
244.416597479	0.0156071985164
246.846756169	0.0151883956966
249.182920186	0.0147991531533
251.246733932	0.0144542498616
252.890810702	0.014188771689
254.099746154	0.0139941406182
254.942067937	0.0138571279161
256.165560509	0.0136758013125
257.436185809	0.0134901195516
257.860962066	0.0134194320022
258.490825735	0.0133304135298
258.931924432	0.0132680876468
259.530212768	0.0131781663073
259.85691086	0.0131387673836
260.554219422	0.0130362538637
261.612197784	0.0128915937365
262.819807461	0.0127180505059
263.169307829	0.0126689906853
263.611029601	0.0126030835943
263.625901921	0.0126045813152
263.938087164	0.0125593875998
263.739955238	0.0125889021948
263.763613824	0.0125860326198
264.083380316	0.0125359858224
264.150379009	0.0125280484487
263.934476027	0.0125635668427
263.921792781	0.0125599618994
263.820417554	0.0125781998907
263.559034234	0.0126122792392
263.336000317	0.0126459208321
262.997375622	0.0126958673807
262.323000079	0.0127948343642
262.217412265	0.012810514622
262.089012106	0.0128284157642
262.382675907	0.01278446125
261.964531663	0.0128458044466
261.899329395	0.0128550661172
261.818733832	0.0128665520898
261.593975465	0.0128967632269
261.287899703	0.0129430331326
261.29097427	0.0129398788056
260.820433538	0.0130102298573
260.668083859	0.0130283716219
260.352802963	0.0130741886856
260.083588899	0.0131112553287
259.860988665	0.0131385415261
259.424026751	0.0132042724056
258.972305626	0.0132679235785
259.075862834	0.0132539047005
261.485296296	0.0129042372357