100	-0.04385	0.0	0.974007638164	0.0259923618356	0.0
104	-0.03338	2.14601823149e-09	0.674445189875	0.320501445723	0.00505336225595
105	-0.03747	0.0	0.0	1.0	0.0
107	-0.03882	0.0	0.0	1.0	0.0
11	-0.09777	1.0	0.0	0.0	0.0
113	-0.04587	1.0	0.0	0.0	0.0
114	-0.007202	0.0	0.0	1.0	0.0
115	0.001044	1.0	0.0	0.0	0.0
116	0.04182	0.0154239585661	0.95831613971	0.0262599017234	0.0
117	0.02065	0.0	1.0	0.0	0.0
118	0.05138	0.0	1.0	0.0	0.0
119	0.0788	0.0	0.907285953759	0.0	0.092714046241
121	0.0848	0.0	0.0	0.0	1.0
125	0.1681	0.0	0.0	0.0	1.0
126	0.4867	0.0	1.0	0.0	0.0
127	0.6305	0.0	0.0	0.0	1.0
128	2.292	0.0	0.00719779906895	0.0	0.992802200931
165	-0.09856	0.0	1.0	0.0	0.0
166	-0.08731	0.0	0.476605917568	0.0	0.523394082432
167	-0.1076	0.0	0.0	0.0	1.0
168	-0.1092	0.0	0.0	0.0	1.0
17	-0.1372	1.0	0.0	0.0	0.0
170	-0.0797	0.0	0.0	1.0	0.0
172	-0.0761	0.0	1.0	0.0	0.0
175	-0.08014	0.0	1.0	0.0	0.0
176	-0.05876	0.0	0.0	1.0	0.0
178	-0.05801	0.0	0.0	1.0	0.0
189	-0.02443	0.0	0.0	1.0	0.0
190	-0.0224	0.401871655795	0.0	0.598128344205	0.0
191	-0.02457	0.0	0.0	1.0	0.0
192	-0.02145	0.0	0.0	1.0	0.0
193	-0.02642	0.99994101444	0.0	5.89855601334e-05	0.0
194	-0.009862	0.954865213366	0.0	0.0451347866343	0.0
195	-0.009135	1.0	0.0	0.0	0.0
196	0.01494	1.0	0.0	0.0	0.0
197	0.01813	0.0703796190069	0.0	0.929620380993	0.0
198	0.05123	0.993639462154	0.0	0.00636053784612	0.0
199	0.06896	1.0	0.0	0.0	0.0
200	0.1044	1.48730582989e-10	0.0	0.999999999851	0.0
201	0.06974	1.0	0.0	2.2575059491e-20	0.0
202	0.02231	0.465887433285	0.0	0.534112566715	0.0
206	-0.008801	0.909295512336	0.0	0.0907044876636	0.0
207	-0.001121	1.0	0.0	0.0	0.0
208	-0.01979	0.0727438044393	0.0	0.927256195561	0.0
211	-0.02005	0.000747491915939	0.0	0.999252508084	0.0
23	-0.09821	0.493242713794	0.0	0.506757286206	0.0
24	-0.0854	0.0	0.0	1.0	0.0
25	-0.09222	1.0	0.0	0.0	0.0
26	-0.09348	0.0	0.0	1.0	0.0
39	-0.08588	0.0	1.0	0.0	0.0
40	-0.0738	0.0	0.50152131164	0.0	0.49847868836
41	-0.04664	0.0	1.0	0.0	0.0
42	-0.03099	0.0	0.995048366261	0.0	0.00495163373889
43	-0.03275	0.0	1.0	0.0	0.0
45	-0.03446	0.0	0.441346425876	0.0	0.558653574124
46	-0.04223	0.0	0.999999999994	0.0	6.16744647933e-12
47	-0.03223	0.0	0.0	0.0	1.0
48	-0.03458	0.0	0.57947882613	0.0	0.42052117387
49	-0.04852	0.0	1.0	0.0	0.0
53	-0.07189	0.0	0.0	0.0	1.0
54	-0.07344	0.0	0.57089609763	0.0	0.42910390237
6	-0.06635	0.0	0.0	1.0	0.0
61	-0.05989	0.0	1.0	0.0	0.0
62	-0.05353	0.0	0.0178898140684	0.0	0.982110185932
63	-0.05519	0.0	0.0	0.0	1.0
64	-0.06643	0.0	0.0	0.0	1.0
65	-0.06107	0.0	1.0	0.0	0.0
66	-0.05811	0.0	0.999999999469	0.0	5.31478078517e-10
67	-0.06274	0.0	0.0	0.0	1.0
68	-0.06703	0.0	1.0	0.0	0.0
69	-0.0573	0.0	1.0	0.0	4.53252122949e-32
7	-0.08246	0.0	1.0	0.0	0.0
70	-0.05518	0.0	4.74823573759e-59	0.0	1.0
72	-0.05917	0.0	0.0	0.0	1.0
73	-0.05266	0.0	0.0	0.0	1.0
74	-0.05349	0.0	0.709611124195	0.0	0.290388875805
76	-0.05724	0.0	0.52546455332	0.0	0.47453544668
79	-0.05328	0.0	0.0	1.0	0.0
80	-0.05353	0.769397097277	0.0	0.230602902723	0.0
84	-0.1193	0.0	0.0	1.0	0.0
86	-0.09731	0.0	0.999956875157	4.31248433745e-05	0.0
90	-0.05461	0.0	1.0	0.0	0.0
91	-0.05333	0.0	0.0	0.232990603137	0.767009396863
92	-0.06071	0.0	0.0143411390614	0.0	0.985658860939
94	-0.04678	0.0	0.999859839761	0.000140160239341	0.0
95	-0.04787	0.0	0.913333451802	0.0	0.0866665481979
97	-0.04404	0.0	0.400129400352	0.599870599648	0.0
98	-0.03999	0.0	0.942894822186	0.0186892543008	0.0384159235133
99	-0.04261	0.0	0.0207596760976	0.979240323902	0.0