100	-0.04418	0.0	0.987480800452	0.012519199548	0.0
104	-0.03342	1.37118654552e-37	0.557905874069	0.435130731622	0.00696339430847
105	-0.03743	0.0	0.0	1.0	0.0
107	-0.03874	0.0	0.0	1.0	0.0
11	-0.09507	1.0	0.0	0.0	0.0
113	-0.04481	1.0	0.0	0.0	0.0
114	-0.006922	0.0	0.0	1.0	0.0
115	0.0002838	1.0	0.0	0.0	0.0
116	0.04143	0.00194639639461	0.991279247343	0.00677435626247	0.0
117	0.02017	0.0	1.0	0.0	0.0
118	0.05058	0.0	1.0	0.0	0.0
119	0.07787	0.0	0.950934793944	0.0	0.0490652060563
121	0.0845	0.0	0.0	0.0	1.0
125	0.1736	0.0	0.0	0.0	1.0
126	0.4892	0.0	1.0	0.0	0.0
127	0.6326	0.0	0.0	0.0	1.0
128	2.266	0.0	0.983698693288	0.0	0.0163013067119
165	-0.0933	0.0	1.0	0.0	0.0
166	-0.08641	0.0	0.545313646975	0.0	0.454686353025
167	-0.1109	0.0	0.0	0.0	1.0
168	-0.1083	0.0	0.0	0.0	1.0
17	-0.1303	1.0	0.0	0.0	0.0
170	-0.08118	0.0	0.0	1.0	0.0
172	-0.07534	0.0	1.0	0.0	0.0
175	-0.08255	0.0	1.0	0.0	0.0
176	-0.0597	0.0	0.0	1.0	0.0
178	-0.06023	0.0	0.0	1.0	0.0
189	-0.02489	0.0	0.0	1.0	0.0
190	-0.02265	0.342715409189	0.0	0.657284590811	0.0
191	-0.02467	0.0	0.0	1.0	0.0
192	-0.02146	0.0	0.0	1.0	0.0
193	-0.02613	0.999997680787	0.0	2.31921339765e-06	0.0
194	-0.009691	0.943552825671	0.0	0.0564471743291	0.0
195	-0.00869	1.0	0.0	0.0	0.0
196	0.01523	1.0	0.0	0.0	0.0
197	0.01866	0.0914417987908	0.0	0.908558201209	0.0
198	0.05104	0.998404603248	0.0	0.00159539675247	0.0
199	0.06869	1.0	0.0	0.0	0.0
200	0.102	2.26410724163e-09	0.0	0.999999997736	0.0
201	0.07113	1.0	0.0	1.22841881626e-68	0.0
202	0.02601	0.450106430556	0.0	0.549893569444	0.0
206	-0.00584	0.755556455071	0.0	0.244443544929	0.0
207	0.0008616	1.0	0.0	0.0	0.0
208	-0.01692	0.0288624958906	0.0	0.971137504109	0.0
211	-0.01808	2.50258711614e-05	0.0	0.999974974129	0.0
23	-0.09226	0.489806114629	0.0	0.510193885371	0.0
24	-0.08079	0.0	0.0	1.0	0.0
25	-0.08783	1.0	0.0	0.0	0.0
26	-0.09011	0.0	0.0	1.0	0.0
39	-0.0822	0.0	1.0	0.0	0.0
40	-0.06519	0.0	0.0736462233487	0.0	0.926353776651
41	-0.03782	0.0	1.0	0.0	0.0
42	-0.01267	0.0	0.932933929315	0.0	0.067066070685
43	-0.02288	0.0	1.0	0.0	0.0
45	-0.03263	0.0	0.49427515431	0.0	0.50572484569
46	-0.0379	0.0	0.999802219795	0.0	0.000197780204935
47	-0.0182	0.0	0.0	0.0	1.0
48	-0.02364	0.0	0.543667504325	0.0	0.456332495675
49	-0.0416	0.0	1.0	0.0	0.0
53	-0.06664	0.0	0.0	0.0	1.0
54	-0.05052	0.0	0.516142068857	0.0	0.483857931143
6	-0.06566	0.0	0.0	1.0	0.0
61	-0.06283	0.0	1.0	0.0	0.0
62	-0.05642	0.0	0.0520438004437	0.0	0.947956199556
63	-0.05704	0.0	0.0	0.0	1.0
64	-0.06945	0.0	0.0	0.0	1.0
65	-0.06378	0.0	1.0	0.0	0.0
66	-0.05994	0.0	1.0	0.0	9.82314804764e-59
67	-0.06421	0.0	0.0	0.0	1.0
68	-0.06902	0.0	1.0	0.0	0.0
69	-0.05878	0.0	1.0	0.0	3.82121567339e-111
7	-0.08288	0.0	1.0	0.0	0.0
70	-0.05613	0.0	0.0	0.0	1.0
72	-0.06003	0.0	0.0	0.0	1.0
73	-0.05313	0.0	0.0	0.0	1.0
74	-0.05369	0.0	0.733410462105	0.0	0.266589537895
76	-0.0566	0.0	0.509090014184	0.0	0.490909985816
79	-0.05209	0.0	0.0	1.0	0.0
80	-0.05267	0.786685090668	0.0	0.213314909332	0.0
84	-0.1187	0.0	0.0	1.0	0.0
86	-0.09846	0.0	1.0	2.18901845548e-23	0.0
90	-0.05656	0.0	1.0	0.0	0.0
91	-0.05514	0.0	0.0	0.341624052206	0.658375947794
92	-0.06251	0.0	0.0192343774949	0.0	0.980765622505
94	-0.0479	0.0	0.999614663299	0.000385336700894	0.0
95	-0.04892	0.0	0.94649305893	0.0	0.0535069410697
97	-0.04468	0.0	0.361648076609	0.638351923391	0.0
98	-0.04055	0.0	0.929769706743	0.00253586215849	0.0676944310986
99	-0.04312	0.0	0.0103178082967	0.989682191703	0.0