-81.4528752194	0.606099396742
-21.2815271015	0.306326230881
-55.9061501334	0.453739074958
-26.3554982028	0.318528781163
-19.8220743458	0.293117114623
-37.9984379696	0.360063252002
-63.1250292773	0.486966090604
-30.6765897703	0.333811049051
-76.5105295437	0.572624939009
-35.4128013944	0.360196390365
-29.0566361421	0.336109248637
-43.2143515148	0.395306925776
-11.8198857004	0.276714156753
-47.0880469405	0.412330114974
-26.0812334173	0.320926521972
-28.1390642675	0.33237763141
1.26435197146	0.239610005469
-66.1965814134	0.508653124045
-20.5497847648	0.297913629274
-20.6212642596	0.304957383445
-42.3427848521	0.391155508735
-25.7495353085	0.32324483312
-51.5313353799	0.433796700477
-36.5025567336	0.359617858961
-32.2707072291	0.34928855922
10.4935581101	0.215201607621
-60.4132637201	0.479291243948
-8.78574345862	0.268061060144
-15.3181165756	0.275519305239
8.4351574365	0.219311785514
17.9775012524	0.197790082557
4.3375794316	0.231502571125
-17.5661150716	0.286123059101
5.88874465265	0.227682190517
-16.7264643085	0.28271556519
0.116014991347	0.239576642025
-10.7438891033	0.271218992903
-43.6468220309	0.395409941264
-45.6707211849	0.405996066402
10.994459101	0.213274142068
-11.4370531415	0.276717579968
-28.5036245329	0.324474795934
-10.2115106332	0.259377595684
0.0497573361248	0.241624475941
-25.4535777819	0.323753438743
-35.1336242745	0.356481460835
13.9010794022	0.206778911337
-12.9812858412	0.267966086272
11.83140889	0.210500051279
-18.8752936846	0.291076640606
-21.6017571901	0.309179073079
2.61405937611	0.23639917536
13.8138115935	0.208467796405
-33.1935288969	0.343799960654
-10.5392535158	0.265163735024
-14.6339812943	0.286155645105
-11.2537522957	0.267626073597
-8.56463075717	0.266983301682
-22.3095294661	0.30757438642
-28.3792566534	0.324540740361
1.34936278673	0.237504391701
-6.30738050701	0.258300408334
-22.9531518193	0.304349116213
-17.9730112315	0.297351710648
-17.7040068996	0.285664341861
23.2493478414	0.187403625179
15.8230478922	0.201983789306
28.37675128	0.176869341013
15.7608416687	0.202865837518
-20.719915637	0.295504907335
-41.4761074372	0.380069129786
-0.966098214774	0.245526793649
-51.3968879619	0.430842467101
-28.1705642893	0.333334156598
-19.7706932833	0.293503549249
6.01214166125	0.227547389159
-1.11281993476	0.245941266975
38.6943950802	0.156267730871
-50.239762293	0.427917630896
19.0335620225	0.196554514265
10.4807584198	0.216357532318
-28.0461189576	0.333420612391
-50.2205172131	0.426532630816
-2.34523250046	0.236839851611
-8.84211625166	0.268331759309
-28.0885563313	0.333283157799
-3.44643502085	0.251690966029
-18.311929437	0.288486781614
-22.6558841488	0.306466521454
-21.6697471225	0.305450572068
10.318315478	0.216670016393
-8.75104940459	0.258140941528
-42.9212082737	0.392561714583
-19.0866234371	0.292363137371
7.44094047545	0.221168225222
1.20886097886	0.228333793921
-21.375263622	0.300815231153
31.5485471819	0.169378657444
-12.4945257574	0.279872283048
41.5290546186	0.151405255906
55.0071870854	0.129663903863
56.1964664299	0.128008944408
27.2705210213	0.177372734692
9.42940735965	0.218618226734
35.6948497515	0.16259693075
70.9955992959	0.109004926952
11.7433218574	0.212767474782
-33.6353039346	0.355071797356
17.2445000685	0.199059423589
38.2121748494	0.157147595101
-21.2639359835	0.308545251252
47.5267288492	0.142173746394
-15.7593925861	0.28990029269
64.8002460258	0.116442686931
20.4936278461	0.193210856481
-8.48170040303	0.26332545909
35.1654335669	0.162535321169
-13.3254572677	0.273429387675
18.5081014948	0.19280160001
32.8266396556	0.167059661642
24.556345216	0.184587900404
22.3309400825	0.189000743931
-38.1879892891	0.372275260111
3.19364440922	0.223452876678
-3.27279169444	0.250059306857
12.6136778265	0.210972227701
51.642533624	0.134785998926
-20.2134009626	0.304460090624
-37.8207675064	0.371744974236
-9.01225684559	0.265316284879
29.6945392769	0.171449522417
-17.3441396964	0.290100363876
-11.8076764942	0.270814274382
7.33297217417	0.220979350126
21.4408269823	0.187286520423
15.2534662752	0.199838661511
2.87079223454	0.23441401893
21.2224820119	0.190473098868
40.2083938311	0.153401304356
-17.7492550662	0.289577858713
-3.80602010897	0.245143776143
46.9021394789	0.141606603438
22.2644928586	0.185184755014
25.2121999991	0.182262984864
18.8624098092	0.195650704414
30.9119495867	0.170777269492
73.2740045584	0.105517396575
-0.785976434137	0.242948944466
3.93468935532	0.229442353173
38.8665742446	0.155659074002
-18.0421361454	0.293718191545
93.9732171198	0.0839282868275
6.10055768249	0.222484938907
68.7900705425	0.110898525111
23.1711651082	0.1866207825
-8.31122546345	0.26503804618
-11.2454081784	0.272837605677
3.33285542826	0.230605027339
42.273515639	0.148190124292
-7.6086265964	0.260234733319
-6.04883916585	0.248776018837
52.4653637981	0.134045966996
44.2709025926	0.145667776898
21.7978106363	0.189781865357
33.8450147269	0.16599929776
0.883139933733	0.236665231274
22.1836362492	0.18881477649
94.8774020959	0.0827483903561
-34.3587092512	0.348804027428
19.2866127823	0.195796623825
-16.8547931026	0.292304580413
15.3650423413	0.197672383077
34.8922647885	0.163954306049
-13.2852342445	0.27125397595
67.1910080413	0.112475698584
8.06974152112	0.215846739256
-18.8794871974	0.300843720319
7.64458354391	0.222326359337
59.1577957665	0.124196885538
-1.37303748582	0.238086229155
-29.1616359826	0.336356542824
-16.3605971495	0.288486012503
32.7949874433	0.167756409648
66.9742198087	0.113812885164
-29.2852096536	0.333826174357
-7.00437925201	0.253758773055
20.3323156481	0.193150607098
95.5586399888	0.0820971946147
12.3128994935	0.210861310638
16.7246241554	0.199820673661
84.0827798498	0.0935077716386
27.3532532611	0.177862264045
-4.49874882241	0.247132839956
10.2461038529	0.207728217444
20.9643770108	0.190531950769
-3.41685281267	0.246883360199
-27.5464571904	0.326686469064
21.9874219702	0.184680326001
18.013405117	0.192016952463
-1.60096978372	0.238167386248
-7.49378319228	0.260848259784
37.7871181307	0.158611930285
52.9750198085	0.132900968539
0.353820442102	0.239438690515
-3.67628983359	0.251004266325
1.88890962789	0.229131663104
33.1951883232	0.166649521736
49.3514647517	0.139005532101
4.53667117935	0.226243577955
-0.184548933762	0.243435474319
-27.3822859659	0.326012927564
25.0952846695	0.177647780835
24.9929002921	0.182462789368
64.0405026791	0.117372984185
1.15960984915	0.231820417829
-11.5354738445	0.269455689229
17.948650021	0.195091894547
-29.6436203131	0.33356365147
4.23594262289	0.223982772478
-1.39148262639	0.240890427231
10.7041511328	0.214795462133
98.1816480883	0.0801586345783
-4.7021014832	0.254913591363
88.9121682398	0.0893850198426
48.2287507347	0.140917349718
5.34133445446	0.219208452107
76.0061856546	0.103265148761
29.7171077257	0.172605486359
27.8486802046	0.177314806927
-1.58995685004	0.241592965881
53.36755788	0.132989844162
27.387783834	0.176793978821
-2.01333877608	0.244311594251
0.610374256254	0.238594187139
44.6314833426	0.146619520266
25.0433352732	0.177149846059
58.554124165	0.125622839889
-0.00500381312699	0.243040214031
0.86714827299	0.233260030159
19.1037850917	0.188130476776
18.7522883147	0.194262533105
1.64035249854	0.231024920142
51.5914676959	0.135660989746
13.1870865846	0.204857193847
29.519003627	0.17276909239
37.784190859	0.158002745162
14.837474945	0.19851063359
2.06188101368	0.230820830003
23.758200835	0.185074514093
13.2691032069	0.2084742944
14.4210833047	0.199466247205
2.39641268692	0.232904706452
99.7280465397	0.0787876945447
52.7535662353	0.132768471916
74.6934100549	0.103367099637
16.6093062477	0.194955184281
5.50990840592	0.224672964316
25.0339085346	0.182802708472
50.9332275893	0.13397489444
-2.59478611216	0.248555610091
10.3191383912	0.213523190337
20.3052390648	0.192625815458
26.0372891312	0.175827288364
11.6796350569	0.209500865625
43.2168773389	0.146004794655
28.1423787614	0.17463989344
-1.56237283652	0.247404599097
5.72542028978	0.227695286046
37.8023407566	0.157859163109
-2.85696999556	0.243565539439
37.0584702951	0.159774670651
30.9105855296	0.170980780388
27.8483483428	0.17566245031
72.0569843452	0.107879185617
1.67071871574	0.230592196793
37.4261719714	0.158601249006
20.2338243481	0.192876855071
3.65123315212	0.226062562381
35.0473148499	0.162561332035
11.9609781934	0.20914454358
4.56500919301	0.22327754067
30.819203292	0.171345185508
45.1323530522	0.145812776796
21.3729392504	0.185072097205
87.1323871786	0.0903286510114
16.0986958498	0.195229547643
11.2089068951	0.206096453195
-12.3275148509	0.272644525095
99.8736908159	0.0786223681847
46.0515774447	0.142102634914
53.8929467496	0.129540884664
6.22926712617	0.225489939815
23.4233116577	0.186002165738
16.1034742191	0.199728297334
-13.8761230792	0.277460968466
5.25199432878	0.22184398698
-10.6886700864	0.269111916006
25.3958623576	0.176325435384
48.1787805319	0.140695426491
23.3980279788	0.181894369718
-0.492991103982	0.238317500754
11.0400539584	0.210045463437
105.372234712	0.0731767518555
92.5758556852	0.0845151085487
15.4505373739	0.200621548846
6.67122437366	0.218882661121
87.1639346121	0.0896214410882
75.3834317008	0.104157843912
105.523578425	0.0730532006196
6.12964811755	0.222125519496
15.6078937441	0.196510596487
0.70371582808	0.238114921694
63.5978294309	0.11878444669
2.83202274129	0.229459295306
99.7636215508	0.0789077012226
20.3984238128	0.192750283747
41.1061460065	0.149551535047
4.19569018669	0.224858763246
26.0250125336	0.179571045402
56.0513939298	0.126295026324
118.895464229	0.0635732668261
34.2820884327	0.162348649429
53.7833822978	0.130719929245
13.0390925885	0.206852147403
46.5560288658	0.140816131981
15.4892672443	0.202881900055
24.7788486028	0.183178721601
33.7187913141	0.163693967276
8.90566916357	0.21547154751
44.1867605001	0.144470066053
-4.03065119822	0.251360975455
44.4572015209	0.144760280885
-6.50320400731	0.254920544932
41.335035518	0.149140359298
28.3657446859	0.171408132545
3.07671417794	0.230498751332
46.4241627492	0.140946624141
73.0234632302	0.106541602611
30.7014395923	0.16918096173
-5.20563311471	0.251282916407
32.9706871243	0.166562568229
27.9203789082	0.175153731131
123.823064373	0.0600561207535
40.4167795402	0.153790509216
27.4325371815	0.175841163391
61.8467272901	0.118788499717
10.6662618745	0.209895799292
14.1528529555	0.20141245842
21.8626194356	0.184411663355
33.7660907558	0.164305681145
66.7481989808	0.114607640142
42.0370834991	0.147555990439
107.968885607	0.0718216533493
10.4412751898	0.210234459573
13.7171277682	0.203557623872
58.4441307779	0.124308187469
48.0565366324	0.138411114089
10.353141223	0.212586761005
91.6450090088	0.0869200397302
14.748580217	0.203064465461
92.8034043822	0.0853560218692
32.2672905834	0.163594557409
89.625408525	0.0889501752366
26.9197343622	0.174967348446
2.70496004213	0.234320173893
39.3146246229	0.154538237204
34.6679867715	0.161338239031
54.6372472036	0.128909042384
122.944512075	0.0608285437666
68.3833944058	0.111843545161
15.3663536221	0.198628899901
97.2102905834	0.0817117006866
43.4018641834	0.145043082485
120.712574083	0.0618390822302
100.449217741	0.0788072613099
11.5523097408	0.208952359479
17.5160587349	0.195030711972
25.1640215915	0.177257281022
90.0139251758	0.0872510143304
110.367848987	0.0694146572868
97.0489331986	0.0806410062591
34.1199212964	0.160331336448
18.2769925961	0.195408776816
37.0047754108	0.158546901404
107.97532991	0.071553334919
32.3256937908	0.163667095514
106.664124062	0.0731595553074
38.2882683946	0.154229833576
73.0759846846	0.104706919796
118.587682523	0.0640019169996
80.0491147634	0.0967561597522
32.3449393613	0.168296733594
75.161436525	0.102077785172
31.3383448006	0.167770803818
13.0956773873	0.204984304904
3.68803727213	0.228489448761
100.39559188	0.0783733353376
65.3544301704	0.114853636064
69.6955571597	0.109481587351
136.167080026	0.0521757412902
68.453946697	0.110425343345
33.0020530465	0.164877942523
36.4661786505	0.160649350482
106.225293236	0.0733191484661
56.2538589857	0.126299275904
-0.823443549705	0.242748978084
21.2068772595	0.18991264606
18.3800248064	0.192940325315
65.7963130346	0.113042821433
33.7891745597	0.163428615445
42.2587672129	0.146272466435
54.2341703151	0.128421076025
138.647827377	0.0503726960364
45.3649174519	0.141442916816
97.7542215961	0.0792831262352
48.9487355627	0.136709612028
38.4505081733	0.153057382074
78.8159157309	0.0983287630353
40.2174832272	0.150407331089
35.2746987517	0.158622484256
37.5793082155	0.158153604009
80.8717625332	0.096708715869
51.0949875638	0.135254556494
27.3551013488	0.176778403774
60.2129850437	0.120442850775
129.944140441	0.0557590127105
37.5179893156	0.156850270409
106.553049159	0.0732135620286
44.6287606544	0.142448859202
53.0854930809	0.130270076097
25.8205103714	0.17865450548
23.6608805889	0.18208357291
121.728711845	0.0617579214812
42.3587730686	0.146671104806
42.0157491322	0.15045392809
50.1559219709	0.136851741828
36.3204882271	0.156608434722
132.717285694	0.0540385466357
34.6976921162	0.16190290077
30.4380896045	0.169751224051
79.7477285647	0.0982754686362
82.9578292576	0.0951892015669
58.3959260404	0.121989751106
19.4256840617	0.191486274454
77.9084899298	0.0990087779335
39.2999438992	0.154077612967
140.608699981	0.0495675431966
81.8945070851	0.0962797884682
123.101327595	0.0605561107381
110.496770615	0.0689753838832
19.2003269006	0.190529999908
93.8511473048	0.0840159858257
53.0046164716	0.132522493793
48.2894866532	0.136864329341
35.218456799	0.159119668039
39.9574391822	0.152646893099
73.68761655	0.103275362068
27.8322888479	0.173343070422
104.84138959	0.0728887897771
39.1051364767	0.151718190748
82.70085543	0.093608403504
104.335214951	0.0734883024325
59.8613133487	0.121461511359
116.71696301	0.0651446198748
72.4464378046	0.104898011789
29.82723292	0.170724423705
24.7393301309	0.179537893117
47.3696745395	0.137960385361
79.6884034325	0.097220552311
102.788927717	0.0759761025326
19.6212138866	0.192667939343
58.7592762243	0.122871708659
58.9396321753	0.122747519599
57.5479306425	0.123204979488
47.587134028	0.137728340988
77.532523597	0.0992273461078
92.230777722	0.0841344989531
88.8449146904	0.0882905834134
55.3038451147	0.12684371927
76.712803417	0.100009770084
76.2108631221	0.100407146923
129.571401532	0.0558343323819
20.8473499918	0.187636837757
32.4010147076	0.16573174911
138.056849185	0.0511338464023
44.7617018208	0.142217052804
116.093385686	0.0642935609517
77.7216350813	0.101149716905
96.9242307528	0.0797932385569
101.260843436	0.0761436880137
62.4151896442	0.118538466729
92.9575600165	0.0850395172792
55.0637617973	0.128889762702
36.7291479193	0.158185797573
36.037138886	0.159622891239
34.1284940748	0.161027479806
55.4060253784	0.128738976982
105.638342646	0.0738741675739
63.7005042723	0.115434225591
80.347713415	0.0961740134068
100.817118318	0.0768026676027
94.1203159032	0.0832719615685
96.4879207579	0.0816286058614
85.06231866	0.0930019222027
32.6029077377	0.165281685995
30.4337053985	0.168946064084
25.5821013514	0.17706698113
36.6736469862	0.155880671735
145.454747676	0.0471678295211
142.487079384	0.0487604779705
41.3763288717	0.151030011338
89.2630234991	0.0875781383853
58.315896215	0.123231026177
109.160113113	0.0701434967402
128.794164244	0.0569276938397
151.919657396	0.0436658686427
95.4544542057	0.0827816242509
119.102424974	0.063592112402
147.390954398	0.0460357189309
71.1266019208	0.106082674007
32.7984334327	0.164458766286
122.452483754	0.0608512892257
102.085143854	0.0771325006912
86.7004260808	0.0896213947807
50.884588152	0.132976622099
102.397645011	0.0768185666695
136.991118435	0.0514278685928
58.3163103555	0.125324472958
129.350592693	0.0556029736505
116.910793506	0.0637586212785
63.7487037586	0.114871694048
94.8207227088	0.0833971093603
31.6207784603	0.168296795247
32.4833538155	0.163738053868
76.911675644	0.100446904303
59.7213578588	0.123818631781
74.9082290945	0.103381925966
58.7318207934	0.125260443813
126.330088296	0.0583481618178
68.2904100024	0.109497677612
78.4562860088	0.098154087997
106.420302497	0.0716962036004
116.325748396	0.0640659688119
61.8742325842	0.118740539235
43.7625735798	0.145701285984
76.0530130227	0.103076967119
71.9117418141	0.107708444602
96.4849867627	0.0801097474012
100.738096742	0.076850920655
121.501561461	0.0609696874476
61.3604316603	0.11936590288
21.6208343389	0.186964555072
60.981325334	0.118773646573
75.7654684826	0.102662381606
28.6640951585	0.171922183417
72.1933322594	0.105081842057
94.6672293252	0.0838189377093
119.441101971	0.0632519740566
47.6358347881	0.138372844455
139.855621436	0.0497393620369
98.2486720827	0.0799861507395
66.2100431212	0.112303882074
73.0675372722	0.104242621685
45.6931905127	0.142930110016
84.9567756283	0.0914339765735
88.3683450976	0.0879861176268
112.136863197	0.0669483714435
95.6240846411	0.0809659889342
56.9793451419	0.124097145133
69.3973450403	0.109617787143
134.391394929	0.0526619918198
104.8572014	0.0727494952713
62.0441438572	0.11836654139
106.302080613	0.07153988362
75.6087842445	0.100926365699
98.2626793117	0.0785284189183
77.9467938655	0.0983677418484
102.347848089	0.075170971925
58.2998775843	0.124621836106
84.484672518	0.0927886108271
57.2583056272	0.126178095677
86.3471779017	0.0901213417608
75.6114242413	0.101537862902
55.5909378335	0.128530617305
67.5761255493	0.112858526938
110.207225279	0.0686112529756
69.7148770439	0.109697558582
101.220667484	0.0768499713122
116.118263046	0.0645480756613
104.229939859	0.0733402291787
87.9277894826	0.0883991806153
80.6503252441	0.0956954335275
104.960577326	0.0742218109381
119.105327833	0.0633932514229
124.722219606	0.0592583994823
97.1251257913	0.079644806663
67.4763659625	0.111241044066
92.2925234118	0.0840928045342
74.9299239094	0.104318371129
80.0400642972	0.0986952592715
70.9974602248	0.106578887504
73.71804984	0.102991263214
61.5174310477	0.119343607008
71.3067596076	0.106216116219
103.572183321	0.0752791087142
117.459344556	0.0646495851992
64.7951908845	0.114838525553
122.019892936	0.0610135723992
105.942944827	0.0733401814726
82.1184050666	0.094422349091
64.0854667944	0.115694468273
56.0943442338	0.125169388719
57.2064125916	0.123450149254
65.6741178957	0.112813504154
79.6823072702	0.0966907073569
73.2999257907	0.10343941802
137.51778473	0.0510662234346
100.32997827	0.0772491493064
76.7411744197	0.0995820694992
61.3951486514	0.11850663363
47.169267754	0.13988696464
87.0469460459	0.0893085505712
116.28729057	0.0651649140045
109.719650534	0.0695327328851
68.1894759138	0.109619064088
86.4235736643	0.0899867824135
104.94831477	0.0728885877684
135.190401637	0.0527314760455
91.7184158387	0.0848039062324
37.4867272468	0.156025196385
55.8104320396	0.125395777652
129.579695925	0.0562177245325
94.3243859671	0.0836566997082
119.340833127	0.0623845743356
77.43633532	0.0990650907607
100.231208437	0.0785505296241
70.5334819161	0.107925152435
74.1778472421	0.102981683391
123.206072199	0.0604903268176
123.541133581	0.0595451247059
107.882648359	0.0715547041664
86.0765432106	0.090708669238
107.395969637	0.0715452391979
86.436795648	0.0909810490728
104.823299147	0.0740492198698
69.0702028011	0.109436435857
70.816065843	0.106697049046
111.625040582	0.0679176055762
98.8868244937	0.0781062618147
90.2389258174	0.0873581008416
122.78589411	0.0603312968713
77.2892525978	0.0993123029264
86.6471548423	0.0898634424996
144.662935748	0.0473122282387
141.579103764	0.0490986473713
72.0419905006	0.106085856807
89.5944154465	0.0881626470359
76.756447262	0.100382491198
85.6797913407	0.0921684718922
69.8754286804	0.107635039448
99.826490496	0.0787766627857
80.1453145777	0.0960709135777
64.978833622	0.116280218351
96.5366283744	0.0805911148289
78.7218656585	0.100067273617
75.9836554345	0.100714060472
60.6130482132	0.118839682845
32.2131854367	0.164450688605
87.646609489	0.0888516188378
142.30715501	0.0488322130518
82.4016087511	0.0960521307175
159.127446329	0.0402956337068
67.4673641369	0.1115515932
109.327781578	0.0698014393412
80.8693389905	0.0958200852203
134.186165914	0.0531989229172
101.662062124	0.0764173695265
87.621909932	0.0888409169614
82.6148143457	0.0940772286384
140.751976727	0.0498009006901
158.545906776	0.0408461607416
131.730674171	0.0548146312411
101.729903266	0.0758049614501
153.825882772	0.0431088118955
144.514464919	0.0477250602938
95.5644291239	0.0812052364849
122.709895559	0.0609115558574
110.520768143	0.068886689176
125.780003391	0.0584450446138
148.812832999	0.0455147622217
118.32322953	0.0641564275339
131.710067734	0.0551050011123
60.5841657411	0.120010337642
94.3674172817	0.0823158387159
118.295654965	0.0635003641224
102.710803023	0.0766473822605
65.7917264824	0.113632162009
68.9991516855	0.108339870778
146.754489359	0.0461966585275
120.302742017	0.0624584922905
144.512851289	0.0473866956973
125.316685375	0.0590893182061
106.664896613	0.0733356662589
142.668660772	0.0485834429114
159.311027211	0.0402712974759
69.1877943305	0.109373354732
103.491088474	0.0747041187784
63.0811041011	0.117437743108
137.368395657	0.0517830335181
135.250072845	0.0530105688669
92.7955363578	0.0839743174666
112.910843463	0.0683767806771
157.733348245	0.0410702986156
85.8978523672	0.0907174018349
129.624444007	0.0564493581507
95.675574149	0.0811924778322
128.621568644	0.0567359425859
116.888209438	0.0645912328866
92.262701854	0.0862136175349
100.461338883	0.0768451994247
135.982480895	0.0527249712286
109.748777617	0.0694806903998
161.957673143	0.0392751029289
118.269088871	0.0643965090858
114.055870905	0.0663771013204
118.780080559	0.0636563485717
130.063546215	0.0560921959524
100.831352208	0.0769563902905
104.542103497	0.0735490654357
131.945777344	0.0550455097108
124.230641336	0.0597668666264
110.077552323	0.0692621277037
161.340251011	0.0396073838494
92.2753079176	0.0845665494902
148.825612337	0.0454470639562
119.770324123	0.0625952467276
107.164647316	0.0716621286433
97.0166034721	0.0805198863103
89.3138888468	0.0872248607956
111.310602159	0.0689431522231
127.893733729	0.057071493965
113.125431567	0.0682181020743
131.989743742	0.0549921787664
114.19043376	0.0673916261545
111.839412018	0.0682606612121
136.615279769	0.0520118865473
123.883689052	0.0596516042534
167.149965517	0.0371323604714
131.225611109	0.0554717875372
109.604785202	0.0702219087414
108.927618329	0.0710685792882
118.910921887	0.063850007858
138.869683802	0.0509549714008
103.96369142	0.0755416378891
135.199173141	0.0526949763397
158.062353945	0.0411047430341
151.982444198	0.0438568334228
89.7140720155	0.0868992412509
147.920070356	0.0457745302114
122.348150855	0.0614778150273
144.767196506	0.0474356076924
141.678453637	0.0490722620381
119.823352612	0.0632791849359
94.6440397725	0.0820558505605
168.152752954	0.0366846350504
148.901814115	0.0455843580202
148.559743046	0.0456079164148
125.664572011	0.058701039903
106.689321498	0.0719986338987
138.214440569	0.0514302983066
78.9910420416	0.0980391802393
126.613154494	0.0580667428047
147.470861723	0.0463097740515
111.082977118	0.0690200634174
154.015074537	0.0427915623695
167.154219683	0.0370969399485
99.9456522675	0.0777503757825
133.187116953	0.054415656596
110.679225754	0.069737361346
115.571961786	0.0651210140239
152.364773699	0.0436857731923
156.725791432	0.041778054415
91.8142527842	0.0847303332254
147.580995457	0.0459520093325
73.9030917709	0.103658933642
121.673841115	0.0612337216241
164.047323148	0.0384598260202
120.391668049	0.0626693887942
144.754856388	0.0477074498691
97.4614527584	0.0809393986991
113.27198159	0.06682213196
124.132298313	0.0594143436533
108.177828666	0.071104020124
126.272923112	0.0582560716131
102.905046721	0.0751927907123
114.62982082	0.06710083172
135.119010527	0.0529729050039
134.747243526	0.0530792306319
126.178399271	0.0583549336391
138.92386256	0.0510306277484
150.014787719	0.0448587961224
137.132694582	0.0515799841058
137.255350031	0.0516412223117
143.618072142	0.0481638453971
139.82744497	0.0505528848811
130.139170399	0.0562357969173
155.942595105	0.0421598038165
108.390755528	0.0717061975246
153.501470856	0.0433110845663
117.379112258	0.0648318400725
134.725563559	0.0533479657033
169.379847466	0.0362137343809
155.935490102	0.0421600066083
154.837860659	0.0424741425221
141.166506672	0.0497540588383
153.131362349	0.0434903536514
128.979120295	0.0569094059448
127.730629319	0.0578975910554
158.756326537	0.0408160089961
145.494834141	0.0470943650707
147.578073076	0.0463261872538
147.653449353	0.0459670485795
150.244654804	0.0449471525242
146.34612752	0.0467755200426
141.509565381	0.0495813269147
146.423764078	0.0468365080571
147.748679808	0.0462404122624
148.223830851	0.045610479532
136.680628809	0.0523676218163
134.426928824	0.0534362007058
153.730323132	0.0431860135623
148.686158231	0.0456497090063
144.147367836	0.0481519463144
153.536863201	0.0432486148008
149.613453842	0.0452836197933
147.20638437	0.0464057295502
136.229001142	0.052634950904
145.673471614	0.0472001508418
159.266130437	0.0406291902306
140.559662786	0.0500905604104
136.197895012	0.0526557211131
152.764921824	0.043584616887
140.326154939	0.0502220806446
143.30558711	0.048608587725
121.695369269	0.0620104957433
165.403225327	0.037910245969
143.131815188	0.0486615905116
139.555397967	0.0506297563386
126.469356676	0.0586434762371
151.041631816	0.0445511901207
143.210790156	0.0486233421107
167.966670543	0.0368260886441
154.562990292	0.0428158181834
168.194192097	0.0367440279476
160.417887133	0.040091899793
144.20457	0.0480430914879
134.007579044	0.0539045711944
152.369970338	0.0438549114059
137.76905354	0.0516936169518
148.069697354	0.0459903171886
166.754882346	0.0373405715634
142.034441212	0.0492966537137
151.329442607	0.044398897036
145.490708424	0.0473606184199
158.800511752	0.0408320806049
139.859945818	0.0504957047998
161.795975435	0.039479275113
139.00150628	0.0509608248037
136.893773908	0.052228918201
145.809603929	0.0471513690592
144.41337894	0.0479774694775
146.270282636	0.0469143835002
155.741614714	0.0422536243299
145.83779241	0.0471235295739
133.486084566	0.0542102460461
135.476626282	0.0528212797596
129.762257856	0.056510001999
160.249520806	0.040023059896
165.794323643	0.0377485347757
143.945227082	0.0480089484281
150.40228359	0.0448095675426
153.671490814	0.0429845175064
153.848001787	0.0431662088205
153.739299679	0.043132631617
139.034612276	0.0509732823897
161.452521198	0.0396129427226
151.225951054	0.0444217710252
127.434159851	0.057436975343
157.390591807	0.0414431278328
143.648200016	0.048025771902
160.369551448	0.0401271910107
168.921913814	0.0363306755406
141.445505668	0.0496134110243
165.16176655	0.0378151289318
137.995147481	0.051587675387
153.455103464	0.0429963145296
138.950060554	0.0510197007018
152.454129164	0.0436187683876
136.739821281	0.0523315519764
143.367456893	0.0480500125511
152.252554758	0.0439517545587
163.736263533	0.038425302452
132.43390936	0.0549406036375
153.256744406	0.0432393705028
136.26294934	0.0526241383578
135.016396337	0.0528666970434
121.605614889	0.0620527468012
132.167304476	0.0544213541946
137.019313665	0.0521603852711
151.705097224	0.0440202602464
138.22317728	0.0514857157793
134.94736607	0.0529045678685
130.504516183	0.0561585227767
133.986431515	0.0533933640453
167.064267794	0.037229118081
166.803959734	0.0372761149529
136.087551072	0.0521517456962
126.587312316	0.0587050710708
145.08415328	0.0475695816395
137.981037401	0.0516012310929
172.694636599	0.0349189537929
162.180184034	0.0392716755479
148.595245399	0.0457763404337
137.384792555	0.0514341695107
132.442983324	0.0543281793378
137.735531728	0.0513364643979
161.507650306	0.0396350424203
168.207499202	0.0367196342897
149.494810789	0.0451876939251
136.762983147	0.052329069599
136.242079123	0.0520700969428
141.228021305	0.0497671747092
140.513138663	0.0497787375858
149.84651883	0.0450295010185
142.25235228	0.0487986778802
130.593243675	0.0553264176067
146.544364285	0.0467614712025
146.074228899	0.04706231607
144.572415287	0.0476245881413
116.266173152	0.0659453117348
148.261718981	0.045878682012
125.779836888	0.0591735845393
124.850266412	0.059739314058
145.198047269	0.047585435247
155.421508638	0.0421288626201
150.001695524	0.0447971571509
150.508773074	0.0445834239675
108.737771367	0.071743900997
122.047731569	0.0617536341806
150.586906024	0.0447279745085
150.881723675	0.0445268144247
163.185536542	0.0388130588053
126.235654299	0.0588389262088
132.952384027	0.0540682134518
134.5804257	0.0535711690042
139.43085298	0.0504587199853
147.675380588	0.0462430012182
160.027105227	0.040187852677
157.592336881	0.041336584486
137.136294754	0.0517537494387
132.946280431	0.0539855243672
131.123562038	0.0557392711335
135.759374088	0.0524096790224
126.563351254	0.0578823078832
133.658372528	0.0541586822598
159.317678166	0.0405047303858
158.317175714	0.0409917420183
163.488689305	0.0386260491844
158.408616897	0.0408340503431
150.62639627	0.044643307516
161.326675449	0.0395851002267
159.961005998	0.0401964581397
152.039599544	0.0439561445295
166.7018209	0.0372778596196
162.441188684	0.0391086028066
147.73546023	0.046176606187
118.242926218	0.0633918755339
132.778606779	0.0541920636531
155.842533921	0.0419795045145
161.68484182	0.0394065916384
170.125605736	0.0359153560408
169.336449859	0.0362595016971
147.324989894	0.0463961407589
152.503468709	0.0437740675886
168.410599241	0.0365901760508
159.020145758	0.0406973264842
161.276899666	0.0396598777887
165.263217325	0.0378387510917
135.051684721	0.0532980976826
141.003799769	0.0498487852474
168.538973384	0.0364933630937
165.072698842	0.0379600506536
170.592424134	0.0356505110735
166.297663249	0.0373903872373
151.291991808	0.0440944213497
173.227170223	0.0346193523528
155.123771631	0.042225976288
158.151746346	0.0409701077641
156.298251139	0.0417724301208
173.061384758	0.0346785589592
169.679347201	0.0359481783462
174.220530839	0.0342129673439
157.413638089	0.0411883006236
173.639167014	0.0344194595915
156.113050834	0.0418997104924
160.912289239	0.0397380695449
169.292917416	0.0360810146168
158.775727156	0.0406240783453
163.188364786	0.0386280713702
161.717604993	0.0393584529565
166.926173001	0.0370575610024
162.325562993	0.0391224207899
166.542882152	0.0374140275349
152.792900824	0.0432405038319
166.636193176	0.0373252314313
140.100068335	0.050384031075
154.684234107	0.0427042959132
148.553508588	0.0453933972057
155.487849685	0.0420163610017
172.374890345	0.0349032055044
159.550820988	0.0403872521689
170.390830273	0.0356658040943
163.385311838	0.038718237179
154.88897519	0.0424544727094
156.786615859	0.0416999359344
173.085887633	0.0346415514856
154.240426968	0.0429194637142
159.463852403	0.0403920782721
157.658519799	0.0413211208396
169.538659172	0.0361774861976
176.991553817	0.0332196444252
167.894427455	0.0367417946594
179.141496134	0.0324458132775
174.831284079	0.0340245577538
162.326185678	0.0391016754994
162.251605017	0.0390114226413
164.284211046	0.0382981848164
153.472312157	0.0429951489326
155.965097375	0.0421150425833
165.108647608	0.0379830784782
180.84000945	0.0318157901507
158.096750123	0.0410007394059
132.031484617	0.0551783626623
168.950577806	0.0363366357595
142.7483337	0.0483794094735
163.163504636	0.0387041285928
173.30724747	0.0345340819193
158.132651059	0.0411301432618
163.162820452	0.0388554004445
157.593054638	0.041240642696
156.669110056	0.0418004020358
155.660818234	0.0422790798264
168.493479694	0.0366021481643
146.77877689	0.0467301004638
166.03892129	0.0374535262477
167.330787768	0.037033950916
166.789235613	0.0372181983484
177.40729609	0.0330356971871
146.779011637	0.0467063842222
155.278227084	0.0424719233784
166.634616654	0.0372501244016
169.943879293	0.0359525136035
148.770410883	0.0452178952736
162.920306531	0.0387988222277
162.557955769	0.0391201143874
168.123783445	0.0367293591483
165.889640876	0.0376699205736
158.421363981	0.0409849213013
150.245772978	0.0449138806011
173.073865735	0.0346815962017
173.5462557	0.0345356871123
161.145823214	0.0396957795937
173.084746294	0.0345752426665
158.764044543	0.0408081503235
184.126486868	0.030644870358
165.948588497	0.0374200102101
158.626305021	0.0406117828942
182.882547193	0.0310630259811
180.381846935	0.0319862927279
170.040475222	0.0358960537985
176.550994167	0.0333938924412
164.510818362	0.0381722082711
175.964304249	0.0335618126526
171.699338196	0.0352620257188
166.043860268	0.0375212235479
170.163894449	0.0358779545344
171.540704323	0.0353497125587
172.309332842	0.0350362546875
159.0472625	0.0403660710331
164.066073142	0.0382108886952
166.780195651	0.03717022118
174.36412493	0.0341128926768
171.452709857	0.0353528066932
176.678217343	0.0331907627326
166.117544922	0.0373594126527
176.72479229	0.0333474299013
174.115112815	0.0342152333166
167.6826447	0.0366362092357
161.550486082	0.0392203268339
172.593141195	0.0347739996182
177.362642	0.0331025734113
171.76140318	0.0351972360808
164.745900386	0.0381555804554
171.120404259	0.0355130479188
180.035521138	0.0320229028571
162.159971292	0.0389677813808
163.112669086	0.0388664759902
177.93975655	0.0328858033315
182.923725889	0.0310819220379
181.833845319	0.0314548194254
166.57593911	0.0373614539188
176.393546313	0.0334851348051
183.312916377	0.0309795572747
184.75881559	0.0304265082034
176.275842243	0.0335221959005
164.98590734	0.037762869245
182.195958723	0.0312821416921
182.433332276	0.0312397888464
181.365521246	0.031639419826
177.986166117	0.0328439660381
156.893998833	0.0416307658878
182.45248798	0.0312910461893
182.400904665	0.0312561749701
171.255480967	0.0354583603178
178.186042239	0.0328118051769
163.42897317	0.0387112623379
187.371794804	0.0295973002498
171.678840369	0.0353141933483
167.654673331	0.0369456322202
172.882697516	0.0347897630027
167.208493164	0.0368351103908
180.741580087	0.0318962289384
187.283585093	0.0295586403381
182.653203919	0.0312083939636
178.681374296	0.032530102345
181.830394176	0.0314209607772
174.956677388	0.0338881279235
168.835458356	0.0362345681343
177.369549532	0.0330155899831
165.963912387	0.037621288639
183.081898891	0.0310746698665
171.658889136	0.0353179847698
174.349205143	0.034139706915
184.354634551	0.0306324039741
189.312099733	0.0289570887045
179.008778518	0.032541882406
166.974894375	0.0372216695415
184.972138691	0.030422264378
184.15153469	0.0307289578285
175.60810981	0.0338051398012
186.287888369	0.0299764262
182.794953269	0.0311829812445
184.913833355	0.0304532386785
179.361344446	0.0323871397209
183.622654032	0.0308963412135
187.983696935	0.029427738666
188.141258118	0.0293648627407
183.991990488	0.0307478430837
175.966064778	0.033628980703
193.428040142	0.0276602855342
184.739091771	0.0304768754667
189.879346326	0.0287671868772
178.395330441	0.0326513843548
183.776814177	0.0307749421137
175.794446902	0.0335861753035
181.749281886	0.0314723896869
185.121708052	0.0303369277853
177.404435932	0.0330911069307
182.546147429	0.0312295167131
179.243153497	0.0324603527336
174.250713179	0.0343231104991
187.738535406	0.0295316450981
180.123303428	0.0320912498286
180.835593138	0.0317249755336
183.251391435	0.0309488926671
190.202032154	0.0286534128338
181.115822877	0.0317238041623
191.410282375	0.028296293389
189.260338812	0.0289618413731
187.068179102	0.02966761754
178.861391701	0.0325580088622
193.754211067	0.0275264246421
193.729922036	0.0275510212643
185.480605718	0.0301958289876
186.512963217	0.0299047750429
190.829017018	0.0284507929939
177.645771307	0.0330368124041
188.683964905	0.0291675687047
180.805574525	0.0319141623557
187.565098126	0.0294962400961
185.878964768	0.0301430339491
188.131617526	0.0293238537532
171.740060611	0.0352872253361
183.348288185	0.0310332900762
169.658589369	0.0361332837673
171.189220551	0.0355232650323
186.946572623	0.0297579236113
179.338760139	0.0323250616653
184.481803412	0.0304249786364
173.555498529	0.0345739136762
193.78482075	0.0275294063672
186.797787188	0.029825767563
187.875447476	0.0294160755235
183.601199659	0.0307243610003
187.060518226	0.0296787932171
176.003902201	0.0333683304948
183.335297302	0.0309812540693
184.425991988	0.030482857064
183.596513985	0.0308797172754
188.181746138	0.0292855651812
180.560988583	0.0317780541045
183.948944487	0.0307711601974
180.499135964	0.0317869588335
183.509973684	0.0309241521547
185.304415063	0.0303227353712
188.619487101	0.0290794589591
189.127279114	0.0290449122046
185.729275791	0.0301193846689
187.699158443	0.0295104358981
186.154860754	0.0300236360467
192.695044732	0.0279025508039
193.082263177	0.0277651944143
187.984931442	0.0294148002682
186.832320748	0.0298136632216
185.593915437	0.0302345134239
186.601407635	0.029897988762
184.795455808	0.0305215995169
186.416446898	0.0299700736506
188.160620515	0.0293437216384
188.116520776	0.0293562884563
182.287583022	0.0313312370094
183.826960421	0.0308425478169
184.661617502	0.0305192732621
181.594275523	0.031619528778
188.468813623	0.0292348573553
188.581803513	0.0291899848565
187.820939353	0.0294532325232
188.05391238	0.0293611835373
190.698514624	0.0285102779306
193.00337877	0.0277754558451
192.837766647	0.0278322474161
189.901223548	0.0287657526928
188.223823383	0.0293409133956
194.150467755	0.0274261098644
188.600312677	0.0292204380303
189.165330247	0.0289675538653
185.308399298	0.0303308559107
186.863667884	0.0297122670256
187.911188167	0.029435411061
189.632115322	0.0287580830661
190.476291448	0.0286146623575
186.425176139	0.0298692067829
185.088946846	0.0303905582763
184.746190165	0.0304114085175
190.559462799	0.0285997113547
185.574387543	0.030187120999
187.735262616	0.0293553315703
187.632574787	0.0295454846113
188.986494959	0.0290720035503
186.28006739	0.0299535688021
188.474437501	0.0291590646591
182.636099111	0.0310998881256
183.652532457	0.0308713685162
187.401529618	0.0294986581479
183.239248505	0.031024952422
186.935900625	0.0297426109454
191.524991997	0.028252570515
189.682107676	0.0288463921001
185.971929383	0.0300892768973
191.247253114	0.0283415851115
188.522617331	0.0291942518
189.826976524	0.0288340354989
192.468089161	0.0279303345931
191.411515456	0.0283062289712
193.437120044	0.0276592181049
191.817602223	0.0281882319614
187.230885115	0.0296657326775
186.046973834	0.030079313889
185.532288138	0.0302612393224
184.53133982	0.0305872024778
182.299661378	0.0313801127313
193.042488635	0.0277925848174
188.068809162	0.0294120445494
186.945504129	0.0297565904737
189.861002148	0.0288208401501
191.412064583	0.0283201262886
188.620407568	0.0291836425203
186.491640555	0.0298808261694
189.579346911	0.0288625778729
187.733972666	0.0294830596449
192.718687571	0.0279031757283
187.241072125	0.0296479569675
188.526473615	0.0291984096668
186.671214824	0.0298013380479
190.300849513	0.0286084697678
187.385547439	0.0296104479597
189.827679465	0.0287877070492
189.218754075	0.0290366764105
190.525270292	0.0285640443379
196.504749696	0.0266857085586
188.15408115	0.0293712374843
189.138632559	0.0289917622839
190.499623217	0.028491768927
191.097129705	0.0283883765378
190.930650753	0.028365990526
187.554040777	0.0295570985383
188.851539369	0.0290828220711
192.974534015	0.0278033105788
193.939201359	0.0274416372869
193.932378013	0.0274692347258
193.947026306	0.0274457793442
194.973338153	0.0271746061688
194.388229105	0.0273187938199
195.122286549	0.0271296022671
192.774813642	0.0278541910201
193.613918038	0.0276072612711
196.465768961	0.0267363626821
195.074948356	0.027172900236
192.663531286	0.0279348042688
193.657934648	0.0276306745843
192.734081616	0.0279122400365
192.189559039	0.0280790924186
189.242124195	0.0290216263539
192.636065378	0.0279473883565
192.744278817	0.0278917073195
196.165905073	0.0268548982729
192.429703317	0.0280027013668
194.197196428	0.0274417286498
194.509758077	0.0273667946128
194.513097761	0.0273449312036
197.566432227	0.0264225085051
191.134873556	0.0284074861711
192.720937935	0.0279139529294
194.184837605	0.0274482732756
192.571707453	0.0279450098896
192.399712553	0.0279729839687
192.378482661	0.027984375708
193.943925942	0.0274897051248
196.112206781	0.0268057034954
191.818457165	0.0281933222363
193.632608312	0.0275923967675
195.632824095	0.0270129109328
196.375270756	0.0267186669193
196.081688583	0.0268599286159
194.895951062	0.0271616065223
196.95356232	0.0266037209513
197.325887294	0.0264377878583
197.051671034	0.0265720445113
195.220600362	0.0271064123856
195.294842008	0.027105445796
199.329477393	0.0258958973446
198.634540751	0.0261051280383
197.59528899	0.0264189768177
197.13179807	0.0265670954985
198.744309375	0.0260880127165
197.696794111	0.0263936693151
197.332166348	0.0265215239868
197.331620189	0.026505041841
197.177667651	0.0265731383114
198.67164276	0.0261219224569
197.059965643	0.0266027825087
195.578335735	0.0270360971189
196.436820934	0.0267741240873
198.663087698	0.0261086254636
198.431455881	0.0261774929722
198.297438929	0.0262105472982
200.199356529	0.025677109296
199.973415078	0.0257370017609
198.81394531	0.0260677633187
199.50846819	0.0258564660915
197.859829611	0.0263475190071
197.450345326	0.0264698423468
200.44161441	0.0255985551046
201.15621854	0.0253970750135
200.193961719	0.0256527741091
198.181940427	0.0262530289719
197.089456972	0.0265692876906
198.90778226	0.0260483264059
197.578574063	0.0264143975461
197.487403714	0.026452800987
199.181827058	0.0259301436701
199.725721441	0.025797664542
199.606822552	0.0258345508612
197.782499434	0.0263472870817
197.809355525	0.0263598098439
200.277893035	0.0256268808762
199.578592014	0.0258560170704
200.622677055	0.0255322518461
201.007011985	0.0254362552625
200.643500264	0.0255493663794
198.848915065	0.0260606844935
201.352182011	0.0253297905206
199.558629336	0.0258476477447
201.2045445	0.0253983978371
201.309177245	0.0253455772415
200.787276676	0.0255210091737
201.184103811	0.0253817326732
202.058973037	0.0251350617605
201.601210272	0.0252624473131
202.47232865	0.0250161516542
201.192790407	0.0254009505192
202.824190684	0.0249286483474
202.650663014	0.0249802784804
202.831400591	0.0249142783741
200.70414638	0.0255205789229
203.100283177	0.0248534304156
202.868075783	0.0249273010625
202.412691211	0.025031737514
202.32964442	0.0250831780224
202.645922942	0.0249664066729
202.597589292	0.0250079229701
201.856075442	0.0251886310779
200.983349385	0.0254399532406
202.003444794	0.0251456372311
196.107377781	0.026889872858
190.71372159	0.028562520848
199.344212648	0.0259359778713
191.55233156	0.0282443990838
192.67731273	0.0279012415999
199.504119831	0.0258567290333
199.421102723	0.0258937519201
190.145217799	0.0287269523023
199.465133706	0.0258777227493
201.187255505	0.0254107106227
201.815454768	0.0252022339389
196.139234637	0.0268439594113
203.966935654	0.0246083888248
202.235524709	0.0250852969727
199.192760466	0.0259685534737
200.860440892	0.0255003450853
200.355686781	0.0256583202595
198.86867294	0.0260835954846
198.996392039	0.0260210264299
203.075141422	0.0248789399429
199.398816345	0.0259318479159
202.343117593	0.025060923751
200.729861058	0.025542476202
199.330187497	0.0259554940966
197.152289958	0.02658456979
200.071812119	0.0257067887575
197.879152269	0.0263468834375
200.381046024	0.0256190691467
197.894739531	0.026341328705
197.639735288	0.0264257603244
199.830646021	0.0257795107288
201.219285476	0.0254021213783
202.28352553	0.0250961910981
200.677982167	0.0255238733156
199.27302886	0.0259402035974
200.57661196	0.0255891857871
202.435444978	0.0250395885826
200.693149861	0.0255243948713
200.033219354	0.0257518060803
201.623937273	0.0252580442527
201.348711118	0.0253416803399
201.916799682	0.0251758388818
201.565339778	0.0252932166427
201.521875045	0.0252883630009
200.349104602	0.0256372761675
200.804843766	0.0254943141938
200.803725069	0.0255263470711
202.893259736	0.0249082701745
201.9182561	0.0252084857211
201.441606973	0.0253433281019
200.85272466	0.0255095279197
203.525361697	0.0247219141687
201.998750917	0.0251529742417
202.303341688	0.0250664965783
202.992459204	0.024902703915
203.573573781	0.024741832153
203.089556486	0.0248757437066
204.205970509	0.0245656597181
204.449562195	0.0244901970109
205.091520023	0.0243042442567
205.013364531	0.024321948216
204.462051988	0.0244636188146
204.457822131	0.0244939207143
205.076188535	0.0242959422741
205.509417872	0.0241959026126
206.227750213	0.0239859971495
204.366520861	0.0244847080486
205.508814004	0.0242042125508
206.083059028	0.024042574228
204.94598517	0.0243578116195
204.787495657	0.0243748581459
203.800416997	0.0246410224713
203.642967664	0.0246854933056
205.958446276	0.0240803506882
204.916923625	0.0243620402419
206.006044445	0.0240458086299
205.653497001	0.0241423586466
204.713554219	0.0243883236813
203.941436716	0.0246020507937
204.119517096	0.0245529236246
205.303614883	0.0242475927964
206.122406835	0.0240315227529
205.509708312	0.024197318802
205.248484477	0.024267451974
206.090346545	0.0240388951538
204.812934934	0.0243680605186
205.28670246	0.0242547327188
205.657504306	0.0241539669112
204.959729603	0.0243433023057
205.276022572	0.024257467637
206.124865039	0.0240286691248
204.504889086	0.024455089756
206.205964116	0.0240080006765
204.82355589	0.0243777094822
204.40602305	0.0244789001846
203.389201987	0.0247598333726
203.46800144	0.0247363169183
203.385057839	0.0247644202266
205.167360255	0.0242822581499
204.720545612	0.0244127740556
204.394715119	0.0244993708424
205.051209126	0.0243214190319
204.826553593	0.024368353098
205.306231966	0.0242514702413
205.774061466	0.0241246197404
205.813264504	0.0241152683119
205.740837261	0.0241333026408
205.852498115	0.0241028573367
204.957210757	0.0243281980275
205.995657438	0.0240584641622
205.81428155	0.0241119573304
204.54786966	0.0244554866767
205.786507137	0.0241180777972
206.062233442	0.0240437208149
206.194265854	0.0240091833206
206.032420973	0.0240563867944
205.007956776	0.0243283206798
205.755725812	0.0241310196356
206.000540377	0.0240604216934
205.797766864	0.0241199595309
205.809272617	0.0241121686367
205.280989612	0.0242464349936
205.293741813	0.0242312428471
205.026888809	0.0243010067569
206.471268053	0.0239268917177
206.518419405	0.0239255974633
206.257446167	0.0239941585078
205.604190623	0.0241701003502
205.681739457	0.0241354970016
206.737804679	0.0238492615142
206.559031101	0.0239127125733
207.584057214	0.0236351719938
206.899217794	0.0238228941984
205.342110151	0.0242415837139
206.585376769	0.0239043404086
206.233931796	0.0239800045893
206.53614627	0.0239070480093
206.522138161	0.0239026659653
206.054831865	0.0240236336591
206.577085828	0.0238812676779
207.042095965	0.0237797132359
206.672605835	0.023882786487
207.085512109	0.0237614200657
206.844317092	0.0238363682605
206.607830763	0.0238782801436
206.902078987	0.0238207572649
206.553377471	0.0239170348225
207.353590958	0.0236983926034
206.372036543	0.0239674278033
207.124995815	0.0237514410426
206.429101283	0.0239505075604
206.773927496	0.0238538700708
207.21268163	0.0237355918223
207.669793439	0.0236148954929
206.834705222	0.0238294516135
207.67912741	0.0235994898903
207.133022032	0.0237604952784
206.402562174	0.0239566820131
205.481962822	0.0242058862249
206.623262239	0.0238843375802
206.853724114	0.0238261583395
206.150265099	0.0240281042897
206.632564375	0.02389611584
206.402922986	0.0239589847353
206.874983161	0.0238302711958
207.424915903	0.0236665848399
206.311215396	0.0239527358419
207.958474805	0.023537632051
206.79896795	0.0238503814863
207.767497836	0.0235890464594
208.255725279	0.023453582117
209.837407828	0.023040168604
207.895569275	0.0235566837901
207.393583561	0.0236898046377
208.086290677	0.0235018403118
208.184665104	0.0234559460587
208.566045498	0.0233800103405
208.266040577	0.0234448348854
208.75225661	0.023301751233
208.396179331	0.0234157328077
209.626571516	0.0230850785331
208.730386497	0.0233083440864
209.898192213	0.0230225045855
208.875842321	0.0232955907264
209.319157789	0.0231789136954
208.755725916	0.0233265041114
210.093875934	0.0229615227977
209.713531043	0.0230471056018
209.781303972	0.0230273158045
209.935887212	0.0230090142894
210.68752342	0.0228128348179
209.982336185	0.0229996108635
210.832175775	0.0227853930749
210.540778683	0.0228553681077
210.972441443	0.0227299691013
210.150461491	0.0229577487809
211.28885899	0.0226638228301
210.173831884	0.0229530169867
211.362121191	0.0226454034064
210.985331393	0.0227320261118
211.214513437	0.0226849477522
211.076295407	0.022699610212
211.210218314	0.0226541508506
210.952542498	0.0227229015042
211.79743296	0.0225140702323
210.982720102	0.0227158082094
212.009808155	0.0224693516339
211.21907407	0.0226597778087
212.00859573	0.0224565570565
211.01318476	0.022704945378
211.539529016	0.0225667410176
211.536449072	0.0225891547094
212.030745159	0.0224744013316
211.630052215	0.022572462653
212.322192946	0.0223990692508
211.915069304	0.0224866611953
212.293292102	0.0223812347974
211.698437018	0.022528482844
212.628441776	0.0223018237797
212.03396436	0.0224452586526
212.63520385	0.0222998103054
212.226298246	0.0223978818706
212.645568422	0.022289424562
212.193397324	0.0224006316131
212.941169767	0.0222337471678
212.745636722	0.0222785108723
213.013128908	0.0222048870583
212.831190987	0.0222616681979
213.064002834	0.0221971283945
212.950021599	0.02222938933
212.928255207	0.022244484506
213.135069527	0.0221873615711
213.022524488	0.0222058887501
213.517647632	0.0220858332098
213.538542408	0.0220928144214
213.645716466	0.0220621229265
213.538487068	0.0220833749942
214.227007226	0.0219156270363
213.481068813	0.0221017695284
214.301717716	0.0218998657731
213.369581759	0.0221277190481
214.583416566	0.0218291016891
213.419888981	0.0221147266993
214.524179635	0.0218418325571
213.513245699	0.022094276427
214.634225441	0.0218151885623
213.5788407	0.0220746437622
214.782416498	0.0217816199877
213.5187138	0.0220900908875
214.998461717	0.021723667446
213.516375346	0.0220869391017
214.779172603	0.0217775095496
213.538403852	0.0220892517972
214.885471176	0.021757248423
213.572932995	0.0220762232042
214.895556106	0.021750743131
213.506088706	0.0220988818384
214.737483218	0.0217928036717
213.566255391	0.0220824261465
215.198281936	0.0216739678076
213.769239337	0.0220307222281
215.107917963	0.0217051976568
213.77712537	0.0220291148394
214.898869998	0.0217547228491
213.976348026	0.0219775300809
215.268542203	0.021647652336
213.94023712	0.0219728438969
215.267038332	0.0216620718679
214.016616495	0.0219600246123
215.27221654	0.0216537480072
214.216228191	0.0219204783204
215.35161224	0.0216341310837
214.331269072	0.0218858866753
215.313519317	0.0216437634592
214.430775667	0.0218556824394
215.348016357	0.0216371611377
214.603654147	0.0218154624852
215.279765588	0.0216552570437
214.586353343	0.021824583642
215.289952487	0.0216568932197
214.688734394	0.0218012063069
215.125378831	0.0216969384419
214.821064694	0.021771861105
214.895356033	0.0217564215466
214.867816562	0.0217549177115
214.930274136	0.0217475994529
214.872266454	0.0217617945452
214.832538059	0.0217638418076
214.91704623	0.0217478758813
214.834289361	0.0217743769639
214.964364115	0.0217288680371
214.97434454	0.0217333350843
215.171095436	0.0216799263463
214.819192909	0.0217740113679
215.224920142	0.0216651337894
214.956631503	0.0217379962037
215.372934878	0.0216244079295
214.898103754	0.0217394606633
215.218522914	0.0216504539451
214.864095028	0.0217418754595
215.369968008	0.0216167413247
215.200290637	0.0216755080019
215.72716359	0.0215481169431
215.236937051	0.0216702682074
215.968498163	0.0214904861513
215.640197891	0.0215661057543
216.139516431	0.0214416059748
216.00620288	0.0214770272713
218.185030395	0.0209503962161
223.397617496	0.0197672124256
227.891531852	0.0188116348641
231.841972776	0.0179945414636
235.108498319	0.0173516172124
238.238340106	0.0167433289203
240.851286714	0.0162607629418
243.523295106	0.0157839457866
245.840841246	0.0153803338292
247.769901892	0.0150519567024
249.297630741	0.0147865114054
250.569477088	0.0145806485918
251.847145539	0.0143709084206
252.826490522	0.0142160882324
254.078487043	0.0140068340311
254.98694807	0.0138643767696
255.659533273	0.0137622977935
256.581329837	0.0136139378417
257.222995418	0.0135143273263
257.735138962	0.0134379605227
258.219025668	0.0133692263686
258.729033891	0.0132916169202
258.980428562	0.013257224241
259.322577686	0.0132038150703
259.580623081	0.0131682560583
259.815270812	0.0131357394666
260.080483127	0.013094997524
260.3974168	0.0130488141773
260.474031711	0.0130363884482
260.558299005	0.0130236877242
260.64470545	0.0130105253852
260.075498515	0.0130900107043
260.013101506	0.0131044205624
260.157179878	0.0130788804113
259.972022976	0.0131096330817
260.301896917	0.0130608439392
260.120213831	0.0130860593006
259.863608857	0.013114806168
259.45704096	0.0131722604557
259.349572232	0.0131869538178
259.34551619	0.0131779712197
259.721748936	0.0131173028794
259.691977982	0.0131245732292
259.583540555	0.0131369256784
259.598570159	0.0131330536225
259.548531337	0.0131378911441
259.50045743	0.0131440840534
259.397980451	0.013157600512
259.324144639	0.0131672373245
258.868796134	0.0132335577924
258.195772108	0.0133320725122
257.758265556	0.0133970413363
257.961594178	0.0133667040867
259.672778683	0.0131266105219