100	-0.04428	0.0	0.99658994541	0.00341005458982	0.0
104	-0.03364	1.3395170914e-25	0.679543672915	0.319238231981	0.00121809510424
105	-0.0377	0.0	0.0	1.0	0.0
107	-0.03895	0.0	0.0	1.0	0.0
11	-0.09266	1.0	0.0	0.0	0.0
113	-0.04482	1.0	0.0	0.0	0.0
114	-0.007484	0.0	0.0	1.0	0.0
115	0.000257	1.0	0.0	2.85718967076e-132	0.0
116	0.04264	0.000795592244379	0.969316253332	0.0298881544239	0.0
117	0.02301	0.0	1.0	0.0	0.0
118	0.05342	0.0	1.0	0.0	0.0
119	0.08054	0.0	0.797116925298	0.0	0.202883074702
121	0.08818	0.0	0.0	0.0	1.0
125	0.1739	0.0	0.0	0.0	1.0
126	0.4881	0.0	1.0	0.0	0.0
127	0.6285	0.0	0.0	0.0	1.0
128	2.269	0.0	0.908615045479	0.0	0.0913849545215
165	-0.09667	0.0	1.0	0.0	0.0
166	-0.09116	0.0	0.731757462806	0.0	0.268242537194
167	-0.1186	0.0	3.55303072069e-21	0.0	1.0
168	-0.112	0.0	0.0	0.0	1.0
17	-0.1318	1.0	0.0	0.0	0.0
170	-0.08355	0.0	0.0	1.0	0.0
172	-0.07423	0.0	1.0	0.0	0.0
175	-0.08169	0.0	1.0	0.0	0.0
176	-0.05785	0.0	0.0	1.0	0.0
178	-0.05836	0.0	0.0	1.0	0.0
189	-0.02475	0.0	0.0	1.0	0.0
190	-0.02266	0.451975704159	0.0	0.548024295841	0.0
191	-0.02476	0.0	0.0	1.0	0.0
192	-0.02162	0.0	0.0	1.0	0.0
193	-0.02639	0.999822420322	0.0	0.00017757967842	0.0
194	-0.01012	0.924492550958	0.0	0.0755074490419	0.0
195	-0.009189	1.0	0.0	0.0	0.0
196	0.01412	1.0	0.0	0.0	0.0
197	0.01767	0.23369467511	0.0	0.76630532489	0.0
198	0.04936	0.987800954252	0.0	0.012199045748	0.0
199	0.06618	1.0	0.0	0.0	0.0
200	0.09856	0.000343405657293	0.0	0.999656594343	0.0
201	0.06788	0.999888041763	0.0	0.000111958237009	0.0
202	0.0232	0.47175204166	0.0	0.52824795834	0.0
206	-0.007793	0.881286413263	0.0	0.118713586737	0.0
207	-0.000877	1.0	0.0	0.0	0.0
208	-0.01868	0.0450194174754	0.0	0.954980582525	0.0
211	-0.0194	3.42973713638e-06	0.0	0.999996570263	0.0
23	-0.09443	0.531973595876	0.0	0.468026404124	0.0
24	-0.08261	0.0	0.0	1.0	0.0
25	-0.0897	1.0	0.0	0.0	0.0
26	-0.09175	0.0	0.0	1.0	0.0
39	-0.08633	0.0	1.0	0.0	0.0
40	-0.07082	0.0	0.328814208894	0.0	0.671185791106
41	-0.03994	0.0	1.0	0.0	0.0
42	-0.02391	0.0	0.983497655951	0.0	0.0165023440493
43	-0.02874	0.0	1.0	0.0	0.0
45	-0.03346	0.0	0.438747956696	0.0	0.561252043304
46	-0.04094	0.0	0.999816807041	0.0	0.000183192959132
47	-0.0288	0.0	0.0	0.0	1.0
48	-0.03182	0.0	0.457713336759	0.0	0.542286663241
49	-0.04651	0.0	1.0	0.0	0.0
53	-0.06833	0.0	0.0	0.0	1.0
54	-0.0678	0.0	0.418871777756	0.0	0.581128222244
6	-0.0655	0.0	0.0	1.0	0.0
61	-0.07107	0.0	1.0	0.0	0.0
62	-0.05228	0.0	0.0133357387412	0.0	0.986664261259
63	-0.05334	0.0	0.0	0.0	1.0
64	-0.06482	0.0	0.0	0.0	1.0
65	-0.05995	0.0	1.0	0.0	0.0
66	-0.05697	0.0	1.0	0.0	7.54912773367e-19
67	-0.06157	0.0	0.0	0.0	1.0
68	-0.06631	0.0	1.0	0.0	0.0
69	-0.0568	0.0	1.0	0.0	2.94461522235e-14
7	-0.08163	0.0	1.0	0.0	0.0
70	-0.05479	0.0	0.0	0.0	1.0
72	-0.05917	0.0	0.0	0.0	1.0
73	-0.0528	0.0	0.0	0.0	1.0
74	-0.05384	0.0	0.695987971143	0.0	0.304012028857
76	-0.05807	0.0	0.536499646267	0.0	0.463500353733
79	-0.0535	0.0	0.0	1.0	0.0
80	-0.05342	0.743233864431	0.0	0.256766135569	0.0
84	-0.1192	0.0	0.0	1.0	0.0
86	-0.09779	0.0	1.0	7.21081303116e-132	0.0
90	-0.05548	0.0	1.0	0.0	0.0
91	-0.05426	0.0	0.0	0.33433412609	0.66566587391
92	-0.06173	0.0	0.0199911620406	0.0	0.980008837959
94	-0.04744	0.0	0.994998673333	0.00500132666697	0.0
95	-0.04857	0.0	0.968146012094	0.0	0.0318539879064
97	-0.04454	0.0	0.388961901832	0.611038098168	0.0
98	-0.04047	0.0	0.920045786327	0.00964033083429	0.0703138828382
99	-0.04312	0.0	0.0292407083332	0.970759291667	0.0