100	-0.04482	0.0	0.999999999987	1.29356803328e-11	0.0
104	-0.03375	0.0	0.715097207403	0.284902792597	8.51465392984e-23
105	-0.03772	0.0	0.0	1.0	0.0
107	-0.03894	0.0	0.0	1.0	0.0
11	-0.09994	1.0	0.0	0.0	0.0
113	-0.0456	1.0	0.0	0.0	0.0
114	-0.006754	0.0	0.0	1.0	0.0
115	0.001878	1.0	0.0	0.0	0.0
116	0.04591	0.0	0.999995474762	4.52523789956e-06	0.0
117	0.04062	0.0	1.0	0.0	0.0
118	0.06933	0.0	1.0	0.0	0.0
119	0.1009	0.0	0.0	0.0	1.0
121	0.1121	0.0	0.0	0.0	1.0
125	0.1952	0.0	0.0	0.0	1.0
126	0.4877	0.0	1.0	0.0	0.0
127	0.6293	0.0	0.0	0.0	1.0
128	2.263	0.0	0.999999258357	0.0	7.41642614032e-07
165	-0.07677	0.0	1.0	0.0	0.0
166	-0.1024	0.0	0.986354164803	0.0	0.0136458351967
167	-0.169	0.0	1.0	0.0	0.0
168	-0.1412	0.0	0.0	0.0	1.0
17	-0.1299	1.0	0.0	0.0	0.0
170	-0.1015	0.0	0.0	1.0	0.0
172	-0.08536	0.0	1.0	0.0	0.0
175	-0.09771	0.0	1.0	0.0	0.0
176	-0.06672	0.0	0.0	1.0	0.0
178	-0.06589	0.0	0.0	1.0	0.0
189	-0.02533	0.0	0.0	1.0	0.0
190	-0.02285	0.376416509858	0.0	0.623583490142	0.0
191	-0.02483	0.0	0.0	1.0	0.0
192	-0.02145	0.0	0.0	1.0	0.0
193	-0.0261	1.0	0.0	0.0	0.0
194	-0.009092	0.99974013677	0.0	0.000259863229696	0.0
195	-0.007866	1.0	0.0	0.0	0.0
196	0.01696	1.0	0.0	0.0	0.0
197	0.02097	0.00350961484016	0.0	0.99649038516	0.0
198	0.05468	1.0	0.0	3.76080659821e-237	0.0
199	0.07257	1.0	0.0	0.0	0.0
200	0.1038	0.0	0.0	1.0	0.0
201	0.07182	1.0	0.0	0.0	0.0
202	0.02608	0.576895934939	0.0	0.423104065061	0.0
206	-0.004475	0.877362719828	0.0	0.122637280172	0.0
207	0.002244	1.0	0.0	0.0	0.0
208	-0.01582	2.68724213364e-06	0.0	0.999997312758	0.0
211	-0.01723	0.0	0.0	1.0	0.0
23	-0.08929	0.469982844592	0.0	0.530017155408	0.0
24	-0.0783	0.0	0.0	1.0	0.0
25	-0.08543	1.0	0.0	0.0	0.0
26	-0.08835	0.0	0.0	1.0	0.0
39	-0.07497	0.0	1.0	0.0	0.0
40	-0.05804	0.0	4.00030324921e-13	0.0	1.0
41	-0.04139	0.0	1.0	0.0	0.0
42	-0.01494	0.0	0.987686281053	0.0	0.012313718947
43	-0.02731	0.0	1.0	0.0	0.0
45	-0.03742	0.0	0.475419511608	0.0	0.524580488392
46	-0.04142	0.0	1.0	0.0	0.0
47	-0.02129	0.0	0.0	0.0	1.0
48	-0.02606	0.0	0.428976350142	0.0	0.571023649858
49	-0.04177	0.0	1.0	0.0	0.0
53	-0.05779	0.0	0.0	0.0	1.0
54	-0.03824	0.0	0.43411325244	0.0	0.56588674756
6	-0.06696	0.0	0.0	1.0	0.0
61	-0.06579	0.0	1.0	0.0	0.0
62	-0.05004	0.0	0.0	0.0	1.0
63	-0.04945	0.0	0.0	0.0	1.0
64	-0.0621	0.0	0.0	0.0	1.0
65	-0.058	0.0	1.0	0.0	0.0
66	-0.05513	0.0	1.0	0.0	0.0
67	-0.05966	0.0	0.0	0.0	1.0
68	-0.06508	0.0	1.0	0.0	0.0
69	-0.05589	0.0	1.0	0.0	0.0
7	-0.0861	0.0	1.0	0.0	0.0
70	-0.05406	0.0	0.0	0.0	1.0
72	-0.05895	0.0	0.0	0.0	1.0
73	-0.05279	0.0	0.0	0.0	1.0
74	-0.05413	0.0	0.94348542223	0.0	0.0565145777702
76	-0.05883	0.0	0.493460086229	0.0	0.506539913771
79	-0.05304	0.0	0.0	1.0	0.0
80	-0.05289	0.931870204584	0.0	0.068129795416	0.0
84	-0.1201	0.0	0.0	1.0	0.0
86	-0.1012	0.0	1.0	0.0	0.0
90	-0.05898	0.0	1.0	0.0	0.0
91	-0.05726	0.0	0.0	0.405407333574	0.594592666426
92	-0.0647	0.0	7.52143703486e-05	0.0	0.99992478563
94	-0.04928	0.0	1.0	3.00352420593e-147	0.0
95	-0.05019	0.0	0.999999947603	0.0	5.23974832086e-08
97	-0.04561	0.0	0.216477558714	0.783522441286	0.0
98	-0.04131	0.0	0.99914921681	2.27573926387e-09	0.00085078091424
99	-0.04388	0.0	4.51770858909e-18	1.0	0.0