-79.025601207	0.587639787521
-12.7911035535	0.276475424567
-22.067718131	0.30557655965
-2.76571262431	0.248756685049
-30.7118325779	0.343071784661
-18.1876233467	0.297771070692
-4.62047246504	0.253053765417
-22.2924622595	0.307197258322
-46.0214763291	0.400292976145
-45.9145208382	0.398168632343
-75.6529275331	0.564725155037
-35.3295300484	0.35486982946
-49.925906862	0.417495292511
-28.1331945858	0.333203915318
-13.1528260173	0.277241223143
-9.09945087158	0.26680743893
-48.8703463808	0.421169516813
-54.7048076634	0.446177404701
10.0444636086	0.217103077791
-16.6087010839	0.278399674281
-23.18282642	0.306926010632
0.515324862798	0.239768217132
-72.1618150412	0.547395001859
-53.0865687141	0.441056172794
-0.647792428848	0.240071562593
-45.8311048661	0.401877034551
-22.7357522507	0.313602848491
-22.2893258039	0.303962319092
-25.5223459245	0.31770971439
-26.0561803656	0.324878511275
-0.387097642074	0.244020683937
-66.2230090049	0.508473343193
-27.255302323	0.328379024123
-28.2821460157	0.32394950582
12.9115833047	0.20882732829
5.53709327577	0.228806620911
-22.7694843934	0.30231171908
-14.5885746243	0.284212255445
14.2047655684	0.205368284666
-36.5242525893	0.360654565815
13.9396983034	0.206855574917
-28.5575102205	0.335382615578
-18.2614792216	0.298007729241
-34.0474388674	0.353834018823
-18.7827879701	0.287292880983
45.7858944466	0.144306445815
27.3064286042	0.178533599901
18.0102840669	0.198767578245
-32.1705785952	0.348975501431
-16.9880816262	0.283458878024
5.67092121131	0.224939147358
-23.9514104359	0.316884056184
-22.0999459841	0.305008901452
16.7742899122	0.198765046371
-26.8476233381	0.328912889921
-9.80448932167	0.266388516624
-20.6562832058	0.303599228197
-26.1062062624	0.322035848674
-40.0279116401	0.372822117185
-38.3648155267	0.372036118397
-45.9055743994	0.407432554196
-8.64143556978	0.254728502763
-3.09982800391	0.251020440743
-34.8915167857	0.358564400761
-13.7859811864	0.281770409718
-21.2424484113	0.297182483254
-57.8105092901	0.462847943737
-8.6396264966	0.267367176354
-13.3058892401	0.27446350295
-11.5578704254	0.27609589793
35.5222355437	0.161959641406
-33.4327902333	0.353526807454
-1.05581894228	0.243855632837
48.9340725003	0.138940092091
-12.2550347004	0.271062589627
-12.6376005376	0.277609226204
-33.4175004968	0.350178683121
-40.4399046934	0.380524999574
-32.4451733861	0.348673527157
-21.7643803539	0.310777826856
9.38383006478	0.215344046893
63.0458644639	0.118838444915
49.4604364167	0.138067893786
-15.3228148688	0.285943714437
-15.3695196982	0.279247136122
-5.00788870822	0.245576965075
11.3691222678	0.210394157413
57.4185463636	0.125884584097
54.6772900763	0.130596702121
11.5296557827	0.211542509798
-12.1989141305	0.278824235263
-8.35728539054	0.267071364134
2.23116617289	0.237280108026
54.229369481	0.131726050022
-12.730310873	0.26824641004
66.8214804438	0.113413395227
-2.01946848574	0.237826123776
18.3006114287	0.197919253887
-40.8937573947	0.38387252168
-9.65478090999	0.266471962439
-21.9771914966	0.304376546021
-18.225582226	0.295629677852
21.5577822873	0.189672624805
-30.8124617205	0.342898463269
-23.9310857288	0.307441076314
49.9030209293	0.136903282512
26.1609291503	0.181120898307
-29.9798043165	0.333158156313
17.9094247436	0.195502996897
-26.4877635712	0.323673738745
70.1644152662	0.109072123966
-7.49697417654	0.263563320106
47.4652990861	0.141658813233
-8.99609313438	0.259012121643
-2.17705921052	0.240219553554
58.4817659664	0.125108506635
-16.8864415866	0.283666880394
20.2152450822	0.19027596872
-14.5023195015	0.278120965561
-11.0687952634	0.2657553273
5.76074292696	0.22734817875
16.5661397179	0.19952809138
-2.07644427667	0.240054294796
-7.02002308171	0.262713230691
-13.2930361353	0.279951377777
55.9021706282	0.129154305432
-46.1160371681	0.402772191467
-17.9625955913	0.286698272835
-7.56560338751	0.26408326883
-19.8852960898	0.298436497665
-6.7422412422	0.255143394057
-15.2027267836	0.287412106636
4.2986020082	0.22107050171
-0.496476041886	0.243232131378
7.98687934646	0.217941139821
25.3547846168	0.182149051944
90.1834643224	0.0871150254813
5.37704335404	0.228081329241
-37.12782081	0.362141155578
-22.6866088688	0.313566748845
60.9533780292	0.120607273196
-7.91923575157	0.262122582012
32.9149094787	0.167627017008
-25.7710578338	0.323892392898
76.0035666243	0.101903787297
-5.55287158375	0.250188975717
-1.62506107765	0.24308662342
1.65357805697	0.22843083641
-18.1014187547	0.290187553235
18.5695675068	0.195122937681
-7.76129645152	0.255263312444
-10.5395475546	0.262612736813
30.1039661667	0.173086701095
-15.8866364565	0.28441556785
26.8351988151	0.17859415244
36.2261148364	0.161459129399
-14.6261173864	0.285632581371
10.4407832785	0.215530705424
-17.7281085195	0.291537581016
51.2366475158	0.134807714993
14.5652293343	0.205431697273
0.245269155926	0.231613551863
22.9570760808	0.185953239238
-11.7807690604	0.268729435602
12.5069658564	0.208399434652
28.8967457545	0.173512056262
57.6951460916	0.125982887478
71.903679895	0.10686959649
13.3503496058	0.205664342298
48.5884516154	0.140265975566
20.2386929327	0.191836181425
67.4924040135	0.113477542262
-7.76200943808	0.265170329396
-3.18738440619	0.244914187726
2.61822205969	0.230044795901
-32.7681608326	0.344772547701
67.3685130191	0.112582714466
43.6296304604	0.145568748024
0.864615090703	0.23556594631
1.83954159906	0.228899486516
27.2171541776	0.175200014046
-18.0442618256	0.293810983493
68.5563016838	0.112129866516
23.8050885583	0.183753398898
0.768793422222	0.231228317606
2.81288893891	0.230902130575
3.90347018606	0.223951145541
-4.1328339202	0.248833060081
-17.2927076446	0.284844688262
24.9201054829	0.183341386756
40.7513656304	0.153266778265
-35.0577522799	0.3597549074
38.9982571412	0.156121724988
7.70197738029	0.215568501258
40.7919156476	0.150249092393
18.4012465991	0.191964420894
15.61953965	0.19998425789
1.48443747175	0.238885556354
2.55825717943	0.231389327242
21.4618448424	0.189554866587
21.9461930067	0.185453014648
-32.5866037811	0.344415907437
26.1644441326	0.179513146761
21.8834568113	0.187442474805
15.767910938	0.198536581638
-17.3972355274	0.292005173424
37.5236996099	0.158031712215
6.51315977885	0.220967485478
5.39228633023	0.227552989881
24.0819937786	0.182994721671
-11.8797152384	0.27671421919
12.6799928912	0.208541704827
27.8601647741	0.176314895642
7.55967385001	0.220943680466
-0.727992380002	0.238503567037
8.9191532431	0.211451170141
-21.5796807594	0.307498477195
6.61979028807	0.224990303669
-4.53765766527	0.252264679588
57.9661015714	0.126358331901
94.8403120957	0.082409463606
30.7799989475	0.168123369869
-29.8926059817	0.334216416811
108.080753357	0.071146692772
13.544554761	0.20175902681
8.85479782338	0.218596794644
24.1995584829	0.18101659338
63.039754676	0.117526559723
9.00128310237	0.214588072781
19.5060343566	0.194165352821
19.788950942	0.191654435945
5.97334686296	0.222382680959
-7.70133228208	0.255365070962
15.0124402154	0.203081193216
80.7895036232	0.0963656732353
17.5235952796	0.194446401375
22.93771645	0.181665745164
23.0612996412	0.186707627106
1.24014362807	0.234934366434
25.2667124985	0.180883393875
18.1979298834	0.191820775633
46.9793490857	0.140085983438
76.4723073002	0.101291633634
1.72695680457	0.236405394836
-14.7449854931	0.286530770696
10.299874099	0.215290698198
55.1484843526	0.130342977644
14.165451239	0.206516832124
62.3224394684	0.1192904328
14.5808432937	0.205461239929
84.5587747517	0.0931711590257
31.6508156936	0.167421179588
0.233579005177	0.239557391782
26.6626674577	0.179301321094
-5.17641685234	0.248329932594
52.904444032	0.132745480328
14.7401547095	0.205043430215
20.3442480123	0.192099532082
-2.64638833438	0.240890457529
75.7651636185	0.103286182289
-10.8908335853	0.270313507788
14.4228096403	0.199370899933
0.444525512571	0.241656108939
5.70555179384	0.222402418536
127.451817912	0.0572000186634
33.345795551	0.166541929968
-10.3425604176	0.270922286436
106.023999735	0.0727577400419
0.717685550537	0.235704630861
-2.05981987058	0.242443986764
-14.669214029	0.279829822623
9.7670631904	0.209578481802
14.9472965241	0.199877035037
21.9903543933	0.186587907666
10.3998281778	0.213553458034
18.9383020408	0.193192206279
3.53200452767	0.227409345911
11.389264151	0.208865595079
49.2580503879	0.13800166241
50.1475014764	0.135011891962
40.6257571705	0.152240149358
66.98524422	0.112700306928
-2.12937775843	0.242120370465
72.8730537428	0.104967051952
35.667410898	0.15896088556
1.80993828897	0.232832647384
10.9245990995	0.206352905998
19.1323570984	0.193450488702
27.243798373	0.173344046029
52.2795906321	0.133894508103
9.45377936697	0.213818437573
89.8096435292	0.0876690404452
19.5516377178	0.187945559305
33.5426851768	0.165132450225
113.420375633	0.0673674670986
27.6000141825	0.173566428667
53.6109191419	0.130444764575
27.2276257223	0.173273457655
-1.46055398049	0.238669242242
18.3667255961	0.191659146745
46.675185098	0.141092503477
20.3363145988	0.191108246851
28.0218309218	0.172888203924
56.1951993739	0.128732618998
53.8074981449	0.132368629804
8.8482101674	0.215245013842
26.2122893046	0.178339384468
46.3360972649	0.140810139327
87.8839469691	0.0906530828632
62.0947722783	0.118666144703
78.9903880064	0.099623991842
21.4691266741	0.190069537519
79.7848392861	0.0992563043219
80.9005404759	0.0978793071275
36.5567988474	0.160001051159
7.99546834122	0.219504511486
32.5012408208	0.167386289952
25.5541243376	0.178583107341
22.344721922	0.185896674736
30.0127639299	0.167623438642
-1.76957684517	0.241573832685
62.3331298237	0.118170978438
9.86406911524	0.209143153983
5.61545428167	0.221916206282
17.7857286828	0.191994828139
8.66647151955	0.213081578279
112.739776713	0.0676574841139
27.5653794622	0.1722658355
60.8364165565	0.122283993362
35.2553619188	0.159792000074
121.795899719	0.0609631071432
30.974938694	0.16709168859
104.730590556	0.0748999098623
-0.288896394197	0.236697275707
51.1996177234	0.133510178823
51.2037428138	0.134176598557
57.2202100715	0.127461335025
32.8604891681	0.164395578926
10.8381235368	0.207274773492
98.1749206608	0.0802654302613
7.04693287422	0.219784369794
69.9332562491	0.109213286185
37.3086782794	0.158743108257
33.5716341172	0.162677986649
11.5330841865	0.206511159535
-0.0696427731802	0.240706897291
33.7570218895	0.161490843023
80.0776977166	0.098637059977
20.8949153311	0.18836045602
31.9347800064	0.169193937135
56.0882474743	0.128433453885
14.0075590067	0.207067768732
76.639965569	0.102761064684
63.521572808	0.118839836119
0.0751080118538	0.236084809499
38.3772832885	0.153294166342
23.9006177792	0.181028786071
35.7503442868	0.157767686881
64.5218618427	0.114759897043
7.01672561327	0.220328603886
20.0713656376	0.190790137973
33.7709211585	0.162436376057
90.895678541	0.0869083528487
122.540650051	0.0602013597097
-0.324632024531	0.238817330065
0.335674717162	0.236833475801
59.3083947522	0.123252830392
19.1220933942	0.191268704689
111.803157263	0.0679161492923
29.4992667135	0.172766992483
122.235616937	0.0609575791955
42.0897273051	0.14971967605
30.5341571537	0.168507761402
32.5966070492	0.163739010044
104.599828842	0.0749461543759
29.7811660834	0.168611490377
55.2478580759	0.127555177177
32.2255437924	0.16378990526
125.667093275	0.0588074042702
61.3883677584	0.121193637163
94.0684145238	0.0835257684533
4.36879856962	0.225383259662
45.9713347952	0.141936336248
1.92385252544	0.231170964079
103.896000115	0.0750664818877
51.7107485554	0.134982721722
84.0649584878	0.0946289638206
90.2819259511	0.0860223511628
46.3995612932	0.142883330783
69.9309664129	0.110573314566
84.5252156299	0.0932156398406
42.6151102819	0.147343143412
48.865032211	0.13706873962
33.5030897676	0.161987333563
29.2930881261	0.17162594911
119.739670704	0.0621486237706
96.5915184809	0.0822226193841
46.3149147677	0.143201650777
67.0435495292	0.112979041249
46.9961989837	0.14204291614
40.20369825	0.151188550127
29.6111050944	0.17329534747
58.7298219422	0.122720094076
83.963148955	0.0933388988013
127.719782733	0.0574512536837
3.68773398775	0.227513266585
4.79745057431	0.222277795824
127.137368618	0.0579653934871
107.124303701	0.0715443706627
45.7763329523	0.141481225025
48.5762860043	0.13718368195
-3.85661961802	0.248138656046
65.2607815911	0.11632141117
30.0584409576	0.169639161548
96.0042991582	0.0821045081245
51.9114683202	0.133534112615
33.7650978644	0.163564218508
44.0904064305	0.147397021542
110.230247803	0.0691440866244
121.616058646	0.0615541018197
45.1512619755	0.144805090175
25.3738772198	0.181133711662
19.4859527764	0.189286314329
121.565920095	0.0616058243877
71.0823045148	0.107147339475
102.102906856	0.0771971162721
72.4078051861	0.104995387353
52.3967901394	0.133450861743
107.679809191	0.071535210871
110.816211342	0.0696990314918
97.3065302961	0.0801362714128
53.5851278295	0.132524589511
62.180425186	0.11800396495
42.2907440161	0.149217347511
104.725813629	0.0750050427987
68.6243389532	0.112116016926
29.4415874238	0.171281309776
115.51327974	0.0652408925899
101.714443886	0.0763541478062
115.422717646	0.0651678978725
116.280833838	0.0656327273898
30.2068403964	0.170367628573
57.0576072353	0.125120480287
70.197846268	0.108914888815
101.525437368	0.0759836959734
40.1148868769	0.152020242125
95.5978800775	0.0831026021014
113.044886654	0.0682012048583
69.3053016039	0.109032464086
80.3676995869	0.0984263562264
140.150129	0.0495514019175
65.9492633047	0.115599033706
87.2223134244	0.0913446879701
84.495268362	0.0922100331057
72.9392879629	0.105235764192
127.290085068	0.057344553243
99.7000178554	0.0794288685688
86.5292078976	0.091853442024
111.024837915	0.0698227787346
68.3405424924	0.110222507601
60.145627832	0.123134692123
111.499163464	0.068031338704
120.797226969	0.0619328026117
127.283446015	0.0570570613821
121.551516039	0.061783067073
59.1270306874	0.124121677097
24.1828543604	0.180385113307
16.410228791	0.195802417247
134.701276092	0.0526253932872
46.7134644396	0.139480543675
60.7211236729	0.119683508789
54.089431201	0.129355348226
61.4588296999	0.118914369707
60.607247612	0.120338545634
47.4497645792	0.139157809896
88.1980845128	0.0884083685721
99.395770981	0.0778426583105
99.1141121155	0.0781535435559
80.5460815083	0.098209917765
53.7565726745	0.12966324905
102.623762148	0.0764446375528
105.352370307	0.074401820114
113.426405082	0.0676352773194
57.3385617612	0.124620324907
104.51602677	0.0734692230699
108.828474234	0.0701355843164
116.689829394	0.0644864982881
51.0994413256	0.134262904593
104.343938972	0.0751108123354
77.2704012673	0.100587648821
65.7775455714	0.115766238592
120.926225485	0.0623341971814
51.5151175788	0.134672130797
48.0089395691	0.139555986049
56.9249901674	0.127025396718
38.2501837755	0.15442172334
62.2696516598	0.118833242877
82.8081960202	0.0956857003172
121.737950336	0.0606598682789
68.8667391407	0.111875352836
109.534480043	0.0707804522641
38.0685662546	0.157341686282
63.3574050864	0.118921186446
65.1252398	0.114193384569
52.8104378913	0.133822883221
134.453649651	0.053127383816
62.8145297917	0.117281208161
139.807008886	0.0498213935929
88.4704405481	0.0880589258796
98.2329765969	0.0806415745969
64.8708390952	0.114555214429
42.7805329793	0.148433936567
98.0523127286	0.0797208240833
116.407172727	0.064519845934
67.6978687216	0.110738122723
133.089504901	0.0541403875451
93.8174632653	0.0840962974195
66.8244173132	0.113868326333
82.7538004981	0.095930779874
63.2824974114	0.118367540575
137.774972897	0.0513143311331
151.04441209	0.0441280865522
94.0022441406	0.0842980172827
46.2102218609	0.143259295481
122.431049124	0.0610824769485
53.1594731872	0.132121234683
102.197228041	0.0754025842975
64.140374938	0.117501906722
105.873158498	0.0738138152081
99.7788634122	0.0774546872972
136.376243225	0.0518997453916
59.0981441134	0.12236726429
64.908752481	0.114504448945
54.0623828707	0.129593732488
134.561811999	0.0527930436942
50.1397727641	0.135816669221
57.4199409735	0.124991456338
69.9084200942	0.108069341801
62.8494909593	0.116732362407
97.6301145352	0.0812284257754
74.8152272031	0.10224066219
98.4175703009	0.0783910234422
71.1249464807	0.106756083703
50.3466194709	0.133947855507
80.489472708	0.0980557350028
105.191288121	0.0727022238881
97.2067776164	0.0812306322071
69.5064275192	0.108418694663
86.8266100589	0.0895852902784
95.67729369	0.0828851985616
51.7891962885	0.134705644263
145.101089893	0.0472323407052
116.151836239	0.0658670662092
54.2074841163	0.130790229768
141.538378683	0.0490580320675
89.0535746317	0.0873095217393
53.33136037	0.130493582897
103.922447899	0.0756151416228
104.744246216	0.0749402382254
30.3360617567	0.169708070115
22.7205973061	0.184341415817
106.19950748	0.0737597427595
114.980728436	0.0658202840428
57.3329051926	0.123918874328
37.6653796735	0.154745658782
64.409942989	0.114953465436
76.9633964714	0.101951700635
152.038356902	0.0433546981304
67.0245727679	0.11433092128
104.232534644	0.0746973574912
121.3193795	0.0620474066067
75.9322384944	0.100846219022
86.5327000937	0.0918378819279
125.070576093	0.0589554769941
86.1210517255	0.0903155862732
87.3154215047	0.0890017098348
69.2621214621	0.1089192897
51.7812824336	0.131943455358
86.7346830417	0.0900151639474
65.6127905144	0.115666585286
105.138034591	0.0729439681062
80.9678255668	0.0955203466938
49.8450973078	0.134622592734
116.928279016	0.0644576283802
55.7330107865	0.126979095565
65.1134727588	0.116340261962
48.2889745014	0.136980174508
84.0151749633	0.09287015694
59.5583557038	0.121040713451
51.7653988976	0.131674742249
109.279979777	0.0697536329198
131.848160928	0.0550898283715
35.6147695075	0.160655714661
50.9849026395	0.133614649377
93.2252103809	0.0852590294267
94.2081693185	0.0843585637933
88.7209395842	0.0898164664641
91.6653447257	0.0851173121186
71.5117576775	0.106072017165
72.0198775805	0.105719983946
109.106950896	0.0709347765265
66.6539287227	0.112294218308
113.831588195	0.0663072116442
122.798405647	0.0606449955464
149.112415172	0.044864041207
127.93647727	0.0571945157014
132.778736655	0.0543420209262
156.922203466	0.0412196563177
129.818314296	0.0558659377263
101.972205639	0.0760139994034
106.599582644	0.0729955579885
91.8619442759	0.0844898412084
81.5968609431	0.0948708031593
69.7102145799	0.108206570412
65.5118463403	0.113638935334
128.495046552	0.0570499300789
85.244642508	0.091419575572
106.244139069	0.0732261282524
88.3236160918	0.0880907291536
94.6691820226	0.0823522143222
129.222968241	0.0561983823268
166.433136211	0.0371672193198
164.579964266	0.0379717260655
130.670078052	0.0554589801886
99.0819094164	0.0779213419006
139.793777167	0.0498814158267
158.361190082	0.0407656734204
137.723516193	0.0511902005208
158.217678421	0.0406969789668
86.7499452265	0.0896786424535
96.60668483	0.0804956834622
113.65076814	0.0677486088135
103.581065395	0.0756424630887
144.396781026	0.0474284395773
125.330096927	0.0585964910215
102.372217789	0.0769664825413
135.005912696	0.052818355025
112.55479108	0.0675419069347
113.928607406	0.066880744952
117.878450099	0.0646932558842
147.412973161	0.045987692091
119.582469534	0.0632876186028
81.2112525355	0.0976960381176
179.566441991	0.0322439654529
121.260964097	0.0609611416414
143.776459663	0.0480686800008
108.959339755	0.0715744832622
104.954658032	0.0740362682407
105.917540724	0.0722046119144
121.895698846	0.0618096778908
78.948374098	0.100110372599
125.321188308	0.0593428192442
184.820698531	0.0304054350948
92.5380086542	0.086058917713
63.9628956977	0.115058218157
103.846280242	0.0758155307907
137.548570508	0.051171733017
110.655245012	0.0690154513896
119.569843247	0.0630522871889
75.060078218	0.101815420904
79.3730206332	0.0997289029615
121.472441576	0.0621006869372
164.030411649	0.0383754356601
60.9958780598	0.120008004954
71.3607920518	0.106208065427
54.1006337298	0.128841453617
67.9109297043	0.110069728573
72.3575767408	0.104994211973
77.8518603255	0.0989459822337
81.3453236271	0.0951502706545
68.5932072681	0.109193235939
123.23676132	0.0605037036279
90.099543245	0.0882977798773
94.3592279556	0.0829586891754
169.836412339	0.0359448343776
124.81339839	0.0596323770209
128.932857052	0.0562490880924
118.259726917	0.0639862977456
152.889501173	0.0432846205021
72.6811706234	0.104876237702
77.1899592263	0.0993365006754
87.0344539629	0.0893598083306
141.360984892	0.0491352496631
92.749045678	0.0835379259282
131.608308594	0.0553562868748
115.627824267	0.0652279467973
146.682485417	0.0462954612534
87.5541053409	0.0889803874636
112.53791225	0.0686176767924
161.562486754	0.0394336029459
96.7444886969	0.0807281919527
132.097350832	0.0545841293477
175.760088675	0.0336577496952
146.578125398	0.0463796567908
167.753336211	0.0368406611651
97.3370409491	0.0795054940842
83.003885035	0.0935505543293
132.715095796	0.0546435857793
122.483189637	0.0603988908538
112.560045487	0.0675539086042
89.2788889755	0.089294242292
123.911847228	0.0596957597441
129.464746671	0.0567603402891
117.63777103	0.0643378455375
74.6551857935	0.102372621073
142.597550268	0.048481649213
130.602802798	0.0559814233762
116.899194468	0.0653788826999
172.314642301	0.0350047842042
85.0411309009	0.0917832258628
101.938538608	0.0756141900024
161.705723507	0.0393778403894
100.417266219	0.0787528216484
111.525537138	0.0688448218676
151.23887141	0.0441081826628
84.188176179	0.092119024665
152.989377121	0.0433718101982
160.511519064	0.0399086445748
78.9343444416	0.0981363693127
153.021214336	0.0434890799551
122.298650138	0.0602942281557
103.857740954	0.0742080961209
119.758930824	0.0630081556049
83.4161632436	0.0929130498596
100.891910715	0.077077097076
118.327590858	0.0643834982058
145.794207703	0.046989817775
120.335414203	0.0616402513536
155.024662508	0.0424919295436
131.857674252	0.0547751676885
145.061552043	0.047396508522
116.234537358	0.0647787104886
125.346055941	0.0594011161963
179.20354457	0.0324738145292
135.873446746	0.0527926884066
152.382360334	0.0438231707669
109.911695838	0.0707603173618
117.096886876	0.0639338411703
125.077296894	0.0594525533093
142.00905399	0.0487677468047
161.777920913	0.0394826800651
98.9244361495	0.0781256347342
162.176744895	0.039263768327
135.485188848	0.0530632666346
143.710648993	0.0478799137567
128.959481407	0.0565580335441
142.482474263	0.0490482438333
109.371269122	0.0702214031876
96.1220962339	0.0825055956944
127.726895545	0.0578957865475
126.715716632	0.0585373223723
128.967537142	0.0566408225723
160.128799685	0.040199671601
130.803848851	0.0557061491254
155.03160285	0.0425064075745
156.536326551	0.041828478602
112.523430214	0.0673269144327
151.313061116	0.0442948601802
145.205763486	0.0470745541122
129.669361229	0.056598464277
133.304505289	0.0537142460958
106.510309591	0.0718984786419
117.787958122	0.0643536745442
115.759335623	0.0651587715084
123.28362232	0.0608564524475
94.234745167	0.0824907784773
123.266013382	0.0609193886678
107.499622857	0.0711185296406
150.643633121	0.0447261667023
133.231823902	0.0536719242225
115.864406217	0.0649807643718
115.427615819	0.0653830039418
150.82598742	0.0444532168749
160.680801827	0.0398693794392
158.74244508	0.0407716899622
149.139920085	0.0452258591725
131.182964003	0.0552774192709
90.7006118755	0.086135276149
113.439119676	0.0669518648381
129.532187032	0.0559207706821
125.263860828	0.0587656989865
151.32648784	0.0443349542382
148.412934474	0.0455925980891
142.735281902	0.048559209281
144.310526505	0.0477817853444
169.632262053	0.0361678476735
101.41339472	0.075979811273
96.2808450019	0.0808331043202
126.043138696	0.0581404004281
132.40259103	0.0544542493438
154.239546751	0.0429602040773
95.9010355937	0.0808840344035
159.672911712	0.0404387628985
129.220099613	0.0565742095526
143.676733974	0.0482940057903
130.302351449	0.056270793397
145.728882289	0.0471764685798
130.710617699	0.0558548461402
158.3993728	0.040993951837
146.666188736	0.0466826546504
145.838127749	0.0471018503412
147.847662917	0.0460800688782
138.747985264	0.0508447818003
128.608744934	0.0567795543655
103.138510927	0.0748539306948
99.008968401	0.0785111930105
149.527927899	0.0452460367496
114.348860779	0.0673015956594
110.429210391	0.0703108014696
154.391383283	0.0428484482138
155.844796447	0.0421687166944
85.1593373841	0.0934527452082
129.435032751	0.0566850471234
145.047907952	0.0475700727949
118.452078997	0.0634654654471
163.280566483	0.038846923286
107.757446338	0.0712124453454
155.894630984	0.0422509002383
127.870794043	0.0577589850609
137.465137255	0.0518108209546
147.828509374	0.0461626221423
137.548847929	0.0513791674705
150.854557869	0.0445199177392
157.056163402	0.0416696623601
133.485834368	0.0542708767605
109.993513455	0.0707291542284
128.205783573	0.0575856383542
166.524229468	0.0374292089643
144.648407613	0.0477597381559
154.598540818	0.0427432460458
172.773818243	0.0349096234764
127.133897734	0.0577667444846
166.320576964	0.0375398393846
145.115551575	0.0471939496061
140.887229959	0.0497542194311
158.438456757	0.0409591083098
149.101558973	0.0453591230542
119.224384626	0.0629652038137
131.615951684	0.0548394421034
147.894583963	0.04596887084
135.479715058	0.0527809186801
143.128526782	0.0484228054578
149.732808193	0.0451482220891
100.501285514	0.0770652551916
150.137865083	0.0449629823187
134.798914472	0.0531409778348
153.081646008	0.043522767024
139.610709502	0.0505879772312
128.209735507	0.0570550931907
148.36933132	0.0458222509511
133.311604525	0.0538821244569
103.436615156	0.0746940588271
144.470401659	0.0477908372794
106.18677898	0.0725709382713
143.972952102	0.0480422129221
106.057134397	0.0727090054095
137.470457097	0.051675839159
151.976876779	0.0440854649801
156.102040404	0.0421066122026
141.172429958	0.0497067553963
166.093277696	0.0376648173128
127.837024413	0.0578194998754
137.228203166	0.0517927308368
151.051805663	0.0444048419645
99.4319950773	0.0782655077538
113.571688804	0.0668480202698
134.095490497	0.0534438633588
111.446739699	0.0684167019771
140.280074043	0.0499363576824
145.901363579	0.0470636045795
106.38417381	0.0722864283445
148.040331136	0.0459900519621
148.662543733	0.0456882616555
107.923784734	0.071172683312
144.429418119	0.0479231495954
124.168322501	0.0596547573548
163.857768635	0.0386045677894
145.001464909	0.0476302474622
147.695366242	0.0462161615803
148.086683881	0.0458504816863
150.239006072	0.0448536446056
119.185411139	0.0629191115949
122.312837664	0.0609153430987
144.784590132	0.0475953745146
139.199481395	0.050811575623
151.12991871	0.0444323433496
137.090278613	0.0518005253009
125.345369879	0.0586554934873
146.420526436	0.0468294336026
146.965249955	0.046642762257
110.55784472	0.0690514378301
113.260887868	0.0671214396941
101.66884704	0.0764252678142
157.061463894	0.0416573102744
174.861142246	0.0341648141072
119.882635305	0.0632563971096
161.195281835	0.039763665822
134.158637426	0.0532891774173
128.075590071	0.0571067429187
147.341005542	0.0464466240424
151.006462816	0.0444483167216
137.560543863	0.0514760211511
140.236743346	0.0501947809046
163.25339132	0.0388544492737
120.866182103	0.0616918361642
104.405339966	0.074118959601
152.081040314	0.0439579591829
161.532172919	0.0395558644079
142.06511859	0.0489204770972
138.756976156	0.0509113750805
164.507788411	0.0383216506079
124.665060506	0.059933184786
170.032074494	0.0360074613196
149.458703959	0.045259194466
122.296299219	0.0608135279303
131.342495993	0.0548760346475
149.936490167	0.045063647451
142.760154881	0.0486486923208
151.981919652	0.0440995751989
139.589332163	0.0503847884767
153.312905881	0.0433914552008
148.862361879	0.0454431829471
156.106621025	0.0420820996564
151.399525587	0.0442392383612
118.310704203	0.0633895820117
119.278539584	0.0628666819971
146.966986754	0.0465379184411
144.777816383	0.0475216136946
165.239507969	0.0379728129643
123.25375978	0.0603074009853
129.353050203	0.0563726537704
145.705027216	0.0472622863455
143.216053944	0.0484173540436
172.849469441	0.0348537729816
138.103455461	0.0508844416241
143.806000291	0.0479494536198
148.136304407	0.0456843026022
159.761780843	0.0403386486386
163.468232541	0.0387175015817
139.624924406	0.0500287065413
142.289334985	0.0490766260103
168.09462666	0.0367985946112
174.759816517	0.0341857897228
146.073484664	0.0466490628383
137.294249736	0.0516676158038
139.058797008	0.0503954552912
148.389706639	0.0455629887306
147.831563184	0.0461696043837
144.377347453	0.047896689303
151.372562202	0.0441183200007
136.97063115	0.0518072638439
138.378273931	0.0507922988559
156.209213602	0.0420808667081
135.112449387	0.0528591874975
162.805268165	0.0389931503276
173.981720001	0.0344142377598
162.134649563	0.0392731887387
164.670549858	0.0382015518241
167.495647018	0.0370025716169
144.51455682	0.0475975951398
142.041690805	0.0492297078676
175.414594762	0.0338694073888
156.496420935	0.0417617211594
157.834672546	0.0412444004071
144.690729322	0.0477846460914
158.20620707	0.0410316236983
166.401756967	0.0374510403096
180.290564028	0.0320647347258
148.773237351	0.0453968796895
172.610135921	0.034885605508
174.188705454	0.0342745966943
163.672284973	0.0385477557796
155.01097162	0.0424444425254
165.997959829	0.03759208527
172.32124418	0.0350399038764
161.004145507	0.0396771519084
162.913752948	0.0388812570555
149.275542507	0.0450908849456
163.520229178	0.038670742762
165.654880711	0.0377707360609
154.012814371	0.042832667829
180.593734595	0.0319704117446
157.931981075	0.041184080357
166.216285202	0.0374715923729
137.800105344	0.0512556455045
135.793279255	0.0522730225919
161.607651935	0.0395126494455
161.960506482	0.039346213519
138.166287682	0.0508070983594
154.948915628	0.0424355648152
170.688138164	0.0357243051885
145.980277666	0.0468540032998
158.278090126	0.0410303439255
173.587411813	0.0345843545367
172.232769159	0.0350718924325
139.298577172	0.0504324097075
152.376445793	0.0438090266489
147.178248771	0.0465070193307
154.822528547	0.0425998405095
159.302722058	0.0403813316472
151.896320945	0.043782879688
174.5652074	0.0341388998252
168.297085736	0.0366664407051
141.062374894	0.0491730764672
127.992863484	0.0568922198921
164.92178275	0.037959868456
164.314820815	0.0383624653468
181.124303266	0.0317481152235
173.260948441	0.0347086284161
144.150103558	0.0476812475461
171.311668382	0.0353169520423
166.420372159	0.0374463615354
161.455277795	0.0395116525543
168.225584204	0.0365995761286
141.36367326	0.0491298034743
152.45573602	0.0434669592824
172.129805669	0.0350107460747
166.66842984	0.0373307262514
169.272571218	0.036277849768
156.092825582	0.0419204565682
161.970012861	0.0390990370381
174.512950372	0.0341270028727
168.105363893	0.036721329828
166.288615318	0.0374953800223
175.662764357	0.0337703117747
175.923563326	0.033600469417
142.746943481	0.0488469948398
173.394575197	0.0345308789752
176.331889272	0.0334683028306
149.88575352	0.0450549505656
152.367794026	0.0438395699404
144.473690861	0.0479404669515
179.27961965	0.0323799965288
176.887363906	0.0332963444943
168.223482346	0.036599090777
130.490063112	0.0554492727568
140.67902462	0.0494707068364
173.004908794	0.0346086511034
177.425012829	0.0331038136787
179.937299418	0.0321544077139
169.399509366	0.0360145595237
138.507292494	0.051285625665
169.657252009	0.035979482644
170.56073157	0.0357290879891
166.901544222	0.0372151912355
177.809529162	0.032957835
155.695913024	0.0419863614134
162.806728545	0.0387036714427
173.657693834	0.0344474233835
156.313368281	0.0415899848356
175.680955999	0.0337057123227
183.970974603	0.0307414712163
165.168799404	0.0377219123288
161.538463859	0.0392396741065
174.166583179	0.0342419497665
167.053608743	0.0369863469463
186.108753599	0.0299543982077
185.057283882	0.0303891181219
186.516058676	0.029846518162
167.33516324	0.0370115818155
171.032727511	0.0355199883835
162.609365019	0.0388959510359
176.912174164	0.033251368796
184.259715278	0.0305907699243
189.223718844	0.0289111625343
181.477126296	0.031573104908
188.437831697	0.029180565795
177.773675217	0.0329002094864
172.4153969	0.0349633283413
187.007095908	0.0296841174318
186.71248359	0.0298089604763
186.564654165	0.0298820223591
185.493657614	0.0302239053157
169.98029829	0.0359858567589
167.786750872	0.0368833141378
182.54202281	0.0312570028868
184.120234885	0.0307025395993
178.327067457	0.0327695425182
177.026592775	0.033243992157
170.304109999	0.0358509851265
174.5941854	0.0341610895217
177.104773345	0.0331998822805
172.327334353	0.035052425046
176.874589785	0.0333066634039
179.500910499	0.0323391120215
183.058388478	0.0310827515391
187.369187638	0.0295712178155
182.023576054	0.0314248964723
181.59196497	0.0315014769023
176.678076804	0.0333730557548
182.937850986	0.031077659098
184.583262649	0.0305020437964
166.320773216	0.0374651989132
172.512210678	0.0347603263431
179.121892997	0.0324718419252
179.434054156	0.0322057064797
171.262486209	0.0352648671028
188.46650289	0.0291899602186
186.411010686	0.0298897314263
178.029427072	0.0327862671428
184.344099463	0.0306319144106
175.235273658	0.0339283326536
178.214712714	0.0327793922398
175.542298722	0.0338140639724
193.425457005	0.0276294857967
178.93131232	0.0325248112944
189.144531545	0.0290056368809
178.02039636	0.0328730220579
180.37820969	0.0320298560608
178.814207636	0.0325767409786
173.103593696	0.0347234249892
190.183180123	0.0286584600505
179.422583444	0.0323739837194
173.755268654	0.0344931385832
179.587505316	0.0323172064388
191.950963824	0.0280986965638
174.987804776	0.0340277199718
177.272108894	0.033172200751
176.669461861	0.0333826508155
170.763091279	0.0356486968555
185.23357037	0.0302728070948
187.208005168	0.0296577918553
184.948235139	0.0304182206474
177.064274484	0.0332364347953
181.911703311	0.0314794906091
173.622910052	0.0345356304835
184.839313446	0.0304563152766
180.244189582	0.0320577936234
186.003366465	0.0300625948572
184.595036124	0.0305467088229
184.171391949	0.0306962594317
187.7062623	0.0294922470898
185.368268534	0.0302690094194
182.916535738	0.031128158939
188.676031916	0.0291530876123
193.283104908	0.0276756691414
187.338275844	0.0295760631583
185.590522152	0.0301416430099
182.110147179	0.0313234072503
181.798366671	0.0314272857341
188.609629724	0.0291360089429
191.695177471	0.0281422383416
191.354253799	0.0282540967576
188.884324305	0.0290103317079
185.988681509	0.0299811789681
188.055564256	0.0292758033112
179.798821194	0.0321387098875
191.138982743	0.0283242057589
187.379146103	0.029529481088
184.508248849	0.0304632472277
186.900853984	0.0297074382295
182.311570692	0.0311720114084
181.187110309	0.0316200081824
193.502077489	0.0275822744366
178.851828566	0.0325836008113
182.285618979	0.0313287315303
180.852543036	0.0318666507748
184.347179029	0.0306329676512
176.955158932	0.0332883989229
182.619859496	0.031235402902
183.817877978	0.0308220777769
179.390944842	0.032379961213
186.495799215	0.0298914553824
181.034545461	0.0317863675964
180.031721821	0.0319511779277
184.188605523	0.0306579740398
191.116575016	0.0283276676921
181.495886578	0.0315994991215
169.659928187	0.0358073391138
183.483414898	0.0309187313146
189.608160243	0.0287725289971
185.19061738	0.0302074449179
182.246349586	0.0311757732761
190.760524943	0.0284666611293
175.855992736	0.0336112987371
185.117601086	0.0302950272203
171.576485373	0.0353356862167
182.273646173	0.0312704945052
169.701454349	0.0358331520446
187.575377183	0.0295211702047
179.608875568	0.0323126350665
187.33510648	0.0295992574382
189.807842948	0.0288076339961
187.390692238	0.0295872134032
180.330777786	0.0320568926526
182.116833384	0.0314082764784
190.052433915	0.0287658036696
187.2524898	0.0296680869908
171.958319641	0.0351890364676
186.850775631	0.0297519412631
176.613200738	0.0334219906565
180.566406338	0.0319927986948
177.134561714	0.0332256417613
184.036821033	0.0307528397198
186.144477102	0.0300281392358
180.579705803	0.0319916249749
183.381290544	0.0308845703901
183.776305048	0.0308474083025
187.91372023	0.0293572600145
193.475948491	0.0276233995156
185.176246057	0.0303535120525
187.358717041	0.0296216178752
176.884369458	0.0333154202106
183.823607356	0.0307793464358
182.617182767	0.0312478708795
191.313135726	0.0283026019568
183.702029614	0.0308741723612
183.76392775	0.0308499425572
187.790244249	0.0294876715237
192.374294576	0.0279871633929
191.951887491	0.0281495148979
189.993215578	0.0287417875032
190.631461018	0.0285268864748
190.854180324	0.0284513666035
194.232669851	0.0273881216194
192.277397766	0.027984446428
190.264750329	0.0286240841384
188.031807522	0.0293630759363
189.510062724	0.0288412040809
192.053699992	0.0280253509283
188.554030875	0.0291364418574
189.124795589	0.0289311520156
188.538421622	0.0291472516725
189.43528205	0.0288263998092
182.615623646	0.0311163524487
188.777587181	0.0290614332626
190.828884481	0.0284075869687
190.952202639	0.0284030177689
188.040129821	0.0293237632111
188.003152095	0.0294157737869
193.329591163	0.0276508087329
189.462709509	0.0289072310395
185.533200714	0.0302175764874
190.009247017	0.0287635809127
187.417414647	0.0295968065289
186.20294147	0.0300102422075
191.019199488	0.0284187909012
191.921407828	0.0281259858464
178.785413169	0.0326408949698
180.578374914	0.0319697193312
181.494369647	0.031469737041
192.702447404	0.0278348463802
190.293929493	0.028682815564
188.4476179	0.0292679784237
185.521072606	0.0301910666307
189.664599871	0.0288846689811
189.507295509	0.0288832800572
183.972621532	0.0307901204125
185.210759038	0.0303481041635
183.619121467	0.0309126420817
189.577257577	0.0288657841565
182.109390051	0.031428207563
189.079654613	0.0290206377886
185.36683568	0.030308839159
185.600713352	0.0302488256062
187.903724204	0.0294758068073
187.588827071	0.0295646244549
189.28006224	0.0289706608487
189.614624869	0.0289009755097
189.941542888	0.0287789657176
184.5673073	0.0305771930458
188.582263096	0.0292154212935
184.464246943	0.0306110388417
190.694828314	0.0285189819323
193.349894013	0.0277226977475
194.934348701	0.0271932091652
191.071664023	0.0284230081833
194.669497009	0.0272787908703
196.723729635	0.0266631771198
192.940094053	0.0277913530215
195.492395555	0.0270224214572
193.171272914	0.0277115825853
193.533454953	0.027591525338
188.690351773	0.0290998065612
192.074841966	0.0280228519194
191.963696076	0.0280498691049
188.008485381	0.029329714432
187.126034101	0.0296343170324
194.621098194	0.0272344443692
189.003031823	0.0290451214042
187.017932375	0.0297237114866
185.532424153	0.0301669703493
183.547173034	0.0309214138334
192.719332127	0.0279076702942
192.927958376	0.0278182575603
194.680138929	0.0272818788179
191.463743955	0.0282864809365
198.580336887	0.0260900026556
195.729455476	0.0269501018431
195.306987361	0.0270705808775
193.439674605	0.0276458408397
197.589817342	0.0264110622632
197.12464615	0.0265289337588
194.337346409	0.0273980445347
191.950851587	0.0281321576335
195.645212965	0.026999414339
196.527322028	0.0267213125676
192.170119776	0.0280796273669
195.943783617	0.0268959579601
194.971530302	0.0272262336093
196.319767523	0.0268040400062
195.428396881	0.0270707163367
192.002944239	0.0281416257045
194.270767107	0.0274300480647
196.581155961	0.0267279354386
196.887536477	0.0266508627009
197.16062819	0.0265428005247
196.113708493	0.0268691108781
199.324768864	0.0259115822839
200.072191803	0.0256790627025
197.334060582	0.0264885571368
195.313438791	0.0271018476883
199.513488891	0.0258547368192
199.446199943	0.0258627106514
198.689088693	0.0260616663649
197.571605193	0.0263939626904
195.892297678	0.0268790695652
196.465925828	0.0267124222635
195.583483452	0.0269668735257
194.505046103	0.0272945786754
192.446032708	0.0279421561414
193.01135127	0.0277674659748
193.32291968	0.0277077734632
194.346817821	0.0273780562961
192.687937693	0.0279213202488
194.768630542	0.0271906027888
192.563225961	0.0279419680347
193.774616299	0.0275693663226
193.878118638	0.0275577394634
195.315129516	0.027098041466
194.761003276	0.027267316145
199.250224494	0.0259277246055
191.848267504	0.0281619504802
192.953658371	0.0278400870568
192.650519708	0.0279354674692
195.274787649	0.0271236653055
194.716703598	0.0273144591887
195.999317101	0.0269170396509
193.414453215	0.0277089555658
195.943667209	0.0269512785236
196.422789497	0.026793765636
196.609374903	0.026747485142
194.214718526	0.0274510016995
196.032741132	0.0268892609766
197.675468715	0.0264033201643
194.79665027	0.0272782605967
194.186842497	0.0274640085272
198.715940393	0.0261051724183
198.594803087	0.0261243289665
199.238378722	0.0259653208102
199.598825459	0.0258538352778
202.15184396	0.025107293259
199.096195311	0.0259757190228
197.569400158	0.0264260627297
200.123691389	0.0256696364806
200.044586423	0.0256885257488
199.667836104	0.0258079466299
197.664466454	0.0263829573979
198.746326311	0.0260693426675
199.807952608	0.0257744737912
200.399896371	0.02559464618
198.96264547	0.0260145670197
199.128681968	0.0259954785902
200.480468292	0.0255874379818
201.223672349	0.025368853633
202.309937201	0.0250760452844
202.015666437	0.0251546550804
202.23407243	0.0250756391088
199.162945625	0.0259621663609
202.244932926	0.02507285893
202.667479432	0.0249618160606
201.298146956	0.0253722477885
199.931908059	0.0257543462103
202.290851121	0.025090883397
203.294378404	0.0247941910738
200.888785043	0.02546223873
202.891870796	0.0248972510049
202.603547168	0.0250039554942
203.805454917	0.0246544328048
201.610593059	0.0252854520642
203.980942634	0.0246148015623
204.879547394	0.0243555614966
203.26683217	0.0247847582124
202.477517962	0.0250082252924
205.138355483	0.0242803610131
204.226445583	0.0245539211734
204.413582152	0.0244714314205
204.053266634	0.0245999709067
204.520310262	0.0244482828534
203.019872215	0.0248544428317
202.271049487	0.0250672437907
203.605290787	0.024725508838
203.863589903	0.0246534293409
205.101153026	0.0242784416842
204.42576781	0.0244986973936
205.477803682	0.0241930993213
205.74459602	0.0241000909713
203.363073803	0.0247561171947
204.100443232	0.0245496617471
205.593137947	0.0241402148143
205.497888957	0.0242035667703
206.421668157	0.0239377196451
206.774096206	0.0238397573767
206.077512199	0.0240058198399
204.46670571	0.0244466869795
207.412232444	0.0236595222202
206.271039321	0.0239891190362
199.588087002	0.0258579032938
195.520786667	0.0270563850646
204.854701683	0.0243683003295
203.679543535	0.0247018178799
200.839790771	0.0254880025923
202.725216738	0.0249590013513
197.260214175	0.0265392494868
206.384631809	0.0239280208356
203.786839209	0.0246719139116
200.329964561	0.0256451425846
196.752532372	0.0267086083131
201.527245134	0.0253087506149
203.752381736	0.0246400880755
194.200384414	0.0274219433923
204.678900969	0.0244227523394
201.468000795	0.0252870351167
200.588988268	0.0255517987458
195.304961198	0.0270931018828
202.11639875	0.025108267832
201.951670978	0.0251872698997
201.685052168	0.0252249789866
202.267848361	0.0250946813565
203.700666565	0.0246602753677
200.777627689	0.0254833799346
205.175068721	0.0242923821526
200.096424429	0.0257232585067
201.622485659	0.025279404485
204.119366184	0.0245669071344
206.780830052	0.0238256154216
202.461033693	0.0250184450941
205.625852268	0.0241477566746
203.704585684	0.0246680059876
204.240502937	0.0245334064275
202.519875604	0.0250263757597
203.761997402	0.0246762518464
195.187734178	0.0271692093771
200.147628884	0.0256760627999
198.990013157	0.0260004276647
203.401736459	0.0247644394672
207.330099445	0.02367740369
194.780614886	0.0272471021736
203.764648178	0.0246845861421
200.57766804	0.0255749388589
200.906704639	0.0254624247857
206.049923005	0.0240184411979
205.546949852	0.0241668066675
204.993379294	0.024342978743
204.959146267	0.0243258684546
205.335986891	0.0242515628225
204.849835076	0.0243614743481
205.540445126	0.0241780536059
203.671289837	0.0246806943177
205.938396376	0.024083942627
205.808893616	0.0241026131665
206.996772021	0.0237863974051
205.259640328	0.0242733203563
206.244115048	0.023974884237
206.17371657	0.0240134280965
207.175548391	0.0237490578414
205.870259817	0.0240756848469
207.096907789	0.0237631742264
205.617522585	0.024173211198
207.44832787	0.0236759084991
206.89524804	0.0238048001474
207.414675023	0.0236732433063
207.34692855	0.0237039439839
205.760295805	0.0241297630617
207.31965228	0.023710798736
206.006456913	0.0240628235626
206.250180716	0.0239998292589
205.605352079	0.0241711554908
205.135693653	0.024299884781
206.515245523	0.0239283984972
207.246246855	0.0237239196746
206.701796901	0.0238518302574
207.071143924	0.0237798954098
206.578257606	0.0238860491449
207.103648636	0.0237458018495
206.434872194	0.0239208203252
206.950197095	0.0238122661991
207.187337443	0.0237295001212
207.150027904	0.0237576170871
206.596946793	0.023884263986
207.728317348	0.0236005194822
206.657381756	0.02386832082
205.883727363	0.0240675866505
207.232460569	0.0237364622298
206.598052862	0.0238833266982
206.949685887	0.0238113260191
207.138858294	0.0237608413109
206.193008845	0.0240112607233
207.031200863	0.0237659399759
207.219227015	0.0237182709246
208.207127281	0.0234669009943
207.284926652	0.0236996290246
208.010301182	0.0235264895155
207.440196059	0.0236640771504
207.902952591	0.0235344218792
208.314904335	0.0234453601675
207.762774729	0.0235742053004
208.195013564	0.0234648597844
207.420840533	0.0236822703787
207.503805851	0.0236441148816
206.896455048	0.0237968132239
207.935680961	0.0235457134999
207.553742571	0.023645818065
207.246703751	0.0237076290131
207.652801679	0.0236140325284
206.900607915	0.0237976481151
208.090105603	0.0235056529058
207.384698157	0.0236815032381
208.008346661	0.0235280203273
207.443666664	0.0236727308386
206.789501934	0.0238317139695
205.877738376	0.0240714762973
207.764486626	0.0235945159551
206.753423822	0.0238494470132
207.650519537	0.0236192582095
206.223999854	0.0239878094887
206.807319107	0.0238263421127
206.992458182	0.0238005387302
207.235004864	0.0237288059283
207.425417842	0.023686510089
207.214856717	0.0237382724517
206.992282134	0.0238030903578
206.495775406	0.0239334795514
206.842363308	0.023841769132
206.531589968	0.0239235620502
207.640833426	0.0236265236298
207.65802216	0.0236261094836
207.565147671	0.0236445229479
206.935362061	0.023795607935
207.862843926	0.0235639113688
206.763447656	0.023863765081
207.01910049	0.0237940548224
207.414954215	0.0236919139791
206.740482855	0.0238695244684
207.225021487	0.0237351322651
207.070861789	0.0237824181057
206.742545856	0.0238718500766
206.880658554	0.0238332225203
206.035032653	0.0240453247009
206.402125237	0.0239343387933
206.768580577	0.0238633513793
206.866906376	0.0238384652359
206.913871667	0.0238250122432
205.411286039	0.0242308565075
206.713260368	0.0238784649245
206.071527565	0.0240415292892
206.886613909	0.0238139596993
207.142543338	0.0237513744605
206.589242185	0.0239110825496
206.435301151	0.0239510064013
205.570970928	0.0241873449306
208.010615566	0.023525527593
206.813145801	0.0238521410202
207.551464971	0.023647652455
206.437697427	0.023928144764
207.998276717	0.0234944111947
208.430014773	0.0233993044083
207.17476857	0.0237213773077
208.30264374	0.0234506398152
206.722991051	0.0238773724596
206.947831587	0.0237993798352
205.600513521	0.0241778741369
205.225139429	0.0242633602032
203.648479489	0.0246802710678
205.906944794	0.0240806316855
203.973442592	0.0245968350956
206.676547958	0.0238850605159
206.031202867	0.0240624590245
207.11744281	0.0237711324933
208.01113918	0.0235273246713
207.298959275	0.0237267486346
207.706864394	0.0235896690199
207.746741215	0.0235708446309
207.570842696	0.0236202282349
208.169791463	0.0234873472245
207.429345699	0.0236869924335
208.276463078	0.0234385206271
208.004047656	0.0235159318737
208.59116694	0.0233765413925
208.038162563	0.0235049031079
208.747803596	0.0233244182608
207.851596799	0.0235432726541
208.22507933	0.0234395402011
207.710443289	0.0235768032446
208.844100426	0.0233021913754
208.417625251	0.0234227392143
208.96326783	0.02325777612
208.581261446	0.0233717541325
208.493239842	0.0234028734955
208.079833409	0.0235117348629
209.140323228	0.0232200768458
208.825220061	0.0233093654956
209.051357902	0.0232526092797
208.996400349	0.0232455706066
208.877116809	0.0232965098568
209.173079075	0.0232168145324
209.283889593	0.0231704788752
208.795074655	0.0233206115336
208.829371619	0.0233133455235
208.289985914	0.0234546418059
208.91361502	0.0232894569994
209.204939198	0.0231915139333
208.926874728	0.0232523601947
208.875745923	0.023266954546
208.676344142	0.0233165955161
209.099994371	0.0232319129135
209.185380618	0.0231988380293
208.933191703	0.0232557007371
209.15832189	0.0232103971713
208.748731073	0.0233326070344
209.051038681	0.0232509824289
208.513550681	0.0233943629169
209.180834116	0.0232043305103
208.595458583	0.0233452837525
208.601514321	0.0233377943402
208.571554074	0.0233723968893
209.25824125	0.0231892024637
208.887245677	0.0232898867645
208.969710814	0.0232764075233
208.339262486	0.0234428444697
208.895877228	0.0232962199028
208.954093374	0.0232606195554
209.100624544	0.0232174889641
208.79913917	0.0233145067959
208.796745957	0.023322105197
208.995725673	0.0232640651218
209.018963058	0.0232597711268
209.142276171	0.0232138599654
208.871224938	0.0232735142112
209.044055394	0.0232438230318
209.068137503	0.0232464302162
208.677875128	0.0233522079573
208.9492046	0.0232644875059
208.78803337	0.0233170576972
208.530217052	0.0233930578456
209.054420568	0.0232355085235
208.828681236	0.0233047098378
209.026518495	0.023239171115
208.536135012	0.023361126127
208.843606878	0.0232812026122
208.620160075	0.0233527186896
208.908918581	0.0232901070498
208.364090766	0.0234365136102
208.795840187	0.0233204174522
208.966741279	0.0232664437008
208.606783294	0.0233697413126
208.780121762	0.0233250472882
208.840860921	0.0232899850912
208.743182637	0.0233282488565
208.750479764	0.0233308354125
208.265038257	0.0234620227555
208.637237238	0.0233544244603
208.26780359	0.0234587602604
208.240810993	0.0234673989316
208.399842841	0.0234270431544
208.307045131	0.0234470819046
208.878352641	0.023293990194
208.18758085	0.0234808014222
208.968586844	0.0232716424653
208.400295753	0.0234156668552
209.117380287	0.0232280951553
208.354068726	0.0234328605363
208.98902377	0.0232668467158
208.259622452	0.0234591894059
209.055625997	0.0232515449978
208.1606824	0.0234829363192
208.966036251	0.0232745283389
208.204551427	0.0234700724886
209.019932515	0.0232502671789
208.189069275	0.0234746123047
208.881665408	0.0232850303701
207.960485202	0.0235175751171
208.763333644	0.0233059765503
207.930505339	0.0235234185523
208.793176769	0.023301542825
207.871954909	0.0235405751271
208.795165386	0.0233099959558
207.932102644	0.0235450133564
208.811599831	0.0233050822887
208.003050363	0.023508939294
208.646625521	0.0233506057658
208.038064337	0.0235061651561
208.458981646	0.0233908403837
207.969049494	0.0235236391532
208.400820197	0.0234094708736
207.972940774	0.0235209265828
208.323796958	0.0234290447562
208.02309821	0.0235172116142
208.312910955	0.0234428631393
207.949255607	0.0235283524671
208.178641901	0.0234855917957
208.149538388	0.0234782436439
208.049856517	0.0235182288199
207.917147255	0.0235555539529
208.288676285	0.0234457870422
208.011200777	0.0235246125494
208.271449151	0.0234499640843
208.098104528	0.0234908679583
208.279816452	0.0234465251069
208.174438655	0.0234801112581
208.032537319	0.0235256254887
208.031404001	0.023519308045
208.216760595	0.0234627619907
208.003697812	0.0235191169893
208.230684098	0.0234620762848
208.120291235	0.0234873184977
208.207068918	0.0234751720679
208.140852705	0.0234799307232
208.212642665	0.0234562347023
208.219407023	0.0234572482876
208.237561637	0.0234567167532
208.263929835	0.0234481113102
208.930362721	0.0232707999205
213.072433083	0.0222044574877
217.314125907	0.0211625220858
220.940188203	0.0203058129701
223.980019901	0.0196240413575
226.732072061	0.0190243248693
229.250510641	0.018486908324
231.512239445	0.0180190845335
233.778396584	0.0175622041499
235.873454987	0.0171482262459
237.779588003	0.0167815701739
239.503434137	0.0164580677945
240.815919334	0.0162175608809
242.313227813	0.015938187508
243.702044224	0.0156905486991
244.921938231	0.0154792432889
246.072573183	0.0152788545387
247.028854535	0.0151164211112
247.878372355	0.014975272384
248.654529287	0.0148397074713
249.410507324	0.0147134237412
250.011566384	0.0146113748336
250.645657764	0.0145064807543
251.153669001	0.0144204623013
251.658687925	0.014337673602
251.969429523	0.0142882659618
252.524490619	0.0141987177328
252.947726183	0.0141315730437
253.301892077	0.014075924703
253.524880602	0.014040683802
253.728480556	0.0140091801113
253.753356033	0.014004621747
253.828248787	0.0139944166423
253.849414574	0.0139931610641
253.598330574	0.0140357654595
253.581311087	0.0140402295096
253.410190558	0.0140668740521
253.250554121	0.0140911633416
253.625084388	0.0140375288515
253.61198978	0.014029896139
253.732565609	0.01400854564
253.844532219	0.0139895021654
253.750496256	0.0140035664005
253.87248382	0.0139836241244
253.683606644	0.0140118753983
253.786385024	0.0139952682814
253.568391338	0.0140294450185
253.212118981	0.0140860708079
252.917360199	0.014132800145
252.048851368	0.0142759829921
251.824900634	0.0143207288851
251.218693257	0.0144153995131
251.417762128	0.0143829677096
255.533360614	0.0137474418644