100	-0.0444	0.0	0.986189529877	0.0138104701232	0.0
104	-0.03356	1.1312716288e-25	0.671173415293	0.328258003166	0.000568581540806
105	-0.03763	4.79095230647e-259	0.0	1.0	0.0
107	-0.03899	0.0	0.0	1.0	0.0
11	-0.09265	1.0	0.0	0.0	0.0
113	-0.04467	1.0	0.0	0.0	0.0
114	-0.007107	0.0	0.0	1.0	0.0
115	-0.0008116	1.0	0.0	0.0	0.0
116	0.03972	0.0152581857969	0.969376929574	0.0153648846291	0.0
117	0.01903	0.0	1.0	0.0	0.0
118	0.04918	0.0	1.0	0.0	0.0
119	0.07598	0.0	0.995620107262	0.0	0.00437989273778
121	0.08285	0.0	0.0	0.0	1.0
125	0.173	0.0	0.0	0.0	1.0
126	0.4883	0.0	1.0	0.0	0.0
127	0.633	0.0	0.0	0.0	1.0
128	2.291	0.0	0.00946680989879	0.0	0.990533190101
165	-0.09165	0.0	1.0	0.0	0.0
166	-0.08509	0.0	0.471042650619	0.0	0.528957349381
167	-0.1087	0.0	0.0	0.0	1.0
168	-0.1061	0.0	0.0	0.0	1.0
17	-0.1309	1.0	0.0	0.0	0.0
170	-0.08036	0.0	0.0	1.0	0.0
172	-0.07436	0.0	1.0	0.0	0.0
175	-0.08145	0.0	1.0	0.0	0.0
176	-0.05885	0.0	0.0	1.0	0.0
178	-0.05936	0.0	0.0	1.0	0.0
189	-0.02503	0.0	0.0	1.0	0.0
190	-0.02283	0.49182005965	0.0	0.50817994035	0.0
191	-0.02488	0.0	0.0	1.0	0.0
192	-0.02171	0.0	0.0	1.0	0.0
193	-0.02638	0.978086633544	0.0	0.0219133664563	0.0
194	-0.01003	0.930952886795	0.0	0.0690471132055	0.0
195	-0.008931	1.0	0.0	0.0	0.0
196	0.01478	1.0	0.0	0.0	0.0
197	0.0184	0.128290272354	0.0	0.871709727646	0.0
198	0.05046	0.997580617586	0.0	0.00241938241354	0.0
199	0.06856	1.0	0.0	0.0	0.0
200	0.1016	1.88098511719e-16	0.0	1.0	0.0
201	0.07275	1.0	0.0	6.31032066375e-25	0.0
202	0.02701	0.495131183505	0.0	0.504868816495	0.0
206	-0.006346	0.733774185813	0.0	0.266225814187	0.0
207	0.000298	1.0	0.0	0.0	0.0
208	-0.01749	0.0404549013338	0.0	0.959545098666	0.0
211	-0.01869	6.46684737948e-11	0.0	0.999999999935	0.0
23	-0.09378	0.540719207704	0.0	0.459280792296	0.0
24	-0.08204	0.0	0.0	1.0	0.0
25	-0.08921	1.0	0.0	0.0	0.0
26	-0.09135	0.0	0.0	1.0	0.0
39	-0.08701	0.0	1.0	0.0	0.0
40	-0.07426	0.0	0.607938242516	0.0	0.392061757484
41	-0.04224	0.0	1.0	0.0	0.0
42	-0.009721	0.0	0.66159828062	0.0	0.33840171938
43	-0.02275	0.0	1.0	0.0	0.0
45	-0.03195	0.0	0.438228009108	0.0	0.561771990892
46	-0.03804	0.0	0.99960256565	0.0	0.000397434349994
47	-0.01665	0.0	0.0	0.0	1.0
48	-0.02185	0.0	0.483713726552	0.0	0.516286273448
49	-0.04032	0.0	1.0	0.0	0.0
53	-0.06331	0.0	0.0	0.0	1.0
54	-0.0517	0.0	0.468084920497	0.0	0.531915079503
6	-0.06564	0.0	0.0	1.0	0.0
61	-0.07539	0.0	1.0	0.0	0.0
62	-0.05463	0.0	0.0164182623111	0.0	0.983581737689
63	-0.05581	0.0	0.0	0.0	1.0
64	-0.0678	0.0	0.0	0.0	1.0
65	-0.06229	0.0	1.0	0.0	0.0
66	-0.05896	0.0	1.0	0.0	5.22350039162e-25
67	-0.06362	0.0	0.0	0.0	1.0
68	-0.06829	0.0	1.0	0.0	0.0
69	-0.05817	0.0	1.0	0.0	1.46322558061e-53
7	-0.08234	0.0	1.0	0.0	0.0
70	-0.05587	0.0	0.0	0.0	1.0
72	-0.06	0.0	0.0	0.0	1.0
73	-0.05327	0.0	0.0	0.0	1.0
74	-0.05413	0.0	0.726696010024	0.0	0.273303989976
76	-0.05791	0.0	0.45906876958	0.0	0.54093123042
79	-0.0531	0.0	0.0	1.0	0.0
80	-0.05322	0.745172207167	0.0	0.254827792833	0.0
84	-0.1196	0.0	0.0	1.0	0.0
86	-0.09864	0.0	1.0	2.70222977891e-154	0.0
90	-0.05641	0.0	1.0	0.0	0.0
91	-0.05512	0.0	0.0	0.418515440474	0.581484559526
92	-0.06259	0.0	0.0306437406892	0.0	0.969356259311
94	-0.048	0.0	0.990666878225	0.00933312177475	0.0
95	-0.04909	0.0	0.880474439576	0.0	0.119525560424
97	-0.04486	0.0	0.365411165856	0.634588834144	0.0
98	-0.04073	0.0	0.941056460127	0.00318396251521	0.0557595773576
99	-0.04333	0.0	0.0260752857915	0.973924714209	0.0