-81.2766849643	0.604393792749
-19.7978818151	0.30040223551
-30.9170894668	0.33904625776
-37.4968246348	0.368571305414
-33.0119166729	0.343212607824
-34.6593743468	0.346453179577
-21.6528056657	0.298143742116
-2.05810017823	0.248213147922
-38.9275526873	0.375168545072
-43.4994429494	0.396585742418
1.88966142526	0.238168246594
-23.18972318	0.315416865281
0.383485828508	0.242198128587
-21.2715265039	0.305596970215
-10.2103502411	0.272441180632
-69.3470302554	0.526239917147
-9.40465929378	0.270363543638
-42.4342314709	0.391159832148
20.2118536116	0.193529881033
-48.0138219125	0.413917979822
-21.4477318997	0.302766203204
-42.7740278557	0.387186666336
-59.0469203111	0.470533285777
-23.0714406344	0.307853833348
1.59871034321	0.237972143197
2.70208057166	0.235280616968
2.68072564625	0.235687007358
-59.1840787161	0.469147814748
-11.5819420036	0.277125551679
-52.573793991	0.435150164887
-7.27860535457	0.250799432511
-31.6619951994	0.340637361637
18.3510290025	0.197604070226
-46.9438334219	0.412158179002
28.8875609175	0.175526757501
11.7158990454	0.213473740676
-27.484229522	0.331380412999
13.5741874463	0.207775468208
-32.5092946497	0.350277631017
4.14608854471	0.228780570004
-43.6391984994	0.396414000647
13.8653686692	0.208360370173
-12.0275353348	0.27854906822
-11.8957238557	0.274050023172
-6.66891995552	0.262366453783
8.20526814236	0.220847384246
-49.3492060387	0.421923242683
-2.79865217515	0.250275763538
-24.7378025437	0.320896248042
-33.9388674219	0.346240321345
-25.0758933283	0.31751829593
-43.4837490693	0.396188974292
-16.9838450711	0.286742551593
-24.4733456928	0.317917394846
-33.3723661815	0.344319916206
-2.43658797915	0.24787066686
-4.59656341484	0.255435536214
-30.9566741836	0.344458956902
-15.1693067006	0.280644346778
16.3840017865	0.199618218818
44.2870176181	0.14724476447
-12.5566776679	0.274688866244
-19.0608010597	0.2989599208
-34.1027792582	0.351092064976
-16.8010733734	0.291684770059
-49.2154413251	0.421054044138
-47.291285342	0.413374536897
17.6261170066	0.196699927419
17.2483840703	0.1991371554
-3.82060284439	0.243058682851
8.87616232934	0.219863972232
24.5083667541	0.184581840654
30.8317817726	0.170760107005
52.6797565385	0.133361145647
54.4573566196	0.130826090676
59.5470336321	0.123744544761
55.6098505459	0.129461887529
60.5366752939	0.122494495647
65.490524888	0.115712194195
56.8201581837	0.127563403801
62.9578160251	0.118970446719
51.9754176884	0.134597796389
60.5319085856	0.122228854058
58.1902290387	0.125488105839
61.0675988996	0.12145441382
51.5638424363	0.135121770092
54.0386773879	0.131428866509
62.2537664791	0.11982991678
54.0185988509	0.131422333541
64.2324186015	0.117155323147
46.2720829739	0.143304291904
61.823379329	0.120363122359
56.1801890486	0.128202330944
56.1850342439	0.128197718909
60.0068394883	0.122800267094
57.6979360222	0.126011398364
52.1874338329	0.134040915996
65.6242378224	0.115290851895
56.1784064481	0.128136070524
62.5164305642	0.119398044091
53.3828302873	0.132222333483
44.3423709153	0.146308119381
59.5364692641	0.123371720344
49.8624361624	0.137482377427
54.7544788881	0.130151715568
46.6623649097	0.142497212294
58.242219535	0.12517266223
41.735696446	0.150380322927
55.6340746998	0.128868325893
49.0472048313	0.13868926244
58.2754846967	0.125001699036
56.6493570051	0.127427588731
52.5140847256	0.133680511002
54.7888383061	0.130078358493
44.318461406	0.146272535099
47.0577106201	0.141844302159
42.0982569558	0.149820635803
46.1685079757	0.143178755158
34.0999992782	0.163269703338
62.9814550664	0.118459002346
-18.2403873379	0.298359611925
-40.9008537649	0.384374547345
-2.59158837657	0.245679471765
-25.4130709671	0.32317417488
24.5007829183	0.181213196165
-2.73001924296	0.240923678209
35.1200664271	0.163274423827
-17.8026829002	0.289681661713
-11.2049267567	0.275207007787
0.703291863244	0.230722947407
6.02052358962	0.216922277871
20.2957143006	0.192633401465
2.49556362493	0.231945862167
-18.6731705032	0.29726494459
23.8230243548	0.184634138432
-8.4914478446	0.263167709397
-21.0619023326	0.29849369896
6.48942373933	0.225857622657
21.4648501969	0.190093247342
70.2128068988	0.110067900528
-21.6074645648	0.307680277862
63.1036404361	0.118567542383
-30.0058579403	0.338909906158
5.84852273762	0.217337000745
48.3308853454	0.140792646458
10.3316706539	0.21408273472
9.91335169833	0.217092925435
32.9139530184	0.16760737115
69.9732835199	0.109804245002
88.9678158971	0.0887494624935
89.453972621	0.0881945615481
-19.4835250002	0.294457712051
52.1664699264	0.134816388866
78.6858871147	0.100035401218
31.8709071611	0.168734405473
52.5456586414	0.132650075835
-11.7659555474	0.273893139218
40.2835131553	0.154046754043
35.9660234942	0.160665499262
32.0791758173	0.168311270651
27.1053463416	0.178534842997
-24.9672321104	0.315212035968
40.3561190115	0.154136068316
7.72341171281	0.215699083956
48.2692132918	0.140178861945
56.9191157044	0.127721905115
4.43860558368	0.222167479767
-31.9634639796	0.342369672413
43.5056822919	0.14852292078
-0.0872314427225	0.232827869336
35.7212943575	0.160335982569
-38.3361187137	0.373350201117
2.48332197424	0.227583623253
51.7879580179	0.13373633356
58.7550227314	0.124365182837
30.3491447154	0.171530596221
3.12923692457	0.229665785668
39.8015019697	0.154863310552
13.7278822148	0.201958288583
8.20501270699	0.219190826542
100.18197915	0.0780066312232
-2.64529043761	0.239639387244
18.0840774815	0.197170508975
12.4212387468	0.20947718255
28.7343054417	0.17171353161
21.8404651006	0.187823557484
-14.4006194883	0.280825558922
102.889242291	0.0757138619015
-2.69958757061	0.246757765807
0.348512369527	0.234475687417
14.4443915276	0.200195566903
17.7482350808	0.192765345359
-13.384220115	0.277770003473
87.0198635272	0.090070433382
14.9182778317	0.199267404843
-0.0946097883295	0.243367150657
30.4924427736	0.171609237259
29.123176225	0.174859141445
9.34186405928	0.209806065621
60.0452153062	0.122430538086
9.12898545358	0.212243656263
6.37673010849	0.223455659519
12.9261458421	0.205887346228
-18.8742368883	0.293774477768
28.4495644181	0.172383539718
44.700583891	0.144187618417
70.797311417	0.109391166811
21.8771440274	0.189163169741
-6.41030537924	0.257372490335
17.3320440092	0.192148166478
5.20523239955	0.224901428243
44.1630305636	0.147430913429
6.77612938218	0.221303419799
36.8960852799	0.158529420477
2.03066194414	0.23452087998
44.7986589078	0.143999793626
1.60183223041	0.233674902058
-1.74387609196	0.241830593458
49.0560004102	0.138876279401
12.4815669117	0.205396532592
-22.2060500196	0.308483034949
11.4448200174	0.213576861016
21.9144176095	0.183456740045
46.118608852	0.144289942214
60.9509380953	0.12210427608
8.33524225097	0.213233995861
7.87425470356	0.218269525279
27.6509289439	0.177232930951
88.9184164516	0.0895093659375
75.7696096584	0.103692526565
6.53337595342	0.223438128941
49.8753092735	0.135827326804
57.9014295315	0.126408738455
8.56658442681	0.220516684715
17.5062745552	0.192440951524
3.24886648916	0.226772218437
0.736500890829	0.235318510777
44.1150391031	0.147313313197
-22.404331293	0.303803539091
37.8175816621	0.158292812351
30.2167590408	0.172368019616
-10.0880574021	0.268269383923
27.5266914014	0.173119796307
-9.00518486428	0.263365233343
35.500422679	0.162056672114
-0.569516381267	0.235944395131
20.7097217152	0.188091932138
54.37130455	0.128973171843
14.1042585895	0.19917495886
3.37778667711	0.228073261285
16.8655050706	0.199874160549
7.08753260685	0.222797573111
-7.76340336718	0.262847156318
31.1308000294	0.167126851901
41.5531316335	0.14881066187
19.3037933796	0.1886153688
20.7954806888	0.190237321839
23.6318365196	0.181441467505
13.8198921377	0.205158459906
81.6748233704	0.0957647468556
-1.38193192753	0.239856490664
0.51981675141	0.238480702351
77.2437849706	0.101942917993
90.7314671992	0.0874551251362
25.3360509951	0.180634097332
-3.37544893487	0.243034888119
68.3222682922	0.11073272941
92.6913713705	0.0859250160582
109.275800057	0.0707517494844
71.2211732271	0.108363448748
-0.0742861318532	0.242918594626
14.1360228786	0.203862269083
90.759580731	0.0869598374482
16.9395101767	0.195549169534
96.8788259	0.0805483610941
29.8957113177	0.172114572158
102.211580074	0.0760571746224
83.0175891572	0.094798151645
-6.91721432572	0.257012262432
26.5054683899	0.174912370732
43.3683674077	0.14587472139
61.8308683752	0.118815147984
18.6124003715	0.195126234427
70.0493019215	0.110057010212
51.4947286341	0.133300180202
53.6309104353	0.132477379608
0.133381295423	0.241079181769
1.11804859346	0.234278387127
47.378566272	0.141730296389
109.312531952	0.0704913038737
73.6526596925	0.104454845266
12.4956541983	0.205998996802
11.2085254542	0.213709880731
6.58436220997	0.219040366469
9.92577607377	0.213267880394
49.7676350262	0.136121136681
74.6311318853	0.105059907551
10.0728354001	0.210846458311
36.8380675719	0.1568795879
62.0111625431	0.118223353541
10.8554596068	0.20760317203
42.639978388	0.147006159514
43.699209498	0.145216623251
14.5164338358	0.202922551958
123.468308938	0.0599890705281
23.8709779465	0.182315961233
19.2843563663	0.191641538158
44.2290163531	0.146977968573
-11.3844402966	0.274364460341
62.4069338448	0.120276917409
39.8590648296	0.15384724172
17.4678265376	0.194017640095
20.9596899411	0.190056931992
60.1392237918	0.121085971792
9.66523255868	0.210797836659
34.703748712	0.162755672634
50.4938080805	0.136861792591
35.4818373425	0.161538348298
118.331707212	0.0635356130591
31.7485997669	0.165908034794
8.46165637062	0.214751430764
16.3541467769	0.195901834162
5.43129649646	0.222405383377
70.4678933179	0.110082012267
57.4272883507	0.127077884556
78.0729479809	0.100664199418
48.0301666927	0.141040837821
11.642925369	0.20712505033
0.792603636956	0.234615261581
10.5603521273	0.210461261492
40.1835464724	0.15342801808
16.3697591134	0.199494681903
3.84809551235	0.227052258357
73.5854474884	0.104365315606
51.0148189476	0.13650962734
6.40335914956	0.222300706324
28.4213787475	0.175557640816
5.98331915095	0.223173836881
116.05339042	0.0651812076795
57.2766142171	0.126915467861
65.0910557856	0.11509291867
17.5781659696	0.195443057917
47.3307454196	0.141519741639
15.4845481015	0.19961395518
39.4484656747	0.153800920675
46.9311850626	0.139984623246
111.767719315	0.0689734865112
30.2370759381	0.168378601307
47.3559047767	0.141577942516
68.7647685694	0.112113742772
21.6149848547	0.184885575528
35.6322161776	0.158800429902
11.5194263382	0.206290384928
24.9367355104	0.18017999868
33.3955715913	0.165365640993
22.9899124729	0.181467567841
50.1890492929	0.135024540096
114.540281633	0.0671169590232
30.7834766138	0.169112115354
10.8526213359	0.211119510709
3.73952178975	0.230464678951
73.2134335967	0.104523662149
43.1259954641	0.148120777548
61.2786445257	0.120567706447
53.160159183	0.132768842619
39.0040849965	0.152865612977
12.7740139679	0.204644981446
122.323092895	0.0611785368799
27.6108832501	0.174671214522
83.5841057167	0.0931184435862
43.3572524995	0.147351555379
36.0270860301	0.160969917865
54.6866371211	0.128488217236
39.3105148408	0.152197063526
39.2479595429	0.154328451523
112.959954522	0.0672376691937
13.0945222318	0.203955097816
26.4182970208	0.178016354361
59.3229568487	0.121925134194
36.2798285358	0.159193899856
110.671359355	0.0701363512692
59.4750870006	0.124087479836
37.8681256894	0.157509107696
49.9081482709	0.138057389391
14.2444296419	0.200263002075
55.84984362	0.126990851435
55.3678796446	0.129961216831
48.0805193924	0.138531158033
45.251084602	0.142144570204
103.629667522	0.0759848178708
52.6423084484	0.131542187414
28.3547831561	0.172219728469
44.6775914405	0.146414217081
84.3540083527	0.0928310962788
100.943716679	0.0783126009827
111.321417231	0.0684077235251
77.8766422493	0.101068286707
50.5686492674	0.134727639462
36.7467976728	0.157949323174
88.7607085514	0.0887526928984
50.2622596844	0.13633556926
51.2956399427	0.135549094731
123.881096337	0.059378955518
113.269066657	0.0679851607031
35.7642950144	0.160989074219
16.282568995	0.196867489288
82.3250509704	0.0964079773093
82.9424871967	0.0947761131689
100.329872192	0.0776604906318
57.6661067647	0.124094497829
22.5154872328	0.182356722395
36.7659869996	0.158022053674
104.039128257	0.0739539440132
48.3864473071	0.137371107064
81.2286608955	0.0956199098479
27.6898032097	0.176209431652
77.2139852995	0.102132222726
43.5602764929	0.148231807979
107.578114883	0.0712949412323
51.9381946174	0.132573314006
63.2863474032	0.118714010429
17.085145401	0.197741117578
83.8370104178	0.0948170349333
40.7549644988	0.150670459788
127.258954849	0.0577511426703
82.5896614895	0.0961233093804
71.0476968033	0.107832706498
90.8869946114	0.0856068943335
94.4803933671	0.0836902977395
45.3726251892	0.143837820806
15.0337898188	0.200465291562
61.9812883461	0.120834224383
78.9561139091	0.100174917685
102.776063968	0.075605412925
89.0083767221	0.088694139428
115.820195341	0.0652989124885
56.2357923318	0.126148462975
17.2260879436	0.194768914513
108.682539787	0.0707938306802
57.6668572665	0.124050737939
57.3674709826	0.126291887734
37.4140472346	0.154503920615
20.587891927	0.188813589657
19.9738531416	0.191976431279
40.8518063905	0.148735289587
17.2882479007	0.194793303109
35.0098244731	0.159281893184
92.0174609471	0.0845557263043
78.8318263268	0.100150580855
82.0917259779	0.0967235998037
30.5074122806	0.16908369906
103.099860242	0.0752581620483
84.1713590144	0.0941941085554
105.945261124	0.0739293509693
63.4651685532	0.117724383542
79.8984439952	0.0991478975278
43.7083059957	0.146164289625
140.359196249	0.0498274238408
45.5053382193	0.14122285511
54.5890928442	0.128353321357
127.204047871	0.0580081783998
75.6308984187	0.102123694458
120.922244487	0.0624835920655
43.7233727978	0.146455785215
63.916543833	0.115734418971
16.0334345536	0.197676437137
44.4865786801	0.145731468404
27.8027084159	0.17403577812
70.2920937484	0.109570364981
133.243068351	0.0541039859497
136.160682609	0.0524401421464
123.279556444	0.0606077909232
118.025773793	0.0638566967701
107.746882526	0.0725546708857
64.4766007399	0.117562748671
78.0617130799	0.101131321721
77.4914241543	0.101580975185
20.7941610433	0.188009576367
132.457391046	0.0546856651898
26.4519054196	0.178319749427
43.8279902909	0.146475023523
52.4235946849	0.133400958152
21.5622561741	0.185673435461
23.5499122956	0.181156741891
55.2313196341	0.126965640519
91.4607237738	0.0869881232738
112.47057281	0.0686501260475
30.3291127258	0.169448673551
83.8358704395	0.0948903345564
59.6989493948	0.121035675805
91.8553172528	0.0865943731919
27.5161519795	0.17420496283
89.0340586283	0.0893418647795
71.4334497504	0.106162027919
57.0825867277	0.124325730544
135.503629471	0.0521434994379
101.774545244	0.075571010073
76.1514050679	0.100553362147
81.5167956923	0.0962952228092
116.161864002	0.0656278812671
46.3052471466	0.142873274307
57.0311971697	0.126697206255
130.135401294	0.0552449045265
41.512379556	0.149827991111
71.1523680262	0.106337863412
36.8353519199	0.158694474957
106.459784614	0.0724831868376
68.6205893317	0.110449239959
71.7927153652	0.107935570396
95.883888898	0.0813102622139
138.526746681	0.0504601206754
74.315428122	0.105156842421
80.6329266017	0.0972375947278
67.3281208966	0.11278323187
113.429688884	0.067960226496
126.42643201	0.0585651842461
54.5867788546	0.130391789358
120.145386679	0.0629565219382
93.4744034613	0.0849389896604
92.9414277252	0.0854755747436
139.505233804	0.0504836345799
54.0796190522	0.131312513605
90.9971380074	0.0875665672673
80.7976833681	0.097795353813
111.959789444	0.0689798218092
76.6481224794	0.1024203478
90.2599653707	0.0879689084186
113.680797879	0.0678396263644
53.3557629913	0.132590571628
93.7983900212	0.0848642838983
77.3165951136	0.101975240645
58.6623673314	0.124403896073
121.742903852	0.060815564208
68.0569938096	0.113074911019
86.9226487736	0.0914120292877
62.8335079298	0.119407875305
70.1364517192	0.110433875504
119.055662739	0.0638211942771
62.4707503608	0.119608402588
99.3660446739	0.0795346185962
56.9106126704	0.12712792908
75.3121536393	0.104137749128
66.8107318471	0.112260554714
126.513109105	0.0584726289527
42.1289162513	0.147677784902
74.5062401353	0.102283228234
83.9793329088	0.0925288412068
99.7627312615	0.0793495823578
126.264268666	0.0576932877962
84.7795356886	0.0916366753178
82.4086594898	0.096423349641
96.200317058	0.0807496315937
50.6088791383	0.134990910629
48.7439313145	0.137838814086
67.1008239357	0.114226596001
60.3731185803	0.119694872217
48.4223409267	0.137758752608
105.548757843	0.0741600676197
62.1254942315	0.117551311422
79.4756179568	0.099186735249
79.5651887509	0.0991754438136
88.4190868253	0.0881682864425
61.696955132	0.11868103146
91.1142866752	0.0854336811689
49.6102133856	0.136746293562
138.62299233	0.0508595303055
53.6202469541	0.131450941766
58.0254469534	0.124640254406
81.3316541775	0.0948350964816
105.420307794	0.0738007343215
76.0462090621	0.100455844034
109.54033549	0.0708085124925
109.420673796	0.0700118596201
63.2295389131	0.116584466396
143.586052196	0.0479506626304
110.19060482	0.0695513683354
61.2708192526	0.120963260683
70.1939506493	0.109998378904
145.559908582	0.0471305564521
51.3298254482	0.134761500439
89.8334464141	0.088345353076
112.817277432	0.0676528991749
78.3138429703	0.100875458056
38.3839959243	0.156266788031
79.3177035626	0.0971837392627
65.4855160288	0.113028555684
62.6534610894	0.119241072636
135.587196657	0.0524920821745
85.1796366486	0.0928911211459
70.8346779315	0.108893789872
86.2424479492	0.0920383534643
42.4613217986	0.148315324535
113.722988159	0.0665890497066
79.1950868209	0.097109377267
135.353668337	0.0525302795614
120.959596275	0.0621454013696
103.445215238	0.0744025031277
169.643627186	0.0359097960552
134.874026074	0.0526739231844
81.959210847	0.096666603016
82.5259524979	0.0939697750541
57.4668892977	0.124014174045
61.6873183088	0.118693419422
59.7813825978	0.121331435194
118.89509374	0.0639175879709
59.4006587071	0.12342848084
79.2420651741	0.0995311205691
99.1118228933	0.0796868410411
43.3759001734	0.145080075305
64.7371709561	0.114698869408
127.019604364	0.0580840348072
94.3718857894	0.0825469627128
142.845070882	0.0482393201294
148.938513406	0.045316010949
113.756235804	0.0677049799951
136.594163909	0.0517151377763
107.462431722	0.0711148332673
139.121668866	0.0506961477356
112.403300822	0.0687297609621
74.7729507792	0.103100382209
92.8095451036	0.0841638417445
99.8464835564	0.0775633085686
119.816366198	0.0623135684525
111.859964161	0.0683071284164
72.446930166	0.105632748845
81.1773389563	0.0954571831724
81.5154073762	0.094797712965
64.6380550767	0.114956255457
53.3381562053	0.130423952057
155.240542544	0.0421271619529
107.211513581	0.0711118497686
154.372682315	0.0424401841295
115.939586352	0.0659165271367
95.0808513574	0.0818147146352
123.481296933	0.0604794672
95.8930532119	0.0827223548062
117.946863466	0.0644752397495
102.878374338	0.0748612014891
116.011697646	0.0651750929238
117.223705064	0.0639442970604
123.679024498	0.0604953301865
86.0769477214	0.0902941276517
82.5216713708	0.0937514782864
133.423741498	0.0539980825601
134.845370901	0.0529903026082
160.155476991	0.0400218508431
82.212051639	0.0943534623361
139.293247317	0.0506909088907
134.875309625	0.0530247135188
76.30170071	0.10050726521
78.583439561	0.100043270875
60.595734596	0.121893912131
64.2380869527	0.117347450791
49.1284222181	0.13846164459
91.7119753604	0.0847320279396
122.035818858	0.0607684022367
127.604999711	0.057830359541
80.2925276197	0.0967099655837
52.5490520789	0.13357380455
92.2487926322	0.0844957119461
78.4470666606	0.0983067667078
133.781889013	0.0538884098769
151.659722721	0.0441194983209
180.509372428	0.0319005734614
91.9690135639	0.0844352341487
120.091873981	0.0620309017304
145.44239624	0.0470900715239
82.2986347476	0.094627323431
143.129754176	0.0485110082771
70.1125427352	0.10761563322
78.8383244578	0.0999482794478
111.648039136	0.0692750657947
81.8112321168	0.0970275356261
69.1849726892	0.10888089627
127.773511628	0.0571104436108
127.873044808	0.0575312870231
78.021019784	0.0986747262073
79.9587020944	0.0966543069158
79.9296562429	0.0963438427655
78.2586204694	0.0986280838649
96.1830859652	0.0811181328148
144.444403459	0.0477448672377
134.999306558	0.0532920954963
130.237470808	0.0554067411833
101.273848873	0.0773463360576
145.802531124	0.0468397007159
127.535235645	0.057387793517
107.418641985	0.0726788028693
139.827711822	0.050494327541
134.156104404	0.0535206090513
167.808140148	0.0367919026166
133.199919444	0.0536328607564
117.285808123	0.0644487891401
121.797793517	0.0617441906595
144.360008203	0.0478749808932
159.943061524	0.0402178218091
143.137259207	0.0484631239874
181.244717335	0.0317863215648
131.363046777	0.0554587405707
145.729801356	0.0470717643977
142.36242187	0.0488862585087
149.74069183	0.0451535114988
141.642024045	0.0494147206793
139.30531424	0.0504562734319
137.260857477	0.0515081199536
154.365765066	0.0429064879105
152.45357841	0.0437551949623
146.675430917	0.0465376441285
138.073393944	0.0511860257575
137.191922319	0.0517860458112
151.515171127	0.0442827458818
105.077696023	0.0739731218783
130.7100447	0.0554551229646
151.385561815	0.0443027847745
132.303366673	0.0545894312868
144.043048219	0.0481187673326
150.64189796	0.044717180927
136.823822798	0.0519998522381
132.702078747	0.0543384665476
134.798853383	0.0532305523801
152.500852754	0.0438806432877
124.451561798	0.0597966001421
139.74902708	0.0504271016121
126.344466783	0.058520938249
139.149946044	0.0508121516747
144.681876922	0.0477769337318
127.422029859	0.0578084368197
144.245358983	0.0479788029507
143.583795357	0.0483493860632
124.044272173	0.0600577993257
142.859619709	0.0487494601941
143.903906552	0.0481987800461
136.80462735	0.0521150616205
142.5274552	0.0488974168851
125.959711049	0.0587695325713
144.739986584	0.0477472162343
128.519915811	0.0571259481248
129.571314322	0.0564130236921
114.66190241	0.0666840475084
130.235349504	0.0561752262664
138.618676518	0.0511729508456
117.874534083	0.064196142731
130.963458738	0.055600521265
148.788891823	0.0456621095658
148.722530642	0.0457634120954
138.885637369	0.0509844324292
141.129744264	0.0497479695229
133.181830862	0.0540784890791
122.890762749	0.0607847724851
137.418266013	0.0518063305108
129.279906677	0.0568046662243
147.1380944	0.0465261508406
127.85687519	0.0576404924101
139.095317828	0.0508462850489
134.764010133	0.0534477501165
150.373979429	0.0449075402651
140.150349784	0.0503597772804
134.085501467	0.05364939529
141.321423988	0.0495703387153
133.25362265	0.0543058260434
152.377253689	0.0439593593743
140.58459865	0.0498955953883
153.983499084	0.0431359762069
133.712060756	0.0540185741009
141.036425974	0.0498476224804
107.312582956	0.0721560797447
135.764136687	0.052710741008
125.572408569	0.0590215089944
117.808165343	0.0639164632866
124.144350288	0.0600352851671
126.815467988	0.0583208128085
139.646103521	0.0505038196712
143.22311608	0.0485806652023
114.624336454	0.0669300917745
139.200888363	0.0507089205434
123.461693063	0.0603826810865
149.015732667	0.045568667889
136.927538858	0.052120607889
139.080324295	0.0509228299162
155.213097794	0.0425947434132
142.417592777	0.0490669243135
147.605252821	0.0463000709293
143.369593076	0.0485699545805
147.023733405	0.0466072454542
148.468585354	0.0458378679051
149.927305965	0.0450959612175
166.803791591	0.0373961025645
121.8873874	0.0618706420108
170.019789674	0.0360899337968
130.774775831	0.056000428537
149.390227225	0.0454035188351
116.580514395	0.0657183878436
156.995140971	0.0417103187284
110.467474691	0.0704267003148
169.658365284	0.0362263003428
144.887620512	0.0477062027128
171.094933646	0.0356274135885
141.245841118	0.0497355305333
172.133580636	0.0352274622028
128.503894732	0.0574183792866
153.288076827	0.0434461436045
125.047874347	0.0597139650054
140.141961966	0.0503129919167
120.367111767	0.0629778591523
160.786014478	0.0399594282173
114.652601286	0.0671671765522
158.439732347	0.0410111031424
125.249501348	0.0595830558499
164.613787715	0.0382814652291
126.444908715	0.0588039769827
142.776325541	0.048889308143
161.711202576	0.0395218191458
154.222858623	0.0429764043658
147.024829213	0.0465936715906
164.99757913	0.038113523968
139.08910312	0.050916937706
151.139434346	0.0444841496934
128.610423561	0.0572999939894
140.973509628	0.0498605693103
136.011420952	0.0527123842097
138.178694391	0.0514585113528
130.990529376	0.0557823086532
157.064720554	0.0416458700731
144.648885225	0.0478140806212
149.715678938	0.0451996000711
129.00360644	0.0571025638722
143.122684876	0.0486662093958
162.502411541	0.0391637626788
136.105794748	0.0526700674801
163.822904076	0.038614023479
149.450907497	0.0453717104712
152.405241221	0.0438532904244
148.492717635	0.0458531386286
162.484683419	0.0391843519389
161.724960084	0.0395225743361
155.633071568	0.0423015844545
154.586033285	0.0427950419868
156.83608348	0.0416942966652
150.570197692	0.0447652908823
158.237350342	0.0410525819921
132.354982116	0.054975162623
141.45618994	0.0495619193032
134.918434186	0.0534249148604
153.581542662	0.0432728236588
133.815982503	0.054051741874
131.062995878	0.0557254120943
125.45415003	0.0593790726058
130.659965349	0.0560261728432
130.994475446	0.0557822398996
120.669228897	0.0626669666551
137.437850436	0.0518671866093
116.81482866	0.0654379173885
140.857237034	0.0499151647163
120.333399015	0.0628921781699
130.121100017	0.0563896328153
138.550957323	0.0512633701593
143.092357428	0.0486571570955
120.623219473	0.0627733125792
136.616891364	0.0524039877898
121.042340274	0.0624084391586
132.133361917	0.0551190187129
120.858465017	0.0625292679942
133.479507836	0.0542779930624
139.092895303	0.050942366165
148.396412289	0.0458578401586
112.381511808	0.0689055232846
160.652313127	0.0399632181857
130.854768024	0.0559024618674
148.630898786	0.0457029104442
120.811504343	0.0626276260267
158.276905995	0.0410556729288
118.616176913	0.0642299034647
156.890993591	0.041587220316
140.643452848	0.0500802682397
128.812743775	0.0571865784718
117.783792993	0.064806787341
176.885692587	0.033197340198
139.80997527	0.050524231672
170.832619049	0.0356614577123
134.923928695	0.0533934133921
177.641159551	0.0329089467295
137.915446597	0.0516467218674
165.540865372	0.0378234715073
143.718251013	0.048355269661
171.53569711	0.0353308541546
137.886079437	0.0516113432582
150.074337457	0.0449757543575
131.061480216	0.055794099811
182.633746526	0.0312330066412
141.924138481	0.049319697439
149.805472462	0.0448195780137
144.842004982	0.0477709032782
150.547056096	0.044756161141
138.218923336	0.0514569523794
141.166110026	0.0495992867028
149.080038403	0.0455303768789
169.601177	0.0361725287368
142.695847048	0.048921673061
138.28498611	0.0507898447868
149.600022009	0.0450309553866
137.467560382	0.0512972846819
142.99092782	0.0486752516826
147.37356704	0.0463509314377
179.453212212	0.0323591744749
142.684198208	0.0488428283088
165.540831506	0.037774870106
157.470353579	0.0413818488827
140.34397278	0.0502014561367
149.266768849	0.0453970399258
149.91843236	0.0450519502765
156.695724205	0.0417757053816
157.886109146	0.041205313038
166.481691254	0.0373386844367
179.620804547	0.032294504693
137.246808827	0.0513574364824
174.142909168	0.0344045246558
181.403350122	0.0317280141326
141.208269661	0.0497540408371
154.630375132	0.0426595467472
170.785186654	0.0355872624524
146.720786733	0.0466638151138
162.736587878	0.0390790530004
137.561977413	0.0517220993036
129.230173136	0.0563093784692
142.644255683	0.0489339964928
145.823460426	0.0472360263389
142.210868539	0.0491476793413
167.897082473	0.0368709471984
178.987361221	0.0324826859241
128.400424124	0.0573949452328
162.923131309	0.0389951181533
171.020457488	0.0356103591246
172.780609013	0.0347920063064
141.889942938	0.0493776644687
168.542083654	0.0365209887198
152.089258013	0.0440078484048
173.052526518	0.0346255316625
140.165895008	0.0503301788247
186.244629848	0.0299483744817
164.979870677	0.0381058727958
153.821977607	0.0429350799179
180.788309004	0.0319304042122
151.049310199	0.044276777979
171.720891938	0.0353541088206
165.323850406	0.037643318672
174.459138182	0.0342788026072
157.616908346	0.0410551852173
171.372692674	0.0354919824968
157.254663751	0.0411767584256
168.523589321	0.0366403847439
173.745610151	0.034337168228
182.732211143	0.0312480477217
182.719443648	0.0311325407718
174.151453489	0.0343967910445
178.587403879	0.0326135740531
172.933136212	0.0348625446973
167.138159261	0.0370972020625
166.516921437	0.0374092371029
169.398937865	0.036006461743
179.916064364	0.0322351454358
183.770045821	0.0307757758725
179.952954773	0.0322385630229
187.194521828	0.029638645629
163.932491793	0.0385666277174
174.408021072	0.0342263511596
175.051109358	0.0340643829529
166.769815344	0.0371633040132
189.563873125	0.0289124319484
166.486271581	0.0372760257453
182.388805272	0.0313167289472
179.930561274	0.0321117130017
163.375608525	0.0387033341002
183.94708516	0.0307051622331
176.319894715	0.0335643670369
166.414621525	0.0374305832341
190.013793395	0.0287499179971
167.079663729	0.0370173321524
173.936858959	0.0344665669985
182.01172117	0.0313575314518
173.709397752	0.0345736971167
186.004504892	0.0300077319526
173.042306984	0.0348365809174
166.99863358	0.0370059732851
180.337926047	0.0320648781596
182.776383387	0.0310842811849
188.414043534	0.0292920414935
186.265904675	0.0299086377164
177.425445185	0.0331040063666
180.623188074	0.0318185092787
169.879991189	0.0359916843049
178.379279766	0.0326393076419
177.189386953	0.0331685120006
170.837230665	0.0355884808955
176.965166064	0.0332044762232
175.342126012	0.0337185774672
180.202136565	0.0320553921836
185.768371016	0.0300788250846
169.352343953	0.0362894852485
174.986101319	0.0338868399906
177.524879589	0.0330447123845
173.093893156	0.0346844623095
193.372003679	0.0277124007423
165.649666232	0.0375951844934
176.989376439	0.0333232572675
174.056502164	0.0341762758275
172.993882369	0.0348403708236
164.235814964	0.0381535361104
171.252626227	0.035509897115
172.436022949	0.0347810290323
178.840656307	0.0326011452921
170.086736874	0.0356773105396
189.417924597	0.0289559650226
170.93037307	0.0353361443924
172.181254075	0.0351044366291
164.523632252	0.0379259009327
172.984205407	0.0347743126187
169.990822999	0.0356972192337
188.72640533	0.0291936443406
173.232181072	0.0344663000379
166.874967478	0.0372940932238
173.931836295	0.0342833504987
171.872995656	0.0352631562773
181.11362897	0.0316359687671
177.899669188	0.03295883506
172.329412517	0.034861867927
185.758467194	0.0302097214465
183.061415586	0.030997051847
166.103549793	0.0376392990077
186.221732844	0.0299348917671
169.553027638	0.0362221754443
180.701027299	0.0318303057675
184.988876653	0.0304698425537
187.582964207	0.0294907562798
182.969278887	0.0311694068413
191.14645187	0.0283519842452
172.002670943	0.0351964658143
187.687725404	0.029447366338
170.062684054	0.0359645895183
173.402767457	0.0345364444503
187.981941218	0.0294605527902
191.919926457	0.0281062007022
184.299566555	0.030690064733
190.254716453	0.0286620693968
178.164797365	0.0328353417243
183.294775088	0.0309792661548
174.928402674	0.0340168131413
179.981592804	0.0321845514568
186.818489209	0.0298277888317
187.808736513	0.0294611458916
181.471769387	0.0316743506175
192.40652879	0.0280132273424
188.010715199	0.0293944249558
187.207363212	0.0297183746609
176.682175017	0.0333591899137
168.442647731	0.0366557332929
168.568473137	0.0364016429307
181.584990065	0.0315873496867
177.882710242	0.0329907513281
182.787691949	0.0312524481441
161.858559013	0.0394239416571
172.983085446	0.0347516492804
165.260267146	0.0379508251571
171.979452182	0.0351891915115
185.558348	0.0301751272381
175.516378917	0.0338581428916
177.626891371	0.0330025170282
186.543333949	0.0299261059676
179.791921826	0.0322216687053
180.824692428	0.0319370112723
173.646815756	0.0344274282453
168.307659709	0.0367108973157
172.496362226	0.0350471046122
180.685694275	0.0319309362928
180.80271111	0.0319069439035
180.378850794	0.0319563355569
175.982722157	0.0336040568865
182.247759512	0.031348970406
177.280984739	0.0331961139772
184.466777772	0.0306401189054
174.487151626	0.0342168038537
166.724456534	0.0373778411238
175.552462602	0.0338497179537
173.744357092	0.034504369088
177.573754934	0.033081006987
178.353748983	0.0327963914218
174.433568621	0.0342790503366
181.488642236	0.0316942403398
179.148534292	0.0325390406506
188.201131111	0.0293681304453
181.78067741	0.0314713722646
165.303089488	0.0377437888811
191.497798379	0.0281887997932
177.898806304	0.0328572963202
178.54312939	0.0326840220952
149.399976647	0.0452667544623
181.764714126	0.0313688296701
185.865044585	0.030168778214
177.929401612	0.0329437813199
172.050897277	0.0350766030943
183.940774847	0.0306698770826
178.313424332	0.03278874234
175.025590747	0.0338552163217
174.772823042	0.0340959637457
166.411564078	0.0374734168961
176.958034668	0.0333370417208
186.418581551	0.0299054388744
165.452459014	0.0378711045083
169.487880882	0.0362425863979
184.47461913	0.0306098245673
181.691653169	0.0316197822977
188.658305516	0.0292225145292
180.567559164	0.0320394838502
184.149043237	0.0306424243309
178.083733333	0.0329180553563
173.506137154	0.0344605989209
176.284762328	0.0334080117039
165.700859986	0.0374744198629
176.415665147	0.0334619155386
178.835965428	0.0326350319079
175.438309644	0.0338495188002
170.59085711	0.0357083383106
180.397943148	0.0320453118248
171.158377942	0.0355298280528
169.453680303	0.0358966112502
190.2421289	0.0286841448741
181.437493909	0.0316077341557
175.586649249	0.0337614970929
168.691882973	0.0365511163273
193.194561778	0.0278006675257
181.452615907	0.0316437987805
179.964610849	0.0322162169987
174.380807095	0.0342836604702
191.087431674	0.028424728868
192.842913526	0.0278825204103
179.420631218	0.0324303460767
181.159253225	0.0318045608674
180.258024308	0.0321272723534
191.610782201	0.0282761868285
190.389919186	0.0286795686194
189.343902171	0.0290219722458
184.579036692	0.0306191370768
182.470701113	0.0313463973694
184.08803341	0.0308115823773
183.535728901	0.0309760162286
174.586526518	0.0342275292124
181.445838189	0.0317036421936
177.100108556	0.0333010357784
180.817571218	0.0319351989445
184.289980177	0.0307477189447
176.658378089	0.0333708035103
177.205204768	0.0332263997237
180.746521492	0.031897494701
173.072895992	0.0346455084944
190.217980231	0.0286982091372
189.197383372	0.0290831367648
179.377282038	0.0323260773257
178.515835634	0.0326772288894
176.217164164	0.0335459648071
181.525470056	0.0316210235896
164.189653446	0.0384122802729
181.061020587	0.0318435953897
189.606487256	0.0289366930254
179.92937716	0.0322480046241
192.685081892	0.0279428526604
181.5182126	0.0316643177285
196.347362067	0.0267994035251
190.43250657	0.0286174954339
176.019025147	0.0336963489853
175.083466676	0.034040933311
185.891597561	0.0301577353601
187.595175043	0.029547790247
182.351015997	0.0313888370681
181.381033495	0.0317133008365
185.942189423	0.030145005235
189.893428466	0.0288317872735
176.46602857	0.033530581435
184.162075352	0.0307444328107
178.388729147	0.0328198292953
190.358056908	0.0286845876632
179.442476759	0.0324164955875
176.950621479	0.033341824138
177.675036516	0.0330726887541
187.984948622	0.0294700996334
189.799007365	0.0288733006843
195.879002002	0.0269517659269
197.011248342	0.0266176028424
193.991941744	0.0275011712216
190.350284539	0.0286204071275
188.715501917	0.0291787958828
194.021269386	0.0274612670661
192.882300923	0.0278332462433
181.895199315	0.0313903771686
185.729450665	0.0301378271071
185.785031679	0.0300611811212
190.121617269	0.0286848707039
183.14822759	0.0310168767465
187.057350621	0.0296879541066
183.19899445	0.0309932516091
182.444695726	0.0312414058669
188.018472553	0.029365066913
188.224197293	0.0293271812878
183.094433339	0.0310435043934
182.980160464	0.0311021296054
184.271475196	0.0306458190256
182.070407845	0.0314360758823
183.350710853	0.0309823932794
189.720266442	0.028851838786
185.103949875	0.0304354170336
188.630193826	0.0291991910758
188.200019925	0.0293969794035
168.341820662	0.0363657226026
189.516988668	0.0289297309585
193.71589212	0.0276145617987
191.515555739	0.0283104601155
192.50521795	0.0279842617165
183.845209083	0.0308407027863
198.535970706	0.0261733163519
193.103935793	0.0278110674887
190.820676496	0.0285321857596
188.491217938	0.0292982625882
195.814904452	0.026963310815
192.361017452	0.0280474155223
189.176534333	0.0289902201612
183.582637076	0.0309394571719
185.240165647	0.0302939670925
187.882864858	0.0294755107624
191.419261462	0.0282464876869
194.440450811	0.0274180566499
193.284581929	0.0277595365471
198.906333333	0.0260707975253
199.074559809	0.0260158250596
198.247287365	0.0262409444496
190.501791311	0.0286403592016
192.905045654	0.0278759522447
195.678234767	0.0270223875948
197.049984674	0.0266211337383
200.296169199	0.0256475504584
193.352640957	0.0277511064448
195.749053614	0.0270017789125
198.852988144	0.0260668200156
196.306250195	0.0268294654776
189.029026811	0.0291242608796
191.4331989	0.0283698048115
190.17985977	0.0287525264935
196.34318319	0.0268410669005
193.790910466	0.0276032529768
193.571949409	0.0276612920469
192.805662894	0.0279179456828
193.549118406	0.0276634455854
197.850226604	0.0263731766431
195.460669467	0.027070372492
198.6603784	0.0261193008335
197.488681342	0.0264416508252
199.806350344	0.0258149339243
198.714573471	0.0260981660196
194.387779827	0.0274016149411
191.08250874	0.0283978417216
196.828401533	0.0266925274705
190.625706384	0.0285167413952
195.308482937	0.0271209111788
191.115478318	0.028408571949
198.114674161	0.0262755010495
195.410005396	0.0270330359918
192.313052836	0.0280668395738
195.253854435	0.0271155152918
202.063625821	0.025127236489
199.093665351	0.0260035723548
202.929826636	0.0248797830371
205.207052826	0.0242724559256
201.580043414	0.0252584991811
196.586206215	0.0267353552664
200.322516605	0.0256594632492
204.33640866	0.0244830097272
201.861683973	0.0251767676167
199.104969352	0.0260117319075
202.894952536	0.024898048159
204.169598251	0.0245507271358
200.959823231	0.0254385852783
195.855503427	0.0269553398437
200.343501495	0.025614293817
204.744952895	0.02440099924
202.287653516	0.0251003997987
205.691807189	0.0241427165638
198.985646766	0.0260440051867
198.874059636	0.0260706948589
203.359255629	0.0247694350549
205.784598748	0.0241060131682
199.300510443	0.0259170931637
198.936155246	0.0260314303678
202.95940429	0.02490800227
199.441020738	0.0258908504359
196.094603989	0.026903895543
196.3656092	0.026800078412
201.516080722	0.025281158141
202.618250199	0.0249596734206
199.599596394	0.0258722391125
199.992839758	0.0257116079385
203.298163263	0.0247818295097
205.027384072	0.0243286563676
202.640937057	0.0249878135956
198.475604355	0.0261898678342
197.804113488	0.0263809570756
200.621073872	0.0255364389534
204.034126045	0.0246056706715
203.251536766	0.0247855965432
200.027516522	0.0257077413324
205.852254872	0.0240704168177
207.047521509	0.0237828394052
200.492851692	0.0256017722895
200.137059786	0.025704513466
201.184189136	0.0254064210733
208.209747972	0.0234488161382
205.172259927	0.0242491652604
201.570674763	0.0252606955635
202.86536418	0.0249385683659
210.07497172	0.0229618633514
207.266645332	0.0236746220973
204.879726677	0.0243610363166
206.375046455	0.023954533958
206.448654049	0.0239003684487
200.631156106	0.0255358163768
202.615547866	0.0249617074884
207.154168156	0.0237239740802
205.471133437	0.0241972054519
203.005147416	0.0248527662338
202.674093198	0.0249780757115
204.762453707	0.0243918623792
201.182675007	0.0253739037994
192.483150839	0.0279944171353
212.149030517	0.0223859852599
206.480943163	0.0238877569847
203.300560531	0.0247689884176
204.078539148	0.0245933283121
206.301726317	0.0239708129642
206.510225027	0.0239261419606
206.924487434	0.0237704236999
202.528457623	0.0249946056921
205.027923849	0.0242888738049
207.393565665	0.0236537206982
208.061613213	0.0235038265807
209.182712413	0.0232030014692
207.035791168	0.0237702955665
204.995717599	0.024321419687
209.144131026	0.0232058555302
207.795215857	0.0235346962783
204.694251269	0.0243800885408
208.322756349	0.0233931921677
211.094348567	0.0226847569496
208.201859201	0.0234564223813
208.75688883	0.0233070968512
208.169118937	0.0234597968819
212.34317674	0.0223821398963
213.860892456	0.022000805268
214.417695312	0.0218293912773
210.244868034	0.0228876876819
210.810368684	0.0227404620241
215.163571743	0.0216503780701
213.865107733	0.0219894280385
215.907830061	0.0214667225625
214.78008447	0.021761276308
216.162902014	0.021423042458
215.954181645	0.0214487169417
211.649824212	0.0225271444256
215.587449147	0.0215670328871
214.553479726	0.0218175279385
214.835724136	0.0217220285433
214.876205779	0.0217398946968
216.875666832	0.0212542800714
215.294746184	0.0216105425569
212.83714933	0.0222265741233
215.352605457	0.0215942705134
217.822662449	0.0210103293765
215.989864346	0.0214693699329
216.922655369	0.0212138502161
216.462261207	0.0213541465314
218.252297379	0.0209202459627
215.932978552	0.0214551972737
215.817641956	0.0214833633132
216.894388414	0.0212190658353
219.071478558	0.0207213294963
216.596426609	0.0213140174367
217.994538648	0.0209768563495
217.065175288	0.0212037821238
219.097347841	0.0207320333252
218.88671942	0.0207548065644
216.234599783	0.0213822070645
215.246980216	0.0216240259311
219.856171242	0.0205445748414
216.94568889	0.0212284207311
219.858500195	0.0205221319957
219.14626811	0.0207118831768
221.441741568	0.0201796696957
221.348701346	0.0201974071049
219.908756541	0.0205090193933
216.811444975	0.021247887742
217.446248062	0.0210956756491
221.28877283	0.0202232587537
219.644347425	0.0205975581424
216.703251962	0.0212897759798
215.304705595	0.0216124235787
198.367804463	0.0261838390104
209.117188769	0.0232140559299
216.705710168	0.0212933001464
211.966046558	0.0224630827867
215.357882164	0.0216317703593
202.946340197	0.0248905280152
214.202630132	0.0218887588116
215.573563404	0.0215759761446
212.876182311	0.02222947386
215.217821988	0.0216641600965
217.735239474	0.0210299173009
209.850256968	0.0230071959733
212.59963323	0.0223219749465
212.610535149	0.0223167120009
214.726959968	0.021770728978
211.694895058	0.0225535594245
214.297106935	0.0219093822801
212.088743878	0.022427427758
214.848340596	0.021747011351
219.230068372	0.0207016880759
211.216322128	0.0226525011628
211.318696115	0.0226550230735
219.514722269	0.0206219085915
211.385149171	0.0226338410265
212.624112662	0.0223066317147
214.148613295	0.0219059527164
213.03357189	0.0222227300763
214.409910857	0.0218619115029
212.31936012	0.0224077227385
214.965044119	0.0217159170396
211.770190476	0.0225270034498
216.04355242	0.0214727102356
216.691486056	0.0212910481144
214.716935271	0.0217798447074
214.309394743	0.0218843290001
217.348803635	0.0211558001678
216.213118952	0.021410547405
213.385334769	0.0221288235622
214.818126058	0.0217630277649
215.998723422	0.0214819496139
217.130780512	0.0211901550202
215.10127647	0.0216850450837
216.074754004	0.0214490826369
213.76284277	0.0220256970696
215.705805639	0.0215462661787
214.688376593	0.021812448733
217.045444463	0.0212251936702
217.505967455	0.0210956867245
217.808479105	0.0210193721739
216.160750595	0.0214292873299
218.390586978	0.0208808078274
215.783911818	0.0215256620167
217.946729653	0.0209856319165
216.599440638	0.0213247753298
215.790653464	0.0215207218649
217.801366651	0.0210226426299
217.457088879	0.0211155699227
218.161708401	0.0209506040389
216.413756623	0.0213665473777
218.215862574	0.0209311444214
218.388903165	0.0208909112993
219.592804873	0.0205973778898
218.324099509	0.020909959433
220.605139006	0.020364763931
221.209101919	0.0202280105128
219.432417363	0.0206514825472
221.360856107	0.020189383396
219.549710836	0.0206278046829
221.558937907	0.0201486932596
219.929090988	0.0205405691002
220.462186894	0.0204155542797
222.186494658	0.0200081653811
221.401621913	0.0201742243025
222.344152111	0.0199765390709
221.436624703	0.0201655601965
221.588103198	0.020147158283
220.408515971	0.0204295950391
223.057704477	0.0198185216914
220.51360116	0.0203890841136
223.199524428	0.0197767295073
221.891044619	0.0200813614921
222.074952152	0.0200420022094
222.662028066	0.0199056286263
222.625484575	0.0199174733048
221.650860352	0.0201340687978
224.08477344	0.0195834329641
223.027731182	0.0198132463154
223.79397056	0.0196541687651
221.480809432	0.020173963812
224.575150022	0.0194784753415
222.841118354	0.0198654592201
223.107507296	0.0198116099202
221.847531726	0.0200994424411
225.446169835	0.0192743989255
224.163687577	0.0195657024113
225.917253738	0.0191768399338
225.250772765	0.0193231619643
225.850956054	0.0191835774622
224.543509241	0.0194948426415
226.740382932	0.0190000296272
224.633150096	0.0194742163131
226.125000362	0.0191509238281
226.82784206	0.0190015650907
227.679946714	0.0187952555923
226.1885783	0.0191308931342
226.665446576	0.019024096851
227.583620473	0.0188297243223
225.582181851	0.0192575886056
226.38517238	0.0190899745669
226.166823722	0.0191324633973
226.857557995	0.0189868906902
227.497699259	0.018834126381
226.563036091	0.0190497788357
226.810283446	0.0189881769463
226.331564431	0.0191171044513
226.221326675	0.0191438668859
228.350042072	0.0186584452264
226.354349061	0.0190957329355
226.378490381	0.0191098369473
228.360615595	0.0186574848184
227.812605042	0.0187647680923
226.376812874	0.0190980129031
227.789617154	0.0187894583488
226.717075247	0.0190264522081
228.132117355	0.0187096805543
226.643429585	0.0190254159299
226.717608423	0.019036969629
225.63694854	0.019271252164
226.115236418	0.0191665254518
228.170030607	0.0187009135317
226.966326245	0.0189591827073
226.979438803	0.0189713281416
228.219662804	0.0186888120345
226.537770083	0.019056911931
226.432181017	0.0191002357489
228.325674319	0.0186687183979
226.643665629	0.019027968092
227.925863309	0.0187537915828
227.774834271	0.0187750339785
227.479910985	0.0188492881352
226.430639491	0.0190771868078
227.807691316	0.0187912278282
227.526065327	0.0188405087334
227.178676341	0.0189363762726
228.566684953	0.0186129328411
228.028906997	0.0187219696747
228.32510524	0.0186626405724
227.200283519	0.018908711794
227.643237196	0.018816427869
227.164288858	0.0189218744869
228.313400807	0.018682257964
226.486991745	0.0190794797153
228.266142885	0.0187071999706
227.29520448	0.0189016542496
227.966971744	0.018765106046
226.661920354	0.0190469124813
227.079283685	0.0189609751825
227.200079697	0.0189177264599
227.456041172	0.0188455313234
227.04951734	0.0189268641108
226.697308551	0.0190296613045
226.847685004	0.0190018090376
227.001446318	0.018943742268
226.000236282	0.0191686275214
225.133249788	0.0193845007613
226.395687265	0.0190977311238
226.061869839	0.0191457060468
224.492633311	0.0195010794955
225.47708839	0.0193101240443
225.860773228	0.0192095965026
225.630729655	0.0192530567949
224.84349601	0.0194407268052
224.872342723	0.0194413858847
225.161290122	0.019375983653
225.372350606	0.0193241049812
227.104819352	0.0189317221543
225.554835512	0.019255720758
224.648669178	0.01947058359
226.714732485	0.0190126611352
225.433938061	0.0193043677727
227.687441005	0.0188395045285
226.94430656	0.0189590698981
227.333120371	0.0189017853438
226.657041652	0.0190502657642
225.389360396	0.0193309110443
225.953591138	0.019206065867
225.054504101	0.019384380809
226.810536408	0.0190148844662
224.105062028	0.0196003773119
225.888659173	0.0191884809144
223.449334134	0.0197408474736
226.3560688	0.0191017543855
223.44499543	0.0197505263539
221.76775742	0.0201220708889
222.2985853	0.0200066244137
224.515975086	0.0195229291273
225.190683756	0.0193753653277
222.827378192	0.0199126285647
225.970768796	0.0192023331053
225.011114998	0.0194238181042
227.34108644	0.0189086549235
226.741814392	0.0190209891216
226.386026736	0.0190744869393
226.865563985	0.0189881461679
225.789659761	0.0192348975592
225.32601004	0.0193467397711
226.298790203	0.01912517053
225.743856373	0.0192575086753
226.719751838	0.0190210212883
225.991881207	0.0191679779026
227.014932469	0.0189744969908
226.775122599	0.0190158719832
226.703626057	0.0190127042006
226.603251241	0.019064702252
227.105710014	0.0189531576221
226.325936924	0.019127786582
227.098424865	0.0189668715256
226.137333608	0.0191699781181
227.200771087	0.0189463660859
226.645954508	0.0190621785709
227.27132217	0.018930114606
227.087768014	0.0189676235308
227.225151311	0.0189365218741
226.987659971	0.0189902903884
227.366122643	0.0189099853882
227.186748852	0.0189473777016
227.416086024	0.0188991137732
227.44166042	0.0188914934076
227.32197805	0.0189183886884
227.526124335	0.0188678872007
227.421805616	0.018894127166
227.744794241	0.0188231132425
227.098545655	0.018947667193
227.74076289	0.0188132734137
227.443560031	0.0188832180722
227.772657608	0.0188163600196
227.076135944	0.018944083216
227.89239539	0.0187791176699
227.413888948	0.018891640507
227.792905233	0.0188022812004
226.953041754	0.0189628084408
227.800351031	0.0187860301528
226.753137427	0.0190029229862
227.995436404	0.0187542947928
227.389700516	0.0188999608923
227.520662729	0.0188749010441
227.126256358	0.0189584030121
227.976700072	0.0187802998177
226.975340393	0.0189880010432
227.73470903	0.0188314269122
226.852544435	0.0190140835549
227.949942344	0.0187843507329
226.88381371	0.0190079868869
227.933131254	0.0187860708174
226.761316105	0.0190351529277
227.927803114	0.0187904750458
226.57513661	0.0190717932066
228.048868671	0.0187640128473
226.605617458	0.0190678143202
228.121292663	0.0187461925709
226.767493849	0.019032913002
227.98528252	0.0187761163143
226.277148461	0.0191327545256
227.952387401	0.018780591851
226.398970049	0.0191081771795
228.068195566	0.0187556788039
226.446979879	0.0190993235327
228.095290054	0.0187491998305
226.522741183	0.019082995149
227.790426502	0.0188170089576
226.388955383	0.0191118057568
227.978273801	0.0187729246533
226.391726543	0.0191109245461
227.995016699	0.0187595089802
226.0412871	0.0191692272293
227.959654964	0.0187665182975
226.4798864	0.0190895511064
227.86395276	0.0187934245724
226.419068538	0.0191059954182
227.775773734	0.0188192639762
226.322424304	0.0191256861275
227.784867468	0.0188139360731
226.37243471	0.0191144107139
227.630739549	0.0188453662182
226.401909964	0.0191081130046
227.30380732	0.018920849003
226.483895982	0.019089762188
227.521402474	0.0188753522828
226.41719811	0.0191046078895
227.59411229	0.0188594851281
226.482083087	0.0190901659902
227.587902577	0.0188624753007
226.623921122	0.0190541862373
227.586041486	0.0188548795623
226.720866974	0.0190383433757
227.59853483	0.0188533972393
226.874251927	0.0189999076259
227.420172615	0.0188922309473
226.96381191	0.0189909153714
227.136419636	0.0189549568985
226.900811392	0.0189990981496
227.196089644	0.0189433160937
226.952938047	0.0189930055559
227.131150428	0.0189484771915
227.157237875	0.018948708735
227.013310379	0.0189754887748
227.173020699	0.0189360374915
227.087352289	0.0189650060208
227.176360688	0.0189384191231
227.009573713	0.0189754288257
227.123888041	0.0189491466256
226.908722578	0.018986403187
227.027618838	0.0189591485665
226.875835905	0.0189908132497
227.124442979	0.0189481256467
226.917127728	0.0189969357372
226.911097495	0.018984712482
227.067095903	0.0189699856005
227.058507277	0.0189702207518
226.96117054	0.0189920184084
226.974495263	0.0189843734873
226.961491615	0.0189900949711
228.430547931	0.0186735256326
233.930030893	0.017561536124
237.530264652	0.0168849000977
240.355994789	0.0163637813702
243.148744814	0.0158563935764
245.479135408	0.0154482235589
247.906500964	0.0150376624376
249.559169375	0.0147617865368
251.145889005	0.0144963335864
252.141393981	0.0143310504491
252.961325576	0.0142006222989
253.640009488	0.0140866869856
254.355023977	0.0139696340932
254.874885419	0.01388225616
255.339795295	0.0138166987968
255.758683704	0.0137490004807
256.367051002	0.0136541262753
256.94256369	0.0135577934554
257.454322262	0.0134809211602
257.861654032	0.0134206270567
258.162748137	0.0133774463588
258.27521638	0.01336229328
258.664456469	0.0133008871684
258.770660717	0.0132897169228
259.068127612	0.0132425434251
259.266460507	0.0132118323711
259.174028764	0.0132306866544
259.410974208	0.01319558646
259.649058212	0.0131596421799
259.552932853	0.0131739582157
259.548379871	0.0131678524485
259.321624433	0.0132075536904
259.488744932	0.013177543387
259.248843454	0.0132163720758
259.23903423	0.0132134029898
258.985999845	0.0132570576742
259.162910443	0.0132266301172
259.030845331	0.0132447108331
258.983562947	0.0132539562876
258.840435995	0.0132710377207
258.668024378	0.013303211922
258.74338376	0.0132859479376
258.547409846	0.0133216368501
258.561902689	0.0133130421251
258.325213065	0.013355668885
258.196486368	0.0133745757072
257.986377368	0.0133973141324
257.410954247	0.0134800580564
256.91677157	0.0135429816507
256.30276998	0.0136345014334
255.946345761	0.0136875602995
255.160047913	0.0138097572972
255.330334857	0.0137857864537
257.554431478	0.0134554563625