100	-0.0449	0.0	0.997427900399	0.00257209960092	0.0
104	-0.03378	1.56797804171e-20	0.570100616908	0.42965141104	0.000247972051517
105	-0.03788	0.0	0.0	1.0	0.0
107	-0.03936	0.0	0.0	1.0	0.0
11	-0.09223	1.0	0.0	0.0	0.0
113	-0.04504	1.0	0.0	0.0	0.0
114	-0.007631	0.0	0.0	1.0	0.0
115	-0.001189	1.0	0.0	0.0	0.0
116	0.04096	0.0197371042574	0.953848555025	0.0264143407174	0.0
117	0.02047	0.0	1.0	0.0	0.0
118	0.05066	0.0	1.0	0.0	0.0
119	0.07755	0.0	0.968290524118	0.0	0.0317094758818
121	0.08482	0.0	0.0	0.0	1.0
125	0.1748	0.0	0.0	0.0	1.0
126	0.4912	0.0	1.0	0.0	0.0
127	0.6331	0.0	0.0	0.0	1.0
128	2.289	0.0	0.0399378659751	0.0	0.960062134025
165	-0.08873	0.0	1.0	0.0	0.0
166	-0.08703	0.0	0.416962596803	0.0	0.583037403197
167	-0.1176	0.0	8.39632013223e-83	0.0	1.0
168	-0.1093	0.0	0.0	0.0	1.0
17	-0.1307	1.0	0.0	0.0	0.0
170	-0.08352	0.0	0.0	1.0	0.0
172	-0.07419	0.0	1.0	0.0	0.0
175	-0.0843	0.0	1.0	0.0	0.0
176	-0.05945	0.0	0.0	1.0	0.0
178	-0.06086	0.0	0.0	1.0	0.0
189	-0.02546	0.0	0.0	1.0	0.0
190	-0.02322	0.326012942699	0.0	0.673987057301	0.0
191	-0.02526	0.0	0.0	1.0	0.0
192	-0.02207	0.0	0.0	1.0	0.0
193	-0.02677	0.999993762356	0.0	6.23764424772e-06	0.0
194	-0.0104	0.945345365878	0.0	0.0546546341218	0.0
195	-0.009275	1.0	0.0	0.0	0.0
196	0.01423	1.0	0.0	0.0	0.0
197	0.01817	0.120568490499	0.0	0.879431509501	0.0
198	0.04996	0.999984216462	0.0	1.57835381012e-05	0.0
199	0.06744	1.0	0.0	0.0	0.0
200	0.09903	5.89994901601e-22	0.0	1.0	0.0
201	0.07093	1.0	0.0	1.46910120475e-96	0.0
202	0.02568	0.3789343071	0.0	0.6210656929	0.0
206	-0.006873	0.857342589923	0.0	0.142657410077	0.0
207	-0.0003455	1.0	0.0	0.0	0.0
208	-0.01797	0.00740821394539	0.0	0.992591786055	0.0
211	-0.01908	4.92548741157e-34	0.0	1.0	0.0
23	-0.0929	0.497897123901	0.0	0.502102876099	0.0
24	-0.08139	0.0	0.0	1.0	0.0
25	-0.08847	1.0	0.0	0.0	0.0
26	-0.09085	0.0	0.0	1.0	0.0
39	-0.08599	0.0	1.0	0.0	0.0
40	-0.07269	0.0	0.430999493777	0.0	0.569000506223
41	-0.04391	0.0	1.0	0.0	0.0
42	-0.01119	0.0	0.776966618992	0.0	0.223033381008
43	-0.02335	0.0	1.0	0.0	0.0
45	-0.03334	0.0	0.562370972781	0.0	0.437629027219
46	-0.03833	0.0	0.999093434841	0.0	0.000906565159446
47	-0.01519	0.0	0.0	0.0	1.0
48	-0.02106	0.0	0.592468153774	0.0	0.407531846226
49	-0.04009	0.0	1.0	0.0	0.0
53	-0.06354	0.0	0.0	0.0	1.0
54	-0.04305	0.0	0.513826529274	0.0	0.486173470726
6	-0.06627	0.0	0.0	1.0	0.0
61	-0.06447	0.0	1.0	0.0	0.0
62	-0.05529	0.0	0.00512834365652	0.0	0.994871656343
63	-0.05623	0.0	0.0	0.0	1.0
64	-0.06848	0.0	0.0	0.0	1.0
65	-0.06288	0.0	1.0	0.0	0.0
66	-0.05932	0.0	1.0	0.0	4.70875665252e-63
67	-0.06384	0.0	0.0	0.0	1.0
68	-0.06866	0.0	1.0	0.0	0.0
69	-0.05841	0.0	0.999255643016	0.0	0.00074435698383
7	-0.08332	0.0	1.0	0.0	0.0
70	-0.05591	0.0	0.0	0.0	1.0
72	-0.06009	0.0	0.0	0.0	1.0
73	-0.05323	0.0	0.0	0.0	1.0
74	-0.05398	0.0	0.714614296195	0.0	0.285385703805
76	-0.05757	0.0	0.423051038337	0.0	0.576948961663
79	-0.0529	0.0	0.0	1.0	0.0
80	-0.05316	0.741447710897	0.0	0.258552289103	0.0
84	-0.1207	0.0	0.0	1.0	0.0
86	-0.1002	0.0	1.0	0.0	0.0
90	-0.05765	0.0	1.0	0.0	0.0
91	-0.05637	0.0	0.0	0.385403736561	0.614596263439
92	-0.06396	0.0	0.035646848756	0.0	0.964353151244
94	-0.04892	0.0	0.97666010264	0.0233398973598	0.0
95	-0.05	0.0	0.969239141466	0.0	0.0307608585341
97	-0.04555	0.0	0.397656524664	0.602343475336	0.0
98	-0.04133	0.0	0.961288129806	0.00840770642937	0.0303041637648
99	-0.04391	0.0	0.0103911352822	0.989608864718	0.0