-80.8962036501	0.600113214846
-19.2294483426	0.297898090963
-72.1212521376	0.541840352102
-50.6122114551	0.425134529248
-7.27029742166	0.259929954734
-3.43500627684	0.249647454561
-31.2034410447	0.338079596163
-14.4164742719	0.280591809348
-22.6369157698	0.308871028003
-65.4889661261	0.506909540215
-18.8566262127	0.300494598816
-46.8568490844	0.411353529149
-21.0638839543	0.307721905235
-39.6241463796	0.379383049591
-68.8624652369	0.526940546255
-17.3285729818	0.294940114641
-36.6073139007	0.363389146427
-21.4450299016	0.308935978585
-8.48792890109	0.267739232011
13.4561346881	0.208190700947
-65.1744341747	0.504765373137
-33.960269954	0.351691805126
-41.4972208774	0.387011324123
-44.4773189563	0.396268833262
-31.5927863343	0.340278288614
-30.7446040595	0.339604553322
-63.4241643728	0.493228456511
-42.6242526512	0.39055207196
-62.4526866673	0.489576384924
-39.2243234758	0.376826723974
-51.5623914267	0.434299104591
-20.2365548241	0.303940450239
-73.9176929824	0.555835628405
-40.3674190296	0.38209612526
4.17155447425	0.232116585428
-45.090490182	0.403676253314
-22.0462735905	0.301289877749
-23.9243390067	0.308074999295
-51.4508443991	0.433395999756
-15.7406491947	0.287801146131
1.50880147097	0.238933022939
-20.8092067553	0.30112479405
3.37105052178	0.231928216086
-53.3132147373	0.441858676318
-0.784091709645	0.244155900712
-11.9072047312	0.264051208503
47.944623708	0.141108620766
-20.1162908402	0.296305958891
-8.31468487956	0.253123630275
-29.6942061124	0.338891138933
-43.1320864964	0.39388703601
-32.4584213953	0.345684626678
-39.4718471926	0.378257863875
2.17061421283	0.235498247984
-25.4332855121	0.321648910172
-34.9037116254	0.358132723012
-62.9750270668	0.491369512312
-56.3579109685	0.453064566345
-41.3146053941	0.387052515047
4.08639978439	0.232456806429
-14.254169624	0.28355347875
-17.0510238824	0.284033774579
-12.7199940406	0.26777816718
35.9711365568	0.162141714959
-25.824824456	0.325263855665
-46.9412657714	0.411807373913
-14.7586073242	0.287295401832
30.1314249383	0.172187116791
-46.622688028	0.410823432705
-54.2097097369	0.447163420635
-37.1449525729	0.36915962648
-30.9948906678	0.344745415438
59.2519272771	0.123872504227
20.9088876085	0.191072897455
-13.1931677825	0.269236309766
29.6020357387	0.174096054546
-34.7855594308	0.357718239736
20.7744828622	0.192110213275
60.3795978076	0.122079569288
0.386513110437	0.242419414969
-0.181696111474	0.243910483201
-17.075127945	0.294788092042
-15.2468957687	0.288839017121
9.60377809889	0.217128631454
-33.9405200668	0.349371854938
-9.38910678597	0.258920101929
22.9997686143	0.187397202159
-41.9017641716	0.389584061333
-27.8518929398	0.324016319307
23.8611042731	0.184875227672
-10.7886762018	0.266727885793
-9.43969684432	0.263877398104
-17.5330895287	0.286135442818
9.08400594786	0.21985851748
-9.96463200681	0.26466230476
-15.3391997172	0.281684753764
-9.6378281148	0.270785635095
1.18106745697	0.23825841312
30.7997997532	0.170238870923
67.9073494386	0.111920570219
0.0562677804907	0.239713350155
-9.45007890352	0.27058616098
-6.96866046578	0.262281815792
14.1464495537	0.206547027112
-8.06278526946	0.266493367288
-31.3539146267	0.343495622292
19.2603685064	0.195262543454
-13.4027762657	0.274050473206
-6.3781619513	0.257267803675
5.11801621157	0.229392521323
-7.93970709983	0.258405439212
-5.9883868602	0.247966305146
-16.2909463876	0.287808758157
-19.0033614958	0.301093070195
-23.0201717844	0.30527193636
-13.5901742834	0.275439084878
-30.4612794101	0.340005655752
35.02021925	0.161523478651
38.018265792	0.157277449233
1.57443861348	0.2391673091
4.48361900543	0.230996843303
-9.80663855443	0.271648132837
-13.2226859189	0.282343668736
-43.7323393049	0.397721573418
-25.6819320097	0.321257755634
-30.9454684566	0.344503912342
4.79857769872	0.227771515885
47.7221422057	0.141883382282
-3.79771842208	0.25384059228
17.035976129	0.20010209336
-11.8679024199	0.268017867366
-37.2290432949	0.368710679245
-29.666243917	0.336900360611
-9.84201216154	0.270084475419
12.5177700168	0.209972999653
-49.3572955138	0.417836641277
5.15102605177	0.219553406442
9.19279753069	0.218492886082
-19.6992042817	0.29645842433
-15.0198091403	0.278990561341
-4.25064450243	0.252487320167
29.8226423771	0.171379652398
-16.4689058714	0.291733795006
21.4259622886	0.186928283341
-12.0653684091	0.27871852288
42.1533302805	0.149527884614
27.2091482939	0.178124123571
-4.70280370824	0.256148722853
8.92512677243	0.218298188772
-19.2108067168	0.302025284644
18.5073534994	0.197321236336
21.1779174234	0.191008284557
-11.3570260362	0.267372371728
-18.5553394507	0.299142968022
18.6794370178	0.197137814476
30.7585033152	0.17104467285
-37.8726343358	0.369699029833
-13.9844429643	0.279662631823
-36.97838309	0.363011578769
2.19694782974	0.226142054272
-15.9227531885	0.281780067956
33.4235869365	0.16669083352
33.5513732844	0.16341650327
8.02907354158	0.221211259161
82.8851335087	0.0943785503801
3.12605631834	0.234209284546
-8.76640135238	0.267767088792
-23.9833877893	0.317476607132
-5.31111404608	0.250526852161
-18.732239998	0.293628585257
42.8778621815	0.149820444046
-8.28605032836	0.265384436261
3.99624971249	0.223977017477
-29.9507242465	0.3310455623
5.69147783569	0.22816060722
-29.3892378433	0.338514780446
13.0526725391	0.201829001993
-23.4183318616	0.308981573524
6.84045551058	0.214834870708
17.6087239075	0.199192846572
6.08202914317	0.223212053736
17.5790183188	0.194843006037
-10.4195057884	0.264461470014
13.7936509665	0.205456122485
-13.8333450553	0.276724897841
19.244577073	0.195418360995
-5.47654668624	0.257745381657
15.3623468532	0.203799346737
-0.701283603013	0.24440115013
-5.45312569983	0.249578013182
11.3046078633	0.204378580305
14.7290247552	0.197150678626
46.7106702169	0.142396145554
7.87701447121	0.212910145884
11.9907861707	0.208264700317
4.94845888007	0.225832880652
27.5805117594	0.17738589583
67.9433584064	0.111463551083
4.52590631192	0.225324273074
16.2863553698	0.194111439027
58.4322591442	0.123983917499
14.5074835509	0.205538465674
13.1929829338	0.20024155717
-3.50838363209	0.243938834156
23.5434458714	0.185069767731
-22.3712877567	0.305235789537
4.82754036164	0.220331148458
-25.5590880867	0.317036582693
13.6598787681	0.207592511531
-10.6182321951	0.267589068259
38.7172444574	0.15633424884
30.1714351956	0.172421012226
9.1243497685	0.210153789418
-0.568331897952	0.234555327468
10.1208644283	0.208423631741
25.8947083807	0.181310650093
-27.2773962836	0.322329192386
27.6595328425	0.173623706467
6.13695642626	0.217724163268
-21.90931124	0.308478465064
79.1491696999	0.0996647939191
-5.78820788349	0.248805538471
32.405734164	0.166683466655
62.275515013	0.118989938026
61.1892059598	0.121798530329
6.75361694828	0.217954662452
-0.342593349921	0.234610995501
57.868942483	0.124484102357
34.4578779875	0.16447175316
17.7127269374	0.193462194824
7.58198010906	0.219039472219
55.2008926616	0.127976096749
10.8003649244	0.207717312006
2.19912737776	0.232205142241
-8.02240528117	0.261144023871
94.8705145423	0.08297229559
39.745271914	0.152230231459
49.4974844192	0.138872399602
10.7538743861	0.211837175211
31.0204361896	0.167497833777
67.5836153421	0.11136381322
42.5805405144	0.149266889091
31.262031884	0.170304936622
8.84511251251	0.21502178973
30.5120800136	0.171313327947
-3.09984128638	0.243650528085
0.263293695073	0.234097822149
-2.68747423554	0.243300331789
16.2723531796	0.197784706472
-7.34473673838	0.257869332835
84.1985365436	0.0933992272724
29.86101316	0.170751403266
9.38559258084	0.217390912621
-12.1892761456	0.277068545739
95.2495936604	0.0830514186377
6.4212825808	0.225421914158
-5.10684016319	0.250409494034
23.1344450932	0.181420307855
47.6654175628	0.141742990293
8.50387495249	0.214904409021
-0.97900178615	0.23861045836
80.6207419592	0.0970230874628
38.6414060709	0.153790279128
27.5290198105	0.174668025122
-5.01221065676	0.250354057119
-10.7434608964	0.267097003027
16.0253902193	0.202316132413
21.0613336291	0.184622730343
28.7316451916	0.171164703362
52.6766472416	0.131103517198
35.0328621871	0.161855637129
13.3213858787	0.208173789008
20.2614722544	0.191180383484
4.47928672128	0.22230283933
87.5763164513	0.0908046641072
-15.9296373621	0.284592042505
29.8227347172	0.169011414534
2.30999671723	0.231250724341
122.319817817	0.0605135503972
18.4528545274	0.194785327346
-1.79223925546	0.239782506631
15.5672034776	0.200638202743
32.1856180292	0.164468287407
30.7766372632	0.170701942731
66.2173472737	0.112832512127
38.608402812	0.153616545143
112.057766441	0.0685706938905
19.391089814	0.190744530125
27.564250442	0.176258176333
15.6817904938	0.201295165728
86.4571522566	0.0921241973443
102.983321355	0.0760950331929
79.9722463184	0.0986961970408
61.4470355804	0.12160033651
18.0697231606	0.197387394437
-6.81362382708	0.261017791792
82.9568942081	0.0957791345509
65.1245728871	0.116765622316
5.96347609489	0.225049509607
5.76982133374	0.222485012202
65.4194611863	0.114175509334
25.5157202846	0.181012364663
29.6150149558	0.171171323735
20.4363427253	0.188691087837
20.6160851214	0.188419695932
111.359429781	0.0684930651468
94.9585228264	0.0836341601083
37.465359089	0.155882177285
12.9771589201	0.205026575206
16.1523532321	0.19820666578
5.75656248169	0.220487608772
8.26519194539	0.213439110298
55.0826595077	0.130363979653
21.2298245942	0.184373826296
40.554597678	0.150265019323
22.7983439197	0.18599976176
47.7604962755	0.141295917781
30.0114286542	0.171701213248
3.41366230754	0.23045783894
17.4639874006	0.19783082247
-5.72154548556	0.250271786478
20.4542577513	0.190470302191
71.1987745825	0.108623197157
7.58276643947	0.216228613033
53.2464281728	0.131445264187
100.200666611	0.0789652668698
102.900873225	0.074856632853
78.9958550761	0.0979082756679
65.0039771772	0.116856289909
23.9184846904	0.182123587229
127.666369824	0.0571252174356
52.4739061221	0.134023683756
85.0812237237	0.0921092233381
17.0412267316	0.197793129671
102.178106179	0.077008302499
58.5238166112	0.125555219747
15.3414806988	0.198922493645
82.8869568562	0.0957389989262
81.0411999312	0.0973921376163
76.546558735	0.1007532895
81.6169486947	0.0954011006451
36.99182029	0.159691233139
11.1759242297	0.21388055195
46.0266859761	0.14175967358
58.5046685877	0.124060696616
113.099503533	0.0675674379171
77.7795052033	0.101062785201
26.1153057807	0.177964752534
111.234999593	0.0695590947664
25.6242407243	0.178844312437
59.2419000633	0.124331424514
130.884121798	0.0548330987352
8.24131430416	0.214938456989
18.682156241	0.191094397242
40.8975324856	0.149669446612
44.4543187123	0.144517439792
44.0464996821	0.147512415024
43.4720199114	0.147557957836
96.5719749446	0.0807456045598
9.31532692265	0.212342127287
62.8182339994	0.117467119481
38.1760840696	0.15358735088
95.6446183053	0.0816911057558
68.0834534229	0.112361187727
13.2423155106	0.204092920458
40.9931224267	0.152582541888
70.8743902105	0.10954888229
22.6217944284	0.182957452286
39.9085837517	0.150381345529
65.2505634897	0.114958773797
67.5032733208	0.113544673138
81.244804042	0.0969529944284
9.13304173131	0.2128643238
72.2946110105	0.107702371584
99.6005879646	0.0793542335286
52.5374479702	0.13163139419
59.1869464759	0.124550433625
7.5542187639	0.217418441063
101.265920298	0.0780508928089
18.3322246955	0.19109285621
8.06181923096	0.216232469117
24.5282238451	0.178686308257
8.37374148156	0.214986883314
22.0556209855	0.186245573952
41.7669676512	0.147476088704
14.3261859096	0.200352858784
112.43864988	0.0687166094625
11.0478247122	0.208438431825
51.9407077546	0.13256264222
93.647013372	0.084521132236
91.9331924712	0.0862715424454
70.6737344025	0.108706753117
19.5993909474	0.187935823494
82.2937653154	0.0965026667309
69.9828125055	0.110449572282
50.7498601963	0.136975584575
36.1817742811	0.159512748655
96.0714520452	0.0826594522647
26.926266216	0.173513274189
33.8877620071	0.160797531089
28.4211424612	0.17249604226
17.116386635	0.193556096445
92.9602407577	0.0848626947183
71.2553192943	0.107481779439
36.3868341835	0.157563878072
95.5519999214	0.0821132074559
37.7506729935	0.158284284506
54.7807135472	0.128389890741
62.6218405423	0.117549918897
12.6303693364	0.208229021335
18.5890332669	0.190900232683
52.9835505775	0.131110108631
27.6103792595	0.17210013638
47.059534547	0.138782326832
44.0973930844	0.146391224046
23.6486864119	0.181366536136
61.4901455649	0.119029626788
39.7734220501	0.15091194886
67.3626781128	0.113927879628
76.5676919055	0.102841201245
43.9777391748	0.145030975833
87.8810976345	0.0899902759043
82.4176883761	0.094600781258
54.3296317793	0.130517549379
92.1136037253	0.0861848182637
78.2366599751	0.0999567409899
58.1627680572	0.123907489685
48.8490724982	0.139358364446
103.054560964	0.0759234542256
30.8619039778	0.16684925641
33.3090542969	0.162966032611
100.742979229	0.0778056985344
40.0781127428	0.150089810571
80.3048579102	0.0982055073126
42.5362223782	0.147906006674
71.8984504958	0.107495996463
90.2895098035	0.0881892955111
72.3238639415	0.107408256999
83.3856284118	0.095318794284
25.4845664861	0.176236337207
14.5286802127	0.199626832155
49.0746026933	0.13585709596
71.0153986861	0.109258512519
26.4763746823	0.176860048483
54.6173801971	0.12911716795
90.7729106158	0.0870186684576
61.4206833927	0.119637163606
71.9500459324	0.105758663579
65.7334264412	0.113553152073
43.9142496451	0.144942666645
69.3459385923	0.111435303092
60.7281520775	0.121687028349
69.5461615296	0.11058753146
53.6267555355	0.130536975074
68.3837665028	0.110053384019
50.2266832298	0.135724068486
47.9958497862	0.139924878508
61.7623213533	0.117798809153
100.473071004	0.0781082405137
25.5581778957	0.176169281527
99.1846651931	0.0789993590141
94.518899694	0.0827691026445
89.5516273422	0.0884067045143
82.0077509772	0.0949534462126
46.6058895099	0.143144207632
28.9722509714	0.171360303868
28.5359657996	0.172105546876
46.1323799767	0.140023759114
31.0992782441	0.167223433036
72.7132065959	0.107110267604
77.0712701014	0.102253778998
100.972849133	0.077060937356
59.5108463166	0.123969603472
20.0326440521	0.188080065494
83.3256922877	0.0949274427964
103.143208906	0.0760139737313
68.1670443638	0.112858840706
99.5606943544	0.0793684090515
77.3576801887	0.101727890547
88.0456268335	0.0890122304224
102.776563412	0.0766069338296
88.7042437457	0.0880543563817
107.172424959	0.0724134693272
101.398314132	0.0769586673062
99.0859673409	0.0787207296799
70.8343105139	0.108307443931
73.7556321416	0.10570259252
108.100386889	0.0717459203994
35.330690414	0.160965033974
62.0629399255	0.117582994596
64.7640502439	0.115202583665
78.123709148	0.0989360235241
109.049356249	0.071277657763
71.5440073873	0.108246267734
83.3056159713	0.0954085298515
54.9180451907	0.129686406958
75.1449983221	0.10428670012
19.5011511612	0.191741929395
56.4774891154	0.128022207135
70.4767397178	0.109495029578
72.0094838489	0.10601810288
112.552659483	0.0681923273048
107.001074297	0.072914626305
108.083737471	0.0719382787219
119.078702516	0.063407889837
107.165340304	0.0729368829475
55.9512883806	0.129035176334
93.1687253526	0.0843709051231
49.7572028133	0.137735414631
70.6993290979	0.107142523996
76.739902342	0.100865275519
56.3598644655	0.128484760674
49.9106517684	0.136350015191
88.7660652909	0.089353672038
102.791010066	0.0766189099953
107.142248939	0.0723854862661
88.8264679908	0.0897142085827
76.2398676134	0.103029885742
100.901971912	0.0778982710388
87.9948954839	0.0887612591759
63.5795508718	0.118506454902
64.2021942608	0.117044502374
51.0674871259	0.1364760322
75.5092353753	0.103601123107
64.5768668718	0.116751592172
91.9046403032	0.0853573336044
49.1348999244	0.137690509555
63.5105959789	0.118118775339
86.8318570704	0.0917281502909
83.4469998722	0.095215520992
82.534962369	0.0957040179103
72.9681752182	0.104358766113
111.974930667	0.0689507626622
90.892322768	0.0858779574048
63.8476535618	0.115842125757
103.006050941	0.0763825500533
46.8915661	0.141659347407
73.8518343644	0.103039998732
99.7346006065	0.0790424772277
67.2626215595	0.113959911352
111.183690321	0.0687097559995
46.8870589475	0.141124819169
86.0751941057	0.092237160084
88.3036831977	0.0884098396118
106.399162384	0.0732832388015
89.945243909	0.0875334655705
67.459191012	0.110606534992
72.3776175457	0.105256951996
57.0744921068	0.125377445127
43.6794458579	0.143633433299
42.7578622285	0.145691278561
71.5187519304	0.107526632947
76.0307840856	0.100933304494
96.5362802159	0.0816141825941
59.1106781444	0.123656760837
66.9727535633	0.114330326841
77.7083327251	0.101528909729
85.7328710771	0.0911160705821
97.5215427416	0.0803060395835
97.9256905244	0.0792795640693
56.3380723506	0.125400769221
25.1155137665	0.177814253403
30.9627568144	0.165769233413
82.6752162516	0.0946980839108
84.6974154359	0.0937377668761
83.3684674353	0.093450362081
84.7117714989	0.0929133482935
72.9753854868	0.107024621683
99.0332347657	0.0797861807373
75.4398819808	0.101702233215
62.0481224647	0.118964194253
80.4209777606	0.0985033575209
119.595754352	0.0629017514229
68.663118846	0.110357492472
59.9073260992	0.120570358831
103.699653387	0.0744246257919
82.8384430018	0.0956883368086
109.257373059	0.0701003344931
103.732339245	0.0745494789847
75.9085700783	0.100880320287
81.1038327261	0.0977229729071
70.6481779496	0.107104285526
90.6042188343	0.0861592378979
88.9452574664	0.0895301970392
69.7189479736	0.11078361069
75.5544144903	0.103914385491
61.6494612201	0.121042755885
41.0713210219	0.148016871244
108.989438691	0.0714034430881
48.9833157355	0.135409828952
107.783529349	0.0715398066457
62.9281392875	0.118993319984
66.5369276624	0.111501503512
109.646133298	0.0707686532688
58.4230301521	0.121864659034
118.042991102	0.0637330191123
81.3839949324	0.0949525007335
96.5651970443	0.0808429501981
102.500070184	0.0757775725734
85.223652728	0.09112283009
107.898252124	0.0713520080743
70.2485226222	0.106972553677
100.735543763	0.0777668588611
87.379968299	0.0895220093794
87.1802038384	0.0894653264562
79.6497198126	0.0968061402269
144.718242221	0.0475871708096
71.0333979158	0.109057025736
79.8816129645	0.0962862908959
126.877755955	0.0581968312642
65.6209676302	0.113214691902
89.4260835701	0.0873852069774
72.721401058	0.105303989708
84.8655414341	0.0935388946551
100.293501204	0.0779731387882
72.7492434124	0.104370528367
129.138719767	0.0566823744533
80.9114554424	0.0960118471959
125.00823676	0.0587534520892
112.888942417	0.0673408505151
123.166817091	0.0607910377547
142.81471963	0.0483978972864
88.7217663534	0.0879533051149
86.8979897388	0.0896598582823
75.9582021337	0.100735709647
73.52734875	0.103283402807
86.3282970863	0.0918767268703
110.762287469	0.0697573615229
119.580720371	0.062481154527
114.749258387	0.0657345561437
80.1135117029	0.0974396635408
106.111970185	0.0724698796578
83.6571502263	0.0932911062751
77.9842397821	0.0986447302671
118.767351083	0.0638730484676
94.1971645807	0.0830235947534
95.2764943091	0.0819644569372
77.6070761989	0.0998357919537
151.996881427	0.0437558921809
120.072791763	0.0622107063182
117.739026173	0.0638070682993
81.7314023146	0.0957356046261
110.110987634	0.0694624528903
104.63139229	0.0740171463011
87.9023210243	0.0891937102339
94.8229465185	0.0825078896991
125.953931431	0.0588175111567
103.167091546	0.0760008653553
79.3401269831	0.0976965475804
68.9308755899	0.108879288449
92.6383036684	0.0844467326265
99.0329002699	0.0799033687309
136.657566207	0.0519646280745
83.4771261656	0.0931358924741
132.614279026	0.0545929264377
132.858732517	0.0539547359458
58.1016320815	0.124655734909
119.428093299	0.0629266535351
89.409900304	0.0875032344911
108.963338211	0.0702830542885
79.789165441	0.0990959264272
120.085848056	0.0625803582893
108.973579088	0.0705267997383
96.5871822328	0.0808684851249
122.710077318	0.0608552637839
106.270460104	0.0736678854221
81.1004430566	0.0957950014131
61.7470108811	0.12098132807
97.8573474573	0.0795485896753
107.528790521	0.0717044662279
95.7315267263	0.0817182872117
155.270322708	0.0423165456598
115.009177302	0.0666199999898
96.7983881054	0.081542175408
118.681050308	0.063913797242
86.8208728496	0.0896606553062
110.792380795	0.0689840206627
102.80262003	0.0754090158532
113.43635365	0.0671756456746
134.430663821	0.0530897996587
116.813768635	0.064720331358
118.968098942	0.0632260628078
117.377389329	0.0643841932285
89.3271815901	0.089153296098
83.7070108991	0.0944322341071
70.8125825171	0.108743401823
145.207877344	0.0474359562942
97.0340762977	0.0811569981964
103.955300071	0.0745667591614
136.414657324	0.0520562515379
117.333823102	0.0643170268158
122.935078538	0.0604638540675
118.446761846	0.0636172476608
118.269308337	0.0638316310496
128.638911368	0.0569004365099
112.449449813	0.0681707231152
115.95209759	0.0660435565957
86.176585543	0.0911639137963
97.613500248	0.0799513696923
100.794612724	0.0774141416856
84.9260619434	0.0915357751243
73.6162738496	0.103821439308
97.8217912136	0.0798460815311
128.853972726	0.0570421776462
133.729263029	0.053964745337
107.732199773	0.0714299994458
165.108502044	0.0379694117201
133.471378836	0.0538377352175
95.2617228179	0.0821638118379
116.282253917	0.065696205681
119.157039106	0.063161511828
92.1913012904	0.0862926848066
130.195697749	0.055932219295
109.386530157	0.0704578572082
126.25188432	0.0584068627248
99.5003762616	0.0789941916724
127.606099	0.0574203985643
96.0078560724	0.0815048932363
115.526178403	0.0657417391254
125.445784327	0.059316153948
136.574343038	0.0521586576513
139.684112591	0.0503515178719
92.0580775352	0.0853778276664
147.313525142	0.046357093642
138.753702424	0.0508907695024
114.498897167	0.066601527024
132.563266497	0.0544341569935
145.965215876	0.0470560144554
121.529518095	0.0616450904882
121.931845814	0.0612700980237
94.8817020843	0.0831670055004
127.677946992	0.0574953924696
99.9772596214	0.0790207735066
151.064831444	0.0444123450567
98.2723238191	0.0795407124057
104.194901488	0.0747125755524
135.007766162	0.0531617296233
140.657747266	0.0499575219164
144.480687847	0.04781339602
131.389066501	0.0553518133592
119.103502968	0.0635113935676
136.212928338	0.0523964943036
105.998728883	0.0732822496355
147.166071994	0.0464974017798
164.645199196	0.0382468382638
126.78627343	0.058302600498
124.595761899	0.0597760496737
86.9063724771	0.0901973437281
77.518379684	0.100023320088
137.932448205	0.0512995220391
118.244524747	0.064020240261
145.893750279	0.0469841563367
116.22909466	0.0653599073772
131.727189497	0.0550315431344
104.849096219	0.0741930080305
87.7208049716	0.0893748083472
107.570156805	0.0718677164806
112.095613543	0.0684887842784
150.593253714	0.0447922373746
116.143344003	0.0654219993855
113.14798323	0.0676409022672
115.69613798	0.06591999212
120.198300378	0.0627224092288
128.921045418	0.0569495070736
115.530729118	0.0659570083313
135.252419167	0.0531264716398
109.969889334	0.0703040596506
135.499117417	0.0528903707676
136.410544411	0.0524477384198
129.25077941	0.0567233199438
98.1743032935	0.0801207628657
99.4359720643	0.0786988404655
106.520019448	0.0727799023909
119.517988401	0.0632770015115
118.413712654	0.0639460621395
120.440175768	0.0625091583896
133.038212982	0.0543627839884
141.986455715	0.0491570131735
133.423625574	0.0542255075682
123.567504353	0.0604271941368
105.372330448	0.0735982798256
120.295300345	0.0626943124304
144.770732226	0.0477346959211
165.663367675	0.037792090724
100.111056613	0.077904588577
118.109397562	0.0642590656867
110.618487679	0.0697122589465
83.5795509258	0.0937816281596
129.432067749	0.0567320465588
84.2823376504	0.0942445728924
136.749146768	0.0522108300629
129.698500245	0.0562977100661
125.143522195	0.0591938596237
151.875366994	0.0440293218472
128.106119629	0.0575589863361
113.176563365	0.067997201778
139.147535585	0.0507571207655
178.376043063	0.0327952977608
166.520048557	0.0374183077605
108.393024312	0.0714690358654
126.664260795	0.0585039630296
153.54641133	0.0432557193296
133.604608934	0.0539241692053
147.022938513	0.0465411100217
89.3352684935	0.087653345178
165.003410051	0.0380777736024
103.929571298	0.0748635998568
133.805840608	0.0539299472044
106.602916676	0.0722960061701
161.747349902	0.0395452491868
126.004675052	0.0589554503314
149.975986976	0.0450169659075
146.320021297	0.0467760263393
149.30643367	0.0453351214991
161.217734206	0.0397213983538
171.439686874	0.0354641267852
142.595571938	0.0488434591234
167.385655732	0.0371911387899
142.440770058	0.0489588346474
167.119442142	0.037249204102
143.437997506	0.0484369081443
167.185479793	0.0372732815433
159.471011803	0.0405225156186
169.954560497	0.0361006027152
176.204549476	0.0336545727827
154.794885556	0.0427189708755
162.116302022	0.0392980869428
134.323009442	0.0535079604194
162.091998921	0.0393567639378
150.20144085	0.0448223037657
134.217361559	0.0533647646539
113.069714439	0.0673544718264
144.093559555	0.0480926881438
142.928454433	0.0486223239107
143.19456904	0.0484107991088
124.518554311	0.0594793265432
142.224748965	0.048948851718
137.201946562	0.0517423898638
148.47734551	0.0457186051529
131.100946301	0.0552365695103
147.946640701	0.0460760500443
165.796063833	0.0378296000894
125.355868976	0.0594490551164
177.863053352	0.0330319817652
181.478604497	0.031718562189
166.371701909	0.0375475675362
182.419275206	0.0313966908741
179.033614284	0.0325974547599
165.340422814	0.0379390671326
172.698768395	0.0349682488182
161.308879874	0.0396628502791
149.293855268	0.0453184356474
174.180571589	0.0344196393936
179.005916021	0.0326356837769
154.320476697	0.0429091517765
172.041841777	0.0352617153969
175.6951281	0.0338157984176
159.546686485	0.0404573631466
175.147871899	0.0340222979704
183.276157567	0.0310852474218
146.827417572	0.0465949826383
166.370123985	0.0374835119357
164.516107725	0.0383326696464
175.592151097	0.0338546254207
172.294129758	0.0351206863132
152.844057078	0.0436218754222
179.729617148	0.0323297854283
178.8909843	0.0326155898726
135.727572055	0.0528718550964
136.589587426	0.0519858379081
158.042793807	0.0411799016498
130.789904226	0.0554443636438
146.791796276	0.04668216421
142.11770788	0.0487259812316
162.941849881	0.0389089477284
157.563854638	0.0413153724631
145.823507046	0.0469290929781
145.361123709	0.0471069672471
138.744928503	0.0506048229355
175.305503009	0.034022742649
101.158651933	0.0767450309094
120.175866565	0.0620215406612
119.131045958	0.0628180538626
141.006183099	0.0495633493549
147.614323479	0.0461508985717
150.247898351	0.0448019736614
151.367276851	0.0443482702256
111.076050161	0.0685068475206
142.705403872	0.0488946304508
154.451414898	0.0428948135286
152.346656597	0.043879554489
131.794602596	0.0549877260564
156.72475044	0.0418549093314
131.494346856	0.0551263808532
169.860038474	0.036195376608
158.758467609	0.0408577806096
154.338867844	0.0428863226531
143.439590871	0.0485118400472
141.484650383	0.0494199482793
151.697019292	0.0441836420885
154.583270744	0.042784848891
165.079545363	0.03807623037
147.102503195	0.0463432368207
142.156768748	0.0492029915472
161.405563294	0.0395536339326
143.192029803	0.0486324136256
153.925964991	0.0428799608752
167.702369659	0.0369422573817
164.504567176	0.0381925389243
146.640597241	0.0467292519748
156.080197658	0.0420834918053
153.212555036	0.0434236966709
146.308014156	0.0466364404079
143.156252958	0.0486511216737
138.706058013	0.0511249461778
168.036607933	0.0366474124436
138.258546685	0.0513720328762
126.144270134	0.05826041901
156.162120973	0.0419557101981
130.912628212	0.0552824867939
173.190188573	0.0347839325976
142.613754979	0.048588382636
133.707620966	0.0540859629491
161.674358251	0.0394902037397
161.271594737	0.0396354445975
169.681090825	0.0361718810132
142.929801169	0.0487711226159
148.204041562	0.0456759151552
142.322580579	0.0491013065673
189.479696308	0.0289274048605
166.68276578	0.0373926207879
183.556759236	0.030975948401
181.208637562	0.0318230067726
147.569377308	0.0459583296788
145.529828169	0.0470379499717
185.351294334	0.0303813862664
147.24693219	0.0464208478615
148.15855412	0.0457825964346
183.69526422	0.0309522803915
169.920338289	0.0360882116474
162.493295001	0.0391287896068
184.323797632	0.0307460501749
144.315512658	0.0479911967112
165.595668443	0.0378746510208
148.550236617	0.0457854850559
164.943890077	0.0381120176885
155.887376495	0.0421736676529
152.042955207	0.044045131732
173.786956661	0.0345141319424
162.091250369	0.0392465629019
170.263107914	0.0359459303473
164.062558829	0.0384745172371
170.432519311	0.0358689849238
159.340152921	0.0404781762972
178.306751862	0.032837338673
180.294438282	0.0319977478487
181.467058346	0.0317163645675
192.514938189	0.0279825702825
177.048608014	0.0332781546293
169.649970346	0.0360182464797
164.829430841	0.0381346728082
166.224997658	0.037571138707
185.866725428	0.0301598886126
163.094898382	0.0386906458298
191.907737401	0.0281970891926
192.168682939	0.0280954680043
193.003938836	0.0278429946985
178.515527495	0.0327259736922
194.167650635	0.0274864144771
166.972885333	0.0371598792383
182.908569287	0.031124364067
172.961452985	0.0348103078884
193.415671289	0.0277108341877
191.409327076	0.0283245481977
174.473560723	0.0341746766539
164.792189431	0.0379973305639
196.452966296	0.0267647466784
170.831749256	0.0355443466302
190.018244749	0.0287383278995
177.129952551	0.0332771261135
178.791046465	0.0325655167743
187.938450793	0.0294014793591
177.512134977	0.0330212471925
170.368669359	0.035733538053
186.792054883	0.0298518947747
173.742390132	0.0345494779184
181.438795312	0.0316340628487
183.236010275	0.0309545546741
196.869464754	0.0266347643171
181.99253881	0.0313811031052
185.808703663	0.0301854699058
176.423580119	0.0333737013817
177.388631643	0.0331842646322
184.466436747	0.0305345378456
186.207080347	0.0300523762146
186.119092725	0.029994815591
194.809917192	0.027280070188
173.70973242	0.0343711419275
196.459490408	0.0267905688533
171.792359733	0.0351137535474
182.763919156	0.0312600204764
191.921309636	0.0281657744751
174.764712457	0.0341741628074
170.120675572	0.0359992625755
151.854933273	0.0436700342853
174.682145781	0.0340766605116
163.875073406	0.0384782509966
188.032046471	0.0294653754126
191.965944644	0.0282071228263
176.145502717	0.0335450070629
181.651094159	0.0316625959161
184.478128561	0.030545030841
188.472093755	0.0293386844486
175.526892791	0.0338335309607
180.861662881	0.0319495806228
185.897085423	0.0302186457659
171.777346291	0.0353096623009
145.533514444	0.0472963415117
179.937020438	0.0322833806196
169.449175123	0.0362598175142
182.111094541	0.0314537014853
165.139437358	0.0378303850947
179.482450563	0.0322936328947
167.721245666	0.0367977489162
177.508349771	0.0331489471439
178.5701318	0.0327278565995
183.388186057	0.0310169924032
166.424600901	0.0373200437576
177.74941961	0.033054256903
182.634319956	0.0312219263839
170.472326497	0.0358409106165
164.61416499	0.0382344566593
187.03835446	0.0296459957299
173.091899475	0.0347948016457
170.726259927	0.0357330255549
179.744715815	0.0321722391959
170.10260717	0.0360011438207
170.458242368	0.0356220065454
152.272547511	0.0435782264707
183.720985758	0.0308968788985
171.414850661	0.0354485486339
194.849238249	0.0272862525476
164.057182493	0.038485776971
162.825624557	0.0390220625556
178.04770328	0.0329429330273
185.269696844	0.030417690063
181.123252942	0.0318186919768
182.083520245	0.0314891020628
175.756092792	0.0337925786238
164.06410089	0.0385055677166
176.005339122	0.0336931439433
183.727895122	0.030935669799
187.061069689	0.0297812191247
176.257791909	0.0336240721809
191.098712945	0.0284701733884
181.194557931	0.0318264874123
178.514101979	0.0327114989176
186.658576783	0.0299345027633
173.039372819	0.0348179112386
179.622466747	0.0323749322677
195.283081799	0.0271422409252
194.524906472	0.0273737921858
183.527435201	0.0309421576432
176.354493257	0.0334432366432
186.09605617	0.0300499203029
173.796941498	0.0343657428382
181.802707441	0.0314954670307
184.517773406	0.0305698260691
167.442906689	0.0369961134488
167.92822042	0.0367472121052
166.085743994	0.0375166766125
171.796381621	0.0350828590746
179.474896163	0.0322939449915
172.190299995	0.034886764477
184.265727884	0.0306946496157
186.323406064	0.0299687705532
176.746588484	0.0333904241238
177.666792236	0.032931180059
181.443503602	0.0317077500587
201.362582481	0.0253649419301
184.670417637	0.0306029854382
163.606096098	0.0385909261918
179.248556	0.0324857939072
189.398104793	0.0290349346711
186.289923151	0.0300378746786
186.971725403	0.0296970193196
186.469319901	0.030007068118
180.904708887	0.0318894564845
172.556814148	0.0350231980481
171.188796917	0.0353462756038
179.012608937	0.0323608325271
179.994834288	0.0320958621193
178.425087701	0.0326750345366
185.488622804	0.030305252016
189.702701483	0.0289271317983
177.906979376	0.0329933061682
184.649967327	0.0305623262487
175.73916368	0.0336934389876
174.658238338	0.0340470127041
185.784348001	0.0301609038053
176.649588962	0.0334206609855
196.028223124	0.0269030652464
178.862731545	0.0325522278688
168.430499249	0.0364352481599
177.035593436	0.0330850736255
188.795240091	0.0291897522939
191.854435683	0.0281926876084
189.288790552	0.0290449704383
178.631028808	0.0327125553902
171.368985082	0.0353435590934
170.813385609	0.0356876786125
169.220106438	0.0363377247472
191.690658635	0.0282745233994
181.573779622	0.0315791407434
173.783751115	0.0342581544271
185.903665637	0.0301293707794
172.612192264	0.0347148080904
183.484539612	0.030914344967
193.835181481	0.027591295832
174.853573462	0.0341318515541
166.477768851	0.0374596374942
195.67848945	0.0270242412392
200.685471191	0.0255494034501
186.167176326	0.0300971257684
196.477334917	0.026783566143
173.698548135	0.0342998332249
194.217132683	0.0274747410027
182.389196011	0.0312790545471
185.34183202	0.0303554975011
200.486383009	0.0255982818874
200.063639103	0.0257400076984
196.121015953	0.026899247171
190.480426979	0.0286506304989
197.889416891	0.0263918624919
192.431975534	0.028057777159
193.203409857	0.0278271321587
190.075910851	0.0287939563086
191.184087742	0.028450132789
182.503654173	0.0313452435517
177.678773662	0.0330763931482
174.920787433	0.0341082471652
170.41790284	0.0358511592982
178.170171685	0.0328895128607
180.649355959	0.0319930329494
177.334913009	0.0331964690024
182.704873663	0.0312463979601
186.13913326	0.0300777893137
191.363481428	0.0283673460984
190.542497247	0.0286182148873
182.91909929	0.0311102901838
183.299749939	0.0309639749924
179.297909824	0.0323685130099
188.811429808	0.0291479710265
183.440128106	0.0309484863783
186.786181916	0.0297438409421
189.403830513	0.0288851499244
188.074763203	0.0294176873591
182.551864286	0.0313210416787
188.533370064	0.0292978101272
182.828730116	0.031237584597
179.78182408	0.0323090272603
193.160555103	0.0278227985781
198.215500081	0.0262529705934
183.116242407	0.0311038700418
203.194073898	0.0248543984734
193.196871826	0.0277971400044
194.943904041	0.0272620411564
184.482512911	0.0306388733439
195.295467291	0.0271601671883
202.264412803	0.0250900775702
189.85211226	0.0288671615194
195.54305647	0.0270748607605
193.435168029	0.0277659483906
183.856984132	0.03088355063
174.608369366	0.0341944728006
186.964997936	0.029769225259
194.641480977	0.0273732597767
198.329764902	0.0262237230552
184.843683901	0.0305467791495
187.140141186	0.0297317881154
175.202232182	0.0339692526072
195.28648305	0.0271471464347
189.326239888	0.0289843610473
203.709337603	0.0246793933057
194.172248404	0.0274805295137
194.886087434	0.0272529010694
191.702000534	0.0282651119345
201.096233905	0.0254304456253
199.512047278	0.0258956590374
202.017176016	0.0251839236335
196.722841372	0.0267211395584
202.744733994	0.0249755494941
193.007005379	0.0278596387329
194.508437744	0.0273986471642
198.157694328	0.0262885939089
198.590457717	0.0261577327979
197.457900596	0.0265135682645
195.809008461	0.0269948340822
188.732067563	0.0291678572614
187.412825472	0.0295883841704
200.19709844	0.0256806053004
191.397993241	0.0283233985312
195.810249892	0.0269360700622
186.722217749	0.0297965163786
190.120018338	0.028707936207
198.450602603	0.0261873392276
196.282521648	0.026823049535
190.147453406	0.0287194256795
191.531597187	0.0282925616071
188.871939404	0.0291546718686
201.23842716	0.0253386808984
190.879410815	0.0285252441186
190.392979356	0.0285632800525
196.619376597	0.0267594960209
192.717057891	0.0279484926153
196.147883517	0.0268566628638
199.215194935	0.0260005563654
195.184582296	0.0271616736531
202.01833774	0.0251646662168
205.926083382	0.0240926359634
204.854904646	0.0243712046295
201.074192838	0.0254347986181
203.447986158	0.0247781261523
201.508100543	0.0253141023352
207.267339953	0.0237088586296
202.357794557	0.0250659918158
196.889899673	0.0266755387539
194.66302254	0.0273496827049
192.944432089	0.0278819103685
198.834340052	0.0260840749488
202.547701895	0.0250371671633
192.845465877	0.0279216747575
198.706799827	0.0261171048305
197.770399232	0.0264051594728
191.586197156	0.0283173907149
196.001191659	0.0269264906026
201.12460471	0.0254487581197
192.802882123	0.0279052393489
200.2607686	0.0256942321791
198.425003291	0.0262116068053
204.189786857	0.0245802487501
193.978399417	0.0275666288874
194.637057055	0.0273580365547
197.052932441	0.0266277644521
204.823096889	0.0243735639251
205.860444425	0.024114267716
205.292686846	0.0242716471477
198.859891651	0.026076251849
197.287801789	0.0265343920153
194.242816124	0.0274338489121
201.438546031	0.0253274961986
200.837794927	0.025506480185
199.647744053	0.0258207845659
193.213839329	0.0277474395146
200.692073134	0.0255673927839
198.062175057	0.0263115619042
201.752523268	0.0252252689391
198.56964433	0.0261523982609
199.226386775	0.0259711566207
202.375074278	0.0250515372201
199.776365887	0.0258319532286
200.112313555	0.0256838396902
203.524358042	0.024761539461
201.907517006	0.0251898166996
200.491882503	0.0256248732241
201.068620644	0.0254308990992
202.794884514	0.0249685871051
210.301124081	0.0229002525497
205.916077861	0.0241001629735
205.53188509	0.0241887542327
205.330958007	0.0242610420811
200.388329306	0.0256347630441
198.234486275	0.0262633537006
195.526788952	0.0270935381206
194.007817954	0.0275634409137
201.855755673	0.0251956773013
203.662721217	0.0247237160542
205.764534684	0.0241287838045
201.795920024	0.0252381530101
198.753644916	0.0261168337475
205.42460372	0.0242228215117
199.851291755	0.0257941097638
201.897592548	0.0252112545288
205.95140715	0.024054414141
200.956251998	0.0254678107537
200.792238609	0.0255049597485
200.46975135	0.0256300439541
202.252313124	0.025106998192
207.291879507	0.0237251342783
201.902003237	0.0252014962867
205.047127445	0.0243388290623
202.155240582	0.0251163598399
207.003842076	0.0237974011391
201.359136009	0.0253728564925
207.561013729	0.0236365112115
204.505269608	0.0244546828729
204.464967515	0.024498761006
208.827786699	0.0232973157785
204.507682227	0.0244515947809
205.687327518	0.0241472335902
203.099894946	0.024855841364
207.003358998	0.023773042502
203.719018639	0.0246646490868
201.934532437	0.0251617124908
199.196465131	0.0259619225583
199.713044003	0.0258220026661
205.562132692	0.0241783302107
200.847704341	0.0255107798461
201.255189945	0.0254054796257
209.882790378	0.0230081809905
208.465311714	0.0233964776167
209.366106057	0.0231383305413
204.180261413	0.0245691712431
206.239662676	0.0239883330946
203.770166634	0.0246597264732
212.008443065	0.0224650910106
205.367908366	0.0242136848133
213.332837614	0.0221388258199
207.059763018	0.0237808121113
209.182213256	0.0231876413261
207.728315944	0.0235766564751
212.523556072	0.0223288369548
206.730355233	0.0238668738246
203.583723794	0.0247231974759
204.55849745	0.0244640699399
206.40973268	0.0239342873718
204.911566827	0.0243662401577
207.171397458	0.0237274370363
203.904545965	0.0246256897337
202.639016048	0.0249855782306
208.104793145	0.0234748852801
208.572699796	0.0233494055037
211.035552708	0.0227298296009
209.965758193	0.0230001123967
214.355480368	0.0218630028185
211.889150634	0.0224828740953
210.183586029	0.0229259099413
210.398401313	0.0228919347324
210.72007873	0.0228073774731
208.936151284	0.0232764335719
206.222013933	0.0239861697335
205.143848563	0.0242878692768
205.953997419	0.0240761169765
207.787978408	0.0235550898303
211.045945094	0.0227036745507
211.414725305	0.0226002768573
209.084922324	0.0232351984456
209.897771043	0.0230084061746
208.773592139	0.0233101446436
210.201018805	0.0229193929952
208.915252357	0.0232771784281
210.911889744	0.0227353470413
211.375492498	0.0226126866078
214.298269111	0.021881871859
210.609031034	0.0228377040572
208.915538155	0.023265904923
208.350823505	0.0234293143822
213.161507628	0.022188381434
211.276169963	0.0226672525664
211.153923372	0.0226760069773
210.585038254	0.0228197009554
212.540996318	0.022334711335
208.522803857	0.0233773131995
209.765002517	0.0230424477958
211.545826323	0.0225690859641
214.887290705	0.021746966903
213.425862061	0.0220943376803
212.656601617	0.0222880048204
215.643352955	0.0215400015294
215.250547982	0.0216424474553
214.880204164	0.0217448565002
212.152102076	0.022429671781
213.895647365	0.0219937268487
214.479368219	0.0218441832049
213.207399724	0.0221393662424
211.14237776	0.022671270734
212.912364751	0.022215455502
214.316356212	0.0218674713797
214.82147587	0.0217610028772
213.31178694	0.0221367452363
217.247596805	0.0211647040489
215.872109045	0.0214852220991
216.274444311	0.0213839904782
216.960567057	0.0212216777533
217.09369566	0.0212063707901
217.76875805	0.021038446321
218.52899521	0.0208718411699
217.230841247	0.0211544566091
215.244806165	0.0216418232376
218.810545589	0.0208027239783
215.363932824	0.0216197262213
218.155433169	0.0209315360811
219.087458519	0.0207372177667
218.441241887	0.0208637012495
215.917735518	0.0214753509447
218.657640617	0.020833517194
215.475717095	0.0215893801819
219.777497781	0.0205765762074
215.237857614	0.0216522046229
217.023874437	0.0212209618617
208.075645572	0.0234936422328
197.448194186	0.0265083167504
208.301961237	0.0234217247913
203.45048072	0.0247630649762
205.828801409	0.0241012352123
211.006499107	0.0227319543599
208.619834839	0.0233534860182
204.214949136	0.0245594818816
202.191208008	0.0251016856275
212.13225083	0.0224111591161
203.930310657	0.0246152399532
199.3387505	0.0259328467
211.209253188	0.0226811366839
199.836350703	0.0257960399955
212.410255319	0.022381528756
205.528840384	0.0242024441614
206.580441537	0.0239059462997
219.08398221	0.020741194696
203.664261193	0.0247159346156
206.079591127	0.0240292287947
215.444763708	0.0215876687079
212.469843313	0.0223333619924
205.869416856	0.0240729419973
214.1990304	0.0218966584807
214.671450138	0.0217762505469
212.130678844	0.0224453684376
213.289889948	0.0221254134218
209.596086625	0.023079470635
213.440966452	0.0220854531358
209.674649681	0.023057470458
214.880659289	0.0217494423572
213.529167672	0.0220855542319
214.874641746	0.0217330079638
214.840789658	0.0217377230059
213.760571084	0.0220119163721
213.70929557	0.0220505894399
216.875774337	0.021246666532
210.648871673	0.0228071029387
216.459532964	0.0213670007197
213.958443607	0.0219608131195
211.565928971	0.0225857202416
215.14332226	0.0216794213022
213.446143309	0.0220904285346
212.858687961	0.022268574097
216.621493079	0.0213361504115
215.483134091	0.021614795728
213.328103465	0.0221384577956
214.696531164	0.0218030837809
215.195827337	0.0216760724826
217.592138584	0.0211083095621
218.486103379	0.0208856945101
218.202955584	0.0209627402713
217.662318784	0.0210823215699
217.195756651	0.0211864721116
221.326219847	0.0202081689681
218.793173406	0.0207947303968
219.11242151	0.0207070644328
217.882313003	0.0210353108116
216.379849549	0.0213871195995
218.05365449	0.0209697820072
220.148007406	0.0204615426854
218.731133926	0.0208127982961
219.046447317	0.0207302261779
222.544952389	0.0199506629656
218.844861645	0.0208010988736
224.395090364	0.0195149726357
222.789905473	0.0198629586738
222.908589016	0.0198531872074
221.621228782	0.0201462852673
225.274321028	0.0193140647715
223.69539107	0.019675864499
222.995900205	0.0198435944979
226.901233358	0.0189759758155
224.679716907	0.0194427037496
223.433632889	0.0197379544845
228.837705112	0.0185524444264
224.61788355	0.0194702951464
228.188906522	0.0186947078583
226.537763667	0.0190435343337
228.213345275	0.018692944023
226.929881857	0.0189507035813
229.122155385	0.018498273297
226.035635067	0.0191547684486
230.18119745	0.0182651312257
228.050059629	0.0187266782498
229.300023018	0.018463583952
228.277471094	0.018674289763
227.806013842	0.0187970549169
230.232401677	0.0182758303522
227.017492394	0.0189519066306
228.939668912	0.018549154739
230.355253763	0.0182366161301
229.414789109	0.0184455723789
228.576511014	0.0186364213003
232.630622261	0.0177812140361
230.416283365	0.0182163890168
230.557992359	0.0182040804325
230.236738739	0.0182832073077
232.587796262	0.0177892852808
231.613429116	0.0179844518766
230.325089568	0.0182619018308
229.544917021	0.0184223938343
232.651350079	0.0177680024325
230.84196257	0.0181397342587
232.791965108	0.0177409340389
232.249840034	0.0178553349557
231.222020114	0.0180662348066
233.034595355	0.0176941340295
232.150023668	0.0178823799799
231.674860409	0.0179861609995
232.890921508	0.017726063876
231.958808168	0.0179081845587
231.373641673	0.0180516116501
232.011452114	0.0179179911476
231.218796121	0.0180743389451
230.715310722	0.018191229224
230.906572076	0.0181620069722
232.596506783	0.0178003088128
232.311650872	0.0178611956596
231.549845152	0.0180029125716
232.041423584	0.017919822347
231.269337321	0.0180656461253
231.952374542	0.0179317368155
233.053240014	0.0177112883956
230.784381786	0.0181781671412
231.125681475	0.0181018613619
233.181316938	0.0176760775289
231.940307849	0.0179177140317
232.087780691	0.0178949287587
231.979704329	0.0179263409235
231.047930499	0.0181264030233
230.832737187	0.0181622541771
232.043410104	0.0179069265483
231.463204154	0.0180300114844
230.213751792	0.0182960626221
231.76837201	0.0179659994544
230.718796075	0.0181704575056
230.466866307	0.0182419851024
230.423671613	0.0182459849686
229.512929296	0.018437896464
229.765398944	0.0183930779013
230.673604722	0.0181875575602
228.970886067	0.0185577875458
229.921880517	0.0183774166471
231.174269695	0.0180939280279
229.41238931	0.0184647304941
230.498429934	0.018236981991
230.481005323	0.0182396161526
229.362669602	0.018497790524
230.653259205	0.0182143411022
230.714345546	0.0181905101924
231.206844889	0.0181068433574
230.794384234	0.0181780605566
231.216115933	0.0180973809102
230.946249605	0.0181582772441
231.41559465	0.0180677507786
230.641079192	0.0182117027924
231.17025811	0.0181120327798
231.026786802	0.0181617187104
230.461702111	0.0182715419871
230.634284783	0.0182290078165
229.648081295	0.0184266093377
230.794594038	0.0182105208551
230.201737865	0.0183461092847
229.483955862	0.0184642427104
230.030781755	0.0183760936576
229.462102044	0.0184858911293
228.263442408	0.0187284321533
228.573010809	0.0186629074028
228.83707331	0.0186101537805
228.493281433	0.0186779623943
229.899741253	0.0184018574281
228.941102388	0.0185862462289
229.077246245	0.0185607252912
228.710636491	0.0186315498358
229.492598457	0.0184854406087
229.395440653	0.0184933446731
228.717662171	0.0186295814153
230.207965199	0.0183313033073
229.054672695	0.0185778604303
230.349768273	0.0183059110896
229.661543473	0.0184488956588
230.683169935	0.0182410103899
230.702125083	0.0182303962972
230.814508405	0.0181842964742
231.25668746	0.0180930421062
231.584975625	0.0180425848684
230.911400038	0.0181820514931
231.97249398	0.0179393135685
230.817543098	0.0181645937138
232.104131758	0.0179230897538
231.773445322	0.0179821634071
231.686260202	0.0179804616685
231.446904976	0.0180649209323
232.06083088	0.0179154806092
230.952571378	0.0181533480514
231.896261047	0.0179665879278
230.399315619	0.01827519527
230.770694142	0.0181997292633
230.540832497	0.0182494326897
231.330475087	0.0180848022822
231.46379156	0.0180447595344
231.710721313	0.0179821240466
230.699648181	0.0181941005692
231.233134025	0.018084656129
231.233033783	0.0180797078526
232.331256213	0.0178809809628
231.398042692	0.0180764459983
232.568224711	0.0178298187653
231.450253806	0.0180358781877
232.348439838	0.0178444628571
231.533067502	0.0180336344097
232.719710516	0.017782653331
231.56134969	0.0180129702732
232.728775332	0.0177951546117
231.868561749	0.0179782364745
232.514396248	0.0178448291035
231.838414805	0.0179896417343
232.712473191	0.0178058450556
231.981477788	0.0179556113046
232.781010619	0.0177786968514
231.515255283	0.0180457061804
232.472673166	0.0178353287045
231.369608853	0.0180535960631
232.77465205	0.0177695988252
231.807963965	0.0179620819226
232.639919171	0.0177900049476
231.832159091	0.0179724389979
232.647872123	0.0178056596245
231.913652882	0.0179456087172
232.696983157	0.0177886530731
232.215656905	0.0178958654995
232.831842027	0.0177852685933
232.219978664	0.0179129540404
232.717319742	0.0178022878894
232.478651233	0.0178543456103
232.69622454	0.0178073164156
231.751049458	0.0180080812228
232.545858443	0.0178392784636
232.184474951	0.0178976827005
232.811937559	0.0177805756291
232.385203472	0.0178600693772
232.099981668	0.0178925272479
231.917493182	0.0179502610449
232.683994202	0.017787836065
232.635517698	0.0178044937918
232.46585106	0.0178226517373
232.455176279	0.0178396277505
232.198623869	0.0178749426549
232.93298174	0.0177416117777
232.765268584	0.017786346399
233.2386051	0.0177066117426
232.803589681	0.0177870435741
232.84425855	0.0177872078624
232.296696972	0.0178813131848
233.392657978	0.0176617641896
232.231936929	0.0178719939829
233.328418203	0.0176581268285
232.071278633	0.0179027583708
233.320434757	0.017673686419
232.522948902	0.0178351781195
233.573425827	0.0176126720549
232.48527197	0.0178379455604
233.660128269	0.0176176426031
232.451676033	0.0178547695756
233.69118967	0.0176060449751
232.112355914	0.0179091017342
233.563231402	0.017634776612
231.987387966	0.0179422214896
233.595940779	0.0176051869017
231.841677549	0.0179546189923
233.40880758	0.0176416166892
232.354420609	0.0178632315915
233.474846747	0.0176581441245
232.427153159	0.0178569377505
233.485914425	0.0176463701729
232.632790151	0.0178138461203
233.577553467	0.0176313169295
232.672936057	0.0178084973825
233.435764351	0.0176682945896
232.422115137	0.0178578166296
233.576441793	0.0176309879063
232.240486989	0.0178736980256
233.566440173	0.0176355086522
232.449623256	0.0178576698941
233.57351557	0.0176287905486
232.478863261	0.0178501440692
233.462610166	0.0176613101609
232.33290844	0.0178806604632
233.373126186	0.0176767388452
232.379048714	0.0178751124612
233.457976814	0.0176474367445
232.140624233	0.0179044875253
233.332678723	0.0176555551745
232.29963126	0.0178735459611
233.34266112	0.0176589465398
232.05331538	0.0179089905275
233.190495646	0.017680512075
232.363084208	0.0178558303639
233.317957142	0.0176638735536
232.175871593	0.0178901557742
233.238408814	0.017669316315
232.426502636	0.0178486944061
233.107673657	0.017700260178
232.374752599	0.0178589756342
233.218346677	0.0177053676876
232.558004754	0.0178399578227
233.248882724	0.0176986512414
232.470951103	0.0178533024472
233.26732318	0.0176962920553
232.54827846	0.0178404587249
233.193529007	0.0177010986477
232.570734771	0.0178330442221
233.249423128	0.0177001026828
232.56989445	0.0178303395153
232.914127274	0.0177575684887
232.477872243	0.0178472562592
232.696825802	0.0178001843497
232.35441732	0.0178741586701
232.481578893	0.0178499545708
232.243202195	0.0178994500261
232.375874323	0.0178679976898
233.614883599	0.0176185482424
238.179309033	0.0167408282926
241.808183851	0.0160760555777
244.462470111	0.0156144027194
247.145285169	0.0151337772677
249.402270558	0.0147689292072
251.29515333	0.014455660129
252.66506865	0.0142337889282
253.852951308	0.0140445389413
255.069765652	0.0138619160691
255.808967285	0.0137506140104
256.487681253	0.0136447012698
257.118948277	0.0135446034378
257.928892957	0.0134128392062
258.405066117	0.0133449755748
258.872494135	0.0132730042363
259.227554504	0.0132205727918
259.534985901	0.0131781285367
259.881659519	0.013125700804
259.872621471	0.0131320834336
260.206188127	0.0130793079688
260.258860465	0.0130756500921
260.661314278	0.013013494145
260.981336886	0.0129681342532
261.128505177	0.0129493044063
261.326227375	0.0129243625222
261.385480824	0.0129149480192
261.477808005	0.0128995977416
261.510903642	0.0128978479495
261.509865004	0.0128947936535
261.200644134	0.0129398694574
260.872124384	0.0129854989492
260.802187646	0.0129905570833
260.719761417	0.0130017379252
260.338006644	0.0130603102932
260.228251289	0.0130749656494
260.311776421	0.0130609245573
260.467684684	0.0130371414695
260.418713753	0.0130442477455
260.170767378	0.0130815233871
260.178976774	0.013078607059
259.902026066	0.013117375769
259.998878931	0.0131058987276
259.724203548	0.0131433003086
259.28346247	0.0132138183962
258.789016446	0.0132848906382
258.805932078	0.0132790698723
258.946289558	0.013250629379
258.881837662	0.0132553398758
258.395547783	0.0133244262604
258.031812694	0.0133765430773
257.19379935	0.013495643415
257.485319935	0.0134550233413
259.439326076	0.013178987698