-79.8876541183	0.595494997499
-16.7344103304	0.29115467053
-43.2526263383	0.392559987162
-72.0256048431	0.543993927755
-16.3512158902	0.290983032284
-38.827450248	0.375823561595
-12.9539487235	0.280685235822
-49.6995579432	0.424920807376
5.20028464272	0.227842643556
-6.81596143609	0.260602497968
-32.4924329757	0.350046559781
-4.24896211071	0.254923066486
-8.57053483956	0.267652238455
-20.3624862085	0.295980806519
-4.72765877305	0.256776154687
-66.5561554787	0.512795116302
-9.08660781561	0.268690301477
-8.95718100983	0.268730237612
-23.9636747278	0.315890925794
-68.4576173836	0.519820725813
-15.5296873534	0.289844587039
-36.0883537687	0.36453218614
-25.0681401925	0.322118981665
-17.1947753181	0.290326102071
3.30599054791	0.234388003771
-47.208929907	0.408846160591
-17.9315064684	0.288975750013
-44.1078126367	0.389680157253
-18.9093014624	0.29451532192
2.30327095111	0.235092749303
11.4723610205	0.213760595356
13.7925719231	0.207516249749
5.02090277684	0.227593891898
17.6947926029	0.199081583316
-12.9700998843	0.280756815841
-23.6018307691	0.305987323599
-43.5266157468	0.395919072428
-22.0019428476	0.307560486931
4.65192636496	0.227993175032
-27.191990956	0.323962528322
-3.88425152789	0.250989675365
-39.9106479078	0.38033066384
23.4695715091	0.186147233295
-44.9535027087	0.397391928484
10.1005941344	0.217220272792
3.56543303786	0.233721106775
-17.1326945363	0.293470413665
-10.7955732937	0.273648341484
-29.3016491452	0.335998429988
14.4600494883	0.20581710017
-10.1202067254	0.270704851593
-22.3843857104	0.312539138234
19.4782142275	0.19452957256
-27.2477684246	0.32796767564
-24.1606879398	0.31168747021
-8.45022450941	0.265027543297
-28.9276587426	0.334645771865
1.63947845451	0.235302734937
-22.7729749728	0.30605011158
-2.05698652393	0.237341040998
-13.7714723343	0.277974051139
16.9635806781	0.200704066374
50.9367832277	0.136452862761
-5.19116657821	0.252990804142
25.9795023343	0.181242752252
13.6679873693	0.205073487564
-9.95782947666	0.264807189549
-33.7436470369	0.353832966614
-13.0793790401	0.27300563848
-54.6317132657	0.446924931953
-42.1483781953	0.389698962633
-27.2037713017	0.326802499369
18.5374845069	0.197476302225
14.0970663468	0.207666009711
-5.30585386946	0.258313774846
-6.29071110277	0.261272643546
-7.46453073759	0.252953908754
-6.60349428347	0.249343807369
-37.8156534856	0.368549399156
-14.6234710689	0.286032526023
-12.5241831292	0.2775050441
9.28158236443	0.217601610539
-18.2387471573	0.298233191737
-36.3624878607	0.366141944643
-9.21568489775	0.269134607369
-28.3091447862	0.325541828449
5.08913739419	0.226639533362
-6.55438340621	0.254503555336
-20.4677647624	0.304533027171
16.0751289176	0.203355458499
-32.7801679585	0.342583437013
-21.2459620977	0.308598345632
-13.0338983465	0.273248683057
7.11266795746	0.221574311277
-31.5874330956	0.345499507216
-4.64761368211	0.25538610911
59.8057810237	0.122733831017
-12.9535621872	0.275973528765
-44.4279562532	0.393281771645
-3.95950497112	0.254279618962
11.7236610314	0.213292123881
-0.149792178134	0.23193961855
-14.4447715412	0.283447173822
-3.38924691854	0.242752883556
8.21232714707	0.221969360198
-0.293182481168	0.23238566445
48.115303747	0.140357614337
-12.7966272741	0.281024423987
-6.02020849774	0.251536836778
9.13346532273	0.219421004095
45.534782696	0.144708911058
-5.83794399158	0.259918326214
-0.41578883813	0.243595763095
21.2751534048	0.191319629426
-35.257237973	0.361483298743
6.31755507093	0.226740543252
12.7193473983	0.211042497706
-19.6372130902	0.300336075181
-2.3642379238	0.239449875503
15.3387767234	0.202585805884
26.9712568447	0.176428286367
-1.49148150886	0.241062000644
-5.57336083539	0.251150331504
72.6839422667	0.106193148978
-13.082609184	0.281921713446
11.831076614	0.211168043087
36.0827653774	0.160971209212
-29.6860914438	0.336833349972
-55.6921330227	0.451556699887
-14.2199912689	0.278158343731
9.34006810336	0.21890588896
-0.539220248576	0.234382315482
-3.4645766402	0.244566891394
33.9956949708	0.164664252468
-21.9775310561	0.310994518493
18.2243111587	0.196264140079
23.9591016856	0.184591587655
25.9902124176	0.18111930229
-10.9313170377	0.269987052004
8.00003009693	0.219319759541
-18.2906102513	0.298770618009
84.111961995	0.0933492632001
25.2331888461	0.182956273197
-30.0315801417	0.340055244299
29.7394093316	0.173434073835
-4.96690885546	0.249437011745
77.7476459567	0.0996352437686
-21.9823468031	0.300594160409
12.5623943578	0.210469667899
35.0144803421	0.164124516859
-9.59940893258	0.26861215514
49.7123465751	0.138361897441
5.55747489642	0.224484552831
-4.41716558406	0.252804074273
-32.5238567327	0.348967707814
-5.09923427941	0.25543969632
-9.28157360333	0.260960500195
19.7876835405	0.192113637476
-8.93074011521	0.260306634866
8.2829497155	0.218508487473
-14.8785951795	0.282056077697
3.13099738801	0.228682296346
49.8166078892	0.137674846209
8.77667536738	0.220233667587
0.840247006836	0.233041514226
14.0329394975	0.204079495528
10.4479253545	0.207254061237
-10.7935912927	0.273145283189
12.5591105703	0.20218207057
-18.5734127034	0.289669005144
-0.536032206316	0.239086259194
53.8648035633	0.130514696784
0.202564853199	0.233667314426
11.9122327466	0.209522978108
-27.614783465	0.326638073522
-18.3829041749	0.297480153529
5.85260779212	0.227674704843
13.5762310122	0.200468466589
69.7386627602	0.109976648436
77.0151312391	0.100538253984
-19.5160233346	0.301522348424
3.24366820306	0.224549601488
6.00969010222	0.219759006888
18.0505062794	0.193804886751
14.8247321805	0.198231138905
37.0557216128	0.160013478664
27.2631704	0.178848850652
-23.0881681944	0.313591471462
9.31212926811	0.209509243489
-23.3756283237	0.31354589337
7.22852196415	0.222033243456
26.4586939029	0.179340034085
-17.0164155109	0.288417340686
9.34667008831	0.218550287488
-4.36046824225	0.247957448969
36.3240056902	0.161342333966
18.3155268504	0.193958350579
61.2342964371	0.121449243358
66.9771567458	0.113590368325
97.0737833985	0.0807678343436
23.5880474844	0.18320833595
18.3827467308	0.19688746654
21.4619146485	0.189024335414
23.4761323658	0.186041549433
-1.57447094252	0.241355660208
36.1127138613	0.161495115194
17.628606108	0.195150673729
45.6843291586	0.143844357113
32.3889815459	0.167537990031
-2.48764113263	0.241976751269
11.9474717587	0.203288508709
5.31440411597	0.224034627801
18.4826612625	0.192505265694
28.1710894603	0.175436778623
14.2879688107	0.200456334583
4.57236402571	0.223157823108
10.2872192712	0.211703995481
29.2438409124	0.174710395772
26.3193785735	0.180549317658
2.1951553737	0.229719411468
3.5468141705	0.223637009294
24.7264615188	0.180389584353
33.9658548388	0.165454759812
22.6228904701	0.186826811027
30.388330463	0.171082921682
12.5496954231	0.204288595329
16.4377717078	0.198809636927
90.5532343359	0.0869443359672
12.2595433432	0.203873443382
31.6356268383	0.167233997651
55.6585483461	0.129584867368
5.04102971267	0.220820137762
11.7139263923	0.210231380363
21.9900124708	0.186934564823
11.7217791351	0.212074131564
0.0102668698617	0.236516539839
63.5188128614	0.11679434747
74.4230598519	0.103503803518
24.9060145068	0.183442804203
19.772397025	0.193600499412
-23.3816124142	0.315918596314
100.439028357	0.077177388834
2.17973120197	0.234678334477
36.7353264145	0.157473178314
3.49238092201	0.227722346149
23.5544287334	0.183062896704
7.46687176918	0.217724537843
75.9751242256	0.102529506647
16.950880976	0.200427280633
19.8734369959	0.191540160737
1.41267745659	0.230504553683
30.6284205446	0.168568273634
33.3508900694	0.163583034976
-6.61270571208	0.258558316131
56.7568069349	0.126231719616
10.4714880511	0.208727029901
26.6855093172	0.175560736262
-1.240928153	0.24570297231
63.539127426	0.116788917828
52.6197963044	0.134193524875
7.36683354731	0.215461604627
22.5573883503	0.188068359317
14.7662996447	0.20026003942
-17.2454918857	0.293113375739
17.1951010583	0.197741892586
85.7742139558	0.0916511502164
13.4443461756	0.206209986531
20.6815720156	0.187732290794
20.1075752534	0.186660535954
65.2875783851	0.115698326218
94.320384441	0.0826541909551
15.8259820068	0.199838755314
84.1439206241	0.0934310063431
24.6602568955	0.177690524084
19.861682357	0.192481308704
9.48977815889	0.209709922378
81.6437209911	0.0967802080396
34.3989611506	0.16439291556
23.0766180925	0.18192616901
54.4171739835	0.129736649578
18.7880773674	0.196254540306
7.32025562801	0.223084077014
52.2094519211	0.134005331798
12.8686180278	0.208643809207
38.8163463058	0.156601595429
26.4701992853	0.179899436152
16.8202994775	0.197089357779
19.715197586	0.19070627055
33.2959397707	0.164123511367
-4.51109260783	0.254953036941
65.3938995077	0.114930172387
38.8321980189	0.156652651534
34.7707352977	0.160387343625
64.2027601798	0.117911551636
75.5894596756	0.102895330383
44.2439946434	0.144602097462
8.15697488886	0.213251047524
13.4278063237	0.206743188432
6.34448129704	0.218128946721
78.4018154912	0.0992342405497
25.3293015201	0.178152309042
17.9509288516	0.196415447987
10.3148405744	0.20774072279
18.6825284226	0.193611071918
41.4298618725	0.152145563721
19.2106586899	0.19167804476
15.5137352835	0.202140369249
65.1770008789	0.115818975581
49.0628065706	0.139417818059
7.52337679257	0.21756196949
29.6533113048	0.172375872094
8.60003164162	0.211944637503
34.4142831017	0.160445384161
10.5279287499	0.212283491225
29.6831062672	0.16844366577
62.2472676883	0.118671175118
0.546125043255	0.238573622066
8.49600077407	0.213252378335
34.4875543277	0.160959165235
-2.34829897686	0.245619536973
22.2602372037	0.187446672176
34.5264903394	0.161005854906
81.3260702749	0.0955898749846
76.6616508687	0.100749570528
11.4554626174	0.208554941358
46.0586532822	0.143908128754
22.4324858481	0.188170436925
41.2679240881	0.151400922778
69.7813723465	0.11074233863
35.9463337071	0.160583823655
43.6062704693	0.148363375509
89.718410647	0.0883053453971
28.399973853	0.173012787859
21.4036452215	0.185037001651
20.591214841	0.189431237068
74.1154468328	0.103939618464
30.1313899087	0.169951306236
37.8712969454	0.155580339651
60.2978625461	0.122596062702
29.8387613685	0.173323245197
59.4397454578	0.124178792064
23.1353662713	0.184210752151
17.8824668049	0.191803160093
93.2312600611	0.0840982156366
20.3128996511	0.186232189421
13.1276689305	0.203548188039
28.8557753745	0.17251699332
82.7988141192	0.0956829656006
26.7450237138	0.173701045314
15.5583174187	0.196537696284
10.2947201383	0.21441545434
46.7736433622	0.142870217695
34.9403102264	0.158914466298
12.1533812343	0.210345193539
56.7121783615	0.128105889383
55.6997385216	0.129526831933
97.1798990172	0.0809434471211
36.3551685167	0.15639310229
60.6737496482	0.12266467032
47.4667205607	0.139468125026
102.623504676	0.0762873746524
10.4933462752	0.210275470208
28.2459754557	0.173285176479
49.5144383516	0.138654646251
25.6079007223	0.178313728597
28.2087249334	0.170784941065
20.4370125664	0.1880051216
15.917998317	0.198773466388
47.1186085359	0.141783972055
60.4044134123	0.122081773555
39.4242539273	0.154845539127
83.7578952579	0.0945276621744
41.4707715838	0.150040802117
39.4276240439	0.152346966774
65.0355620954	0.115492510912
104.028488534	0.0749771211239
49.9962040191	0.138073342467
81.2554826652	0.0956773038524
103.3886707	0.075701758289
55.5936885584	0.129593358626
87.3540463007	0.0898140341144
59.2077780999	0.12304155839
98.6383523483	0.0790933192182
33.3775704483	0.163261073683
55.8986083829	0.126666386535
44.14478555	0.144337712287
96.8879086724	0.0816778500671
13.3521945886	0.202919718603
8.26735310646	0.214792063828
19.2454272128	0.190427825146
38.2258033034	0.156290144765
62.8285903528	0.119756821248
14.8452001056	0.200860247411
17.6723500778	0.191922104475
14.0309612443	0.200410039339
26.5917555614	0.176078581784
51.129386433	0.133787947499
61.9884598059	0.118306647358
17.7180837498	0.193842728751
70.6175962252	0.10854431118
38.6311568888	0.154285193947
72.1720536065	0.10588870576
64.1926237535	0.117772548626
60.0245758699	0.12086454334
77.176838221	0.100084594983
51.0631872118	0.135620236275
31.6260654372	0.166919745439
55.4456590588	0.127393592765
18.7670075559	0.191774044207
44.911916921	0.142958278918
38.1982172389	0.157697124449
46.6125323383	0.142903450471
58.0075551624	0.123746770793
55.4796464045	0.129047701879
97.8706713859	0.0796813772388
65.9805601	0.115042485552
62.1444282044	0.120492777721
64.0606507351	0.118161227943
52.3670428367	0.134425119322
68.4928547319	0.112344045595
101.321476903	0.0769676477535
96.1172576123	0.0816968479503
52.4449926062	0.134420059161
53.0430238075	0.133479382935
33.5483939197	0.164173138301
26.7113086596	0.179508829672
59.5106762127	0.124034127255
58.1005066831	0.125738367824
76.7234624496	0.101241130251
41.4920429395	0.149910431993
19.0633767083	0.194575701517
87.5563696255	0.0894919080424
47.3319357269	0.138759100825
105.543647731	0.0738891601987
99.3916700071	0.0789983649532
73.3671976812	0.106129267878
104.141722224	0.0750983398864
82.2523578875	0.0957336558076
66.1383224714	0.114038341186
84.5655749959	0.0934673420956
78.7970471065	0.0998307342494
91.1725604863	0.0857997988645
96.3715841916	0.0809265513495
83.649274288	0.093202791629
80.7212550581	0.0962048386558
78.531884005	0.0987117894628
79.9064357631	0.0971265958987
66.9418298196	0.112690232115
78.9805512258	0.0984859268227
69.5496973703	0.108637791889
91.008831038	0.0860249207749
59.7346769588	0.121639849589
64.5340753467	0.117538987078
102.730054371	0.0763278877006
113.492468077	0.067305467923
105.695459512	0.0733346134084
110.205952143	0.0696835918118
91.9049734757	0.0852269741127
80.8760514908	0.096077507299
56.6145505015	0.126101146517
90.9852563324	0.0866037197222
57.2978286191	0.125272234259
93.5425035005	0.0837615109411
60.4302350394	0.120962400665
66.8223615197	0.114306303939
42.1569275678	0.149397051943
36.0224053772	0.160619541341
67.8107411293	0.110929799251
66.9479877633	0.111894847831
69.0111338031	0.109411872902
75.4238906979	0.104014558939
67.429938939	0.112438024881
44.9830432497	0.144684504971
63.503270076	0.118348562076
70.3772544232	0.108739652593
92.8912300901	0.0842729947701
79.2223691186	0.0997667912529
105.258241269	0.0742406603008
78.3177654892	0.099249013564
106.212212123	0.0732060386025
78.8211810115	0.0999854987299
71.1948842433	0.106719871142
107.097957476	0.0720863460995
60.5639962674	0.11980832139
41.3820760651	0.14996819432
82.3548914285	0.0962813702763
45.3145352038	0.143995293447
90.3199195182	0.0862609342476
52.110454371	0.134814524676
57.026378627	0.125611456076
68.7908678966	0.109765232826
71.6207630556	0.108535069213
87.2797801867	0.0905311532843
46.3790030128	0.143748589459
88.6985146263	0.0896485236113
64.6235269941	0.117167244172
74.7503921422	0.103362915439
44.6989419515	0.144564646952
35.2732542718	0.159751746297
58.5225517672	0.123680053207
51.7070476002	0.133638004514
85.8378724307	0.0925689176771
57.5466657513	0.127001180793
107.781843653	0.0717439715932
64.5748709695	0.117450886463
97.3297467203	0.0813552512964
112.470581795	0.0684149142201
88.2951383437	0.0901946180335
44.6615875442	0.146193176934
60.462934689	0.121456374608
119.572512772	0.0630473974483
94.8002201956	0.0838270253329
82.5080534193	0.0962697848866
77.8447385829	0.101201999532
83.8465395968	0.0943958687708
76.1136750664	0.103339412138
60.5446182925	0.122837177008
49.0769455447	0.13857221402
35.4981673535	0.160159947663
78.9092496371	0.100091543829
110.391161862	0.070271183534
71.5854954516	0.108676618732
83.6277459361	0.0949321968443
55.0160592641	0.128654878487
60.0481703358	0.120932651963
64.4818478463	0.11527156067
65.9509063066	0.113844130879
98.1950230563	0.0798060944912
73.2663215798	0.104833309616
50.426407068	0.137245451814
97.4369116977	0.0810856370288
51.0710027759	0.136170831479
112.350143442	0.0683597931864
54.6745529778	0.13092217462
110.948112761	0.0697454343149
51.1637575206	0.136133335352
105.860283905	0.073886683273
53.594186128	0.132440616912
79.2863876813	0.0993246930587
58.8963596607	0.124822927916
68.6554311622	0.111432381122
47.8014674488	0.140167059947
87.5903880048	0.0897579333292
69.0500702216	0.109236974093
67.0781681556	0.112178082448
58.0660577181	0.12315454241
52.1406951099	0.134379662941
69.9822915483	0.11044200053
57.6570745573	0.126642492899
69.1026066052	0.109144068413
49.9466632278	0.138160556709
91.8001541589	0.0850540629059
63.9013812624	0.11598388721
59.143989873	0.122912831355
56.0815386378	0.126880089169
72.3823294429	0.105344569197
52.7359995331	0.131772607045
75.5479242735	0.101398510614
53.3191750702	0.130170374535
112.623396749	0.0678489839327
104.63414672	0.0739080924524
48.4052545536	0.140619116613
71.3485227984	0.108985312897
72.1816460249	0.107696248377
105.421794341	0.0737841916533
87.372347751	0.0898437394356
120.388961413	0.062332800456
108.433516456	0.071153470556
63.6946206692	0.115345504951
75.3896858482	0.102142397231
75.0518886193	0.103291078054
39.9166649045	0.153255534068
50.9421079557	0.13596290061
97.3742446976	0.0813530463828
103.303779211	0.0747013157576
110.043914009	0.0697534717961
85.3039820972	0.0931523194008
61.9084991141	0.117544074997
104.223477176	0.0750834807525
67.998386857	0.110251086402
114.149310861	0.0668551284435
70.1233207473	0.107924915793
65.2230732618	0.11662222979
114.017083142	0.0664462854641
68.5475697899	0.110169951977
73.5460584931	0.103874469856
106.808170776	0.0727006867888
84.6399638914	0.0920132594485
60.1251333449	0.120898563668
86.1484276384	0.0905746654658
60.1134849494	0.121614650924
61.1413679352	0.119158166062
78.7486121094	0.0985949963179
81.4238501837	0.0952454749769
117.511330783	0.0646355341316
81.1325261887	0.0955179525519
79.37393003	0.097446530327
57.1754674652	0.124778911997
88.5125078058	0.0881465224931
80.3701342582	0.0964415935987
65.2321574157	0.113557689969
77.8719540617	0.0994099924675
86.5119219552	0.0902200579328
97.7731774597	0.0804656720827
94.294407146	0.0828240554457
65.2113639075	0.113484803176
39.9397012477	0.151296331664
68.1501101772	0.111116183371
78.8602921712	0.0977775927985
44.6848672013	0.143265892756
115.799997479	0.0657503575483
76.5978084004	0.100299417854
113.297461601	0.0677223874774
68.8995465461	0.109704037067
93.6651615839	0.0844766380915
92.8155294285	0.0851723754259
91.2179022167	0.0860371352613
97.9186462895	0.0796297656217
112.932490054	0.0681561360623
103.503538366	0.0754565481194
132.570795566	0.0540609643637
112.595188041	0.0672491444989
155.208239216	0.0420652455751
148.143600312	0.0454597879169
90.7613085224	0.0863847374415
79.6639535448	0.0973958953563
95.6891584179	0.0813401939501
94.9935339348	0.0817794941471
85.4020251064	0.0911040323498
76.2290112754	0.101168239872
59.3681058376	0.121076718944
86.9889635518	0.0896139593854
103.052302242	0.0750630408358
121.10862326	0.0615887712943
71.4979440422	0.107208088679
163.857050502	0.0382516918579
74.0154275732	0.105511356165
122.692512653	0.0604390344007
135.514775523	0.0524399088488
160.476293165	0.0397289490775
78.1269686017	0.098638050575
93.1850347244	0.0838705418376
72.9132647031	0.105217605297
63.7045453473	0.115410046258
82.4690816957	0.094295971316
89.8879107904	0.0867406080061
101.868505939	0.0772224631693
124.598372675	0.0593503950631
148.544146973	0.0454005654454
84.378091037	0.0921830973878
51.4987071462	0.135127578782
104.934035648	0.074704937422
165.420622864	0.0376403268752
112.09344234	0.0678261008335
100.097502994	0.0775278881385
77.3927064009	0.100153623075
144.224591661	0.0477573631043
171.614392876	0.0351411507396
65.9170471	0.11541492337
136.544203559	0.0519186627267
81.3613751557	0.0956126633113
131.009715759	0.0552458283144
129.418444113	0.056493902533
99.1901836141	0.0786184732017
89.9205664659	0.0870326489174
83.1962328549	0.0936501276
107.045612317	0.0719901393687
122.68355546	0.0608417960073
109.234892235	0.0711741855649
117.247208155	0.0639531298189
106.735806444	0.0729830708254
173.603330077	0.0344475093231
119.224439505	0.0634965292287
114.234610294	0.0672182057687
124.3483936	0.0590794858716
120.375884668	0.0621781846198
136.706384248	0.0517267379693
129.516066684	0.056006681061
95.5241976653	0.0821538320293
123.657794606	0.0596770712547
78.1459611855	0.0987570580634
91.2387284314	0.0856164672346
98.3830110338	0.0803984809191
127.628235598	0.0574719239566
162.859028811	0.0388339917454
167.794163231	0.0367438949289
174.096198941	0.034258092894
127.940041701	0.0571096839187
129.491570574	0.0560967858981
97.7580503976	0.0797158809598
108.416606381	0.0709825115716
110.397607604	0.069407688213
102.014642823	0.0759305148097
106.955697418	0.0730486587283
119.146664042	0.0629798709516
113.915609382	0.0671870175327
117.257450029	0.0644180062454
131.543579821	0.0552366262834
116.205049622	0.0656846198459
105.100382737	0.0745426027589
139.830903928	0.0502940138478
74.5508689918	0.103014564223
87.3571943459	0.0893900997125
103.900198574	0.0755997220236
106.888829332	0.0726223358977
77.2206556121	0.10049110908
83.318172365	0.0934833090487
142.662696848	0.0486146697147
108.558639784	0.0709354580588
92.9046924525	0.084055770904
148.93082831	0.0454075031958
126.317559055	0.0580194803217
149.245925481	0.0452842627317
128.236278531	0.0571655928039
171.96313003	0.0351909992087
125.375960868	0.0593245937702
145.548322527	0.0472139239975
98.7318743803	0.0801916583039
91.5308565897	0.0859219256361
131.074046585	0.0551414048927
149.9063794	0.0449267382467
166.624211437	0.0372914669937
121.811007358	0.0612605553286
165.1302959	0.0379000945832
75.0804533624	0.10207337639
148.277759693	0.0457016970406
157.123047162	0.0413681860699
163.735068044	0.0385121851677
84.4364865782	0.0922703478465
166.252754131	0.0374787994258
114.606267718	0.0660811523203
110.093896228	0.0703234946295
141.162392025	0.0494651517874
144.85453462	0.0474330010803
121.863600006	0.0607973246081
115.480290499	0.06618096689
81.2712113142	0.0958715664165
132.786150366	0.0541138156428
108.588239682	0.071666260784
120.923618015	0.0616185104885
151.062496601	0.0443916194963
141.231792685	0.0492489407401
133.079543047	0.0542545525933
121.193110136	0.0623164344076
132.286371194	0.0542834962664
172.272450346	0.0351020090122
94.4304899193	0.0843158794559
151.543671629	0.0441011872808
99.2208828105	0.0797946384465
128.55279837	0.0565358623255
164.977974495	0.0380633169925
157.358960366	0.0413840804661
149.737973209	0.0449981440733
179.984868733	0.0322408915323
155.612811529	0.0423131275779
158.200384089	0.0410460698082
145.578303354	0.0471898713041
133.464588797	0.0539563529608
104.101036375	0.0755907021536
136.907309448	0.0516448089419
157.522626394	0.041331125723
118.06961569	0.0636354294444
121.362886695	0.0620558083111
118.684182334	0.0631475514209
162.135923386	0.0391979875127
143.633795583	0.0483123705111
157.445817889	0.0413776874116
153.167325262	0.0433857933248
122.245616487	0.0605725078605
142.214272909	0.0489839386341
142.605167278	0.0487122847545
126.771171094	0.0581276893594
167.536179559	0.0370517442747
128.833472214	0.056810333827
142.576451815	0.048756467397
120.570577042	0.0621906097871
175.315618528	0.0339614516475
125.536294504	0.0590517304732
131.692747973	0.0553083233143
162.987661987	0.038887358387
163.184219195	0.0388395757583
181.367208116	0.0317550668788
125.095768732	0.0594531445361
128.253179729	0.0574932838543
133.051758873	0.0545000917485
151.733486495	0.0441462775713
166.33700919	0.037434703372
120.019696525	0.0627528878696
161.917826479	0.0393643221329
118.367309999	0.064013531976
121.227325914	0.0621928631254
140.52406122	0.0499989234724
134.238480315	0.0535873911878
128.164477058	0.0575589546315
181.64838803	0.0316498510481
155.85940586	0.0421275921365
147.09099082	0.0464634438236
175.390235876	0.0339073135354
173.026331259	0.0347902649971
137.145042964	0.0519679627602
148.356236309	0.0458017090688
168.691769222	0.0365471620356
152.033253882	0.0439180144039
152.092566838	0.0439431166591
189.199327498	0.0290738310528
147.979278932	0.0459943505223
142.139325254	0.0490713172037
175.474125824	0.0338799758168
143.497125979	0.0483560492825
147.346060584	0.0463505480361
154.876635111	0.0426027606176
134.477529723	0.053602871723
153.995572101	0.0430089245691
135.292820792	0.0531335339902
159.095654179	0.0406038407017
185.262282647	0.030328875692
158.142330092	0.0407758197467
147.091270407	0.0463977733852
154.411136839	0.0425787860018
166.567798324	0.0373752786179
166.910999185	0.0371839337499
152.367285922	0.0437671045186
168.637083278	0.0364628450827
169.584606189	0.0361302470395
144.925804496	0.0474947287472
151.434567656	0.0441977651837
165.098063629	0.0380038854659
155.908072764	0.0420548796476
169.931491373	0.0359994991448
143.216898254	0.0485476419714
148.74464073	0.0454018059804
180.97544614	0.0318547693438
152.779527852	0.0433705621958
178.666671261	0.0326851220083
183.182316088	0.0309946490613
146.424891756	0.0468182004218
155.913626398	0.0417756340727
171.081390681	0.0355606892456
178.046961504	0.0328032292225
136.98144763	0.0520544466383
151.200950707	0.0442286571696
166.653568306	0.0373617048838
139.807643403	0.050024120452
159.292850144	0.0405178948431
177.184910211	0.0331295992894
145.283577811	0.047461742086
159.915358427	0.040143405069
143.368975842	0.0484696480874
145.261347532	0.0470428178131
134.220639902	0.05363350536
141.075614246	0.0491642431538
127.108939147	0.058135122525
140.097088772	0.0497010021855
171.973779636	0.0352380930629
149.213331456	0.0451799647081
181.001842891	0.031879447107
128.018508078	0.0569841885208
143.250961306	0.0480343424885
121.455598196	0.0611923892561
171.070064198	0.0354506723158
147.037956725	0.0464874555631
164.005514327	0.0382969413565
162.304110455	0.039202265071
145.664494535	0.0468921215158
172.665036931	0.0349448137074
159.141928858	0.0403951205325
152.723447967	0.043679846297
161.827098249	0.0393797375063
137.927682288	0.0515246511097
161.762927106	0.0391709974167
152.496049068	0.0437799467428
145.314751652	0.0471378732783
132.606278344	0.054820375984
187.494922166	0.0295115842179
145.923184076	0.0471532259245
169.658520475	0.0360829483828
127.412677334	0.0580576629105
150.905474299	0.044206218797
136.438113018	0.0524957607659
172.60351764	0.0348602576343
138.630733278	0.0512099899989
160.148110172	0.0399302030815
136.845396718	0.0522558593635
141.610240917	0.0491231751221
130.607335153	0.0560903527913
185.385448184	0.030226705574
134.84698181	0.0534567130593
183.228857804	0.030931828583
132.418147459	0.0549399578651
169.91508323	0.035864798754
132.004077709	0.0551791143119
152.036911134	0.0436579213468
123.714849768	0.0605594544856
178.898119938	0.0324121506427
128.621263019	0.0573676297527
165.079958994	0.037844557692
127.280495501	0.058236032046
193.210055829	0.0277273534315
129.800070042	0.0566025641747
184.4840965	0.0305992548169
121.387600835	0.0622268511112
177.074376486	0.0331521594283
131.636588002	0.0554401079094
182.177639949	0.0312555244032
128.715245736	0.0572947755113
183.197596567	0.0310394543734
130.474618651	0.0561630007463
186.240361157	0.0299947032113
128.658073544	0.0573263594966
170.741168458	0.0356801614589
128.747808535	0.0572646260412
181.627233376	0.0315613005326
138.369269785	0.0513599077504
194.457240606	0.0272851203602
139.502675313	0.0506838492577
176.723425776	0.0332514546788
137.946551704	0.0516095584786
154.970225969	0.0421579937609
128.661313915	0.0572678032271
145.249972441	0.0470150109409
141.194946693	0.0496861673465
152.711499777	0.0432311374271
135.567074747	0.0529619330581
155.235541229	0.0421391608432
137.31100017	0.0519262577568
166.780174443	0.0370138780928
139.416773899	0.0507579005733
167.688345344	0.0367850649323
142.833377667	0.0488008680316
176.574402915	0.0332042568961
143.754795434	0.048261130477
163.889082424	0.0381892299813
157.026011687	0.0415744066218
153.026414141	0.0430939757568
166.38168339	0.0374506632275
152.583104935	0.0434261898015
171.45005979	0.0354071347924
145.264908872	0.0470086205438
155.784480299	0.042147052225
162.07389037	0.0389714642834
144.864350094	0.047705811246
153.630650214	0.0429292811684
149.047049814	0.0454718483145
156.278657301	0.041673068312
155.113041853	0.0425123862102
172.637948549	0.0346848817288
163.335328244	0.0387452549961
163.981807844	0.0383387679674
156.790781974	0.0416991534442
174.984634267	0.033824567857
159.582638615	0.0404174841139
163.941861621	0.0382017971589
174.940853833	0.0340590512785
158.834889361	0.040579347604
192.129253854	0.0281000447511
185.028828667	0.0302679308107
170.586818934	0.0357213062991
179.035684745	0.0323417821771
188.415311292	0.0292829930378
179.542537744	0.0321610451339
164.59290044	0.0381123833619
185.426224435	0.0301660065433
178.949182196	0.0325629620561
184.074862293	0.0306775249688
195.721006974	0.0269424370499
188.727034024	0.0290979602489
195.652669545	0.0269606010639
172.0747474	0.0349528305683
194.53625254	0.0272825790593
166.220998508	0.0374679007081
170.902026248	0.0355968079647
178.794074391	0.0324249894382
179.01458925	0.0323938587314
191.363463427	0.0282485794709
181.462149169	0.0316075051855
162.482534726	0.0390468977066
181.696561306	0.0314491637529
169.470954141	0.0359200971676
189.086960734	0.0290020783064
189.208425516	0.028915946032
178.502944336	0.0327013133895
177.715047941	0.0328765371276
175.448829517	0.0338496717869
167.684385033	0.0367984531629
186.781626725	0.0297638420812
179.384175372	0.0322145636098
189.0226314	0.0290308697177
171.985938591	0.0349135604921
194.21024853	0.0274109600808
169.325244687	0.0359717453758
191.751427231	0.0282046075073
163.559660655	0.0383409457385
166.744710963	0.0372492058196
179.470925603	0.0321878890027
170.818257612	0.035655869485
180.096245497	0.0319774866821
174.881886562	0.0340619389922
180.770074324	0.0319264041816
167.882763631	0.0366432446513
184.996969676	0.0303882430454
188.31749623	0.0293227862356
183.793457193	0.0307942760963
169.880268939	0.0358888058882
185.326375946	0.0302918746664
176.853713111	0.0330787858398
189.186244399	0.0290157686455
161.397143781	0.0392419851357
182.486717096	0.0312439357641
156.529498678	0.0414323413126
178.036791735	0.0328302368567
165.554594886	0.0374600914182
187.240278204	0.0296639892316
172.055162787	0.0348939275867
178.323161268	0.0327847019801
164.7645093	0.0379318402825
164.679327132	0.0381844871152
156.017689134	0.0417830877137
153.171976035	0.0434461843261
171.580528827	0.0350908075684
176.984855486	0.0332602817729
174.939420343	0.0338261892796
178.900623042	0.0325715114656
178.582445184	0.0325050714119
169.438905048	0.0362052313369
171.195032329	0.035332223879
172.3684629	0.03503789426
166.979492982	0.0371188191566
182.012094176	0.0314447829869
187.1787846	0.0296018777755
166.17710852	0.0374948749595
183.23950228	0.0308982925786
163.328957949	0.0386973712866
176.538674109	0.0332728139726
171.283923302	0.0354152897199
174.694329775	0.0340675162871
178.780718412	0.0326071314168
191.611574767	0.0281757780366
175.17421343	0.0339141577144
190.172708389	0.0286183955309
175.97503653	0.0336488909894
174.28213466	0.0342467129102
187.521416457	0.0295520903281
191.457630148	0.0282406870312
176.37774347	0.0334443576109
187.205093258	0.0296227275636
169.420347713	0.0361143994472
180.035723743	0.0320434410835
184.592554819	0.0304892169699
181.225097598	0.0316652663886
186.837071879	0.0297560981958
192.412656407	0.0279308868237
178.607570747	0.0326427141871
194.535645845	0.0272870389954
188.626903489	0.0291540041065
183.993447508	0.0307557385435
192.023225139	0.0280539563655
188.562917619	0.0292279953241
176.822094617	0.0331697579896
175.690094886	0.0336812383502
175.55658866	0.0336098062535
176.902661767	0.0331914303815
179.889129479	0.0320363746574
186.033457051	0.0300188012737
182.037790609	0.0313867810314
196.225065675	0.0267599112061
181.370285716	0.0316423510136
185.854711508	0.0300625739262
190.445124213	0.0285916318151
176.696417437	0.0333085002294
196.435891544	0.0267266791347
193.253312274	0.0276477974685
187.851826125	0.0294330642143
195.486644554	0.0269837065325
181.858390988	0.0314933596625
184.440971184	0.0304988399679
183.620350443	0.0307993621939
179.263830876	0.0322890407206
197.014098536	0.0265376834657
196.729977784	0.0266187064476
184.045127789	0.0307004337745
181.488630861	0.0316020663766
197.104768624	0.026509901527
183.025965575	0.0309734020253
195.236513223	0.0270540917384
196.434249902	0.0267006008462
181.367735097	0.0316461654323
181.429781561	0.0316258408613
184.969347143	0.0304058194426
196.131485159	0.0268101129419
194.551691889	0.0273047175385
177.314770748	0.0331610360492
184.596972695	0.0305472343144
183.029791626	0.0311029064337
187.989791315	0.0293990741819
177.490526581	0.0330812559406
189.332525826	0.0289492559207
172.07892499	0.0351554152948
179.691200594	0.0322605245739
171.770180382	0.0352734133479
187.689078158	0.0294833133619
191.221996492	0.0283683338926
190.913603279	0.028460531294
182.499239349	0.0312421283604
188.071145712	0.0293785478816
181.19418286	0.0317341450196
181.416678442	0.031636235718
180.705136312	0.0319198349219
176.474931864	0.0333977489776
162.775134228	0.0389651659093
173.934202093	0.0342591927253
177.129940446	0.0330726347633
170.270639682	0.0356059353341
182.667842894	0.0311432323729
188.560707814	0.0291761052367
170.116226323	0.0357664223486
181.568319975	0.0314851394331
191.45426577	0.0282640120799
179.387737777	0.0322765061592
180.778854256	0.0318885070226
176.633668167	0.033376265849
179.665278332	0.032224802681
188.670043138	0.029132249863
174.131353711	0.0343353036484
173.842605509	0.0344401930527
178.783640649	0.0326106116941
168.443574604	0.0364625365679
183.000647405	0.031092804412
179.256389924	0.0324309835703
195.307534618	0.0270302743577
174.739100232	0.0341061395466
180.008909375	0.0321815483534
186.966255776	0.0297004387653
182.777207251	0.0311264097439
163.94383373	0.0382432626228
164.343959906	0.0380138352191
174.799404423	0.0339853938621
158.046611317	0.0407690657263
183.079911469	0.0308825589872
173.028111143	0.034629109515
191.593030637	0.0281266037838
187.640398345	0.029481622164
181.671444272	0.0314348945873
178.627374636	0.0325511523495
179.106592283	0.0324697132844
166.13925324	0.0375476934072
178.576008332	0.032676858542
195.554168694	0.0269995466543
185.646365586	0.0301689783298
181.222301895	0.0317376632761
189.681237978	0.0288269347975
185.890703628	0.0301119995252
185.133429243	0.0303735733261
182.567574636	0.0312573197267
183.61470954	0.0308181967773
175.099637934	0.0339754200409
183.336435616	0.0308993819222
182.349399655	0.0313461219167
181.787077394	0.0315369873587
183.14960273	0.0310271803316
163.472789113	0.0383689327385
192.601721216	0.0278869663498
178.791687779	0.0325491256301
189.438758587	0.02890440475
172.850242198	0.0348204306839
180.728366495	0.0317422452701
181.904006175	0.0314142243291
186.344471526	0.0299608309316
187.781669182	0.0294208413256
179.829263907	0.0322278709053
189.535326997	0.0288438679311
189.26716175	0.0289700722024
186.753265815	0.0297419761116
179.121411645	0.0324545500163
185.483933493	0.0301442486524
179.865087204	0.0322112659111
190.044356228	0.0286443888848
193.649415973	0.0275477828576
183.287972401	0.03094104736
188.406586917	0.0292483538636
188.116900013	0.0292961052658
185.822701155	0.0300581349118
189.974299156	0.0287214116886
189.029329141	0.0290358843394
186.33497492	0.0299075461624
195.74418795	0.0269298931542
188.003138263	0.0293164640947
193.71346771	0.0275290272157
183.796831077	0.0307589676746
186.07217106	0.0299474334165
188.991648909	0.0290589273039
186.158383088	0.0299219850432
186.964514984	0.0297318470349
188.153498806	0.0292688594372
181.607166347	0.0315729061436
178.98091989	0.0323809481445
178.306926433	0.0325298174026
180.187917035	0.0320780139051
181.306941456	0.0314687814269
188.985926527	0.0289550533344
167.888425684	0.0367933562104
185.545693556	0.0302008037912
170.454131925	0.0357517204856
176.956984236	0.0331123416005
194.54001187	0.0272692076647
189.242414134	0.028968359765
187.758288845	0.0294583528479
178.760892106	0.0325934042237
183.237215472	0.0309977715218
182.6913461	0.0311940184182
184.539180051	0.0305517347241
182.850557119	0.0311428761823
181.397091597	0.0316418774871
184.894803538	0.030441490081
184.111339614	0.0307036569613
186.511051383	0.0299061505593
185.280699474	0.030284650121
185.222507035	0.0303255878718
184.382192507	0.030579776545
186.734114415	0.029814592342
185.303202014	0.0302946553174
191.951539184	0.0281318345289
189.007612684	0.0290590169258
191.036535598	0.0284150911293
194.035829785	0.0274412929971
194.543609506	0.0273091308533
195.665672612	0.0269266023492
192.159636208	0.028005039204
190.214254258	0.0285806629421
192.157679175	0.0280001773369
194.702827862	0.0271845114811
192.857524839	0.0277712276425
193.066460342	0.0276659414864
190.519132253	0.0284955166957
192.814319773	0.0277345009554
188.597901245	0.0290958502011
193.149865832	0.0276492392177
190.211085593	0.0285955096046
179.602747457	0.0321429768007
181.926472261	0.0314805097787
180.813321026	0.0318737111373
190.873044154	0.0284585769733
188.856387232	0.0291080222522
192.125995182	0.0280501642712
187.992952827	0.0293794042546
190.779784625	0.0285022951265
187.799804464	0.0294632210306
188.017428696	0.0293889829532
188.56077696	0.0292144052591
193.737887784	0.0275573286004
189.264521129	0.0289713804609
185.200604949	0.0302752958019
189.579045966	0.0288576927157
184.943854271	0.0302223475362
187.218417943	0.0295622330298
192.761752875	0.0278622036833
185.40410732	0.0302202601822
187.605922299	0.029493840228
189.215725532	0.0289687371826
188.932274202	0.029052195939
185.002871034	0.0303514206452
183.6148857	0.0308313026284
189.456529534	0.0288687881483
188.206204493	0.0292688721584
191.660655076	0.0281449548179
193.875038659	0.0275169553211
188.240593461	0.0292161967543
186.802104214	0.0296914133983
184.23120901	0.0304743695224
187.648737111	0.0294675805526
191.210500696	0.0283073667314
194.35103731	0.0272964194919
188.448222636	0.0292409311106
184.149337168	0.0306739540532
188.913536622	0.0290992670468
183.425678209	0.030935687935
183.050079418	0.03109105035
197.057853479	0.0265048354912
191.293993451	0.0283274370493
187.215635241	0.0296835771918
192.603271533	0.0279178373136
181.957029046	0.0312911019624
188.65268258	0.0292120445517
193.757244167	0.0275692313138
193.716609042	0.02757936588
194.061128766	0.0274648344144
193.197237704	0.0277251226535
194.702606295	0.0271612104804
193.59807026	0.0275700470012
191.994841272	0.0280477586443
191.643401638	0.0281840024297
196.245827565	0.0267526747228
198.348904231	0.0261200519293
197.172060651	0.0264928419449
193.691207006	0.0275447593111
190.535841564	0.028536546277
188.60775379	0.0291858504355
190.432671621	0.0285944428476
189.066347909	0.0290440752379
191.488725288	0.0282749586122
191.438633094	0.0282758005773
192.251042672	0.0280082703875
194.332574691	0.0273705056495
194.408616042	0.0273364930377
191.321146236	0.0282705590849
189.648148541	0.0287965518381
188.495363908	0.0291681498258
192.239842121	0.0279843218401
193.270383918	0.0276767997595
195.834422032	0.0268857300192
198.754456405	0.0260144196087
195.971775837	0.0268225959282
194.395171705	0.0273224504084
197.656087393	0.0263201580948
196.958027305	0.0265553106901
194.236306627	0.0273531223918
191.502490848	0.0282469966101
197.696317349	0.0263062089172
195.241141737	0.0270721661653
194.895685939	0.0271191947785
194.501414242	0.0273016150915
197.149990697	0.0264537602745
193.010359503	0.0277701534435
189.758729034	0.0287481267503
188.939911073	0.0290745962119
181.296561867	0.0315887669502
183.878894505	0.0307994244793
187.50944314	0.0295690479918
187.12583416	0.0296240612558
192.874099801	0.0277379360568
184.708766958	0.0305076379535
192.066835019	0.0280806916233
187.515471782	0.0294985210255
195.862563698	0.0268670931689
192.352471908	0.027913965927
196.496950998	0.0266537346178
197.097790941	0.0264817495678
194.459374004	0.0272698852695
195.955783466	0.0268452828788
196.408658346	0.0267102424981
194.292060791	0.0273677310365
195.525537863	0.0269924457703
195.156667331	0.0271075504795
192.168688724	0.0280405214139
194.193245203	0.0274262913757
194.606494572	0.0272987423106
196.028284842	0.0268558849932
193.405298558	0.0276570879034
195.512633694	0.0270211879324
196.409013914	0.0267380657218
194.429801499	0.0273347271841
193.257075144	0.0277000741432
197.022861425	0.0265659438122
197.483286329	0.0264318255173
197.555649838	0.0263922982509
195.183786031	0.0270916654355
196.703994639	0.0266456365154
197.0631484	0.0265304545337
195.015094365	0.0271379458602
193.331089284	0.0276567157463
195.456075707	0.0270054121698
195.008934246	0.027145214508
195.938496565	0.0268657939847
194.952530915	0.0271683886165
195.745202837	0.0269280864624
195.588490258	0.0269760638597
193.123624128	0.0277412996932
195.691236951	0.0269679535273
196.735033778	0.0266576170002
197.584212409	0.0263868227154
195.496078487	0.0270189790863
196.340134343	0.0267504343209
197.528845985	0.0264088645961
196.528410564	0.0266987694591
194.061684852	0.0274522594665
197.214981371	0.0265042665948
197.939758759	0.0262889776234
197.073024216	0.0265490697378
196.434103286	0.0267244448901
196.487380488	0.0267243368372
197.341458259	0.0264614439431
196.722965101	0.0266363120989
194.195174539	0.0274129519229
196.880066163	0.0266180293794
195.042512013	0.0271578409341
196.17990908	0.0268039176323
196.430126609	0.0267472465639
196.855654925	0.0266140558903
195.739734751	0.0269394901265
194.265270409	0.0273924472047
196.590888567	0.0266992506673
196.668332278	0.0266810368078
197.060354528	0.0265533800096
195.713245325	0.0269603363111
197.387946153	0.0264612130438
197.837623294	0.0263168036737
196.358350232	0.0267544771613
195.59068847	0.0269870598035
198.523314983	0.0261189589699
198.776640142	0.0260538868453
198.572768617	0.0260936736391
198.4163177	0.0261468075374
198.664027574	0.02606934636
198.71589565	0.0260450401458
196.438385738	0.0267166176383
198.417934547	0.0261377814748
198.402271354	0.0261509251363
198.346340196	0.0261555828492
197.842451827	0.0263133957119
198.10444739	0.0262317525177
197.970223533	0.0262689037492
196.435872556	0.0267351210258
199.080035461	0.0259638914945
199.223194169	0.0259291716011
199.174530271	0.0259244017862
198.552231555	0.0261179503726
198.769223457	0.0260377620446
199.918892453	0.0257205349902
198.291307693	0.0261814897745
198.511878086	0.0261165197781
200.099801051	0.0256703394871
200.000893411	0.0256901031223
198.968245435	0.0259892947685
200.054399873	0.0256749410262
200.564380928	0.0255303431122
199.322863045	0.0258794830168
198.307038454	0.0261782903085
200.352451091	0.025599146351
198.953415723	0.0259913988268
200.364715469	0.0255757870099
199.869392313	0.0257276430497
200.566037293	0.0255214965779
199.702835505	0.0257619717309
198.786032262	0.0260313035219
200.955704679	0.0254095818102
199.318671316	0.0258845341749
199.967978509	0.0256857911385
199.631055356	0.0257858606348
197.361573582	0.0264607948673
195.206410852	0.027123311512
192.211244754	0.0280686198455
198.845124893	0.0260176289644
192.345086719	0.0280105554282
189.504049767	0.0288875330467
200.935365489	0.0254468982624
198.875045198	0.0260609419313
200.888484758	0.0254664178469
197.950249415	0.0262810466781
199.174800105	0.025940460158
194.537255245	0.0273501064417
196.184860514	0.0268087663249
199.941781873	0.0257336633401
199.612826073	0.0258002216962
200.672105386	0.0255476072312
202.089405551	0.0251332905168
200.753531467	0.0255192186456
200.461207456	0.0255897122267
201.829453042	0.0252093316314
197.526411144	0.0264359107627
198.12195418	0.0262501642915
196.761875604	0.0266478385542
195.805827529	0.0269350706411
199.142645906	0.0259645148653
201.654035094	0.0252420055277
200.249080372	0.0256521840078
198.303474315	0.0262364111512
199.264530447	0.0259163741424
197.488365468	0.0264433915258
201.142883406	0.0254150956576
197.916560913	0.0263326474434
198.965079576	0.026029049067
199.555704763	0.0258434644114
199.938734146	0.0257349443125
202.054953661	0.025138436054
198.680874592	0.0260919624273
202.351388908	0.025058425831
198.557208703	0.0261470404997
200.652208478	0.0255301515408
199.230870442	0.0259324420588
199.527455467	0.0258472493222
199.354092945	0.0258991340987
201.072927086	0.0254380161182
199.027538217	0.0260243425856
201.187459228	0.0253733454835
201.323311806	0.025335691881
201.24076034	0.025354683875
201.854158179	0.0252123599477
200.95689633	0.0254592975607
199.706536277	0.0258089919921
201.406444736	0.0253241744543
201.639703279	0.0252656124529
201.526171895	0.025277289714
201.581953861	0.0252568921346
201.433081629	0.0252984504526
202.425738158	0.0250285508909
201.099589222	0.0253930841419
201.557771944	0.0252623483298
203.068027216	0.0248632467402
202.223506257	0.0250776423631
202.448471002	0.0250136116852
201.674888052	0.0252286902541
202.371578074	0.0250323418957
201.386738369	0.0253094200794
202.960344728	0.0249001798685
203.048771064	0.0248472544452
203.364552456	0.0247589455476
202.534879565	0.0249855041952
204.106725275	0.0245732740866
204.096275851	0.0245687738119
204.592863561	0.024446451483
203.786848848	0.0246430316316
204.164586803	0.0245636999174
204.473395772	0.024478892586
203.685877248	0.0246936257797
204.537942056	0.02445167853
204.720181579	0.024391675984
204.318352424	0.0245183431541
204.339768669	0.0244877433524
204.673566234	0.0244215031107
205.076138106	0.0243108745886
203.894079406	0.0246332463691
204.262846184	0.0245312053717
203.897877646	0.0246309133493
204.938419301	0.0243472553317
205.098829683	0.0243002415764
204.01000154	0.0245996077562
204.610799329	0.0244356979188
204.670996384	0.0244106214303
205.118894754	0.0242960277813
204.469229614	0.0244734966502
204.411676176	0.0244748534568
204.482749208	0.0244687887373
204.834376606	0.0243740256676
204.712030344	0.0243939017723
204.290676534	0.0245223113066
204.322808357	0.0245048898884
204.362170962	0.0245026040721
203.906962933	0.0246267210553
204.648880371	0.0244139679386
204.459327744	0.0244746264685
205.094795947	0.024299181472
204.606693704	0.0244345050794
204.297759013	0.0245178938458
204.839736557	0.0243710450647
205.501700071	0.0241904970247
204.852155284	0.0243649082605
205.702642568	0.0241349636616
204.108643173	0.0245691964641
205.567446807	0.0241708199855
205.03048177	0.024317989768
205.460888203	0.0241999648719
205.24991886	0.0242587923201
205.664444073	0.0241332453726
205.118504247	0.024285951655
205.267296183	0.0242316679772
205.468425254	0.0241976331809
205.464585345	0.0241897280096
205.061210585	0.0243083791506
205.348874409	0.0242284722039
205.945567111	0.0240652704569
205.429044296	0.0241912857829
206.159956722	0.0240095232017
205.888654443	0.0240746808697
205.584339319	0.0241488612933
206.269414248	0.0239723612816
205.580256649	0.0241647896614
206.12956675	0.0240168927849
206.261950121	0.0239812909604
205.468297702	0.0241784915592
205.480931322	0.0241708002828
205.750861187	0.0240929003054
206.518881461	0.0239063323147
205.805805864	0.0240866212284
206.591437324	0.023892902866
205.18729477	0.024270176268
206.297631588	0.0239551502232
205.417175039	0.0242095238741
206.159040474	0.0240083783497
205.043878576	0.0243096964278
206.747342709	0.0238305293838
206.181228945	0.0240019492028
207.281046712	0.0237006737187
205.85880542	0.0240889834582
206.688666935	0.0238637912759
206.954793127	0.0237871708387
207.407840083	0.0236712840467
206.993842322	0.0237809138917
207.662643422	0.0235942707998
206.437637006	0.0239303023072
207.931632324	0.0235069430758
207.422371128	0.0236548549799
208.28053256	0.0234410089512
207.848715884	0.0235504537635
209.001338182	0.0232466825374
208.49244031	0.0233823139166
209.00556235	0.0232492037538
209.056214359	0.0232199546769
209.890101134	0.0229987669016
209.352206005	0.0231507400274
210.123824256	0.0229245201813
209.429745235	0.0231279370645
210.760411537	0.0227756843328
209.452417934	0.0231248655874
210.173325674	0.0229394431498
209.36687405	0.0231458432195
211.227222031	0.0226427111655
210.300062702	0.0228794215884
211.2097862	0.0226663358703
210.377808885	0.0228603018371
211.201945811	0.022667960614
210.375588962	0.0228822155276
211.657845757	0.0225308232377
210.973287496	0.0227164202945
211.621435146	0.0225618943821
211.038348949	0.022689014371
211.846782584	0.022473040794
210.580721486	0.0227920281876
212.082272644	0.0224384112285
211.331154443	0.0226174846976
211.892601645	0.022457025419
210.810897916	0.0227319248617
212.339444892	0.0223652562611
211.618378039	0.0225476587132
212.139158899	0.0224265615693
211.661978075	0.0225468879557
212.316375603	0.0223562959555
211.425364933	0.0225874989293
212.231468316	0.0224024299859
211.464400059	0.0225778109754
212.378479648	0.0223473155547
211.430346891	0.0225825475226
212.338335861	0.0223450432034
211.351584372	0.0225948114631
212.305557032	0.0223709676695
211.990071353	0.0224646666988
212.146158141	0.022425587275
211.703877865	0.0225385551401
212.307549861	0.0223605069377
211.836931847	0.0224788840609
212.311897461	0.0223784850158
211.979353356	0.0224642920763
212.42531541	0.0223343691368
211.696609484	0.0225106848309
212.326347335	0.0223558399757
211.691255717	0.0225101342968
212.172298435	0.0224086526119
211.971290632	0.0224697307887
212.075539317	0.0224400437228
211.858581378	0.0224985739171
212.273942892	0.022379229909
211.934671733	0.0224786958787
211.984413199	0.0224640804315
212.217158412	0.0223889201341
211.946408632	0.0224754517921
212.293053589	0.0223740324872
211.832528487	0.0225027635024
212.14891944	0.0224257372286
211.723709179	0.0225260759612
212.67275923	0.0222739971169
211.486270439	0.0225699895451
212.633933079	0.0222903669051
211.547989012	0.022568540514
212.858336711	0.0222216843359
211.45177395	0.0225904355782
212.545702756	0.022320744737
211.285037069	0.0226437819517
212.696002753	0.0222731988762
211.376001539	0.0226192559921
212.752385147	0.022266384034
211.265885434	0.0226477990569
212.584278044	0.0223125022134
211.072074353	0.0226979726644
212.627890048	0.022287761139
211.326777367	0.0226217229028
212.648366609	0.0222881978882
211.19609547	0.0226641499202
212.533319014	0.0223224515945
211.242433026	0.0226529557866
212.405920131	0.0223482975186
211.321866405	0.0226300795759
212.096162164	0.0224389525633
211.361117396	0.0226241394344
212.314798236	0.0223704851935
211.55876098	0.0225718413042
212.111713372	0.0224323207862
211.563665	0.0225711374075
212.191039718	0.0223994894336
211.681220424	0.0225366660555
212.094793605	0.0224382525342
211.603532078	0.0225567520763
212.05345104	0.0224355147229
211.63703334	0.0225329280101
211.978540115	0.0224461835568
211.661933749	0.022537933774
212.068278891	0.0224325195647
211.573660415	0.0225621082816
211.815314542	0.022509632631
211.806539533	0.0225014406491
211.962051158	0.0224530243192
211.723638681	0.0225247683639
211.890404295	0.0224735898046
211.651835803	0.0225245145938
211.910162351	0.022462668951
211.589159187	0.0225373885716
212.179943191	0.0224051017505
211.911008259	0.0224688079856
211.987932978	0.0224578775005
211.669730447	0.0225446666991
211.819312006	0.0225069635176
211.870467428	0.0224797817245
212.064530221	0.0224371297131
211.853978755	0.0224841912277
212.029397907	0.0224356268906
211.864472204	0.0224851525048
211.668493349	0.0225393138305
211.778246521	0.0225183001308
211.631384153	0.0225552243625
211.597385496	0.022560907052
211.859938246	0.0224944388061
211.542208376	0.0225768871394
211.733530282	0.0225258520377
211.726593392	0.0225164641642
211.872742733	0.022489836369
215.539912102	0.0215649322591
220.273294869	0.0204361283025
224.081343841	0.0195816223471
227.222504555	0.0189060247846
230.122523626	0.0183009717613
232.707968189	0.0177692401736
235.208917621	0.0172710538595
237.280630286	0.0168718436075
239.802463602	0.016392618751
241.649466515	0.0160571862472
243.642578878	0.0157029921086
245.32321276	0.0154140902512
246.624717778	0.0151918500379
247.751534489	0.0150059689995
248.723239007	0.0148439452417
250.020619859	0.0146395287195
250.938695296	0.0144920836389
251.946533657	0.0143347266906
252.740318642	0.0142117637544
254.098693053	0.0140093897943
255.039941049	0.0138661783929
256.130020373	0.0136986501528
256.795406514	0.0135953450693
257.837467098	0.0134377211785
258.221694402	0.0133801280417
259.11640647	0.0132416998741
259.576152391	0.0131772463412
260.122983763	0.0130937716815
260.431019434	0.0130489066746
260.703220034	0.013010724857
260.856458813	0.0129900909494
260.933219096	0.01297741547
261.029301462	0.012964934817
260.795316858	0.0130027204409
260.837980789	0.0129974469372
260.676791246	0.0130217791877
260.057711637	0.0131169091173
259.782083355	0.0131575100376
260.163705216	0.0131038229131
260.185881123	0.0130998571348
260.152021727	0.0131030432374
260.10503701	0.0131129831397
260.082697362	0.0131139149911
259.979413826	0.0131274005337
259.938416536	0.0131287336731
260.078013212	0.0131003288715
260.078941038	0.0131022046357
259.817057412	0.0131399468853
259.597697933	0.0131722492402
259.331923349	0.013212966654
258.983107574	0.0132677143131
258.642550905	0.0133181978063
258.680968437	0.0133119911283
260.894723545	0.012977240785