100	-0.04555	0.0	0.983604947092	0.0163950529075	0.0
104	-0.03494	7.50912193e-16	0.449030972324	0.545590161963	0.00537886571356
105	-0.03889	0.0	0.0	1.0	0.0
107	-0.0394	0.0	0.0	1.0	0.0
11	-0.08667	1.0	0.0	0.0	0.0
113	-0.04272	1.0	0.0	0.0	0.0
114	-0.005734	0.0	0.0	1.0	0.0
115	0.001293	1.0	0.0	0.0	0.0
116	0.04301	0.000575666377167	0.984709136566	0.0147151970571	0.0
117	0.02337	0.0	1.0	0.0	0.0
118	0.0533	0.0	1.0	0.0	0.0
119	0.08005	0.0	0.80283589447	0.0	0.19716410553
121	0.08853	0.0	0.0	0.0	1.0
125	0.1801	0.0	0.0	0.0	1.0
126	0.4915	0.0	1.0	0.0	0.0
127	0.6295	0.0	0.0	0.0	1.0
128	2.266	0.0	0.96435114219	0.0	0.0356488578103
165	-0.09857	0.0	1.0	0.0	0.0
166	-0.08965	0.0	0.668897263921	0.0	0.331102736079
167	-0.1137	0.0	0.0	0.0	1.0
168	-0.1101	0.0	0.0	0.0	1.0
17	-0.1284	1.0	0.0	0.0	0.0
170	-0.08028	0.0	0.0	1.0	0.0
172	-0.07259	0.0	1.0	0.0	0.0
175	-0.07858	0.0	1.0	0.0	0.0
176	-0.05583	0.0	0.0	1.0	0.0
178	-0.05604	0.0	0.0	1.0	0.0
189	-0.02435	0.0	0.0	1.0	0.0
190	-0.02226	0.358094748712	0.0	0.641905251288	0.0
191	-0.02439	0.0	0.0	1.0	0.0
192	-0.02104	0.0	0.0	1.0	0.0
193	-0.02554	0.999049369247	0.0	0.000950630753215	0.0
194	-0.009072	0.936182841267	0.0	0.0638171587327	0.0
195	-0.007688	1.0	0.0	0.0	0.0
196	0.01548	1.0	0.0	0.0	0.0
197	0.01937	0.0941200542209	0.0	0.905879945779	0.0
198	0.05047	0.999958398929	0.0	4.16010710861e-05	0.0
199	0.0674	1.0	0.0	0.0	0.0
200	0.09931	2.01195716029e-07	0.0	0.999999798804	0.0
201	0.07049	1.0	0.0	1.15073009565e-88	0.0
202	0.02751	0.579654127964	0.0	0.420345872036	0.0
206	-0.005094	0.648360202155	0.0	0.351639797845	0.0
207	0.001153	1.0	0.0	0.0	0.0
208	-0.01655	0.0556843029267	0.0	0.944315697073	0.0
211	-0.01799	7.63579335506e-37	0.0	1.0	0.0
23	-0.09284	0.4302769537	0.0	0.5697230463	0.0
24	-0.08168	0.0	0.0	1.0	0.0
25	-0.08944	1.0	0.0	0.0	0.0
26	-0.09241	0.0	0.0	1.0	0.0
39	-0.08419	0.0	1.0	0.0	0.0
40	-0.08021	0.0	0.81749872443	0.0	0.18250127557
41	-0.03877	0.0	1.0	0.0	0.0
42	-0.01099	0.0	0.740674703953	0.0	0.259325296047
43	-0.01708	0.0	1.0	0.0	0.0
45	-0.02717	0.0	0.456310053781	0.0	0.543689946219
46	-0.03667	0.0	0.989952971773	0.0	0.010047028227
47	-0.02213	0.0	0.0	0.0	1.0
48	-0.02549	0.0	0.548057314652	0.0	0.451942685348
49	-0.04138	0.0	1.0	0.0	0.0
53	-0.05674	0.0	0.0	0.0	1.0
54	-0.0562	0.0	0.516252315529	0.0	0.483747684471
6	-0.06391	0.0	0.0	1.0	0.0
61	-0.06969	0.0	1.0	0.0	0.0
62	-0.05223	0.0	0.00615504095859	0.0	0.993844959041
63	-0.05457	0.0	0.0	0.0	1.0
64	-0.06557	0.0	0.0	0.0	1.0
65	-0.06077	0.0	1.0	0.0	0.0
66	-0.05882	0.0	1.0	0.0	1.73783701399e-55
67	-0.06451	0.0	0.0	0.0	1.0
68	-0.0685	0.0	1.0	0.0	0.0
69	-0.05896	0.0	1.0	0.0	1.77368351117e-305
7	-0.07907	0.0	1.0	0.0	0.0
70	-0.05784	0.0	0.0	0.0	1.0
72	-0.06177	0.0	0.0	0.0	1.0
73	-0.05569	0.0	0.0	0.0	1.0
74	-0.05717	0.0	0.843987000001	0.0	0.156012999999
76	-0.06178	0.0	0.443366854043	0.0	0.556633145957
79	-0.05533	0.0	0.0	1.0	0.0
80	-0.05498	0.908162400706	0.0	0.0918375992939	0.0
84	-0.1204	0.0	0.0	1.0	0.0
86	-0.09758	0.0	1.0	7.32012027541e-37	0.0
90	-0.05461	0.0	1.0	0.0	0.0
91	-0.05389	0.0	0.0	0.373830798719	0.626169201281
92	-0.06178	0.0	0.0231375887148	0.0	0.976862411285
94	-0.04761	0.0	0.998695461255	0.00130453874519	0.0
95	-0.04919	0.0	0.942916984816	0.0	0.057083015184
97	-0.04523	0.0	0.302945860781	0.697054139219	0.0
98	-0.04137	0.0	0.992230978992	0.0021028147887	0.00566620621954
99	-0.04438	0.0	0.0113302469005	0.9886697531	0.0