-82.4714591038	0.612466134275
-33.4466318497	0.351108461266
-77.8670397926	0.581801858293
-78.7237464293	0.586837066066
-73.2849259039	0.553020109907
-70.2983175598	0.534557038282
-66.3013943459	0.511334203456
-76.9209760747	0.576689713721
-65.4343757191	0.507247196363
-28.1626804344	0.333330891332
-23.331519989	0.315619451856
-28.3967599372	0.334830463641
-12.2702837107	0.278474257042
-10.0501111758	0.271792554343
-57.1946078053	0.460359284666
-39.7175576341	0.374569064672
-39.4032350636	0.378097506235
-44.4979826551	0.395078511027
-13.6469893448	0.283691450132
-23.0167583369	0.314634181762
11.3308734899	0.213148817481
-6.02964131429	0.259941907427
-15.6618984146	0.275442920576
-60.4271974506	0.478267298761
-34.9189845422	0.355115912528
-20.1347944609	0.30068380488
-9.78492925695	0.271804896073
-50.5913603923	0.426707610175
-15.4709419259	0.286091140337
13.634887523	0.208627313218
-42.55786785	0.39208017782
-23.2545472202	0.31613788587
-41.8283005339	0.389264373761
-30.9997222787	0.344355686755
-8.31482328887	0.264243733814
-20.23680558	0.298694319956
-24.5537620032	0.320605306084
-45.0096005287	0.397988416683
-38.455206879	0.373306373951
1.71155941319	0.23781469397
-58.359322245	0.465979164627
-35.6728156139	0.360866477919
-24.3500480193	0.319716257985
-62.2820652894	0.489416146005
7.06802321826	0.223158934274
-15.4000195343	0.281316263157
-18.2872493775	0.286061336266
4.76892696979	0.230809086385
-21.085126851	0.305910920606
-30.2966186445	0.340598730525
-50.5575363037	0.428437682278
-6.55637829922	0.258784502287
-41.5990466352	0.388148123093
-30.9645387368	0.344095413483
-11.3945564356	0.276346193152
-35.2230906107	0.352337941519
-37.4137225817	0.369544118692
-23.2624204976	0.311482364543
-6.63200393962	0.260014049345
-34.5034432127	0.353415152319
-13.6217439258	0.274067637018
-26.6020170461	0.327965527282
8.4933614365	0.221284228371
55.0112626393	0.130299732715
-3.57887310771	0.252632923904
35.5489908747	0.161716500164
-19.9333765503	0.304367703568
4.22422983722	0.231856917163
-51.9923479028	0.436134133899
0.149490698096	0.240435038486
-0.327476110832	0.243799099306
-7.77012876948	0.253891012506
-12.1829537269	0.279020031585
-15.3649300153	0.288656797258
-30.8096727499	0.333465483107
-3.05169545263	0.238923884922
2.05036373708	0.233879824819
-10.8904841589	0.274296711594
0.99571865398	0.240790855996
-2.44588087335	0.248951328536
4.41772228547	0.231203501205
23.8512126263	0.186239695979
-20.8718630919	0.307243957269
-20.6224426323	0.296528950437
7.93726473502	0.222526569265
-7.76756302662	0.253207298921
6.11267171194	0.226996435418
-11.7161350476	0.276973921613
19.7160397094	0.191952798691
18.5373723987	0.197292824104
-4.24442049077	0.247532242446
-1.45093878981	0.240926729073
-0.389783067155	0.242106723494
-12.2022556347	0.268420274097
-7.80310750303	0.265627487006
-4.27864318867	0.245441102813
46.6334054491	0.142460247376
-20.4602726173	0.299475213595
5.69268213435	0.224159113977
21.3742404335	0.189241440406
8.57740606915	0.219728582496
-2.65746766895	0.250829124393
-17.5124104761	0.284019402418
4.35649722321	0.231551976154
-39.7312951113	0.376847451649
2.15073689778	0.233175797602
21.2232661184	0.191775689834
63.1968343249	0.118522329517
-0.312070538249	0.231700829208
35.754268941	0.162639652117
-25.7843960767	0.323877381363
-12.3920534877	0.269903976237
-5.43174113268	0.256093996152
43.9689718902	0.147077495304
17.4099717973	0.200128051382
-6.57959327478	0.254145458732
44.9108657279	0.146370805158
-40.8482745068	0.381421436665
-2.89838238146	0.245301835968
0.683611601151	0.240493172429
64.4346204368	0.117146331648
22.3935906506	0.185618465616
9.76974395262	0.213297360545
-11.2312994846	0.276139451474
2.98979626288	0.223515758521
-11.4052266365	0.268196580022
-0.813562295684	0.243188054973
8.44580505306	0.219322899476
24.2486608733	0.184921423743
-20.6252160899	0.304916263715
2.16742214679	0.228969274526
-15.951213355	0.284580539524
84.0584815375	0.0939552316887
4.62574480299	0.221601583204
-12.4639320631	0.278972194473
-43.8843449703	0.396360952569
-19.5261296645	0.302966744647
23.042153169	0.186712122008
6.85722941796	0.218193031989
41.0295196176	0.152226927981
26.7931390682	0.179337047109
13.807665938	0.205659709788
75.4239660657	0.103006943688
8.49761865415	0.212222749695
11.2053303602	0.209656402445
-13.9751667568	0.284027236751
5.08892585469	0.228764400121
-6.17191231365	0.25074983349
38.0617729597	0.157463400272
61.6465094242	0.120161482138
35.075427382	0.160757810052
-3.7873541714	0.244329106477
-0.767359346584	0.243344833866
22.1930064519	0.185759556986
-2.93754700066	0.250376986443
4.49685645814	0.220237722926
15.3685426256	0.203897035043
-5.74982882961	0.259176191395
-21.5731124389	0.309058156196
-32.6260607293	0.344330456767
-11.5197846659	0.275895058409
10.4905756118	0.21141940143
60.4061982647	0.121524128546
19.6482699622	0.194653065263
-11.8393583443	0.277734385303
99.5894349637	0.0783829563835
-3.78022431377	0.251785295935
-2.48436650262	0.24498143473
-38.3273787471	0.370264055056
23.9950601454	0.183696893254
18.661963652	0.192505655456
-4.34769392704	0.255360295541
12.924313362	0.210154661229
5.51432489017	0.227153790716
12.3520715443	0.203792239326
-6.24858027454	0.252887801675
15.9791291066	0.201122237165
-6.78447643178	0.254753977487
58.436401429	0.124826111859
1.90410678717	0.235969124822
15.6359359576	0.20356152083
29.108867285	0.171341278341
-17.0504781185	0.286747005952
9.44560766245	0.215857588028
65.8024094837	0.115455675768
-9.44658081705	0.262122700742
46.902661609	0.141502223323
63.9224646158	0.116291949996
-9.56416936478	0.268093978911
0.808380502588	0.232860855161
46.0048073176	0.144571060418
-5.62688699595	0.250925007787
-6.60420237992	0.260258391415
20.9213275505	0.184631197897
2.01533275885	0.230585599322
-14.8098866977	0.283434101876
-22.0312078172	0.302777037431
51.7274594376	0.134027053612
9.63216646967	0.208597683297
3.89598836548	0.227400846053
34.1272929237	0.164892082302
19.0117926703	0.190874635969
2.76633047227	0.230282938504
61.7861151574	0.119688469341
18.9082568538	0.19000588684
-9.6281465974	0.26758390067
-12.8748995999	0.279222219437
16.20609391	0.202023850087
13.2557632964	0.201300178599
-14.5070502755	0.280004615803
-4.52142919271	0.255884757147
62.7552004413	0.119214316006
10.7889913965	0.211746027672
32.4574356504	0.1677345201
0.0222824901077	0.240185873114
45.2773071868	0.144937140684
7.92726415171	0.217711323443
29.5772608946	0.170657944904
0.402641398885	0.241409055217
29.5210280004	0.17049662995
-20.7992854168	0.297228349162
34.9495133175	0.162240686084
-2.07731741773	0.238579347131
93.8911241229	0.08381945382
90.9169804123	0.0867714244921
61.393103912	0.121618069501
-0.254980756628	0.243830420979
109.712496505	0.0704159302624
76.0567195757	0.103078696452
1.3404503432	0.234772093861
21.2368755678	0.191017539894
8.37422105557	0.211942393935
64.3637215975	0.116244538408
4.93011288035	0.22860991405
100.032358815	0.078375423918
64.3353458321	0.117611670284
60.0207184023	0.121286201739
25.4370713314	0.177076438034
28.0542060422	0.176431961718
35.7109306721	0.162270981754
7.26263241426	0.217764885554
8.03821151583	0.213561324205
3.18618828294	0.230703387192
15.4870119204	0.199701263437
32.1762357694	0.165251608112
39.7282763406	0.154228295343
4.75862036692	0.226787990469
2.66362804889	0.234644301
11.1118246923	0.211929397026
16.2212688812	0.201772896759
7.05936802625	0.219124586468
11.5688772953	0.211566668123
34.0998503299	0.161466756836
86.4053614004	0.0912575035154
46.5319330488	0.14065104786
-6.1444144868	0.259490811523
8.05313888857	0.21442481448
10.6255815395	0.210961543894
-4.66312858857	0.252342738696
35.9007957094	0.161734056235
-7.99372413213	0.262344237078
25.218776009	0.182023772875
21.991185772	0.188881843368
17.0060588597	0.200429885083
4.67472693361	0.223425342529
11.4119030704	0.205833919136
24.0171687149	0.183885015832
46.7862099468	0.140426228369
51.9751032135	0.132655267275
52.6818185397	0.133985087316
76.2601842454	0.101040678943
44.3199895911	0.144186532829
-9.42877450806	0.264740955238
79.3605406039	0.098958268336
-4.82244232322	0.249477180863
8.39974277928	0.213570047486
-16.3455980793	0.28738806839
29.1280177337	0.172622378267
0.978235890595	0.232988265251
91.9392320052	0.0847879640904
33.0231073277	0.166213744944
36.0957184872	0.15747066799
62.8327899255	0.117614375688
23.3880134899	0.184306072038
-4.56010442548	0.250340895193
-0.611986556832	0.237963990439
42.8615038795	0.146761277597
55.9339421113	0.129265375016
22.103695004	0.186627013025
57.9923588256	0.126346476676
24.2223698598	0.17880707743
22.6705480374	0.181490682368
113.928566705	0.0668830307771
1.12949665669	0.238074230518
1.29089991224	0.232865619961
80.4013588759	0.0968665612511
102.517952696	0.0766418794059
48.3276843243	0.13998365842
23.1340296047	0.181760559167
19.6693803461	0.190214194681
48.2112905256	0.140513965967
71.6602232701	0.108640875185
63.108065821	0.116858451268
41.3915698699	0.148718238503
58.0926872604	0.123413414568
-3.50174002401	0.243990144354
109.200376696	0.0699782215199
18.9596404929	0.189129759655
104.314008284	0.0738433400112
58.8127950549	0.123907630413
1.32787370367	0.235034189459
32.0455173381	0.164181938417
-1.03590125072	0.236620458262
31.365349363	0.168595437725
63.9657718858	0.118269576439
4.40277235375	0.226703292437
54.6226151042	0.130788399098
37.6710034947	0.154847080991
97.6604654277	0.0793689521521
97.5866764181	0.079886058958
49.2306381002	0.137065882741
30.1370139892	0.168671157112
31.6397655535	0.166710198691
28.6972257347	0.169972595802
42.2019579435	0.148840677492
81.1349539694	0.0973650248227
32.8260487176	0.165218332737
4.83501564622	0.225613239864
96.7953807471	0.0819029240229
19.8433206895	0.189416346366
4.34739035462	0.225613964298
29.2557081374	0.16956075172
5.98606316496	0.22059510355
20.0885022031	0.189611620608
62.6775597299	0.11723822117
91.329429961	0.0853071325413
33.2800504403	0.162611521625
22.0202184883	0.184540433712
19.2681476551	0.192540019297
92.0498934171	0.0864779910456
68.98296335	0.109951636056
-6.72888193258	0.253324009501
9.06330261047	0.212879530998
39.1866970829	0.152053782112
80.4689753326	0.0980417417988
48.0463557523	0.140774135252
42.8135596525	0.146783344055
11.8948078264	0.205357989553
36.6950420628	0.158513358057
68.5059899299	0.11254087623
48.7882301524	0.139105103168
101.41252009	0.0759950750067
14.8920833236	0.19959657522
68.3183957401	0.112701721242
76.3019312892	0.102698036101
94.7709246873	0.083729059432
69.7735813752	0.110786269762
36.2763619196	0.15647178626
120.973395489	0.0623068467975
99.0399442512	0.0791418601102
126.649528271	0.0576319860773
16.2593309869	0.196634777772
55.4247911423	0.129867017437
39.0946896809	0.15206706357
47.2302224397	0.141180040038
7.40345263598	0.217698907885
16.6384927255	0.195122838044
43.6248343286	0.144987285947
20.3392609545	0.189456746156
15.891071014	0.198201652211
74.4595881853	0.105358100342
24.8917403579	0.181267659926
53.001306777	0.130795014996
73.1591698062	0.106839811064
56.2581339219	0.128876297731
14.3792626413	0.199406418424
78.5848611314	0.100635204999
11.3679030756	0.210723280618
17.8722657445	0.192426919244
43.5584959923	0.147432002809
78.7610123719	0.100433694414
20.0070802809	0.18799638663
82.8638705634	0.0959064681434
49.9107480809	0.136826736088
11.6509871166	0.207189881669
84.4340319086	0.0938940157741
116.182507021	0.0650340797727
61.3246938458	0.121765406536
55.2404229073	0.12968037396
23.7173244556	0.181758542891
47.5211845498	0.141803138709
51.6625648502	0.134950886396
114.452542752	0.0661343688478
55.5461162389	0.129896294959
29.3545089156	0.168765974034
35.8436543421	0.158557620139
78.8164822975	0.0985831854391
58.0038965904	0.1243817629
35.118480024	0.160414393816
64.3173799164	0.117875467681
36.8034379635	0.160056714999
64.4940539501	0.114753800509
130.643575654	0.0550728893278
28.8401164629	0.175056803268
49.4317418253	0.136137305408
47.7643999398	0.141189144458
120.552065401	0.0624473723142
93.7403638809	0.082969503091
46.7404791498	0.143138615475
67.6348429174	0.110938053227
82.9886243619	0.0946926630761
47.6336908406	0.139162042123
47.7210133521	0.138676965686
76.9755376955	0.102464335147
61.6592792953	0.11857339615
47.0234651376	0.139607354001
121.080776743	0.0619613745279
135.546933562	0.0521966826598
99.7720262187	0.0786664534148
25.9802505544	0.179091620415
33.5558545278	0.163400536641
97.9645948189	0.0809678227792
97.3594222971	0.0804911713943
78.621083991	0.100607849504
68.3418399645	0.112284907495
88.3968661379	0.0902318502184
98.7175515058	0.0787079317157
83.7573013154	0.0949952836548
76.1455576669	0.101854532978
15.3174555651	0.200112985914
18.3607860111	0.192047820409
122.759296849	0.0606854856734
78.1283976538	0.098951110468
65.7303196723	0.115920900147
54.4065184288	0.129176402664
33.5116076433	0.165286322498
72.4693344315	0.107317279021
142.173514205	0.0483421368212
142.050112474	0.0484481876338
129.528284718	0.0556652854719
78.433950714	0.100489906904
151.823972268	0.0436460132843
88.3118826438	0.0902714638053
87.1392619011	0.090155492293
91.0957624582	0.0866927377216
124.559732077	0.0591503988473
137.175813201	0.0513128830554
108.211457568	0.0712099075327
45.054875536	0.145869121914
98.2735825521	0.0788508470519
85.3100991478	0.0932319058446
29.3577193532	0.172076966634
66.4735744442	0.11234007767
150.087593921	0.0446065126303
66.3106214969	0.11520137568
70.2633124739	0.108367386152
63.9451010521	0.118260847785
46.9877178713	0.140386667889
116.686468306	0.0653826683058
48.5535295347	0.13761658256
133.526690848	0.0537228491966
29.879235906	0.170457692356
47.8604838646	0.138962541751
77.1313819462	0.102235619638
44.1216879443	0.14517881709
115.854033792	0.0657293967393
52.5840783771	0.133821024856
60.3992346856	0.120938769197
107.944164716	0.0723419536039
22.1895121474	0.184089152752
66.4805750494	0.114518922062
97.1801611568	0.0814382355921
63.8369417584	0.1156103156
67.022841205	0.11146029666
66.5303246741	0.112149922298
42.7835815759	0.14565669802
138.053350071	0.0510158895208
113.71898109	0.0677855697337
145.791199843	0.0468144921954
27.8182999561	0.17274352988
81.4805675443	0.0973141087724
101.944639425	0.0773275114346
51.9106131535	0.13216775949
106.90225751	0.0729885951954
103.492010426	0.0761081811992
58.4345323893	0.124748948329
79.5447887922	0.0971962256228
49.6177671491	0.138088819685
64.936847742	0.11417850017
101.108053659	0.0778143299448
76.5325376778	0.10036316314
149.128398182	0.0449539672108
132.074804086	0.0542257108453
63.9770720989	0.115343155954
29.5291013647	0.169304608778
72.7408418308	0.105284113969
49.7301888301	0.136450413019
43.6740445728	0.148148584962
90.8276554764	0.0862459523141
63.3983839187	0.116142716541
95.7316315509	0.0829064135279
148.006652391	0.0456195170716
103.527722268	0.0743994854011
120.798199054	0.0612981613746
115.632223781	0.0661946886474
126.167923594	0.0586659172762
107.902374648	0.0719675205579
145.170441174	0.0469955626786
74.7783734001	0.102933479466
30.6490330053	0.170366440955
20.8382762717	0.187069687399
21.437590643	0.186167210691
51.5561316043	0.133613751182
48.2069140296	0.139521561844
48.8698621705	0.136692306612
77.6326772251	0.0988914168527
97.887328074	0.0802546298525
114.126431832	0.0673482310919
77.587346269	0.101305967314
76.7238269426	0.0998553920328
90.0933518473	0.0865981138057
61.3605505197	0.121762090469
113.732276795	0.0677306559055
143.004059756	0.0483450472331
68.7535535979	0.109384716966
61.1246150898	0.118515871646
61.0469685974	0.119202132534
45.5046706619	0.141099709289
121.42634651	0.0617619656563
102.712180084	0.0748726528079
113.68494373	0.0664838451353
105.450102673	0.0736328972304
126.646584515	0.0573498523444
82.41230526	0.0940277996241
92.8572066351	0.0853668662464
60.4613803756	0.120707827912
59.2145682782	0.124598694629
85.2773246452	0.0929188519758
96.177248466	0.0813433950725
89.0835101841	0.0894029342172
73.6838246595	0.103577389718
121.138902382	0.0619618140114
74.3046787928	0.102822878514
83.5861772356	0.0937290490904
148.097397521	0.045374601016
102.727709022	0.0757538061471
46.8986246645	0.139218865567
42.9133671003	0.145342214771
75.9858998335	0.100820198878
82.2825299962	0.0938730057744
112.383290612	0.0685177909802
70.436943684	0.109956459623
85.127328275	0.0916697410004
63.0844405882	0.117445142349
70.3806342504	0.10737625175
123.100534261	0.0608157693096
77.0214595201	0.0995702593101
100.488543645	0.0773510804466
134.45264838	0.0527257478224
71.6286521339	0.108160343879
54.3493817461	0.12957981482
150.360871358	0.0442990141706
118.766101621	0.0635917143
66.1969745613	0.115141687123
46.030211159	0.143714067535
63.8094088501	0.116104252047
126.402047072	0.0584000455267
82.3344710899	0.0961661659255
36.9433376135	0.157548172528
98.5869309742	0.0800169893058
66.5432716054	0.111720595715
104.574814229	0.0732405281969
84.1343952861	0.0945037965087
116.306461432	0.0657419599787
56.5203008973	0.127424425221
124.766816517	0.0596468024879
77.6381224392	0.0989843398254
95.4456720717	0.083248035504
99.1444480927	0.0794962441412
66.2289846083	0.112014307343
83.5830579209	0.0931594105115
86.3126914814	0.0921760312953
124.29508735	0.0592456408712
151.489684522	0.0437723583517
46.8829011185	0.138876395872
74.7674165093	0.102420836613
106.383693926	0.0734788991379
113.357946229	0.0670416813343
139.912007866	0.0498113266541
67.3637245565	0.111428506956
60.0480814874	0.12000461455
90.2367261435	0.0880504171592
104.681015243	0.073248857489
78.3741722856	0.0981522105234
74.4184057788	0.102695814925
108.855350925	0.0702703021868
78.8175784778	0.0977467571477
62.4668270179	0.117052627208
124.069267717	0.0593970223932
151.714676208	0.0438129164262
71.517046487	0.108317425136
78.4833628703	0.100288515379
59.1718173545	0.122258667971
140.268079672	0.0499833226969
70.1656197989	0.107634845251
112.822594768	0.0681794923756
77.2468358456	0.0993338907381
112.466068975	0.0678400821977
110.834810884	0.0698907057351
84.0738356839	0.0927807715483
71.1430963579	0.106830842168
68.6836533233	0.108687487525
81.6907695444	0.0944722556854
73.8538466485	0.103306333375
101.554472062	0.0758494737624
64.468671312	0.115551271002
55.9167643085	0.127523767829
66.2120189705	0.111814344728
94.5315439928	0.0823942846093
84.5102974121	0.0918149697375
64.1576027219	0.115869589146
122.501317149	0.0603170897269
66.4971923829	0.111775195477
144.176023003	0.0475760838892
66.6401087676	0.111731310752
87.7130743423	0.0886216504822
58.067922359	0.124537393107
61.4938271792	0.117759513485
115.479050575	0.0653230523726
93.2342518807	0.0849867381753
81.930029311	0.0942916289883
75.4819423384	0.101434491956
84.6105226312	0.0914900398981
67.9159892169	0.109996953407
85.1297001152	0.09164532885
78.6058717908	0.0979720576543
79.708938738	0.0967300773007
65.43487324	0.114132232368
75.8385360673	0.100855642003
103.018042859	0.0750099676861
76.4650908704	0.102850990841
84.2853466648	0.0937428151888
132.000704298	0.0546793288607
78.9130052982	0.0972905499686
79.695764908	0.0973454366399
105.184145497	0.0730264484772
84.6912955768	0.0921546213941
67.8267133146	0.110163830768
77.0919290712	0.0994088675683
131.250034714	0.0546697451661
77.6053384989	0.100899944743
88.1345448485	0.0885644245918
95.3235224387	0.0832724161489
107.909924705	0.0707185049548
77.1516871679	0.0994840684604
80.3659126344	0.0957925068128
130.824491564	0.0551843527576
46.9627272484	0.142415930227
80.8040677114	0.0957054753892
87.9025371436	0.0887973279697
78.9389567953	0.0974909768356
78.4698104771	0.0982479598885
63.5433068964	0.11527266085
45.9626603351	0.140627472318
67.6060776983	0.113336241006
99.1065052815	0.0783797554629
75.9009658608	0.100785096533
142.017842628	0.0487120965068
117.249804788	0.0642625490355
108.141602023	0.0709162773425
82.0920069935	0.0942303865423
139.183946693	0.0506406963536
163.907512891	0.0382722366263
122.65467601	0.0610337414943
144.452037848	0.0473667544926
75.547645031	0.101200036624
60.8892145155	0.118899195484
88.2037133153	0.0898056058685
68.7263797816	0.111348660506
153.836861948	0.0429843167611
155.549032598	0.0419469041075
81.0423297021	0.0953232093729
72.8130201275	0.104264424854
77.5927699806	0.0987379866499
82.6979656786	0.0957601671641
89.0009327197	0.0874757316869
49.2692141081	0.13541999272
140.566063119	0.049507616211
53.0943044744	0.130117130579
46.4687269932	0.139669863049
109.371307386	0.0701850837609
135.639916417	0.0525765498603
132.734460097	0.0540014602795
147.517709709	0.0461154854449
80.8194820608	0.0975577687214
101.774735293	0.077262504043
74.0928085411	0.102704246447
67.5331865586	0.11106472172
50.080322756	0.134417761682
55.9752629051	0.125183713632
122.521557299	0.0609228275019
142.000262367	0.0490419526528
71.3120223062	0.105859941077
56.1433464363	0.125124037295
100.68985147	0.0766267738955
75.7447916518	0.102012771755
63.7660597823	0.116733274313
103.946315706	0.0752340639197
124.677467216	0.0590599773869
148.401049348	0.0454916807376
76.5169369488	0.0998443988039
60.3992306428	0.119089253255
97.3544107197	0.0810550944282
106.892406583	0.0725615301394
142.573745715	0.0484141650461
133.996613998	0.0535946637227
151.698352419	0.0436986123164
109.069465236	0.070956543089
104.931016674	0.0744738339816
142.108082008	0.0489837101569
107.789445849	0.07085849707
127.390930406	0.0575301723702
95.5310924314	0.0812408908474
109.539088718	0.0696620532681
101.655969954	0.0757271572344
88.2351703506	0.0886841450154
116.74332814	0.0644485934905
84.007772782	0.0929504758193
81.4843534839	0.0943960591907
119.29769262	0.063347473523
115.600214635	0.0662490479499
168.777469627	0.0362739626512
136.789732529	0.0520795050711
139.277552439	0.0502929667465
106.634274246	0.0717196666666
112.919774878	0.0673570473347
81.5827562658	0.0947840134971
156.902152453	0.0413710454733
142.675320383	0.048657184472
91.3190948437	0.0852483463435
121.052028427	0.0622133267866
138.855142367	0.0506536173382
121.676413188	0.0612598170417
135.065434901	0.0531786662745
126.900189013	0.0581022851862
124.910186017	0.0596595627769
142.196999602	0.0490270565455
111.785239078	0.0679051565093
125.73189404	0.0582640971018
159.064304155	0.0406788716315
111.492954267	0.0686381684405
152.66389046	0.0437034350898
106.161911165	0.0722666266224
104.905457623	0.0737379991163
100.757610222	0.0768691461698
95.3768513587	0.0814087656611
140.453934896	0.0501203192122
135.440489108	0.0529780133443
99.8984632698	0.0792258504784
164.206017686	0.0384146761456
127.111214708	0.0574980881637
141.367763914	0.0492912032094
121.422252272	0.061268622274
111.601780358	0.0682600566923
89.2240406117	0.0874431839266
113.615179131	0.0670011700238
140.477189636	0.0498130943511
116.303682805	0.065254590034
118.967027322	0.0628978043479
108.060777913	0.0709181448441
113.548578705	0.0667242214784
100.9055671	0.076951200923
148.393486655	0.0458824592373
128.822039345	0.0570007088446
144.172270053	0.0480933910038
117.481330516	0.064642738159
147.449968301	0.0464399266302
126.864515037	0.0579883386237
117.82419129	0.0641818389441
141.551694474	0.0495235720669
69.6685670264	0.108388177801
110.674511176	0.0697911924939
132.477594836	0.0547280184222
114.790703056	0.0670125844113
107.428535928	0.0726619576883
103.147450752	0.0762628527634
91.5449253233	0.0867000976825
137.993754811	0.0515454416235
143.217168639	0.0486047257563
141.264768644	0.0497233639262
152.197914482	0.0439880477252
136.51062432	0.0523452453044
169.086811015	0.0364460838025
135.166514704	0.0532535076548
142.817275327	0.0486698243998
160.041283602	0.0402961438659
94.4723215298	0.0840491842177
91.9820941714	0.0862395981611
159.761141964	0.0403764207826
142.970318488	0.0486688799037
153.549373909	0.0431218521983
102.031186677	0.0773616395746
103.870390856	0.0745094634082
163.876117607	0.0385591675895
98.8537485234	0.0801697783886
146.695545157	0.0467000809517
154.552704448	0.042827274049
108.357967326	0.0709142222107
134.21138876	0.0537639920908
104.000744033	0.0754292085368
140.763931265	0.0499558061023
131.753342726	0.0552253945774
163.255872322	0.0388260040446
133.205439277	0.0544228118541
138.803436378	0.0506862958975
126.768046441	0.0585234688416
155.026546582	0.042375172484
137.617167964	0.0517783951688
173.775460734	0.0344901160322
153.670602289	0.0432369426177
143.368100217	0.0484435617601
170.463026194	0.0358166621574
142.575911496	0.0489290695528
149.636691736	0.0451400584678
154.690414522	0.042681226614
144.880623033	0.0476327269673
171.151255403	0.0355336057908
151.038866918	0.0445219434414
153.22842262	0.0433764328015
151.256584926	0.0444230914873
175.300515507	0.0339304631008
164.805904504	0.038171625871
143.134651565	0.0485952079498
158.008601239	0.0411462752872
138.228435604	0.0513443876671
150.784962429	0.044614154283
160.535456269	0.0400196796273
173.289845538	0.034732753548
168.771219693	0.0365187851103
172.064721463	0.0352041452949
164.02640168	0.0384792360645
167.533793523	0.0370408074455
146.64545018	0.0467052746994
169.625560084	0.0361832440311
171.980497506	0.0352509783177
136.064275859	0.0526920580981
132.747775552	0.0547088788555
131.28861033	0.0556291643294
151.297483582	0.0444280089199
137.986314715	0.0515637912954
139.850458295	0.0504940403068
135.21232693	0.0532283517909
158.309484487	0.0410444953509
152.276769181	0.0439103022934
156.638154552	0.0417120011359
131.130387972	0.0555828989115
155.865920886	0.0421308028954
144.051250522	0.0481470153368
158.829388022	0.0408336126058
148.470398145	0.0458364796662
142.827733141	0.0487595871894
165.032655561	0.0380965910717
159.133999981	0.0406998049588
133.967678938	0.0539295474028
154.812868741	0.042623262847
160.544974828	0.0400523843123
170.561206682	0.0358161497941
164.560294962	0.0383052323916
147.908295959	0.0459213622653
134.224856134	0.0537262395354
139.240372086	0.0504525594069
144.714470866	0.0477835240835
146.148888277	0.0470617152841
149.514484218	0.0453103201027
173.061834067	0.0348319680998
162.640327249	0.0391290967807
159.418437343	0.0403063181824
169.750692609	0.0361392839453
148.069746551	0.0457848815735
154.205186314	0.0429846644399
134.722128985	0.053037940409
164.693045589	0.0382397918282
165.167473691	0.0379335388586
143.23055661	0.0486061624928
152.623037702	0.043642377417
126.435832584	0.0587144474443
141.731258512	0.0490139966878
146.500188717	0.0468377730839
150.129339767	0.0449882127306
149.974083835	0.0450723436329
139.31738026	0.0503870410358
154.513586359	0.0428304736869
178.254737902	0.032871306423
141.067283475	0.0498639273397
153.011704694	0.0433606637164
140.081617841	0.0503664474282
148.738349397	0.0453017074859
141.081275876	0.0498102288815
152.254306406	0.0437433474884
137.297388239	0.0520154175246
165.084323802	0.0378261889602
141.666749721	0.0494626862197
150.807586604	0.0444070933809
139.50178251	0.0507283436225
174.494130773	0.0342093596285
135.770271493	0.0529066382997
149.217483946	0.0451618224718
150.792857424	0.044646536091
156.13780185	0.0419661590102
131.128121426	0.0557867719938
157.3259723	0.0413729213022
127.121954271	0.0583191777505
142.822566371	0.0484911365103
144.956939058	0.0476883376946
168.351775334	0.0365752090248
131.429364901	0.0555957234398
146.056388064	0.0467647583707
139.878927259	0.0505289323977
141.075168044	0.0494346130746
132.509121016	0.0548972921212
160.36168076	0.0400542495613
116.595091381	0.0657098499543
163.833616138	0.0384000649002
119.884216971	0.063283619057
138.380366142	0.0509166608368
119.167754453	0.0638048914121
147.275030991	0.0461481395586
134.746057238	0.0535388054155
174.555386324	0.0341380497448
117.248610202	0.0652239816282
157.099146128	0.0414377212659
128.320412469	0.0575219826826
142.85617171	0.0484901219461
136.856959935	0.0522853192754
154.063306225	0.0427558650992
115.512074146	0.0665103254003
158.563603286	0.0406694263168
127.179343316	0.0582560387957
154.838096706	0.0425186829686
125.070804882	0.0597163393322
141.518036012	0.049164438053
127.8267125	0.0579009292729
171.428108288	0.0352843521093
128.628661367	0.0573682122577
152.833118867	0.0433866287981
123.899000983	0.06049802873
150.410112999	0.0444694723781
134.892855822	0.0534561632306
152.860402679	0.0432349374273
132.99163003	0.054614377004
170.422752683	0.0356191666944
132.750123322	0.0547535284428
159.738965499	0.0400515369503
130.719901784	0.0560073000063
154.861802031	0.0423159165155
129.118633448	0.0570218071468
171.09849246	0.0353611139521
139.022828235	0.051015551187
165.190393058	0.0377188614316
138.585224203	0.0512664733627
157.862788484	0.0409354854216
138.719195436	0.0511582342978
147.751264564	0.0457374124265
140.724099258	0.0500297364357
156.94327969	0.0414267091542
152.951366273	0.0435995475963
155.863974822	0.0417904198397
154.954550896	0.0426314289475
146.722170204	0.0462865439634
151.528934503	0.0442941049236
144.712548219	0.0474777136027
178.147648762	0.0328953542869
152.188792289	0.0436874261858
153.596819846	0.0432871162177
157.464104331	0.0410908925623
160.682585989	0.0399990697603
168.417319918	0.0364776250011
154.365477413	0.0429096128994
153.65295039	0.0429266334355
158.309517231	0.0410551534055
157.941306933	0.0409488683859
176.569895813	0.0334919982494
159.155032215	0.0404392811092
162.989490447	0.0389341178381
169.231725983	0.0362228085335
159.718586662	0.0404305783966
174.759751469	0.0340414557324
177.667755116	0.0330744893849
166.747880531	0.0372197251388
175.577980129	0.033848924471
158.225805259	0.041048544243
174.560537006	0.0341746086771
175.783538075	0.0336513148925
162.6359301	0.0390398283342
181.558035463	0.0315845350095
166.870724302	0.0373198618859
165.575768056	0.0378286504447
185.654457246	0.030185957559
181.278417313	0.0316817777518
172.526636655	0.035005078921
166.971753935	0.0371046586759
170.506561919	0.0356939253285
164.75875823	0.0381555396362
168.804996084	0.0365016643841
171.609933193	0.0352431003463
164.792000803	0.0380355762569
176.674348649	0.033327606795
169.355799628	0.0362876337147
159.543570151	0.040389594388
174.904102623	0.0341121755681
172.607547594	0.0348986422055
177.558543982	0.0331249980147
176.070517469	0.0335291488767
173.281627334	0.034750074242
173.979877517	0.0343686520434
162.98426804	0.0389664034781
143.963825921	0.0482069510004
184.445864896	0.0306445787414
167.080202019	0.037251192057
170.969371859	0.0355239810875
167.117944583	0.0372305705594
147.202502887	0.0464867713461
162.207690158	0.0393301470232
164.968338491	0.0381114944935
162.537090184	0.0390081133721
162.808485722	0.0390489906077
169.243194897	0.036303663565
169.675991175	0.0361722902404
178.855329338	0.0326599231155
149.243335089	0.045402099669
175.843190471	0.0337543524169
157.927902877	0.0409015766982
157.607579786	0.0413806659125
160.804737177	0.0395957569971
171.003215118	0.0356418013634
171.420182757	0.035295622718
148.376749951	0.0458710195554
176.060754077	0.0336540624037
163.686021182	0.0383333052181
175.006928165	0.0340315114915
151.117031353	0.0444571955448
154.356963753	0.0429137676147
172.647938935	0.0348704526043
170.873682955	0.0356984236012
153.937240165	0.0430997022987
157.737289791	0.0410310369522
183.084899524	0.0310982289462
165.340123283	0.0378301220408
167.921756795	0.0368742003877
165.161548276	0.0378450516101
175.080184038	0.0340436448268
172.83728706	0.0349199071286
155.329171402	0.0424216229842
161.046163521	0.0398133435189
180.168252992	0.0321040478346
164.372011406	0.0382090853634
151.432767833	0.0443042843453
149.070020732	0.0454960930622
169.540415215	0.0362127027868
171.962400652	0.0352417672618
162.060689032	0.0390048031844
174.186347376	0.0343871618497
182.380109202	0.0313869508851
167.368770362	0.0370170077531
188.231720645	0.0292497904677
181.538600812	0.0316420738276
180.275430116	0.0319664539078
169.461761109	0.036231303965
185.054072855	0.0302825232388
189.664207266	0.0288929889096
185.615749013	0.0301315598351
178.659378055	0.0326426658777
184.671576248	0.0304192392574
179.377287171	0.0324050930601
179.488327445	0.0322134001329
193.006884051	0.0277992642463
181.881948044	0.0314839810991
186.021604918	0.0300439663817
187.708758827	0.0294252512342
182.945364942	0.0311362547212
177.03572429	0.0332607973883
196.151061339	0.0268296571007
182.631350115	0.031235608411
181.040849434	0.0318132607933
199.088772488	0.0259728104347
179.765674005	0.0322071616354
199.527840145	0.0258298988068
191.528963874	0.0282656326508
182.873251463	0.0311563930094
190.957485707	0.028450264392
175.57505578	0.0338703942272
178.455187032	0.0327640440084
194.945255994	0.0272642898953
186.736690034	0.0298175195887
176.810171483	0.0334156994489
178.639925406	0.0326250979386
184.10709301	0.0308056675913
181.516451863	0.0316063243772
179.044377883	0.0323346562837
180.268458652	0.0321515566094
188.736728605	0.0292337208988
190.514053339	0.0286129428881
184.248627758	0.0306422135478
168.414758419	0.0366855481581
188.174021258	0.0294014454654
175.163699289	0.0340402104146
187.296211389	0.0297116125836
184.33016471	0.0307139425295
189.396764449	0.0289754258321
189.286500641	0.0290349169206
191.266686895	0.0282603514791
169.53450632	0.0362111638215
196.107590546	0.0269161387376
173.183304521	0.034669569651
180.051960799	0.0321585518651
192.968758998	0.0277817681756
186.190134959	0.0300727107443
188.618051207	0.0292677793938
192.233402815	0.0281082146863
189.812696188	0.0289034264972
187.912571289	0.0295042658003
179.702055933	0.0321148458836
182.710125723	0.0311374365398
204.696895027	0.0243842748235
193.738166974	0.0276460187717
188.877910314	0.029190518077
194.126860563	0.0275470243639
195.714617669	0.0270275008613
198.216696128	0.0261907526075
197.048058937	0.0266219065584
192.662781558	0.0279465809817
200.939845929	0.0255185706596
184.060376776	0.0306139280374
185.386296222	0.0302541268448
178.092005449	0.0329060853345
187.47738743	0.0296314406578
192.063773473	0.0281541527869
197.945342678	0.0263598679795
177.689283469	0.0329432302877
203.254913449	0.0248274077898
191.066901163	0.028391961905
191.74233947	0.0281295442306
207.950959472	0.0234775065331
199.480779775	0.0258222206174
205.889659169	0.0240516149763
202.483614908	0.0249682451916
196.183445734	0.0268680829695
207.030441259	0.0237614584721
194.049289751	0.0274843610996
201.564567754	0.0252886216486
202.770330565	0.0249437415748
191.751586426	0.0282552459789
197.957100022	0.0263496371868
199.797069837	0.025805572521
206.61313704	0.0239181442468
190.015668125	0.028804000066
186.762603431	0.0299022139883
205.106958429	0.0242950906177
198.648332421	0.0261683746796
198.075354677	0.0263157275225
184.217952026	0.0307486489227
192.967572275	0.0278810733892
191.316138982	0.0283981076499
199.70748603	0.0258556100834
196.266136933	0.0268937986499
205.455993358	0.0242064218937
190.317511044	0.0287525448658
199.910231502	0.0257755142445
187.083401765	0.0297787969846
190.851380716	0.0285495008878
195.658393092	0.0270476519694
174.640211982	0.0339852012774
186.806098356	0.0296719166818
202.481640019	0.0249474056868
190.492780367	0.0285278830629
196.137939291	0.0268616568268
200.353549231	0.0256407739765
211.40911053	0.0226087343891
195.705563138	0.0269624942675
207.785426563	0.0235614094189
197.930906157	0.0263443027147
207.676356792	0.0235752565143
196.949549337	0.0266247038495
202.256907692	0.025013372038
208.90722356	0.0232623636036
198.472923906	0.0261528075291
208.58106953	0.023370868269
198.109575753	0.0262497387357
209.206306118	0.0232176396732
207.045519895	0.0237170335054
198.01328929	0.0263496252567
205.768592264	0.0240084331932
205.23857482	0.0242545069954
200.840742909	0.0254910821366
197.274393064	0.0265326261455
200.528426188	0.0254159236146
209.30513926	0.0231545065898
198.949591319	0.0260605018146
188.055987935	0.0291799872085
197.97007466	0.0263541691395
197.88676085	0.0261472479017
206.51456938	0.0239655729076
197.193387793	0.0265080182425
200.26729519	0.0254989130145
195.546279042	0.0269518277364
199.41138992	0.0257005679892
202.936616501	0.0249268833944
192.23715389	0.0278752311033
206.300500972	0.0239556827277
203.393571117	0.0247920923566
204.268513683	0.0245220644201
206.208328857	0.0238930905442
199.115534912	0.0259894122742
198.194286008	0.026302141962
197.959371284	0.0261210560838
206.915199953	0.0237260524459
216.010166981	0.0214531365953
206.196256113	0.0240081745057
203.401004547	0.0247650393091
205.352704802	0.0242428489802
201.02382557	0.0254301127598
199.099979172	0.0259949559397
205.684949198	0.0241331706688
209.889532456	0.0229986315898
201.853521738	0.025225990554
203.108947905	0.0248484952207
204.81419939	0.0244157378238
211.140210961	0.0227324878921
211.14631306	0.0226805818274
205.200387215	0.0242723446967
203.029857173	0.0248737210454
209.483952605	0.0231018776331
207.51687607	0.0236898930053
213.956936909	0.0219890759066
204.266252185	0.0245261129978
206.862279982	0.0238492413269
220.497467452	0.0204354654216
215.101576435	0.0216850567268
213.29435622	0.0221356586664
206.860969861	0.023810280282
212.855007475	0.0222546025069
210.961912521	0.0227559636085
213.192884284	0.0221599419601
214.218313021	0.0219331416639
213.52993086	0.0220469829449
208.390374654	0.0234075734205
212.725046023	0.0222489156441
209.235075643	0.0231798401621
204.410744792	0.0244760375767
208.931073777	0.0232050236786
214.527196888	0.0218368703207
210.637767254	0.0227024595973
214.993282657	0.0217074632162
205.981145474	0.0240563919324
208.105019594	0.0233554061022
216.316802269	0.0213882665457
209.715487752	0.0229380177648
213.244639497	0.0221481604039
208.892920727	0.0232670499431
217.255544606	0.0211635454521
205.537556177	0.0240752178165
214.638172083	0.021794652921
211.318118035	0.0226765011951
219.05880546	0.0207529276323
213.86806712	0.021995043612
217.873363726	0.0210458918903
216.610985002	0.0213304456947
214.516331314	0.0218286185868
212.457296454	0.0223456043607
217.299491086	0.0211770371552
216.793917982	0.0212691174295
216.284153897	0.0213905588702
219.62366432	0.0206325890828
215.658488635	0.0215796171547
211.863092517	0.0225241906132
207.123329747	0.023764532405
210.700828508	0.0227884224958
207.373208213	0.0236797695554
212.411817676	0.0223464888898
215.625538903	0.0215570688545
218.540612251	0.0208590870866
217.01193214	0.0212133742628
216.801601114	0.0212899662693
216.874146396	0.0212838091149
213.52787334	0.0221047760305
213.305002692	0.0221604939187
212.863403276	0.0222722885606
208.574625592	0.023383281285
215.604219424	0.0215538056353
209.893531971	0.0230113234201
218.083243839	0.0209535631723
218.761784868	0.0207995584583
217.759983345	0.0210762935153
217.894635206	0.0210032031883
216.101058259	0.0214365794025
211.368496387	0.0226247617124
213.028226805	0.0222006122473
211.020597735	0.0227541310178
219.967619698	0.0205188040866
212.917176496	0.0222303271505
217.841951613	0.0210661878732
216.712386736	0.0213174539137
213.145126209	0.0221671595308
209.221782461	0.0231158359426
215.106304455	0.0217386644845
222.420385324	0.0199522571789
213.703602335	0.022026264433
218.488913498	0.0208862019391
218.314195008	0.0209135656918
216.794292903	0.0212618490625
214.81153685	0.0217860125471
213.31147196	0.0221356649142
213.730660253	0.0219903685214
217.044434455	0.0212076237613
214.765586321	0.0217604878595
215.47862297	0.0215686835488
216.225289915	0.0214146076913
218.975770691	0.0207740516207
220.373199171	0.0204622069058
216.208023631	0.0214274683963
220.601781122	0.0203573055321
216.541966777	0.0213418835707
223.183039862	0.019766577568
219.278950518	0.0206880296391
223.099807669	0.019784067603
223.667534932	0.0197130132975
223.184348847	0.0198018155582
218.08416476	0.020983544781
219.086381486	0.0207102966864
217.912414139	0.0209955023051
220.473611957	0.0203872661652
219.807298457	0.0205515573548
219.621762393	0.0206088034787
219.736990649	0.020559519498
220.227978965	0.0204652632001
220.279324989	0.0204646050042
218.817119852	0.0208006472045
219.263923978	0.0207015689306
221.676386853	0.0201430507244
223.66102555	0.0197032172476
223.934761799	0.0196406446579
227.863715892	0.0187504664299
224.661924725	0.0194342593179
227.795598619	0.0187990710702
226.133508208	0.0191048289997
225.048492364	0.0193649916977
226.901955969	0.0189459968435
226.507040627	0.0190886340228
226.95459572	0.0189497647205
223.136429082	0.0198223507596
224.799821777	0.019408460911
226.340351626	0.0191063272218
224.94860144	0.0193709170791
223.579376975	0.0196938847365
225.260329144	0.0193074473801
224.373043065	0.0195160265569
222.935326055	0.0198261543964
223.259594259	0.0197662497642
222.901165869	0.0198418971803
225.776691539	0.01920819384
224.961813266	0.019373248937
229.214003545	0.0184899266342
227.60801209	0.0188192214735
229.335590038	0.0184442703212
230.869695383	0.0181428277927
230.978757745	0.0181202084702
227.043899257	0.0189573878699
229.413121544	0.0184397386726
231.81168355	0.0179552828521
230.806112978	0.0181264487958
228.756183134	0.0185596596016
229.330098733	0.0184323823036
229.387496133	0.0184162135409
231.166935359	0.0180829746001
227.76297347	0.0187852283569
225.127652911	0.0193502286167
229.11070348	0.0185033073322
231.675697169	0.0179492946562
227.330833691	0.0188702826245
227.380526181	0.0188559503003
230.133577896	0.018258484288
230.917612078	0.0181035779447
228.70323537	0.0185989174338
231.004300529	0.0180965180864
232.536086411	0.0177970812769
233.24065307	0.0176448032587
231.588219624	0.0179956220108
233.887096373	0.017537159541
231.786436898	0.0179490992072
229.194120564	0.0184785063086
227.831759707	0.0187675877895
227.682094334	0.018797371645
233.002953901	0.0177083755415
228.782500133	0.0185697983923
232.489853854	0.0177843048344
232.683855802	0.0177704531131
233.17941056	0.0176759584604
234.339342671	0.0174436665139
232.262920371	0.0178321188534
232.721593072	0.0177485573516
232.608258063	0.0177690287951
233.853433289	0.0175463606517
233.299775335	0.0176543434807
232.801318159	0.0177574778817
234.139706941	0.0174735350759
231.337583121	0.0180450783679
231.47968711	0.0180140409974
235.261193456	0.0172522524991
235.248612784	0.0172703228206
232.012919106	0.0179260547969
234.4297271	0.0174135554304
230.882917144	0.0181467100633
230.929240784	0.0181350985207
234.326678186	0.0174645606677
234.108277514	0.0174855171309
235.150444886	0.0172930391584
233.935307819	0.0175230438166
232.940933944	0.0177265278082
235.548191225	0.0172215976732
232.802219296	0.0177560853605
234.513198022	0.0174336058405
234.441591851	0.0174259321115
234.944736052	0.0173241040812
234.542948809	0.0174059321171
234.186243066	0.0174784234598
235.422029778	0.0172534839693
235.340638279	0.0172512923384
236.251165799	0.0170763747918
235.224314467	0.0172737277697
233.421297384	0.0176388683547
236.916367867	0.0169475512305
235.624236597	0.0172120993422
236.745846352	0.016978946093
237.173038424	0.016914236747
236.418583379	0.0170431813722
234.602908393	0.0174034476088
236.527432416	0.0170220942894
236.448437943	0.0170391642578
236.356837465	0.017070291276
237.407599808	0.0168724244251
237.241920019	0.0169067368032
236.347718827	0.0170570759196
234.341871758	0.0174527088201
237.556557621	0.0168195639232
235.779712916	0.0171643843628
236.487790963	0.017048254379
236.008979025	0.0171169632678
236.827969741	0.0169787563404
236.113172404	0.0170953319726
234.037634494	0.0175073743512
237.606436512	0.0168257193654
237.023572445	0.0169467053769
234.054693825	0.017516554943
236.35883193	0.017049770878
236.893281183	0.0169615035221
236.488958452	0.0170199974109
233.148475486	0.017685442212
232.11070881	0.0179001752977
232.70377063	0.0177793331995
234.240527136	0.0174665992554
231.386772312	0.0180477405484
226.438204192	0.0191106501243
229.07416714	0.0185438200676
224.663078795	0.0194977631624
227.413926667	0.0188774439034
233.48489868	0.0176267210748
230.361869709	0.0182535083361
235.86607056	0.0171299701715
226.312580252	0.0191089573599
227.648826073	0.0188302365461
230.630550692	0.0182032943396
232.489738281	0.0178234983681
230.156699491	0.0182981038682
225.734083404	0.019263619577
234.025577755	0.0175152368689
228.829948312	0.0186093519915
232.09771979	0.0179048962183
232.754918122	0.0177698138455
226.91124217	0.0190100657153
236.767869906	0.0169750519137
229.663950196	0.0183944839203
232.502199647	0.0178355333493
238.163494889	0.0167092857062
232.944276877	0.0177188481712
235.652304352	0.0172113245242
232.553210759	0.0178224877774
231.570888864	0.0180002576471
227.194492004	0.0189566499553
233.609640814	0.0175977335009
226.831670022	0.0190151730693
236.374502197	0.0170583255601
224.928404614	0.0194357578704
235.539586315	0.0172330257319
237.589279657	0.01683497145
233.944387159	0.0175318910818
232.310760166	0.017844591387
236.779924452	0.0169899806167
234.652606307	0.0173644202524
235.02513803	0.0173443947086
227.890868287	0.0187820821681
235.357086292	0.0172358489139
235.559993115	0.0172118184237
235.098192154	0.0173130636442
238.795096371	0.016590338824
228.388740753	0.0186933118898
231.661489697	0.0180116760962
233.906548259	0.0175467007405
230.318250661	0.018278645719
238.340020955	0.016684756696
234.023296938	0.0175151743026
236.88601022	0.0169809876892
231.12192674	0.0181140299496
237.570795826	0.0168442796538
227.789681502	0.0188198949503
236.294414204	0.0170764482897
235.4617728	0.0172206128244
232.533310013	0.0178131958261
231.778228996	0.0179569958743
225.603347061	0.0192930492493
238.986712702	0.0165876480377
236.827619677	0.0169519800954
235.043870412	0.0172911782453
235.262640408	0.0172470638982
235.617561483	0.0171966560361
237.933563284	0.0167628664733
235.833042166	0.0171598131924
234.18505605	0.0175020566973
237.559076348	0.0168416340648
237.672991675	0.0168153985176
227.856844481	0.0187921728281
234.880739838	0.0173660611813
238.332044007	0.0166803855633
236.661295767	0.0170178249048
238.623447643	0.016635719678
238.173270923	0.0167273393082
236.735294714	0.0169801857257
239.093283283	0.0165492207914
227.534417297	0.0188785504365
238.361512228	0.0167033921123
231.470480576	0.0180393015005
238.145950855	0.016720900577
234.913321451	0.0173189775064
237.092696639	0.0169218026146
235.184580828	0.0172798876244
237.267546577	0.0168754122841
238.870810945	0.0165625254548
238.250000864	0.0166693378286
236.35990497	0.0170524706985
237.316783396	0.016892217906
237.09974646	0.0168968469206
235.652858189	0.0171765278656
229.41889092	0.0184519567884
234.183474182	0.0174688252657
227.950749639	0.0187533190882
239.437105725	0.0164660186968
238.028055778	0.0167188250297
237.28479324	0.016895185211
236.15246852	0.0170727922697
237.599285657	0.0168089687173
234.884059397	0.0173226969149
233.812558074	0.0175371761249
230.326183988	0.0182483988802
237.219553252	0.0169046400753
230.607528819	0.0182168689884
234.049874997	0.0174881589329
237.209935652	0.0168801439223
233.892237233	0.0175015206606
236.853143005	0.0169727871153
235.681095821	0.0171681071587
236.906233224	0.0169372005655
236.58378623	0.0170202155715
237.117742064	0.0169131573078
236.107985123	0.0170953931445
235.596383497	0.0172238785388
236.523785987	0.0170136649678
236.129830286	0.0170887594955
235.032405847	0.0173068298
235.45822712	0.0172483781505
235.164260551	0.0172828288002
233.428337783	0.0176453550801
233.811799277	0.017549615291
233.51251616	0.0176385100903
234.99756673	0.0172970351237
235.798032733	0.0171546902594
233.85597953	0.0175247929418
236.522084081	0.0170074004031
234.624041776	0.0173665112621
235.02444749	0.0173043328604
234.107019505	0.0174713524256
232.387487014	0.0178399783934
233.780918139	0.0175418138633
235.098766081	0.0172894946837
231.916643409	0.0179280536901
236.472701992	0.0170093362045
233.120119217	0.0176785636402
236.386482478	0.0170230310389
233.38907484	0.0176205915668
234.850472086	0.0173348517572
233.624881044	0.0175672797438
236.084575502	0.0170944973239
233.916200773	0.0175143662912
236.911661407	0.0169315689668
234.10133942	0.0174788508775
236.345291774	0.0170569817925
234.844493643	0.0173169147638
234.192912913	0.0174684756384
233.052348218	0.0176916787548
234.378789172	0.0174630153774
234.920161857	0.0173058054355
236.139714083	0.0170831862716
234.091359326	0.01747584293
235.905966941	0.0171351585546
233.681741821	0.0175681603623
234.550652878	0.0174305058784
233.246282848	0.0176649471856
232.9929173	0.017743061434
235.577977728	0.0172120232031
236.868423048	0.0169368821018
235.733776458	0.0171510743671
235.654641599	0.0171784682505
235.756885788	0.0171507566924
236.924296686	0.0169418903285
235.023846409	0.0173111311349
236.123245797	0.017114506949
235.565043713	0.0172066837862
237.1568228	0.0168988381858
235.321459914	0.0172604668948
237.171520604	0.016880991883
235.275644065	0.0172430914241
236.65421588	0.0169948798403
235.839945439	0.017160162447
236.873317197	0.0169642241077
236.144837447	0.0171015071585
236.541951613	0.0169964298531
235.747591121	0.0171534679632
236.910433806	0.0169273649647
236.301453172	0.0170404467748
236.051155025	0.0171089373334
235.746467891	0.0171545502006
235.864424591	0.0171399314647
235.660205787	0.0171969605841
237.239300682	0.0168700513736
235.452208346	0.0172120654092
236.523476128	0.0170387902551
235.958623098	0.017130006701
236.82814746	0.0169433221344
236.779562472	0.0169695814164
235.900722726	0.0171472948009
236.387103788	0.0170311246947
235.855821981	0.0171377997093
236.290440357	0.0170487831606
235.591556683	0.0171876603941
235.445341278	0.0172147452547
236.67081668	0.0169758371669
235.870881356	0.0171270274957
236.687794726	0.0169723504641
235.477729531	0.0172057670352
236.499706353	0.0170117144379
235.983757207	0.0171019845421
236.271189315	0.0170567619289
236.033709159	0.0170929346617
236.452787918	0.0170174278379
235.781718317	0.0171646438488
235.728291437	0.0171903338338
235.434251633	0.0172441506466
235.819397332	0.0171653955328
236.09279183	0.0171013432853
235.563071662	0.0172107416682
235.901111801	0.0171638309016
235.638297016	0.0172070469696
235.985643029	0.0171187837577
235.885885487	0.0171301365873
236.222325226	0.0170633161297
236.224917596	0.0170626506415
235.282378493	0.0172442222039
236.110511755	0.0170902042299
236.395864408	0.0170625147783
236.562911427	0.0170118190113
236.474344974	0.0170194340297
236.409275162	0.0170310952594
236.58437367	0.0170226474197
236.404965737	0.0170616026714
236.191911556	0.0171024066845
235.924902044	0.0171601633458
236.160127386	0.0170934514655
235.969836166	0.0171338035816
236.217116576	0.0170778710985
235.81553248	0.0171634825811
236.496423332	0.017044614107
236.04534376	0.0171328894183
236.553095602	0.0170324600881
236.328931259	0.0170578474224
236.185838683	0.0170959324463
236.685489581	0.0169787910146
236.486757885	0.0170152951797
236.532475368	0.017019246253
236.560717732	0.0170069079857
236.206923941	0.0170838054147
236.169151114	0.0170837467004
236.287598352	0.0170515377493
236.267599704	0.0170729272351
236.363187693	0.017058540933
236.389648451	0.0170508872631
236.200107312	0.0170952506828
236.647345805	0.0170160804218
236.141695933	0.0171158655761
236.483265014	0.0170424308386
236.162467897	0.0171110903848
236.556191712	0.0170295494077
236.302677414	0.017083802584
236.40375616	0.0170549417192
236.232506639	0.0170966255017
236.299621813	0.0170860849958
236.394958226	0.0170554036489
236.455581707	0.0170541385344
236.616223971	0.0170172228751
236.382723036	0.0170698484504
236.273569419	0.0170880214703
236.424182814	0.0170603606923
236.481712564	0.0170384376553
236.44321423	0.0170503278165
236.503556577	0.0170286536364
236.410041518	0.0170500168587
239.759483761	0.0164210950027
241.710613276	0.0160574254991
243.263213574	0.0157741806221
245.018406995	0.0154594397131
246.417123429	0.0152163397095
247.662191868	0.0150050269885
249.087989196	0.014767288704
250.180249044	0.0145873683341
251.09394983	0.0144386169449
252.183198971	0.0142696429741
253.052742356	0.0141353771951
253.778466511	0.0140182312403
254.363377562	0.0139285744538
254.977700359	0.0138419803478
255.778016781	0.0137279776643
256.509336025	0.0136245668282
257.221310138	0.0135237858883
257.621766622	0.0134609847977
257.905113097	0.0134145114661
258.128405088	0.0133770594169
258.41755607	0.0133376067519
258.766286952	0.0132780176693
258.698068465	0.0132853573142
259.206118054	0.0132131619127
259.456253776	0.0131771318439
259.878315981	0.0131174452722
259.918098711	0.0131112822079
259.942653981	0.0131076078735
259.676101303	0.0131480115622
259.501116414	0.0131677327201
259.276240515	0.0132018999005
258.8575873	0.0132627383411
258.778519121	0.0132713529136
258.200038257	0.0133468498693
258.227172139	0.0133442042235
258.038222321	0.0133645240074
257.87895626	0.013387329157
257.564580985	0.0134260156171
257.547795609	0.013433917512
257.123688831	0.0134893189354
257.292721645	0.0134644347772
257.037661882	0.0134965958066
256.823448135	0.0135269277312
256.638895193	0.013553991108
256.317963176	0.0135984050447
256.478140097	0.0135764316175
256.201118821	0.0136149429014
256.028311727	0.0136371298698
255.639939403	0.0136956589237
255.383279041	0.0137272932505
254.907101604	0.0138004057827
254.941918468	0.0137965064207
256.600798728	0.0135564866669