100	-0.04502	0.0	0.999999190402	8.09598006479e-07	0.0
104	-0.03392	0.0	0.675600704882	0.324399295118	3.78209537443e-70
105	-0.03791	0.0	0.0	1.0	0.0
107	-0.03913	0.0	0.0	1.0	0.0
11	-0.09922	1.0	0.0	0.0	0.0
113	-0.04576	1.0	0.0	0.0	0.0
114	-0.007262	0.0	0.0	1.0	0.0
115	0.003918	1.0	0.0	0.0	0.0
116	0.04615	1.00989086074e-135	0.999998605078	1.39492202719e-06	0.0
117	0.04065	0.0	1.0	0.0	0.0
118	0.06912	0.0	1.0	0.0	0.0
119	0.1004	0.0	0.0	0.0	1.0
121	0.1114	0.0	0.0	0.0	1.0
125	0.1941	0.0	0.0	0.0	1.0
126	0.4876	0.0	1.0	0.0	0.0
127	0.6282	0.0	0.0	0.0	1.0
128	2.264	0.0	0.997969351701	0.0	0.00203064829851
165	-0.07979	0.0	1.0	0.0	0.0
166	-0.1047	0.0	0.999935312553	0.0	6.46874471903e-05
167	-0.1658	0.0	1.0	0.0	0.0
168	-0.1361	0.0	0.0	0.0	1.0
17	-0.1295	1.0	0.0	0.0	0.0
170	-0.1027	0.0	0.0	1.0	0.0
172	-0.08441	0.0	1.0	0.0	0.0
175	-0.09741	0.0	1.0	0.0	0.0
176	-0.06668	0.0	0.0	1.0	0.0
178	-0.06625	0.0	0.0	1.0	0.0
189	-0.02555	0.0	0.0	1.0	0.0
190	-0.02307	0.355318362973	0.0	0.644681637027	0.0
191	-0.02505	0.0	0.0	1.0	0.0
192	-0.0217	0.0	0.0	1.0	0.0
193	-0.02635	1.0	0.0	0.0	0.0
194	-0.009461	0.997827785611	0.0	0.00217221438914	0.0
195	-0.00829	1.0	0.0	0.0	0.0
196	0.0164	1.0	0.0	0.0	0.0
197	0.02027	0.00375779715943	0.0	0.996242202841	0.0
198	0.05362	1.0	0.0	4.69356374111e-14	0.0
199	0.0718	1.0	0.0	0.0	0.0
200	0.1043	0.0	0.0	1.0	0.0
201	0.07283	1.0	0.0	0.0	0.0
202	0.0273	0.421596574402	0.0	0.578403425598	0.0
206	-0.004081	0.828554447557	0.0	0.171445552443	0.0
207	0.002387	1.0	0.0	0.0	0.0
208	-0.01562	0.0012635063768	0.0	0.998736493623	0.0
211	-0.01721	0.0	0.0	1.0	0.0
23	-0.0893	0.539278801441	0.0	0.460721198559	0.0
24	-0.07841	0.0	0.0	1.0	0.0
25	-0.08568	1.0	0.0	0.0	0.0
26	-0.08873	0.0	0.0	1.0	0.0
39	-0.07284	0.0	1.0	0.0	0.0
40	-0.05676	0.0	0.000922552743961	0.0	0.999077447256
41	-0.04211	0.0	1.0	0.0	0.0
42	-0.01635	0.0	0.998807720137	0.0	0.00119227986262
43	-0.0272	0.0	1.0	0.0	0.0
45	-0.03645	0.0	0.5688351596	0.0	0.4311648404
46	-0.04071	0.0	1.0	0.0	1.68784810258e-94
47	-0.02104	0.0	0.0	0.0	1.0
48	-0.02544	0.0	0.598723035793	0.0	0.401276964207
49	-0.04142	0.0	1.0	0.0	0.0
53	-0.05912	0.0	0.0	0.0	1.0
54	-0.03614	0.0	0.616328602069	0.0	0.383671397931
6	-0.06708	0.0	0.0	1.0	0.0
61	-0.06937	0.0	1.0	0.0	0.0
62	-0.04937	0.0	0.0	0.0	1.0
63	-0.04906	0.0	0.0	0.0	1.0
64	-0.06145	0.0	0.0	0.0	1.0
65	-0.05738	0.0	1.0	0.0	0.0
66	-0.05474	0.0	1.0	0.0	0.0
67	-0.05941	0.0	0.0	0.0	1.0
68	-0.06467	0.0	1.0	0.0	0.0
69	-0.05557	0.0	1.0	0.0	0.0
7	-0.08612	0.0	1.0	0.0	0.0
70	-0.05392	0.0	0.0	0.0	1.0
72	-0.05879	0.0	0.0	0.0	1.0
73	-0.05276	0.0	0.0	0.0	1.0
74	-0.05421	0.0	0.855067181198	0.0	0.144932818802
76	-0.05917	0.0	0.507602852454	0.0	0.492397147546
79	-0.05321	0.0	0.0	1.0	0.0
80	-0.05321	0.907944918789	0.0	0.0920550812112	0.0
84	-0.1205	0.0	0.0	1.0	0.0
86	-0.1014	0.0	1.0	0.0	0.0
90	-0.05906	0.0	1.0	0.0	0.0
91	-0.05733	0.0	0.0	0.602952838924	0.397047161076
92	-0.06479	0.0	0.00443996151865	0.0	0.995560038481
94	-0.0494	0.0	0.999998714144	1.28585582004e-06	0.0
95	-0.05031	0.0	0.999997857332	0.0	2.14266786044e-06
97	-0.04577	0.0	0.326448709071	0.673551290929	0.0
98	-0.04145	0.0	0.999434553004	1.7438068368e-11	0.000565446978789
99	-0.04404	0.0	5.62553504088e-11	0.999999999944	0.0