-67.2971900056	0.517883740098
3.68041662112	0.232747993158
17.0254551471	0.200208698744
84.3296190556	0.0920514567317
82.5214926971	0.0963894698632
13.644750781	0.20662347911
29.2016040393	0.174343728823
-10.1988716668	0.272604700908
30.8664136017	0.170994384483
31.0254320332	0.170553644999
51.7264061343	0.132461699061
40.1344054974	0.150202463302
25.8119617236	0.18048417161
11.8541923853	0.20536518145
49.4109970546	0.135722666997
37.3092341026	0.155425615849
6.97083423322	0.218017928281
-57.8836000128	0.465640127277
24.6950775989	0.183362378976
100.719552148	0.076708456288
0.630357283856	0.239138086532
-43.487332358	0.396284501284
37.0757893836	0.157183171717
-39.511775218	0.378918107915
46.844973136	0.1431536886
30.4518200888	0.167758199665
29.5780951874	0.173107158611
-41.0688363951	0.385653897595
-43.1215771699	0.393141905046
12.0864176952	0.211190692237
-42.8682063994	0.389671548364
30.0201176507	0.172144189018
-1.539922161	0.246630704241
-23.7235335764	0.317504077801
-23.3198604732	0.315760969133
-2.35026538542	0.246177210277
-40.8301149063	0.384423872596
-19.2096209182	0.299491786454
27.4395485003	0.177542615116
62.0851145951	0.119916486146
14.9583122853	0.1989473137
32.9740578878	0.161429545392
-5.54564558912	0.252717142512
23.8674327958	0.181982734408
14.5029651925	0.204967341507
113.645551853	0.0680381058069
209.098861605	0.0232086968769
40.5323471465	0.148142752439
41.1813913458	0.152388354415
95.6754010629	0.0832134075738
-41.0364002492	0.382696191183
6.14360175564	0.219094723776
-19.8834293025	0.298594759249
-53.0325648639	0.438262300301
-20.5233181093	0.305640931857
32.6403430331	0.16774960321
45.9017436803	0.144662989913
-32.4245176225	0.349597403627
27.5997003242	0.177665921964
10.6847101584	0.207344249547
-40.7855171368	0.380563368013
35.4918658296	0.158863684588
-15.2165817139	0.283181591532
13.0090736575	0.201586231904
-43.4353188372	0.391948243293
-17.1348984506	0.287891248652
12.6321735378	0.209334377227
70.2809905746	0.110401682663
-9.47562067367	0.269281136216
12.9580026946	0.205858645815
53.0255610916	0.13374306368
74.4811895064	0.105375035339
5.89987687894	0.221427347079
21.61833676	0.189808405396
2.89498515166	0.234878325513
50.1516261833	0.138120274714
67.591724684	0.113512465976
68.8086186859	0.112227523588
19.3994221212	0.188854798992
73.0450887703	0.106973084141
24.2458011765	0.177515522639
77.642785023	0.100458169415
36.6271248505	0.153536082561
72.0396893511	0.108051452052
13.6118394443	0.20122141429
39.5046910955	0.155458513048
14.6881292476	0.205718907472
-4.0096289843	0.253697082844
11.2998234125	0.212722079885
4.6634532261	0.223277863008
-21.7916186533	0.309960413583
55.9593821025	0.128278199137
21.9265733147	0.182655303498
65.8993385942	0.115645605192
61.7571545897	0.121090283827
-13.9565718486	0.277546880368
2.83211475334	0.231729563379
25.2716097306	0.182371196969
42.6052804013	0.145321784681
33.2263407781	0.16681128532
127.760925974	0.058018813023
59.4967404791	0.123569107394
-1.61930250786	0.240870020368
-11.20887396	0.275413043531
-42.416217425	0.387726347017
-6.31150170792	0.255727959142
96.1019720888	0.0827252030177
23.0931269807	0.186497625368
42.3812847838	0.150077185703
37.5344607218	0.15878400688
88.9118767056	0.089634819269
10.0916806726	0.216368822388
21.7886926034	0.188919469811
-8.84988252338	0.264393688237
29.4949943244	0.167040326844
15.1686020553	0.197571074269
20.3982449113	0.18441727481
88.6838308222	0.0874563403591
127.503487783	0.0568787409481
152.402977632	0.0439036352273
-12.3982048678	0.279429156217
-22.4309695844	0.312495986385
53.1781662255	0.133216496142
18.2246932641	0.190685582164
39.8854702565	0.154405147133
1.88628077883	0.227832275541
10.9136652805	0.211303943322
-5.35213459076	0.253150478745
15.1469119791	0.198818508068
30.33228269	0.171904286089
126.512390653	0.0587913753938
107.394873753	0.0729927648936
70.9088983725	0.109152103122
49.8222260935	0.138325878032
77.559161519	0.10171823082
16.9768040708	0.199057566676
151.158561661	0.0445277966879
116.56013507	0.0640934405306
14.9781936379	0.200704625734
53.8194150044	0.131644980162
-16.4652098092	0.292342413176
-2.09834116138	0.242050084612
151.090593602	0.0445955004488
18.7732486086	0.191108901501
21.0085964437	0.190659624076
-2.5798967872	0.245404694076
-33.9197334877	0.352555812631
21.9976985979	0.182600762817
15.7963644555	0.197799063423
-3.0105861024	0.242049325829
-1.85281656135	0.240687228582
23.6449980618	0.181986819579
36.986161806	0.15292286421
-8.8937811822	0.264424534326
16.818063796	0.19852564839
9.55912992054	0.211452587806
42.8535952295	0.143653145358
-17.6401850097	0.290129667423
-0.735986111701	0.240604649257
21.1592186661	0.184108517662
10.5995686948	0.211965597387
27.3874517204	0.170501473634
37.037223046	0.153647446928
29.5111208302	0.173213382071
36.9105484091	0.153110551882
45.7241597943	0.144982193925
13.7764607392	0.20069082216
55.1367053444	0.130006323587
33.0081319216	0.160479628169
7.3826565215	0.22235463833
-16.3867948955	0.292233380663
-0.722087539289	0.238449981493
122.611068072	0.0614984334841
65.1053036448	0.114338295998
45.2358137679	0.145336188994
30.9600658257	0.167074782085
28.2600338059	0.16973144944
-3.68030958284	0.25290443882
46.6020670814	0.142293823342
-28.3837409317	0.32988503506
-9.63326552018	0.266812200459
84.7503067194	0.0938856852091
13.9554174782	0.206087816852
70.761135372	0.109605318225
122.044678966	0.0605392316137
39.4779392341	0.155560592705
11.9023826111	0.210180640398
1.24660930828	0.238546804402
11.1389551862	0.211619262836
34.0322414542	0.159989188861
-9.07983907241	0.26493070957
38.0663005325	0.157905966306
1.44389439243	0.238306347078
45.7909530149	0.144959819786
-5.96300290043	0.257313690443
32.3977689057	0.162797411179
19.2688863778	0.18906511055
111.013358042	0.0695157403258
49.2875681206	0.134981302256
13.3772405566	0.205216136584
84.2216533963	0.0945917132605
42.4552214571	0.145780270272
-6.72690944595	0.258703200452
23.6579630086	0.178895281086
11.8190679615	0.209102622639
74.0556149902	0.105670110335
-4.38221168681	0.250493343215
29.5880264008	0.171561438365
4.97450942649	0.225316688952
9.19143995358	0.215842784263
12.2135215357	0.207488251505
118.493370849	0.0634441840814
13.9418438271	0.203666614836
98.4937853824	0.0805600572717
31.3285065744	0.164370087368
64.7720053318	0.117369231351
21.1666594489	0.184356632634
4.15030811216	0.228210055069
-7.02273877618	0.261360074419
97.0960756898	0.079729570286
5.86781130488	0.218703138293
46.6912589963	0.137928841218
9.19403775456	0.215615794278
10.5895884128	0.21290012193
127.413365679	0.0576346505411
103.781435138	0.0756634968311
11.2974908258	0.210961474718
54.1096479674	0.128824728593
25.8145692258	0.18075740359
4.96149154913	0.224704805045
23.3259539386	0.179200596574
96.6131214303	0.0798234278123
28.0910359691	0.174207218202
8.87790021274	0.214664336267
44.692416675	0.142432421167
-1.75723868833	0.241160183988
130.746156175	0.0560770202287
4.13118518256	0.230854788481
21.9517430521	0.188412239595
91.0957663971	0.0875604236875
102.033194003	0.0775174386986
30.8926364439	0.165255278368
25.1799453641	0.176735989266
45.8141774205	0.144948002817
153.614741994	0.0430665398657
26.7279322509	0.177648578867
-0.4970549129	0.241392453211
94.5256109079	0.0839242300829
48.8828685899	0.13979345721
63.2358127866	0.119170876323
7.88926561231	0.215492748815
30.4692428321	0.166377754201
59.879441565	0.12086656683
82.6808140939	0.0939797086548
27.682228206	0.171348304061
13.5438618646	0.204356932606
7.56242887357	0.220409821092
181.855065319	0.031347725648
51.6157618181	0.132590056531
19.4986817387	0.189821617753
161.694013655	0.0394341513786
31.8023198664	0.162411309095
17.61433117	0.197743750582
73.4890501413	0.105885428804
28.7842047314	0.168118368986
30.694345324	0.166047105128
12.3983997479	0.20789019504
53.7473953307	0.132151850792
88.8375411083	0.0885623504459
42.0403386873	0.145020712868
119.24701311	0.0638775928605
55.9085052924	0.12651067984
120.521069274	0.0629521150146
119.730253533	0.0634113647673
43.5105310327	0.143419653472
28.4381034853	0.17595852913
42.9358405471	0.14603511627
145.73249387	0.0465342206557
145.289964509	0.0475040498945
49.5081417901	0.136438930123
35.5722610697	0.161986681569
27.1343010913	0.178231570895
16.3040685091	0.199132624386
56.5578726273	0.128238571661
36.1775692033	0.161098198907
62.1845820285	0.120467384791
6.92929315457	0.220917156984
64.9297020789	0.115536715326
19.5181637059	0.193657171304
21.2001236228	0.190168209394
22.6793903177	0.187044118877
85.6248324815	0.0930568758429
116.997883235	0.0643730500058
14.568790954	0.205006030298
86.7802503618	0.0891726588346
21.8730878914	0.188314961159
125.653865757	0.0594324795501
31.874105655	0.16305167694
84.4653083113	0.0926622656962
16.6936403657	0.197796562637
71.6473205286	0.106121929238
25.4579959191	0.175077190086
38.3942099945	0.1513946063
22.5915554409	0.182474971986
106.499807019	0.0735026923832
174.906325826	0.0339935126507
150.248233353	0.0446081320102
153.022226886	0.0431413776363
43.4211037303	0.148846932855
22.5609006761	0.184214093768
38.6692108335	0.150902482907
63.5400077937	0.118888956223
0.666766952536	0.240773155328
14.5988300485	0.202951449037
171.585970418	0.0353702475152
43.8009829186	0.143298600449
39.1594933504	0.150218094165
65.8632631413	0.114815314898
62.9221643979	0.116801454775
61.4271681957	0.118774568163
94.4941461737	0.0820381145286
131.694444981	0.0551508005559
31.640921723	0.163626962001
104.318208898	0.0745491280316
23.636278312	0.184634920779
26.2503370492	0.180077795233
125.883470017	0.0589317274633
194.460879982	0.0273550418523
139.671092271	0.0506922599858
13.7132196691	0.202047986906
62.3689208367	0.118636185141
39.1499346576	0.15154200282
63.1591200985	0.116445774959
60.3987549716	0.122918225692
58.8125541369	0.122394083238
161.573542104	0.0395960357866
63.7300937886	0.118566595253
200.662375719	0.0255319964115
67.0504938643	0.112699003537
31.8753546847	0.163439432995
103.836955479	0.0743684690773
133.938618521	0.0540932290931
107.902492959	0.0725793703853
32.1906591711	0.167929403616
111.037328757	0.0681351066035
70.1007662985	0.107830681854
61.6797517875	0.118498414907
37.27462063	0.153188893377
69.8257608795	0.108785554638
194.296760337	0.0273836906853
82.1500134402	0.096689860172
128.281733586	0.057639941137
18.2162722766	0.194215167257
49.6884138226	0.134536142854
55.7359546956	0.126122031166
44.7659792071	0.146055818431
16.0971929609	0.199204601884
169.956751533	0.0360526689713
20.8522343606	0.187977418864
24.4220632505	0.180284136001
23.2556692427	0.186615070266
29.2821409886	0.172855071537
149.826757728	0.0446115647862
42.8374190556	0.146630540696
58.4132442089	0.124941842906
17.9056570035	0.196594103486
161.128863621	0.0395856485293
127.647706976	0.0568897634589
110.730865029	0.0702505458701
84.4871663281	0.0942629886552
97.8007538668	0.081244816813
93.8177601581	0.0846789035339
61.2219301575	0.11906069495
107.787055735	0.0712152240348
55.3683746282	0.126097686353
91.5934529659	0.086996552747
155.558964279	0.0423525933912
69.43615043	0.108460470116
60.9503924713	0.118992382813
121.040025564	0.0610173152022
64.8191738073	0.11426794988
53.7693555404	0.129401037797
61.6888683029	0.120647555781
189.483982289	0.028969566348
63.8184117183	0.115582924485
25.2618244569	0.180833529186
53.8936494708	0.128836184307
180.155212497	0.0321392042198
206.246538539	0.0239458348278
62.3220146778	0.117956358383
58.1447072973	0.123223715367
99.4226785884	0.0782834634352
151.993775964	0.0436681916087
162.645147471	0.039098300626
56.9680406514	0.124068448012
133.726979386	0.05301365379
191.585763783	0.02808951815
57.4373460474	0.127261651654
86.3189002957	0.0923516225287
61.6016961193	0.118537210922
14.8665673133	0.20314765962
71.278830165	0.109101936046
163.334194523	0.0382961033801
123.995025832	0.0597557691587
44.876277097	0.146334004659
41.4709346213	0.149498522621
71.8691363217	0.106697335487
62.1424457668	0.117366475943
42.43341861	0.147603682897
103.389439051	0.0763426622992
75.8959095369	0.103656377303
75.1139634633	0.104424533162
198.785084098	0.0260678719021
95.4136370095	0.0834315529168
157.938762117	0.0410205412871
85.1821448767	0.091306835163
49.2123794251	0.139082215296
101.736625833	0.0777855509429
71.1572086341	0.109149970506
121.965701823	0.0618890427936
80.1812146937	0.0964237948462
57.7515910907	0.126562508936
122.429865574	0.0605382991326
67.1422496258	0.111439378462
63.7396551489	0.115499888855
59.1955916057	0.12190964668
54.9148831098	0.126694882101
63.5952429838	0.115524705598
68.7500826014	0.109415061694
86.9000495265	0.0917070461256
57.0208862861	0.126014628294
42.4240834035	0.145756262872
70.4035582357	0.107205274005
40.3520432704	0.151050176425
103.319589056	0.0742372642304
60.1039099735	0.120521491212
67.7823204511	0.110352686146
39.0089276087	0.15236659422
70.1704047267	0.107428078621
93.1076383928	0.084128296127
67.6762716159	0.110654232523
54.4371300663	0.127395123839
62.1710365107	0.117152487241
55.5895382436	0.125736699495
29.6745695416	0.170269453625
159.50354435	0.0404027633546
119.868196178	0.0625435705547
65.7012502231	0.113261073083
48.7813476426	0.135521598052
72.2724859882	0.104841958959
128.404953424	0.0571339131145
56.2418849403	0.128652208539
109.231334055	0.0713698072996
93.6557868706	0.0827405004687
59.6608219266	0.123947094487
80.0638930501	0.0990194609132
136.381959295	0.0525538880713
147.510079989	0.0455600821423
138.818766403	0.0500876671718
86.8266407876	0.0918523901547
180.790253717	0.0318835707615
69.4863945127	0.108191741042
76.4384165521	0.100739652944
126.035820817	0.0586418003985
143.778629686	0.0483260180601
70.09033638	0.110402617781
50.578196027	0.136817127123
68.5989140027	0.112159869494
41.9662014744	0.150413496351
44.8960288231	0.145645103628
60.6465606751	0.122424655006
48.0807883207	0.140619180283
70.9714817013	0.10927334502
46.5573621168	0.142979091665
58.195844549	0.125794225488
73.7404985388	0.105992139372
45.08399886	0.145436478821
77.8413037632	0.101307551181
34.4004053133	0.163543881927
70.3920377996	0.1100003733
51.0000924629	0.136203668344
62.4805467829	0.12000575154
75.2487255947	0.104265029012
32.5900816318	0.167387034916
40.2635883456	0.153431341252
58.5138978244	0.125412858935
38.9607920289	0.155931147058
49.7381542992	0.138170677333
48.688249095	0.139797933863
39.9253113193	0.154140534382
46.391783325	0.143453662285
51.615765749	0.135399436973
57.4024496885	0.126976366286
60.5599921659	0.1226609322
97.7696425653	0.0812769602439
123.580437648	0.0591357634112
109.647654704	0.0711384578268
104.554056882	0.0731530067106
70.3928599843	0.107239666187
80.9448501324	0.0952451799741
31.4116381395	0.16958564255
81.1085765605	0.0958031310774
131.255961047	0.0556934233767
177.03061176	0.0329725336687
71.1719125066	0.106226646016
143.370587777	0.0485434529983
163.804506976	0.0385593259453
66.2412286918	0.115376966337
174.743367582	0.0341537610533
75.2596990147	0.101426025986
42.1870143686	0.145504651036
120.613772222	0.0612861143694
72.2352320217	0.104959092195
99.9153279943	0.0788553635506
148.49070856	0.0458488876539
106.768875801	0.072050931698
69.3280791872	0.108949872379
144.70411102	0.0472256788267
196.679285618	0.0267463231202
195.355078826	0.0269550432176
155.379775454	0.0417874755939
73.4322066107	0.103548753734
139.275145703	0.0504009172446
185.273648736	0.0303919371388
83.367285451	0.0954811284264
214.033404311	0.0219163576975
78.6992874583	0.0977857325009
129.430306728	0.0562249071717
112.047556483	0.0692136419119
163.920507421	0.0385664092327
102.826894188	0.0754412438289
188.247381517	0.029169304795
99.9639586352	0.0770945323693
92.0958222326	0.0865785582788
90.6910768231	0.0853775972312
125.451948789	0.0595357522141
117.999258402	0.0646622184857
98.6532157594	0.0804930683696
132.501193403	0.0539505012304
208.300104935	0.0233930847037
144.14462781	0.0481728762668
91.8703684615	0.084328078917
83.5614223964	0.0929207911237
73.4443949556	0.103491249066
57.646116318	0.123831848425
169.515135331	0.0358195586455
163.986416542	0.0385351693825
97.2504675315	0.0794899400704
139.664831385	0.0506494381659
96.3119425406	0.0805429448221
94.2602748696	0.0845593113606
110.978585438	0.0701134671494
198.942546135	0.026042370744
142.444143138	0.0490970028645
97.5554383157	0.0798027673997
88.8061875022	0.0897877513595
197.120042323	0.0266167330496
195.733260194	0.0269935794259
154.737968394	0.0422229311512
102.682788533	0.0748190721828
120.074008433	0.0632684776531
133.808109488	0.0530981073811
83.3894019849	0.0954529858889
132.727870378	0.0537807624105
122.129732993	0.0608359192398
208.256792785	0.0233891565155
196.881588897	0.026540080666
174.174691401	0.034041665182
101.908430898	0.0758369180906
86.1399644978	0.092480820747
88.6771764775	0.0899300026653
196.953260906	0.0266241073751
219.106566986	0.020728950152
103.06470099	0.0766107790505
201.971271934	0.0250682369381
163.051434998	0.0388951471257
153.763275995	0.0427336294921
108.625159296	0.0719922332725
97.1104528738	0.0818930933996
76.6666478685	0.102696816785
133.232811341	0.0544849354867
161.889472789	0.0393132357577
219.588562812	0.0205766044341
161.096843017	0.0395707251761
106.252582024	0.0721574883629
219.902938375	0.02055508878
133.720997723	0.0542019546636
161.203776191	0.039779563541
174.209525668	0.0343793962049
122.936253038	0.0602236807963
89.8542407167	0.0861630460997
156.746235967	0.0417583217869
120.838103989	0.0627083816229
98.8760649762	0.0802525542462
106.074710352	0.0740656239912
112.888577434	0.0686231383793
117.295856788	0.0637514153049
133.401246949	0.0535608771012
167.930181352	0.0366349253101
111.581112821	0.0678419793149
117.42843652	0.064592023805
232.152316849	0.0178747501116
132.798396632	0.0539841896037
188.905579474	0.029116628947
130.524682123	0.0551622591416
193.606942835	0.0275775650875
144.867766855	0.0469896522905
82.1448890047	0.0966903922515
132.226980964	0.054345713618
139.747569672	0.0501454719211
177.349543844	0.0330284562313
144.900513298	0.0470404121938
129.995854528	0.0554361096606
140.385429923	0.0502670969876
76.3406157457	0.103082689999
161.831040956	0.0393469789931
134.014780619	0.0531096402115
128.594423464	0.0563847861678
105.201231811	0.0727020827602
85.2463645617	0.0913049081429
235.598795522	0.0171678463349
93.362260746	0.0832092997147
108.756695406	0.0718597703372
194.442255542	0.0272399095351
147.063391697	0.0465173379215
129.875423525	0.0566288987847
185.978851324	0.0300700834137
146.25257739	0.0462857566809
115.760190989	0.0664345258245
155.276997355	0.0420325080165
141.593647231	0.0493928970815
100.250849654	0.076855411607
137.433662725	0.0519186823654
110.681589245	0.0702782258665
115.33067238	0.0667426572136
117.005227076	0.0654236582581
132.821213222	0.0537200356592
187.616941863	0.029559594888
83.7861600936	0.092506385784
143.76659783	0.0475974998482
99.9399079237	0.0769431818304
97.5392974807	0.0789009809575
79.6169371435	0.0971786517876
181.325743799	0.03157003757
112.98164621	0.0669028419195
190.233387908	0.028671609681
142.189192009	0.0492337426369
123.687018442	0.0595724637859
138.257065485	0.051453034653
124.069280694	0.0592649184842
137.179155874	0.0520452621841
140.161059471	0.0496731527258
179.81510237	0.0321209890477
136.608609391	0.0517613255055
114.713607191	0.0655265120536
162.069165721	0.0394003489235
195.390551566	0.0270496483669
188.668995132	0.0291658058412
149.879967061	0.0451454360057
111.113329338	0.0679989825296
112.754146772	0.0668614791156
83.1342540365	0.0932043968946
99.7428637229	0.0768905607518
140.288852109	0.0495242947399
134.484246852	0.052832030083
133.460426878	0.0543695078806
137.7852317	0.0511592465759
163.517356007	0.0384242056384
159.995003366	0.0398585498553
131.194688762	0.0557932494486
180.715265534	0.0318557562815
179.346078585	0.0324426909723
165.5109696	0.037539086648
170.685740037	0.0357777354679
142.367038424	0.0484162698981
198.256582618	0.0262190796944
156.137943389	0.041613712824
226.602284157	0.0189916382889
145.211370066	0.0469716348851
181.85641009	0.0315075832661
133.422961479	0.0535769317638
218.77079201	0.0207505267417
147.686770368	0.0456552442409
234.473694651	0.0173892193248
161.118225739	0.0396006056895
194.276892467	0.0274070097785
190.080832169	0.0287173155782
219.23333289	0.0206550202166
95.046548831	0.0817783457665
190.662235266	0.0285572887313
121.777944725	0.0608511149991
156.809198926	0.0414755698094
126.774836522	0.0575754872079
150.847947935	0.0441241989621
133.943234958	0.0531553982119
229.094657573	0.0184712768937
140.933405953	0.0493101670061
200.885786539	0.0254141885795
228.435183975	0.0185758637214
221.70409494	0.0200601378091
191.263910679	0.028368984541
112.217134894	0.0675490200089
162.250555333	0.0391875508146
214.620392785	0.0217654425781
196.855894014	0.0266156750342
197.581504112	0.0264406657016
199.305079179	0.0259218737443
143.769213964	0.0476893896201
142.350203177	0.0484663755833
133.082708567	0.0536487791583
154.227796305	0.0425951993043
167.725900631	0.0368197177915
226.170109901	0.0191155736869
184.730586592	0.030478860683
199.707575138	0.0257846235992
134.292651611	0.0528939448023
183.679069547	0.0308380329493
216.514695596	0.0212818288826
189.766234085	0.028894666214
142.870241417	0.0481834781725
207.273716877	0.0236448439663
156.573095103	0.041529539986
229.379689584	0.0184577547547
140.405252743	0.0495142145859
168.79691242	0.036262556318
142.257688721	0.0484983353595
191.84461314	0.028173002147
149.387489889	0.0448655373789
213.241575207	0.0221210356872
172.280526199	0.0350761265194
215.305722044	0.0215964605869
177.129291521	0.0330985800492
197.167915501	0.0265165568039
175.424546292	0.0338892736783
191.056224406	0.0284652869507
143.756441195	0.0477241204165
196.333574684	0.0267843233523
156.06658182	0.0416510270851
201.158136433	0.0253921000312
148.935223224	0.0451004448039
202.878918593	0.0248798610691
158.757731083	0.0405641683578
190.565699725	0.0285956203543
210.89623374	0.0226853463324
136.741190381	0.0515337549673
212.785723139	0.0222254139784
150.190393879	0.044454444167
162.53158575	0.0391787779175
163.607268765	0.0387364198723
162.916226332	0.0389604255596
175.51845572	0.0338488864528
175.494502825	0.0336819684548
157.392142565	0.0415104161187
195.076480543	0.0271866249454
198.076288912	0.0262221242203
164.745104933	0.0381734055994
127.031120499	0.0584728189656
169.321324837	0.0363158642502
156.964813844	0.0417031423225
218.424591729	0.0208599180882
153.603549151	0.0432815390035
174.703301278	0.0341852632707
148.025679644	0.0460821673317
123.009115988	0.0611986308852
170.213107928	0.0357961611113
228.701472577	0.0185558786748
169.37704093	0.0360131501003
226.195750106	0.0190850604831
199.303709902	0.0259240428148
223.279263353	0.019749663753
140.728300018	0.0499716502686
178.870214289	0.0326234859429
157.073777334	0.0416732741317
214.185744767	0.0218796916896
157.983252659	0.0412180663203
134.350889816	0.0538233508129
193.846082521	0.0275401331914
150.187550255	0.0444197788718
204.381307725	0.0244711477934
152.306504144	0.0434144635571
177.94870742	0.0327687060401
205.252014981	0.0242241646684
183.611469901	0.0308882211904
209.714795331	0.0229937017899
197.608176267	0.0264297638212
200.857192891	0.0254682623074
154.985648991	0.0426550689022
218.421381212	0.0208776073263
189.818693942	0.028855185166
203.627459226	0.0247106195759
143.13857716	0.0486338387849
160.861572237	0.0399252777822
211.757290388	0.0224687101256
226.659932801	0.0189786364317
207.374222123	0.0236060365637
168.870204946	0.0364335536253
229.410480034	0.0184251578891
201.352604426	0.0253194002224
212.840957409	0.0222015283487
176.406910287	0.033524192021
193.917219751	0.0275152186678
190.875250592	0.0284564066714
199.200538935	0.0259150027296
195.142077843	0.0271787427543
175.334519929	0.033917654056
199.144988724	0.0259251635657
209.556206295	0.0230833922992
217.576442107	0.0210392101799
177.552463565	0.0330509981863
193.644201153	0.0275978164453
179.003842879	0.0325718548503
207.086229104	0.023694334653
175.345935243	0.0338948704308
227.527234852	0.0188451204123
215.28703803	0.0215797572038
163.05466311	0.0385696381345
165.821817165	0.0377679929169
194.750057372	0.0272072912917
213.58865326	0.0220100982031
216.40554062	0.0213246751493
169.102452963	0.036346360703
173.888820601	0.0344001668226
175.554513794	0.0338035508697
143.996721655	0.0475111797888
167.714280509	0.0369283888675
210.317063136	0.0228628284333
197.470090093	0.0264172046876
150.732268155	0.0441658971927
159.127372443	0.0402993619731
186.736269365	0.0298137904066
204.616561619	0.0243749728871
209.799363877	0.0230044959777
153.093804794	0.043015095975
188.52943432	0.0292357234501
162.383221156	0.0389290495235
182.115779085	0.0313321210947
184.70296028	0.0304679584643
206.758210219	0.0237596414664
198.823788149	0.0260198484204
166.88370961	0.0372760595171
189.932490522	0.0287710335623
200.871350592	0.0254148300345
212.314554191	0.0223295954044
199.707572261	0.0257589595148
173.455434829	0.0344784710071
221.998219544	0.0200325871478
174.106784917	0.0342133782854
184.940359042	0.0304251183003
232.916279257	0.0177227056049
181.926190715	0.0315399664761
201.267001478	0.0253117363056
148.602433901	0.0458104590819
210.084742489	0.0229414888715
169.135973179	0.0363980536746
176.51028565	0.0335189137052
207.219467897	0.0237399749165
194.161511472	0.0274389440516
163.578522135	0.0387489549806
200.365971273	0.0255682176422
189.810894125	0.0288379809438
213.386358646	0.0220956267793
217.438125619	0.0210598053865
190.976956803	0.0284730627019
205.752619529	0.0240326439
180.598830214	0.0318348387056
200.006079722	0.0256892045792
144.330602202	0.0480693040372
210.21523814	0.0228546565197
168.815466188	0.0365235461041
230.716447293	0.0181301175946
179.159669787	0.0323749588754
169.999572081	0.0358395864536
206.899557818	0.0237477507337
171.78103501	0.0350409083956
204.633987091	0.0243683106355
189.637255541	0.0288011556571
221.329752472	0.0201668927757
203.384298503	0.0247006361112
201.740280169	0.0251935317289
203.059504351	0.0247842418559
164.042945082	0.0382934403481
229.312071469	0.0184571726371
182.607007677	0.0311352157203
202.259825628	0.0250258497874
178.785299613	0.0326791888228
199.479409843	0.0258644527086
164.332435394	0.0383579991766
219.511599419	0.0206361402786
193.68031472	0.0275999838314
191.085803995	0.0283574477945
186.299111093	0.0299008597591
233.023851374	0.017680323785
195.765933991	0.0269877679344
209.303632974	0.0231290236362
216.248991748	0.0213982639938
204.821974857	0.0242762737799
205.793425649	0.024078223164
201.232791595	0.0253201362684
211.524343502	0.0225742752496
213.151997545	0.0221500023242
220.317476912	0.0204179366013
202.89964454	0.0248331257755
193.629890186	0.0276651111326
235.985127508	0.0170908684375
227.725251594	0.0187821317217
200.004348394	0.0256769824929
223.114301359	0.0197775382808
215.704328405	0.0214814184977
214.226530418	0.0218544477087
234.950554658	0.0172875606542
240.941275647	0.0161991638268
231.496285267	0.0179628035392
239.951997114	0.0163736754543
233.483513764	0.0175567555644
217.396729349	0.021079443019
207.470012192	0.0235953038682
238.996369667	0.0165301714177
197.837974129	0.0263151156261
232.254071554	0.0178196465045
221.108392986	0.0202350954364
239.59333421	0.0164549656427
226.79401041	0.0190007173367
223.196000501	0.019751927621
226.159903589	0.0191078850994
212.35323728	0.022337688479
219.125078799	0.0207568586302
213.228630236	0.0221014947988
227.304023113	0.018833538359
199.222065382	0.0258739763971
221.672706688	0.020124566069
207.535081505	0.0235633572554
227.10618105	0.0189150236898
204.476793199	0.0244281514123
204.619208646	0.024435563695
168.348260154	0.0364427624862
213.676737081	0.0220067674323
217.082769472	0.0212262046525
216.643181037	0.0212673748938
197.274317468	0.0264929813026
231.154534947	0.0180569246256
198.614745011	0.0260487391309
221.333913247	0.0201640460828
217.623134641	0.0211009990795
201.528324678	0.0253156559041
200.576676044	0.0254853877909
237.69844186	0.0167779813623
217.002054863	0.0212639508126
218.391573336	0.0208658056333
168.410551454	0.0367067069663
238.68022575	0.0165896515913
221.907802056	0.0200844660958
205.131608861	0.0242118962622
234.946229714	0.0173029419783
178.754718732	0.0324245908289
213.343220054	0.0220858443287
223.678151905	0.0196417839612
155.386857817	0.0419148965261
200.948180487	0.025446444387
212.25519886	0.0223526290258
213.137832819	0.0221380104377
207.211737711	0.0236747723389
230.308239085	0.0182243155835
198.468416477	0.0261053808746
201.106274838	0.0254380579965
171.454151197	0.0351734096354
180.381194916	0.0321046931792
173.065909649	0.0345433117224
240.297738013	0.0162931369096
226.572407155	0.0190187423051
209.085552114	0.0231801552535
227.795348706	0.0187721878367
208.91456679	0.023282876192
229.441224004	0.0184064028376
237.17279083	0.0168653779527
161.615996313	0.0392692601558
170.616099636	0.0358017025027
208.24484276	0.0234210803169
241.73899014	0.0160635435659
238.120516107	0.0167069935677
219.880943479	0.0205119475418
239.94677608	0.0163290431482
240.913536113	0.0161776537448
240.438367839	0.0162388930687
238.176265932	0.0166993492358
230.62790296	0.0181622471855
214.314178588	0.0218311643607
213.595435456	0.0220241287447
233.873788406	0.0175319485502
234.328420089	0.0174114180345
221.177592464	0.0202280696066
242.586486746	0.015900255241
221.446714922	0.020153467037
225.933620179	0.0191468041387
211.66112948	0.0224918928196
227.49102893	0.0188186500379
204.673657032	0.0243545736314
237.027169299	0.0168928865107
208.061876098	0.0234479971299
224.76180508	0.0194470218753
231.058879742	0.0180704120551
229.520537144	0.0183827402423
236.389600375	0.0170293660791
222.541544208	0.0198986511855
213.314889704	0.0220593540134
224.663495445	0.019493645665
203.305014422	0.0246955660005
227.366547139	0.0188475578947
210.439723566	0.022800977485
213.271524167	0.0221019473707
243.412519446	0.0157833349058
225.980415355	0.0191756416147
234.273587368	0.0174326005571
221.517178103	0.02011232183
208.140785908	0.0233813295923
228.055428804	0.0187423945818
213.986200897	0.0218915602777
233.567835438	0.0175649886821
191.736943095	0.028077480214
218.361790292	0.0208532901495
234.494423256	0.0174087180743
222.978290725	0.0198039410867
209.001264549	0.0231989437337
234.093259472	0.0175210203411
234.19949374	0.0174426170148
246.31941117	0.0152361952744
235.585586536	0.0172004526905
240.929028474	0.0162005068287
251.052008845	0.0144901501779
224.285112317	0.0195194614202
241.891405221	0.0160297850798
241.903807409	0.01602533724
246.541005161	0.0152150741653
248.881852317	0.0148420468026
248.559231173	0.0148662081443
233.245284909	0.0176476739579
236.374822194	0.0170392514788
226.880294969	0.0189608191015
245.482616218	0.0154124041718
245.819537043	0.015337710356
244.791814239	0.0155222977398
227.038006128	0.0189076607432
245.181130176	0.0154407978857
238.979023706	0.0165457209001
222.450411789	0.0199424322357
242.083188534	0.0160041676374
230.647789979	0.0181572299748
237.299932556	0.0168551096801
236.346835325	0.0170319951532
244.827290247	0.0155068187541
229.749149617	0.0183473740941
221.955921845	0.0200464452865
238.899504756	0.0165754773166
231.825746531	0.0179081495624
241.915077446	0.0160012542802
220.77591291	0.020314710183
227.080375355	0.0189131292823
234.330197806	0.0174140368852
245.835185054	0.0153545161539
236.609761492	0.0169687166178
246.436792088	0.0152426839039
233.521006384	0.0176242489149
222.066580155	0.0199941423924
230.431150368	0.0182260122748
239.409491682	0.0164383027926
231.170994854	0.0180575344096
242.007736958	0.0159661031439
222.328252914	0.0199480445884
227.435717585	0.0188602525007
223.968026941	0.0195844298591
225.212556314	0.0193748874609
224.529553665	0.019494121433
228.930440954	0.0185369269992
230.853284284	0.018129417183
239.179070915	0.016494506659
245.432462635	0.0154092494141
231.254462078	0.0180633077782
243.375686578	0.0157717895444
243.537829735	0.0157185694578
248.081181673	0.0149671909502
238.815691653	0.0165882228464
246.282079009	0.0152567780053
231.942338948	0.0179042954166
237.264125094	0.0168517795459
234.433394	0.0174090776599
243.545724986	0.0157514827021
249.168968415	0.0147832525732
228.829132404	0.0185309092149
240.441955313	0.0162727078955
235.470522182	0.0172075474865
248.045332445	0.0149639190685
229.759605287	0.0183606266698
248.136015779	0.0149225393582
237.114660014	0.0168848459802
235.747151716	0.0171372673374
233.890421355	0.0174943993923
235.981685773	0.0170981891526
229.183573159	0.0184594358593
236.700303019	0.0169627338353
230.085914135	0.0182724297153
238.24496154	0.0166761449094
232.09260805	0.017891697364
227.092128053	0.0189521200231
236.053795881	0.0170890653106
227.645097686	0.0188043477648
233.982049245	0.0174965148475
238.691105238	0.0165951878246
234.51722218	0.017452187979
232.452024246	0.0178315608138
235.554503767	0.0172524973332
230.514817481	0.0182302260121
234.672902438	0.0174309171096
233.235999228	0.0176865941749
231.544955951	0.0180528400931
215.391425586	0.0216495836747
239.161276367	0.0165470296369
232.3957648	0.0178238134201
238.225537979	0.016710803384
234.17415689	0.0174451568071
243.318928514	0.015725289542
237.509632343	0.0168752611538
243.045446444	0.0157794155376
237.925667205	0.0167224231769
221.547043225	0.0201633694479
240.939137995	0.0161760010904
250.044289477	0.0146450280692
249.946401095	0.0146589326335
237.102399024	0.0169071500732
239.900558873	0.0163937269935
248.916209026	0.0148217964528
254.22957882	0.0139931685673
253.338174454	0.0141078329279
253.530302505	0.0140739953436
248.435737154	0.0149059474279
248.633203386	0.0148512348434
246.608776656	0.0152103360626
249.727840829	0.014672013714
244.373613537	0.015591356451
253.79480278	0.0140327299601
241.93141275	0.016032211609
241.253287369	0.0161485694743
253.639670986	0.0140714175421
248.72655745	0.0148469794786
242.609283975	0.0158836695049
249.992616064	0.0146449578
239.025146494	0.0165324157683
248.243971011	0.0149359840693
248.423482554	0.0148905162542
248.147131883	0.0149521088058
244.27511234	0.0155646314773
237.768363515	0.0167844856419
242.415966477	0.0158883927208
248.15359568	0.0149373155469
236.700422735	0.0169712308621
246.577332854	0.0152199749256
249.197802407	0.0147612717852
239.951188061	0.0163522273871
211.82187336	0.0225369541374
226.663855377	0.0190643661041
248.878443769	0.014838166977
239.141726608	0.0165530465328
255.876202039	0.0137232764399
243.995658405	0.01564622372
250.218703014	0.0146002720055
241.977376292	0.0159954581107
242.004214232	0.0159927836543
243.245023293	0.0157693454743
241.448125801	0.0160906176475
243.369432868	0.0157506163275
244.520911557	0.0155478109131
243.702953158	0.0156940444548
248.583155878	0.014879531002
250.950968911	0.0144683537301
251.73795603	0.0143630379799
239.918973814	0.0163531607609
247.508803566	0.0150624313963
239.512832357	0.0164264252276
236.735816993	0.0169493775776
247.617784178	0.0150190981573
240.089709906	0.0163308398142
243.862102598	0.015653647955
245.627864729	0.0153702980486
249.339269724	0.0147277576911
246.437595348	0.0152200141592
242.595184189	0.0158823329605
244.280953529	0.015597518567
240.033695575	0.0163484919559
237.095817677	0.0168811079054
247.848795245	0.0149742214712
247.135718612	0.0151046615039
246.571244478	0.0152013656803
251.127393466	0.0144518183059
251.61070412	0.0143951513948
249.624626237	0.0146832800046
246.683960508	0.0151874706728
252.438294457	0.0142372978541
246.29443168	0.0152625823
252.455090187	0.0142423704968
253.868409327	0.01404559371
249.12048128	0.0147754250202
251.243158993	0.0144406309974
257.781299131	0.0134486715366
254.047024581	0.0139956726379
253.952539	0.0140165337128
250.892820857	0.014488113446
254.210053931	0.0139700920691
251.855385691	0.0143402140643
254.229167917	0.0139886480009
254.728889981	0.0139127873285
253.973410141	0.0140287245415
248.224454273	0.0149294546909
250.579864006	0.0145449432067
253.889565563	0.0140335985593
246.813300684	0.0151703227735
244.770032693	0.0154982398481
249.514941839	0.0147181049166
251.217318231	0.014432509613
251.271092445	0.0144465905859
249.67389163	0.0146853677784
246.667020417	0.015193936257
248.79009678	0.0148347037528
250.451170018	0.0145759314335
247.095821954	0.0151225679938
252.389022401	0.0142474319323
246.668049013	0.0151912452218
253.344544511	0.0141035898798
252.668802817	0.0141941988815
254.976887538	0.0138725181202
250.463280438	0.0145587327846
256.403491461	0.0136406057356
254.897823124	0.0138479186902
257.680280257	0.0134608768327
251.557838067	0.0143892127668
255.751257247	0.0137209307797
253.654460285	0.0140505585305
252.809982902	0.0141810336972
257.266431941	0.0135170905556
253.000334269	0.0141550722552
254.386638178	0.0139402956334
254.078651	0.0139811642812
257.877728485	0.0133957855794
256.674727395	0.0135792485767
253.50668407	0.0140731480569
249.552616452	0.0146951307066
254.539468458	0.013920387662
250.907466009	0.0144803548276
257.73236433	0.0134188748861
258.980222735	0.013250763486
254.617687002	0.0139068381105
260.326555918	0.0130538506529
259.937987587	0.0131201342292
261.081599731	0.0129572104302
256.532239116	0.0136102854554
257.718486517	0.0134328682702
254.910460591	0.0138634126189
257.006195912	0.0135374560436
259.475473992	0.0131672259305
258.6485855	0.01329388013
257.456118449	0.0134754910602
259.807262552	0.0131406209039
260.945575681	0.0129653694495
260.796857799	0.0129732234524
258.927078702	0.0132482088839
260.207424128	0.0130539937254
261.344833363	0.0128944768176
256.097400052	0.0136802259886
255.29152824	0.0138053925842
259.894857149	0.0131271703445
257.768969436	0.0134242192665
260.791148181	0.012970250592
259.208791615	0.0132070855657
261.963053755	0.0128269882447
261.81718115	0.0128506546659
260.866264399	0.0129574302235
254.444816215	0.0139364206591
259.185030427	0.0132151027546
259.976090993	0.0130974953111
262.290628269	0.0127820250333
255.220486563	0.0138041997824
256.196897576	0.013652252865
261.268582175	0.012899052006
262.551202763	0.0127148138015
258.803664245	0.0132722901626
262.016655496	0.0128031455236
258.906060181	0.0132503944443
260.578970998	0.0130248092544
260.344346454	0.0130492028121
260.369126327	0.0130465637236
258.971975179	0.0132446727197
258.896538143	0.0132588926747
260.145141314	0.0130913302347
258.388743189	0.0133315338361
253.729676585	0.0140289809016
253.289742466	0.0140979878326
258.777884557	0.0132836996548
259.056267201	0.0132313027329
253.639220682	0.0140493204813
256.066678878	0.0136719530403
259.509561632	0.0131774549636
262.307290317	0.0127831244918
255.627887137	0.013738618144
259.54338642	0.0131553597771
257.719441716	0.0134325957058
261.251657136	0.0129033365799
261.737733965	0.0128385531961
259.416064794	0.0131789705546
260.456703	0.0130267190892
262.970563367	0.0126526591347
263.014646425	0.012662454056
263.205337849	0.0126459967721
263.376655034	0.012610605549
259.503942802	0.0131527039247
262.01672103	0.0127958160323
258.850151487	0.0132616323186
263.108655403	0.012633923492
263.344350458	0.0125928704558
264.174732439	0.0124942113649
263.408174496	0.0125892069087
263.338361642	0.0126200415074
263.66361639	0.0125629223816
263.477277547	0.012586078853
258.269321308	0.0133482199649
262.60027062	0.0127002261102
264.191606626	0.0124734823715
262.649916796	0.0127101800563
264.117001279	0.0125152787825
260.344616919	0.0130263050223
264.55647658	0.0124433394522
263.640061808	0.0125590566867
260.694693993	0.0129897428791
263.596542818	0.0125670527577
264.110724862	0.0124945467832
264.590268464	0.0124405082589
262.756021915	0.0126765598214
263.51441299	0.0125841074895
262.663293801	0.012691453401
264.085526648	0.0124928056431
259.087014915	0.0132220786296
264.013297434	0.0124925500867
264.211169181	0.0124690104059
263.778908086	0.012536519373
263.896053832	0.012514074325
263.9026158	0.0125384946813
264.598854885	0.0124322277388
262.817851521	0.0126719027179
262.061142337	0.0127836250718
260.886049287	0.0129560976304
263.838143331	0.0125136896181
263.605711675	0.012573399728
264.002494477	0.0124886894625
263.195763831	0.0126100531369
262.688738387	0.0126766904882
263.761359624	0.0125416334116
262.619842187	0.0127126326943
263.051836315	0.0126329384425
258.887019013	0.0132431521172
259.556883626	0.0131461680468
262.766982918	0.0126602835455
261.548749092	0.0128478289085
262.282479415	0.0127364360073
262.657904702	0.0126918894515
262.843153287	0.0126534214863
263.930724456	0.0124912476304
263.137290902	0.0126068262921
262.094208689	0.0127632647732
261.588210724	0.0128563823495
260.584904519	0.0130038017633
264.343825731	0.0124746194828
262.965830361	0.0126563789521
264.581861276	0.0124335418485
261.443261038	0.0128554348235
263.924388377	0.0125220801242
263.947990918	0.0125224199623
259.699542543	0.01311634226
263.206210799	0.0126390430171
250.328407294	0.0145639667735
250.672737706	0.0145044470909
250.263198739	0.0145649871647
258.941613109	0.013239134303
256.751415617	0.0135779159817
262.680357101	0.0127040072803
252.838778263	0.0141675282927
260.552693511	0.0130081136181
256.789392889	0.0135750992406
260.617314236	0.012997915164
258.193673233	0.0133752520413
263.066277175	0.0126260214214
257.506814906	0.0134617697426
261.899684245	0.0127896483947
252.004330691	0.0142929547577
260.404748033	0.0130170992868
253.87502286	0.0140186069063
258.00591498	0.0133723554487
259.016587746	0.0132244442411
261.881703445	0.0127938593771
255.442205284	0.0137718094127
262.611621831	0.0126868525938
256.077111358	0.0136746465563
263.409700351	0.012591654561
258.060827631	0.0133725660124
260.114776416	0.0130677479953
257.491378955	0.0134685328091
259.639125948	0.0131331088051
258.956630654	0.0132546829115
260.712114537	0.0129697298969
256.914375196	0.013551756973
262.310356938	0.0127312321577
256.803898611	0.0135650095204
262.213547924	0.0127517143153
257.224142144	0.0134959943806
258.965371122	0.0132348235593
259.05604596	0.0132338175597
262.467458418	0.0127314117528
258.408208289	0.0133206748688
262.095689727	0.0127761946921
260.035597485	0.0130998807707
262.88821776	0.012651283328
258.552204716	0.0133085284655
262.254967246	0.012745464359
260.594752639	0.0129988878292
261.902195057	0.0127958998382
259.938915769	0.013090406157
262.435704904	0.0127132341386
260.203226613	0.0130517698737
261.549860213	0.0128373803162
260.518789687	0.0129964036367
261.230871278	0.012877819833
260.786824509	0.0129529574597
259.05738491	0.0132092471603
259.110836491	0.0132150922901
261.082283652	0.0129009280274
261.653659048	0.0128320329575
263.358714715	0.0125733980601
261.444885424	0.0128552477886
261.242538394	0.0128810401869
259.924684865	0.013079552254
261.734833563	0.0128082948608
260.028077165	0.0130690633254
261.893385544	0.0127717559121
262.710168629	0.0126960627797
261.167191972	0.0128947132735
262.263230483	0.0127535201381
262.035254081	0.0127768830075
261.463546733	0.0128544715677
263.487089968	0.0125610413249
260.212384002	0.0130479100153
263.191700934	0.0125817304559
260.601686032	0.0129836030386
262.146775807	0.0127494369384
261.634747815	0.0128349170268
261.873849035	0.0127847347187
262.825583594	0.0126758516535
264.200976879	0.0124623508404
262.282947632	0.0127502492084
263.988298955	0.0124836730206
262.765411626	0.0126804415811
264.401827656	0.0124262385812
263.157577717	0.0126150371384
263.427932745	0.0125634457256
262.7188914	0.0126973471705
264.508100647	0.0124005798432
263.878688847	0.0125169243227
264.453871356	0.0124299345414
263.737658167	0.0125540606777
263.320124123	0.012577538765
262.980034134	0.0126401279213
265.119811012	0.0123136618352
264.586261021	0.0124276916076
264.619367995	0.0123838362079
264.699144403	0.0123919263216
265.438601961	0.0122618589594
263.898677275	0.0125098280858
264.37150391	0.012426442425
265.389413039	0.0123128592276
265.235357788	0.0123234531743
263.592418965	0.0125484323943
264.219478328	0.012449998292
264.371519321	0.0124606805783
264.244799781	0.0124479463304
264.338398472	0.0124615755596
264.756140676	0.0123815228706
265.029286315	0.0123561596695
264.790888709	0.01236298817
265.125558146	0.0123292710611
264.989561465	0.0123505883653
264.455574672	0.0124534930431
264.693726888	0.0123776940496
264.37542169	0.0124483712515
264.616749088	0.0123932098567
264.316512015	0.012455536956
265.07971955	0.0123153568355
265.160997683	0.0123491016082
263.674252268	0.0125252898355
264.424156422	0.0124361937055
263.778246363	0.0125109789057
264.554728022	0.0124214532819
264.381175521	0.0124394208671
264.308039126	0.012457152939
264.384736964	0.0124419430826
264.52544331	0.0124277619255
263.599176045	0.0125368251179
264.355482064	0.0124472197642
264.218013042	0.0124464567403
263.476898144	0.0125798337378
264.213112056	0.0124440152519
264.903437203	0.0123885221154
263.836080371	0.0125205110912
264.529613082	0.0124312503194
263.570046953	0.0125454431312
264.02808298	0.0124942083133
263.737789399	0.0125074776309
264.441562481	0.0124305211689
263.941671167	0.0124952543992
264.554477683	0.01242201102
263.489999602	0.0125578656405
264.153280701	0.0124793038853
263.147151543	0.012605402266
263.850142314	0.0125193227802
263.751929825	0.0125103353044
264.216083362	0.0124654401539
264.007487436	0.0124670133253
264.470140639	0.0124292674489
264.356964276	0.0124172106886
264.683832095	0.0123942667786
263.837477501	0.0125046371956
264.503668126	0.0124189836748
264.095177686	0.0124676398463
264.669887048	0.0124107042387
264.288846527	0.0124515213288
264.618894575	0.012431453157
263.916690139	0.0124909522313
264.628640311	0.0124058177599
264.486064192	0.0124077610642
264.461978723	0.0124464259285
264.350128237	0.0124443186498
264.399556269	0.0124363362699
264.618858598	0.0124023225009
264.883730559	0.0123882521022
264.860661416	0.012371286878
264.28348077	0.0124772649311
265.117082457	0.0123368294819
264.640537951	0.0124312468581
264.745923112	0.0123854421169
264.029129772	0.012492277688
264.811187561	0.0123689049865
264.536479642	0.0124207780266
265.399956625	0.0122829040424
264.957758221	0.0123623598926
265.183094427	0.0123240060426
265.287925463	0.0123361143636
265.272227612	0.0123043065612
265.22807082	0.01235007488
265.609706523	0.0122657736105
265.048737457	0.012375563175
265.756559895	0.0122471381313
264.615353211	0.0124262797107
265.608682116	0.0122733347812
264.906905043	0.0123744841339
265.737894303	0.0122598600107
264.535159354	0.012446710762
265.25556888	0.0123059860916
264.776434729	0.012388536981
265.520672126	0.0122661176273
265.167658198	0.0123325965769
265.714564416	0.0122338742756
265.253821564	0.0123399065084
265.777983543	0.0122443050874
264.647623588	0.0124098308401
265.61480041	0.0122733302328
264.672445668	0.012419433027
265.391357115	0.012293563416
265.591816623	0.0122891789313
265.357793202	0.0122965630539
265.411960744	0.0123149065857
265.810293726	0.0122399638353
264.610178626	0.0124103342856
265.486846379	0.0122841472938
265.095054028	0.0123572091903
266.060135327	0.0122083514512
265.352278837	0.0123170893799
265.488848379	0.0122792577675
265.215123494	0.01234682457
266.071607951	0.0122153725185
265.094141811	0.0123625933862
265.938984981	0.0122324405999
264.966343051	0.0123730051026
265.622960481	0.0122671930281
265.105935268	0.0123531245677
265.625709322	0.0122432697745
265.487803947	0.0122951180695
265.876432225	0.0122358497587
265.220459868	0.0123318738808
265.890483979	0.0122374121699
265.288877141	0.012311879715
265.90953454	0.0122356680965
265.208716916	0.0123315849936
265.81597972	0.0122252026991
265.402342486	0.0122804776973
265.606100126	0.0122529155002
265.193757142	0.0123134925253
265.842329261	0.012246453561
265.089766668	0.0123349701753
265.837960178	0.0122524170506
265.035415572	0.0123494719401
266.188284619	0.0122100895057
265.478922718	0.0122690263775
266.394061179	0.0121761724877
266.513425868	0.012137144437
267.568829734	0.0120204878051
267.078419764	0.012072540598
267.467790011	0.0120225036973
266.298219217	0.0121826113554
268.234503978	0.0119200666094
267.014830455	0.0120925706558
267.595175575	0.0120191718168
266.851040271	0.0121044746735
268.175758921	0.0119340653665
267.478437145	0.0120245816869
267.516304817	0.0120211895424
267.335928939	0.0120456165248
268.109511698	0.0119378940143
268.726640709	0.0118566901316
269.256853376	0.0117927820346
269.030838251	0.0118213497667
268.494375569	0.011883349317
269.465643405	0.0117671783108
268.809020727	0.0118571885669
268.673520558	0.0118672147575
269.462309495	0.0117578501146
269.561140973	0.0117559151497
268.96961195	0.0118299194709
269.720697524	0.0117308150474
269.549807947	0.011755862691
269.108559442	0.0118139628076
268.978940383	0.0118188483641
269.492565499	0.0117543649105
269.419690702	0.0117621021165
269.627751591	0.0117435398926
269.291359247	0.0117924370694
269.279745416	0.0117923671114
269.62599211	0.0117384249698
269.614441309	0.0117444487805
269.914467117	0.0117033530066
269.575238913	0.0117498626518
269.877295888	0.0117149183734
269.786082833	0.0117225168959
269.656995903	0.011735048001
270.365616391	0.0116461691404
269.957004859	0.0116932031283
270.52392161	0.0116292335025
270.393043912	0.0116342634474
270.643634948	0.0116138566287
270.6933178	0.0116037406818
270.974017006	0.0115656452316
270.862251422	0.0115712301383
270.649827403	0.0116030727392
270.966429433	0.0115589666312
270.863934911	0.0115741009525
270.683831504	0.0116044104944
270.770797003	0.011586741584
270.969059889	0.0115560525719
270.755003329	0.0115848315033
271.304269184	0.0115171910948
270.924966759	0.0115646780612
270.983258786	0.0115613029454
270.486095073	0.0116314986102
270.636280167	0.0116086868067
270.342280177	0.0116496819311
270.459060394	0.0116340612403
270.470559537	0.0116312985487
270.566992848	0.0116210782841
270.512818721	0.0116256778378
270.536673034	0.0116252449131
270.305071213	0.0116491283089
270.784228617	0.0115891230382
270.456013626	0.0116289269538
270.947538668	0.0115690262734
270.957460865	0.0115678367218
270.919590094	0.0115746982217
271.089089501	0.0115490880964
271.185309593	0.0115395575952
271.086086006	0.0115531426553
271.335845901	0.0115184782267
271.319543708	0.0115213811283
271.29847444	0.0115252614778
271.462256204	0.011501757039
271.498355973	0.0114964581884
271.388420161	0.011512239667
271.296429525	0.0115175723782
271.495045195	0.0114937917453
271.521485285	0.0114961293017
271.612431356	0.0114802818402
271.560722237	0.0114860306336
271.481966517	0.011494959343
271.736773908	0.0114669015121
271.789177715	0.0114588727534
271.567793427	0.0114834792442
271.856035645	0.0114519434535
271.840589497	0.0114514736438
271.908460678	0.0114419946977
271.620419166	0.0114763552846
271.709745598	0.0114643212945
271.893538608	0.0114451711322
271.874131182	0.0114438810334
271.694846955	0.011465293316
272.024647018	0.0114262621507
271.907281535	0.011440872941
272.05678069	0.0114256133583
271.957348127	0.0114372678465
272.108841219	0.0114176194127
271.941170615	0.0114396074625
271.938121383	0.011435556912
271.919634449	0.0114377264756
272.020833788	0.011425467271
271.997243559	0.0114317625428
272.15447763	0.0114123421591
271.870720209	0.0114434621717
272.102666014	0.0114139415784
272.058979358	0.0114227193717
272.203378252	0.0114036338365
272.028961727	0.0114270280924
272.117563531	0.0114118304465
272.027459926	0.0114256280062
273.276195116	0.0112640001257
274.329020478	0.0111293549207
275.41444489	0.0109947509071
276.299610933	0.0108878809445
277.071884741	0.0107960707357
277.757196837	0.0107136778652
278.388446776	0.01063729495
279.007899309	0.0105641185286
279.627367381	0.0104909199944
280.325070801	0.0104137320812
280.881771929	0.0103476662418
281.520318629	0.0102758237126
282.021538096	0.0102165784847
282.659394221	0.0101466644562
283.182928444	0.0100866623103
283.724495394	0.0100273525794
284.23660916	0.00996857237755
284.850206393	0.00990205075487
285.532718002	0.009823078776
285.912478219	0.00978470359695
286.186640824	0.00975395300431
286.978194014	0.0096640329912
287.269551607	0.00963449435353
287.567786604	0.00960649676193
287.845205945	0.00957691980769
288.074738162	0.0095528272516
288.240499225	0.00953561697876
288.581636688	0.0094969970403
288.3268718	0.00952123467866
288.215127052	0.00953461002243
288.462933565	0.00950952461291
288.207333564	0.00953659739097
287.906304767	0.00956926332315
287.509259817	0.00961087719992
287.158925888	0.00965085520867
286.69456416	0.00969991233631
286.257192857	0.00974734765375
285.795631389	0.00979664043749
285.490199594	0.00982972925003
285.195748945	0.00986285865404
284.921410383	0.00989195458683
284.762382445	0.00991099611998
284.617667381	0.00992643699667
284.636165118	0.00992504852868
284.707194798	0.00991714309454
284.837747678	0.00990338977854
284.963461652	0.00988928734171
285.087857851	0.0098754903775
285.146069699	0.00986975101906
285.116298694	0.00987091247314
285.035086771	0.00987996463123
285.036711928	0.00987862582179
285.084370442	0.00987221622389
296.590384327	0.00868441404964