100	-0.04534	0.0	0.999999999943	5.70697501129e-11	0.0
104	-0.03416	3.91667078489e-70	0.70092756442	0.299072435133	4.46811373836e-10
105	-0.03816	0.0	0.0	1.0	0.0
107	-0.0393	0.0	0.0	1.0	0.0
11	-0.09483	1.0	0.0	0.0	0.0
113	-0.04489	1.0	0.0	0.0	0.0
114	-0.007183	0.0	0.0	1.0	0.0
115	0.001429	1.0	0.0	0.0	0.0
116	0.04654	0.0	0.996951851167	0.00304814883347	0.0
117	0.03865	0.0	1.0	0.0	2.71224180932e-288
118	0.06642	0.0	1.0	0.0	0.0
119	0.0974	0.0	0.0	0.0	1.0
121	0.1067	0.0	0.0	0.0	1.0
125	0.191	0.0	0.0	0.0	1.0
126	0.4881	0.0	1.0	0.0	0.0
127	0.6295	0.0	0.0	0.0	1.0
128	2.264	0.0	0.996563416609	0.0	0.00343658339101
165	-0.09281	0.0	1.0	0.0	0.0
166	-0.111	0.0	0.999986924363	0.0	1.30756367843e-05
167	-0.1585	0.0	1.0	0.0	0.0
168	-0.1247	0.0	0.0	0.0	1.0
17	-0.1279	1.0	0.0	0.0	0.0
170	-0.1048	0.0	0.0	1.0	0.0
172	-0.07842	0.0	1.0	0.0	0.0
175	-0.09367	0.0	1.0	0.0	0.0
176	-0.06238	0.0	0.0	1.0	0.0
178	-0.06414	0.0	0.0	1.0	0.0
189	-0.02556	0.0	0.0	1.0	0.0
190	-0.02311	0.464148807012	0.0	0.535851192988	0.0
191	-0.0251	0.0	0.0	1.0	0.0
192	-0.02172	0.0	0.0	1.0	0.0
193	-0.02629	1.0	0.0	0.0	0.0
194	-0.009488	0.998861088	0.0	0.00113891199977	0.0
195	-0.00809	1.0	0.0	0.0	0.0
196	0.01609	1.0	0.0	0.0	0.0
197	0.02048	0.0121586552536	0.0	0.987841344746	0.0
198	0.05307	0.999989433296	0.0	1.05667043619e-05	0.0
199	0.07073	1.0	0.0	0.0	0.0
200	0.1022	0.0	0.0	1.0	0.0
201	0.07281	1.0	0.0	0.0	0.0
202	0.02833	0.564247845197	0.0	0.435752154803	0.0
206	-0.003676	0.665098896932	0.0	0.334901103068	0.0
207	0.002256	1.0	0.0	0.0	0.0
208	-0.01574	0.000192052652052	0.0	0.999807947348	0.0
211	-0.01745	1.42682792856e-228	0.0	1.0	0.0
23	-0.08885	0.440876772922	0.0	0.559123227078	0.0
24	-0.07816	0.0	0.0	1.0	0.0
25	-0.08554	1.0	0.0	0.0	0.0
26	-0.08879	0.0	0.0	1.0	0.0
39	-0.07334	0.0	1.0	0.0	0.0
40	-0.05552	0.0	4.83387305236e-07	0.0	0.999999516613
41	-0.04011	0.0	1.0	0.0	0.0
42	-0.01391	0.0	0.954181771372	0.0	0.0458182286282
43	-0.02686	0.0	1.0	0.0	0.0
45	-0.03788	0.0	0.423191340058	0.0	0.576808659942
46	-0.0418	0.0	1.0	0.0	0.0
47	-0.02134	0.0	0.0	0.0	1.0
48	-0.02616	0.0	0.584809769802	0.0	0.415190230198
49	-0.04201	0.0	1.0	0.0	0.0
53	-0.05795	0.0	0.0	0.0	1.0
54	-0.03679	0.0	0.563285286491	0.0	0.436714713509
6	-0.06648	0.0	0.0	1.0	0.0
61	-0.06609	0.0	1.0	0.0	0.0
62	-0.04946	0.0	1.56369132849e-47	0.0	1.0
63	-0.04905	0.0	0.0	0.0	1.0
64	-0.06164	0.0	0.0	0.0	1.0
65	-0.05763	0.0	1.0	0.0	0.0
66	-0.05496	0.0	1.0	0.0	0.0
67	-0.05971	0.0	0.0	0.0	1.0
68	-0.06511	0.0	1.0	0.0	0.0
69	-0.05595	0.0	1.0	0.0	0.0
7	-0.085	0.0	1.0	0.0	0.0
70	-0.0543	0.0	0.0	0.0	1.0
72	-0.05931	0.0	0.0	0.0	1.0
73	-0.05323	0.0	0.0	0.0	1.0
74	-0.05473	0.0	0.83769818911	0.0	0.16230181089
76	-0.0598	0.0	0.541824767516	0.0	0.458175232484
79	-0.05364	0.0	0.0	1.0	0.0
80	-0.05347	0.869062291452	0.0	0.130937708548	0.0
84	-0.121	0.0	0.0	1.0	0.0
86	-0.1016	0.0	1.0	0.0	0.0
90	-0.05911	0.0	1.0	0.0	0.0
91	-0.05757	0.0	0.0	0.458540919528	0.541459080472
92	-0.06516	0.0	0.00364144210675	0.0	0.996358557893
94	-0.04964	0.0	1.0	1.57645075967e-13	0.0
95	-0.05065	0.0	0.991166675918	0.0	0.00883332408164
97	-0.04605	0.0	0.351826528101	0.648173471899	0.0
98	-0.04174	0.0	0.999997142667	4.20197056624e-43	2.85733264275e-06
99	-0.04438	0.0	5.41045816372e-08	0.999999945895	0.0