-68.1743166898	0.523081544938
3.22754811798	0.233707824398
92.8592686373	0.0842767962365
47.4521544984	0.137739332158
-40.6616963073	0.384136825847
-18.8537147735	0.291739065151
-30.1860861642	0.341135889227
30.4831415548	0.171683368573
36.8617920492	0.153600696294
11.8862275218	0.206377499421
-7.80894750654	0.259699152505
30.1028268213	0.167612317784
-9.94598107624	0.271691012566
-8.86306445924	0.266859483328
38.1669001877	0.15152727883
-33.5371936837	0.350123104594
31.5775993587	0.164570902934
33.3125940718	0.160966256881
-35.5006571698	0.361937819627
62.2390411951	0.119174757749
-56.667771026	0.456529927929
48.072270225	0.136347074156
23.6144531186	0.184567439469
22.5912437807	0.184927183021
30.5258018192	0.172062663434
9.20150892748	0.215397287512
-4.54383788363	0.253693545773
8.42597473582	0.219888049622
98.0377893349	0.0793535512448
16.7100268808	0.200497834425
26.6750206247	0.178369265797
11.0230271576	0.213729055459
46.278584995	0.143190210705
20.8520598626	0.19126897707
41.9342997946	0.150055217788
12.5682829862	0.209477700044
34.6872455804	0.162014136935
27.7837698334	0.176549011121
73.2891008448	0.104936304354
41.0653407885	0.151886723508
37.417948178	0.156922772411
40.778666974	0.152118555253
29.4238082077	0.172637675261
47.692836253	0.140721634376
12.5700949844	0.209152706928
40.1443162499	0.152936712997
29.720790645	0.172487754233
37.1785765517	0.157664608223
8.04048634702	0.220156751546
53.7717488135	0.131546599985
49.5196980741	0.138039828121
43.621095048	0.147040742279
15.9622751867	0.201360588906
40.4436176752	0.152738418676
24.9483861982	0.181749972583
50.4195268069	0.136387485444
29.3592738444	0.172372866354
48.1253078528	0.139446959919
20.0488165939	0.191224097873
51.1805495753	0.135122651594
38.5630974009	0.155751007186
41.098571203	0.151193613877
38.3181951046	0.156156248337
38.697041908	0.154715523901
109.243034606	0.0700587372951
53.7958512498	0.130375035328
56.9231952252	0.127133865013
24.3921712699	0.181152489223
78.1896156872	0.0996054712516
30.5580822383	0.169025448471
59.7131535535	0.123103106303
47.4722655365	0.139716389845
50.3433333391	0.135934231651
29.5647881494	0.171159553896
57.3352301087	0.125940173853
35.0695930769	0.16102518288
74.764768407	0.103163450276
31.0587221063	0.167833001259
68.3168600321	0.111615761073
52.6480568528	0.13164173542
72.1600310832	0.106713026223
31.2042507688	0.167288944924
79.9658862269	0.0974811338028
58.7353686778	0.122481700143
52.2240713777	0.132800634852
56.9790274744	0.125349675329
63.4766234485	0.117386592076
57.7490821079	0.124932725336
74.14343975	0.103325933359
63.686986416	0.116441990808
49.4933328075	0.136315937781
63.6216290212	0.116008276736
63.5165441352	0.116866007787
44.4205264632	0.144475593689
83.2189074896	0.0934272726168
63.8721960832	0.115574849348
64.991218193	0.115021001122
63.267180704	0.116536355836
56.1384030876	0.126916494506
89.3955907058	0.086981834882
58.158887467	0.123371086435
74.6427788581	0.102838239285
56.1941757292	0.126063954784
60.7260831385	0.120635889622
66.2113191017	0.112636986314
68.6191974914	0.109871843679
64.4699807985	0.114877869713
81.7573992757	0.0949452566868
75.4167839601	0.101652373465
76.2557447917	0.100731948719
70.9609214584	0.107181721116
76.9614036094	0.0999722644998
65.5258606048	0.113438893029
74.791708823	0.102493919464
70.7687805465	0.107146639219
77.2084556658	0.0996898818725
67.6382273856	0.111055753943
65.4691037502	0.113532553248
74.8186146462	0.102408121235
68.9607485917	0.109359352603
64.2790964758	0.115110551205
63.2483441532	0.116596444037
70.3394236407	0.107631275489
87.6491420033	0.0888047485324
64.8782791345	0.114369085179
78.8541149801	0.0981332992574
50.0414492408	0.135369990447
81.7418000823	0.0949588325821
76.6659499152	0.100856123056
64.2596594603	0.115631064451
79.3170653192	0.0981878901499
41.0075464598	0.150127669953
86.0503699093	0.0904470826093
31.9309322888	0.16524819962
79.6923093779	0.09718018403
91.3683011989	0.0850193688198
85.625856991	0.0909745291541
63.7428611488	0.117099916146
18.0522095927	0.193573170827
80.9843899965	0.0960066815126
51.448368859	0.13388782171
73.1538411973	0.104361577478
52.3463040413	0.133137958968
29.0735473649	0.17004770929
0.182251551137	0.240812473102
34.5789687128	0.159607762056
33.0373590683	0.166287000679
42.216701935	0.146755619377
-4.11679862252	0.252960500938
47.6247952818	0.138152945039
24.1065755866	0.184170085726
44.3605113515	0.142913523865
-1.96518929015	0.246633618783
60.6972215685	0.119677009414
8.67025123421	0.219381102409
56.214705049	0.125558930098
-9.42035852011	0.268851239011
54.9370039054	0.127692562568
6.4722532011	0.224608421267
51.3988195068	0.132750365575
-14.9883861826	0.285348200003
49.0738561897	0.135106663919
6.36433263976	0.224479995059
53.0160684244	0.129640693368
-5.40871794851	0.254941417496
60.9767498603	0.119472501376
-0.735606514987	0.242463792567
51.0916895016	0.13296433233
-6.89551091894	0.260179008529
52.0799448572	0.13162690936
-0.789568619601	0.242212560006
29.7112363821	0.168738478967
-2.91359828613	0.24580792623
48.2847689136	0.137929497988
22.6223687942	0.182939789906
45.1958722471	0.142650125939
14.9224579271	0.19984349958
49.7302902444	0.135629747186
5.80110469012	0.222592726704
32.8339219666	0.163209472344
7.33193350905	0.218280613713
55.7007799164	0.127011697612
40.4087801023	0.149535944104
22.318235189	0.182848006265
-15.108529115	0.284392104722
39.5403061913	0.155435667289
43.4018622017	0.148753013866
-5.50540989882	0.257363225056
30.4365567066	0.169984278687
99.9917401747	0.079183359597
54.5346936999	0.131504207364
61.9844994577	0.121022494425
5.58396092947	0.223546903498
41.1683998756	0.152399935373
-3.17614274295	0.245073208353
31.9336897756	0.168479249889
-8.69799110038	0.264400169544
60.1750976406	0.120419660493
108.761531296	0.0706695766675
84.023538218	0.0947836868711
3.45710456193	0.233432802731
-14.7733710931	0.285689068512
109.988061532	0.0708987985088
14.7251167126	0.205624677329
19.1839114777	0.195561384067
57.713868456	0.125620465361
62.5100955646	0.117448781799
44.9220990658	0.140286612522
-0.136535553333	0.241799422053
87.7917060877	0.090818721494
97.4863862241	0.0815646212109
0.409566042418	0.241057324777
67.4092224641	0.113404356384
74.8241830652	0.104747693299
56.6062937335	0.127806609957
28.1296142632	0.170018859964
35.0308300247	0.158725426551
15.8223170322	0.196806106374
28.9766207982	0.174945666661
29.3619133377	0.169588096032
32.6614797099	0.16410940892
97.3179549353	0.0816949128632
19.0219946244	0.193415985379
34.3033715164	0.16084486632
37.092480252	0.153456769479
36.8912415066	0.153554910207
37.7770439492	0.154614628663
88.7591973911	0.0880401676409
64.370515503	0.116866727055
48.3816713985	0.140860505848
33.978785834	0.164880461082
17.2993075366	0.199572905808
32.1042541252	0.168343512521
6.70214933642	0.219198380639
108.647482673	0.0698313914622
24.9967398327	0.177171979239
27.0070855526	0.173896192452
66.9760639385	0.114265454254
87.1465880647	0.0893973432293
36.8461758133	0.156800588032
107.729842784	0.0706853302919
30.0294197335	0.170454232886
-0.687704240467	0.242899067597
95.736369553	0.083125331241
94.7532730685	0.0838647007361
37.7058225877	0.158285567613
-19.4778897847	0.301455092302
44.5909559408	0.146970515166
44.8876707763	0.141574363149
-0.183672374772	0.242448322538
12.4430244494	0.20559574888
4.77660576825	0.228131634268
10.2913168205	0.21197936672
23.6762804071	0.184746663039
31.2493613406	0.169891791104
92.4532550612	0.0841056679796
19.0253799469	0.194878891681
47.8068065409	0.141267642125
120.286836881	0.0624966197928
19.7430754086	0.193075974004
113.256844188	0.0675653020077
112.634691947	0.0687719791589
30.6049367906	0.17079668381
27.2193893846	0.173915251144
32.8958434117	0.167041153179
70.4540143877	0.109961693402
33.0174790426	0.167293092428
111.691498489	0.0695614927847
33.8099478921	0.165453498533
81.2195739523	0.09763894563
114.395074128	0.0674287556689
70.3435836222	0.110227230922
126.473800776	0.0588548481248
107.233534322	0.0726636096785
22.4020191694	0.183152424959
37.7887984194	0.152583072534
78.7077404906	0.100404187166
155.711098207	0.0421928240571
38.2425178097	0.157396553542
105.15235037	0.0746381716123
38.2054299122	0.153063773397
39.9382963962	0.150059856874
79.3469690163	0.0984463443033
59.1852341516	0.122250322119
46.5871234579	0.139122772476
47.5024535732	0.137504590474
36.0650154547	0.158775897159
75.2312617739	0.102542164277
40.8730271985	0.14811080141
45.8265892584	0.141566275725
115.400884037	0.0651484115646
38.5342418216	0.153124340773
50.8739885189	0.132745895434
52.0299593709	0.131648211839
112.194626485	0.0670008805838
35.7594883217	0.157453555609
53.3633079858	0.130109596542
62.4802196977	0.118860096561
99.6058643661	0.0775468491579
180.157409488	0.032094539985
48.912203085	0.13543735647
53.1372287907	0.130118723744
108.140017775	0.0702643142787
48.3421109853	0.136335808662
48.3668305439	0.138329884489
28.27287567	0.171138468319
54.5174540021	0.127927959324
150.732137922	0.0440689722815
52.580575219	0.130701817211
63.784147299	0.115636153447
164.97373437	0.0376841107798
54.3564988974	0.127760702661
51.2580834881	0.133041389824
71.9233276288	0.106309611593
46.6394488387	0.138930869578
77.7890068149	0.0990812434478
18.3433037599	0.193035978996
94.162126063	0.082281163052
87.7411887763	0.0908708407075
47.9647879476	0.13851051934
101.240675647	0.0777040410278
86.3217758238	0.0923937042494
42.772394397	0.146669332308
36.3178694235	0.156153269798
37.4247725623	0.154809869919
121.633036944	0.061774091534
40.6367887964	0.149901360539
29.6833145131	0.168503546191
47.7802840679	0.138717753901
44.9403820021	0.140594677658
70.6030990083	0.109863181238
80.1257145604	0.0988165731711
127.509156687	0.0579520239063
107.944595848	0.0725013889984
65.9357119338	0.113302811831
34.7554055236	0.160638719314
73.2206624288	0.106087976107
64.776195525	0.117180435394
91.3580512112	0.0850737400957
19.5234758621	0.194405900406
165.884382387	0.037590215332
50.4288490577	0.137147229026
79.6784345386	0.099428420419
34.2973751185	0.16269884701
57.6498825428	0.124078983152
82.2049530391	0.0966726488604
127.433047898	0.0581366489249
67.0616085687	0.114223993763
48.6589617082	0.14007923679
101.069333242	0.0783750817216
136.30026218	0.0522133327551
104.856445503	0.0750853833652
71.3921821419	0.108826980275
47.0114559633	0.139135085632
73.1223426103	0.10558547178
13.8488991609	0.200394946175
28.0148428966	0.17592897899
133.874829403	0.0540541029865
82.0683857577	0.0967308843334
129.613166641	0.0568073375282
21.114890515	0.190550216683
119.870736065	0.0634218356862
71.1662542169	0.106344439952
53.101534523	0.130116017747
50.6018327089	0.132896416957
42.8951818199	0.144202778862
43.7082637021	0.142473650727
52.2002144688	0.134493449766
67.846018783	0.113189882516
63.2169773007	0.119063697602
34.1049126838	0.159352214651
53.8067357662	0.129483484489
76.6398533608	0.101003111242
79.2841243029	0.0977192051613
69.6711766153	0.108286004477
43.9555030836	0.147660920087
74.0715156013	0.103494309552
22.8466894166	0.182820972451
47.502131689	0.138566949063
31.1210124566	0.166841335752
132.236087108	0.0550868904475
96.3071684333	0.0825982744237
152.256379507	0.0438138702392
88.7640864466	0.0899249871113
62.5633788509	0.117180562173
59.5129670607	0.124072232504
124.083491526	0.0601814106525
79.1722726144	0.0982119126582
160.284979095	0.0401473785024
56.5335483042	0.12467012264
47.1868259626	0.138529288721
169.880972865	0.0357081581162
52.781410261	0.129706224378
48.4429829651	0.135472682489
131.358454732	0.0552512903836
155.640936553	0.0421374534663
64.9821204679	0.116717241079
71.206259558	0.109148449889
102.171001777	0.0773489673322
56.6010771048	0.127405205207
95.1124947348	0.0837801932296
75.5171196953	0.101375114976
61.0674049256	0.118872462443
60.7592332972	0.119310029539
48.5010495266	0.135362523149
13.7609373515	0.204530679757
101.396439102	0.0779809549007
80.0584322812	0.0964347477218
99.7140593798	0.0777208017805
52.2282419041	0.132017410937
40.5657094574	0.148041747661
45.0023181215	0.141631053605
59.298104505	0.121353582188
69.0900384757	0.10985353769
66.9109819351	0.111614715514
37.6264275778	0.152995539731
64.3461336739	0.116690175843
81.7396365121	0.0972036840708
115.870011758	0.064972011658
74.1796391856	0.105688476269
85.6492813309	0.0908365116688
132.660596216	0.0537144944539
60.0223617834	0.121879051154
103.716812424	0.0740111124908
60.8806983581	0.119011689002
40.9231993392	0.148165885513
43.3128856593	0.144666959699
39.7698091304	0.149985032659
158.93936418	0.0406744776824
115.085796837	0.0668778925109
152.175451399	0.043686142097
70.3505950335	0.109338236438
92.8459271913	0.0858366770707
137.123941055	0.0518203829255
81.4191580595	0.0974099686068
76.6648067687	0.100081778896
65.4288151131	0.113398717876
72.879152797	0.105783729152
101.159417397	0.0782877580896
125.253918318	0.0596633885487
57.2209488512	0.127404844548
149.409727795	0.0446908970394
71.3606519828	0.109071887311
80.1084020565	0.0968371859413
138.414287028	0.0513840740987
71.2639039589	0.106166503038
42.6716740692	0.144295802638
41.6696382954	0.148566679124
104.32743325	0.0751438760652
32.6326554969	0.167886956635
98.5029875213	0.0805991481849
89.6674803177	0.0868770379141
55.7204509639	0.129457718578
109.724010989	0.0690710249125
158.68569576	0.0407480222321
97.4694847076	0.0808474842622
109.749601333	0.071065566559
89.9740179599	0.0886777416319
76.5442824688	0.102832182408
120.09913983	0.063260594435
175.170697632	0.0339515033357
69.6995411415	0.110877737111
126.217733341	0.059021479415
72.5576660792	0.106242142456
72.9858556747	0.106160212841
145.861818944	0.0471842823508
175.692885472	0.0338130737153
196.637676773	0.0267157386056
168.742798159	0.0364948371819
177.946114883	0.0328335112674
92.650950281	0.086010147346
95.6165581017	0.0832183379042
117.245566475	0.0634356639522
142.86245354	0.0488306251203
132.293331482	0.0538087079544
134.324003238	0.0538318259304
117.808422934	0.0632995146794
148.814955315	0.0456943211737
106.191108443	0.0718926439769
154.010192779	0.0430901438451
116.583913133	0.0637592914034
155.220780186	0.0425029494672
124.306939655	0.0586123079691
113.93153067	0.0678139067585
130.955914897	0.0545261869748
95.9454800245	0.0829910402134
170.043354884	0.0355327113723
123.384032452	0.0609543751294
114.459067802	0.0659605985267
80.4984249409	0.0985762270669
122.544199661	0.0598803430747
163.046823818	0.0389317205828
182.317106884	0.0310914155163
116.489009493	0.0658972712306
168.537809771	0.0361463957804
74.9720541455	0.104817851296
93.4711871063	0.083091862112
81.4798134371	0.0957304003391
96.5247058492	0.0820809030648
91.920144134	0.0867907319128
150.423064019	0.0443464843162
158.202921231	0.0411130867002
105.6013358	0.0723817217638
83.6136373021	0.0952180827783
77.1015066091	0.10029082224
96.418226617	0.0825551881444
141.560546938	0.0486675175967
93.4516235653	0.0853207806873
132.118687714	0.0542346725463
91.8651853005	0.0868339308098
131.311687957	0.0556962304496
197.118579259	0.0265727170286
86.8597098727	0.0918109234785
102.826175591	0.0753680883654
112.050031106	0.0691178756734
130.748767461	0.0560838364819
99.4256885867	0.0779376489643
60.8779208874	0.122497722195
155.5433607	0.0422930330876
223.931075973	0.019623196169
94.5818129114	0.0842574042245
158.739763913	0.040869267436
79.344731121	0.099842182273
115.928399823	0.0651974164531
103.378799632	0.076351594592
155.358030914	0.0420308304997
219.992263373	0.020453125868
110.796589132	0.0691825207808
139.429863837	0.050827156354
103.612389088	0.0761405827102
173.133701134	0.0347626888055
114.354900022	0.0662883381145
139.388364611	0.0502380451186
115.238563682	0.0666384340833
125.82692954	0.0592425616307
184.530987765	0.0306289571721
73.6691417589	0.106167012876
85.9107347858	0.0927062244129
103.175013227	0.0747608077519
101.191690637	0.0782024499793
74.9660345935	0.102526056788
74.9503404072	0.104787053891
93.6892924896	0.0827648421947
94.8656194857	0.0839447741203
80.111157809	0.0967392219353
73.7961585198	0.106097985754
83.7904320048	0.0931485858657
88.3442299122	0.0902389812201
102.058137476	0.0751933503979
77.1427479212	0.0995099771864
85.1502690945	0.091297884385
115.593045866	0.0665215253732
198.502078047	0.0261773188709
117.55944355	0.0650412475875
182.156810865	0.031448653747
81.677080314	0.097155712372
95.514575066	0.0833621520302
133.870722457	0.0540879622526
86.792749087	0.0894687926297
80.4303251765	0.0962148054262
117.717204546	0.0633117802122
114.940899881	0.0651937574194
117.59276798	0.0648218505801
80.9497030125	0.098018607356
106.279416991	0.0721390805092
172.21182125	0.0347573756076
163.682434905	0.038654664216
91.6431173747	0.0870131202677
103.698808996	0.0760669089477
117.887717044	0.0642762357352
209.992090346	0.0229866789647
203.675441581	0.0245655725882
131.934216369	0.0544474658477
80.36818327	0.0986962240029
89.2106508461	0.0893957724611
185.770513076	0.0300165829484
142.525385508	0.0490604921265
169.168537201	0.0363449028534
122.379490068	0.0616494743224
99.8511208736	0.0794154368095
173.425604741	0.0345738034695
84.9480679825	0.0913535472755
95.729545989	0.0809731171344
94.7442669666	0.0818535789218
131.363649999	0.055658985596
169.954269286	0.0359588175141
120.856972471	0.0626747556138
104.710716221	0.0752268040332
96.9220463334	0.0821011321185
106.693669418	0.0735365798302
181.881048164	0.0314981044103
134.156286755	0.0539337197545
159.08169946	0.0401532480763
127.711355447	0.0567577892769
151.097886327	0.0438633651937
128.248107815	0.0576282954514
83.1906952529	0.0955448063968
194.59047804	0.0273633142738
154.958248232	0.042226867427
179.101983248	0.0325098212965
129.730507998	0.0566331864848
125.583538216	0.0594329937697
150.280515652	0.0449336273068
123.527802617	0.0592399923546
132.473055567	0.0546487022905
84.2437472945	0.0944856968009
96.4865059167	0.0824091695654
121.893452839	0.061977082105
107.552411087	0.0708072911346
89.120922554	0.0872282877062
220.294752507	0.0204440009949
133.287217887	0.0532864507511
92.482572628	0.0861926307632
119.730617534	0.062022936244
175.868561549	0.0337316551174
167.736749407	0.03688785262
96.5365292728	0.0802495909259
104.479473026	0.073274806412
196.688599956	0.0267207565159
154.468703126	0.0428371804296
87.3968092076	0.0912374926681
143.769665919	0.0481725906892
168.236639919	0.0367282512989
137.16264258	0.0513697866458
113.506810669	0.0663311550619
151.669445484	0.0442546596004
106.732823766	0.0735456996483
134.615843412	0.0525942098522
173.490982486	0.0346208519825
135.437271342	0.0531747850936
80.7372918902	0.0981452030774
102.556057315	0.0770178211332
168.27227896	0.0366875767868
106.237196665	0.0720004541976
118.063992947	0.064651307035
169.049965869	0.0360711924773
106.755624353	0.0715525559412
142.90022985	0.0487957992949
212.973407009	0.0221310436634
145.411023488	0.0474923356339
125.368513594	0.0592325746657
155.522396328	0.0422461751739
167.928608343	0.036453254555
141.306993423	0.0497613235482
208.921053697	0.023255540576
188.262591215	0.0292716002455
96.2690150973	0.0804457473116
98.8486695169	0.0783147814959
217.001469452	0.0212051759498
118.922503057	0.064073186694
153.940895811	0.0430958772119
104.463493193	0.073605378056
102.861330868	0.0768006133238
96.0962411647	0.0827911356795
118.184043889	0.0635015726956
141.229929491	0.0490444343473
140.390891429	0.0502210705392
152.009213315	0.0440995240161
148.44664273	0.0458484146471
131.802543344	0.0546461694569
154.722918204	0.0427351034731
125.426851712	0.0595261717455
162.568114781	0.0391639644472
135.801244584	0.0529514548973
157.191599301	0.0410324248038
121.287963664	0.0608830404732
85.0772532391	0.0913243072925
150.651299759	0.0440758965567
187.897195017	0.0294727124403
155.999258824	0.042092079777
143.41444594	0.0485822756071
149.113455169	0.0455481693107
141.052062653	0.0498037543568
141.137514184	0.0497903037784
151.750804325	0.0440914163254
162.977225997	0.0385435582643
170.272086746	0.0358533200607
206.785459666	0.0238142251031
186.879573737	0.0298351302784
214.219077561	0.0218710219404
132.639290208	0.0548789893858
204.746663118	0.0243579675687
134.831330741	0.0535021072671
159.245715357	0.0406710081832
183.104650043	0.0311048440934
156.188382495	0.0419945825963
158.175444435	0.0411407331396
170.23096184	0.0359324748561
177.862018957	0.0329579170648
153.522632083	0.043361989022
215.12734008	0.0216772661109
156.544361128	0.041921111744
196.875246522	0.0266154228132
218.557135659	0.0208123539952
207.94028707	0.0234378189051
159.394065645	0.0406193040453
202.444267973	0.0250273870044
146.446351441	0.046969209205
234.472807592	0.0173537646572
159.302504746	0.0405038154877
179.914580206	0.0321878079629
191.680610277	0.0281832118848
224.329999018	0.0194792436599
154.558313608	0.04286361104
151.543676311	0.0442934807613
165.631694168	0.037743019143
174.834396984	0.0341280811126
163.445280669	0.0386456500927
201.551711658	0.0252443582676
221.300466148	0.0201656281493
169.427789759	0.0362436202404
195.109703479	0.0271169681139
162.230677625	0.0392444011395
215.189910105	0.0216353293005
175.388378622	0.0338915687119
184.954878905	0.03039612795
149.709440734	0.0452140286012
176.298725978	0.0334910092034
144.723314722	0.0478491752872
201.0782014	0.0253425248893
187.026074249	0.0297544195631
203.461691809	0.0246560050292
157.546612475	0.0414621895861
194.770159221	0.0272127119123
170.195387319	0.035942412778
172.931086666	0.0346561836963
158.818020601	0.0405778556549
155.996312606	0.0419467902105
123.819831207	0.060643906911
211.753941574	0.0224521162284
148.544608363	0.0458602062831
230.822074116	0.0181236502513
150.758898072	0.0447263151717
225.060513637	0.019321142329
116.030577144	0.0662267140434
157.236232412	0.0411212117533
202.580038011	0.0249934866338
178.199307627	0.0327192909558
152.798906409	0.0437039509132
182.905657036	0.0310872244101
147.167041128	0.0465830503165
138.255400206	0.0508674536571
150.211352296	0.0450160941234
157.563649699	0.041043302834
202.335525856	0.0249867189076
171.415139373	0.0354297159416
211.569086982	0.0225008317766
136.844438535	0.0523356418276
168.900063685	0.0364031581167
176.616619225	0.0332784344097
199.044108256	0.0259404458486
197.177393188	0.0265636742761
159.130065723	0.0406556749258
135.374428112	0.0531949257573
223.959412954	0.0195877036386
182.289301302	0.0313636407158
179.301290698	0.0324756912971
153.263650431	0.0434960613481
141.330017521	0.0497362314632
150.24518435	0.0449440066844
142.597425416	0.0489984062472
149.588263731	0.0453227150639
162.067743436	0.0394208027286
163.915769635	0.0385815955951
191.242898724	0.0283618473955
191.946965034	0.0281328813803
162.171601637	0.0393012732313
126.714841924	0.0586848244145
153.983140292	0.0431009619314
218.587934275	0.0207832671513
169.893274639	0.0358552996145
240.813142339	0.016200552428
237.834066823	0.0167463950597
206.723069838	0.0237841474678
149.21699708	0.0454945353877
132.382764259	0.0550030585128
128.322335335	0.0576216511047
141.316852241	0.0497440035499
210.474614073	0.0227783202131
198.739539302	0.0260560897428
184.768289918	0.0305454455892
212.387005077	0.0223169182334
168.380699628	0.0366899570038
203.196337976	0.0248105257837
188.100150738	0.0294027475243
216.468256371	0.0212900613343
162.554587463	0.0391713422683
183.176527919	0.0310609479429
175.430179523	0.0338795047089
228.827179525	0.0185234826567
174.004947687	0.0344359628291
240.104874024	0.0163001048815
190.65628507	0.0285469615291
220.278939754	0.0204025671053
205.636169921	0.0240988143187
241.38111312	0.0161034319944
211.304037233	0.022591360768
239.885800035	0.0163418401506
166.85987633	0.0372810241628
180.89742388	0.031809880736
175.636355994	0.0337681395324
236.257206229	0.0170497759334
211.607360829	0.0224860960228
224.958887095	0.0193816106515
224.924586598	0.0193449114621
215.393026512	0.0215655762445
241.273923671	0.0161314631578
238.746201717	0.0165736089659
229.32156135	0.0184145525879
207.515589791	0.023577249706
179.768680945	0.0322129670796
198.660760308	0.0260332783341
198.116153763	0.0262245040318
214.194633499	0.0218203237867
221.661662368	0.0201061060183
230.869517748	0.0181228772108
231.267687479	0.0180710380609
235.743707217	0.0171470630283
206.861549996	0.0237877836008
238.114156173	0.0167157197094
215.174017272	0.0216548721518
190.758897677	0.0284971933948
222.400550076	0.0199116075002
189.807993281	0.0288112173866
235.03043465	0.0173078421773
216.661810742	0.0212579480781
204.587495411	0.0243509850288
196.65486102	0.0266398297433
194.096830359	0.027455401272
202.727815817	0.0248981941535
186.212991235	0.029988842924
205.840626671	0.0240365827974
205.451212994	0.0241170403979
170.26669743	0.0358327533069
205.498458061	0.0240953185324
234.208154174	0.0174390083747
213.033146363	0.0221226001415
210.186763052	0.0228684643289
213.22028078	0.0221407749767
137.550571666	0.0511436224971
143.0347485	0.0481995732797
224.68329926	0.0194021759144
155.996816591	0.0417165714504
210.614430991	0.0227491607387
117.351253906	0.0639956162212
182.636661646	0.0311757764917
181.305476837	0.0316738477579
185.715050492	0.0301176918303
169.769232476	0.0361217404878
219.522092341	0.0205722900466
181.815694553	0.0315818930401
191.425723934	0.0282646460435
160.600300167	0.0400342587709
170.232939822	0.0359697233497
149.275445315	0.0454650107379
224.799360585	0.0193698387569
169.713931517	0.0361393826169
136.394184701	0.0517229342773
134.105449223	0.0530586659758
165.594412072	0.0375993882337
228.242526236	0.0186527205051
202.09568407	0.0250604294981
181.110595749	0.0316939504849
222.665469449	0.0198305266457
175.864238982	0.0336012976233
226.877722346	0.0189342396605
198.762794535	0.0259940496531
203.699949368	0.0246468640228
179.709438143	0.0322225854082
182.118727329	0.0314753468746
202.897018115	0.0248159591338
203.995064937	0.0245637888219
190.060299421	0.02865210323
229.829845311	0.0183277318461
163.627801068	0.0383496939872
237.655998832	0.0167894349909
169.626484932	0.0359180607222
222.916730388	0.0198122564856
194.836421854	0.0271920901167
189.305816799	0.0289581930412
240.420506812	0.0162947694577
213.659012031	0.021987221352
236.901967134	0.0169243501715
214.330228558	0.0218254063398
240.496625427	0.0162672102014
233.975807949	0.0175060170533
157.286575659	0.0412998303411
217.261192591	0.0211610080865
229.956087493	0.0182950074218
181.516203373	0.0316469100379
192.483107659	0.0279418107412
154.911124254	0.0426958942505
221.284263299	0.0201324810924
188.302233877	0.0293582684074
208.09722324	0.0234176644426
204.322926667	0.0244609718946
189.791367598	0.028793883739
207.65554956	0.0235205175842
185.468132022	0.0302322876196
230.579876981	0.0181341524318
229.058402666	0.0184980397021
219.0448687	0.0206698106955
230.101188258	0.0182629060356
222.606380487	0.0198553678522
213.346580561	0.0220471985065
223.05994821	0.0197617175914
199.702848707	0.0257370084644
241.591772153	0.0160420604683
207.051409644	0.0236788095504
206.822790015	0.0237573076293
234.459920557	0.0173599719903
220.841955821	0.0202561059542
230.402155688	0.0181584757145
207.194564428	0.023650591715
214.091228185	0.021854792205
239.049130647	0.0165283774906
200.439337134	0.0255257872655
206.201878767	0.0239197079835
196.500684335	0.0266897600328
200.326773943	0.0255696034652
200.678576436	0.0254656825109
196.197078775	0.0267918903144
220.491410605	0.0203510793238
222.788490495	0.0198377346116
195.75375286	0.0269272048981
220.442395214	0.0203615657834
195.84810831	0.0269031737309
211.011464698	0.0226566595889
214.334007319	0.0218210168577
204.888574551	0.0242782912692
220.0502953	0.0204258441913
202.98352879	0.024785440846
217.549861258	0.0210296601191
197.238544865	0.0265433239491
235.015654786	0.0172556813904
197.010601824	0.0265424067902
206.401992166	0.0238679917362
177.805085998	0.032809806705
234.398972177	0.0173856168505
223.149924226	0.0197499194731
234.640019891	0.0173253607746
224.145605491	0.0195368809836
208.430287985	0.0233103383153
217.303565673	0.0210957426532
217.854665147	0.0209608834464
235.762201164	0.0171348297947
224.90791802	0.0193561159273
231.55069736	0.0179745572209
233.411829084	0.0176071244497
233.24108692	0.0175886490796
185.421181291	0.0303241943974
192.858093958	0.0278644671186
217.580969837	0.0210345655922
228.715296961	0.0185606950742
219.517036588	0.0205718320755
222.417767084	0.0199178939779
203.613301391	0.0246484309727
230.400103054	0.0182213222832
238.1959697	0.0166665293624
228.371339221	0.0186279940275
230.236938808	0.0182398520535
225.040005314	0.0193173836734
225.23537507	0.0192812066146
215.007191375	0.0216327125847
210.056472397	0.0228837632128
233.628349951	0.0175571956453
220.850109769	0.0202475028369
218.493112079	0.0208019607567
227.031955916	0.0188969213749
240.237032427	0.0162978640623
226.178552968	0.0190708895559
209.687119439	0.022979249474
208.351297407	0.0233495554162
213.273712231	0.0220789082425
220.667567139	0.0203077947038
214.771986804	0.0217285728976
218.827773552	0.0207419667106
212.236957384	0.0223277384428
220.403209878	0.0203525874521
202.575604577	0.0249230947786
205.59208747	0.0241129375856
217.853063297	0.0209715704766
215.861145362	0.0214513328452
222.015468589	0.0199972856141
217.409347419	0.0210843117723
238.055847091	0.016719401727
205.43865154	0.0241747549996
204.824229805	0.0243065658586
201.564480854	0.0252890870881
212.105277109	0.0223811169764
226.161910186	0.0190859429436
223.970943836	0.019573759608
199.968338362	0.0257486650317
209.47824737	0.0231113022127
201.082442098	0.0254191735199
220.233377331	0.0204215327401
192.190306323	0.0280999719683
229.444747289	0.0183762525788
183.49900918	0.0309958514173
212.91259049	0.0222099621107
199.134327085	0.0259824288654
231.359901059	0.0179796630398
202.758216075	0.0249513614019
231.84977486	0.0178925713375
228.117162877	0.0186665689517
223.503780475	0.0197004692672
219.090578656	0.0206755348322
189.708222111	0.0287429374005
215.926384051	0.0214257926467
239.048670358	0.0165003424408
233.025844014	0.0176879307301
206.527086271	0.0238325568993
235.635353993	0.0171676455293
214.422947099	0.0218080527323
220.389531752	0.0203777003471
240.488620825	0.0162354143482
228.237647319	0.0186419808729
233.517375207	0.0175378650905
231.124987656	0.0180783345958
237.622567059	0.0167470497298
232.716968909	0.0177546951818
232.030109863	0.0178514958851
236.075091234	0.017073496493
223.64475501	0.0196353945687
229.427964316	0.0184207763679
222.154555213	0.0199708045289
223.896541929	0.0196095047144
228.389813415	0.0186164055382
242.423508136	0.0159228238127
225.87431242	0.0191435810503
221.063026079	0.020264468958
240.292585243	0.0162898919173
213.109592907	0.0221785410906
232.466352595	0.0177698043326
226.421704727	0.0190617932505
218.137075911	0.0208851739884
218.886165493	0.0207450133012
233.808482199	0.0175351652213
220.2555599	0.0204120908847
229.656849304	0.0183518043995
224.069080607	0.0195486438363
236.770387013	0.0169301882279
230.623583496	0.0181675692736
236.713446344	0.0169714876872
234.475275087	0.0173740020052
225.228591952	0.0192998742426
228.438351978	0.0186171041151
236.235129728	0.0170627413477
224.269000869	0.019530659675
218.790565824	0.0207910165524
238.256620339	0.0166746769389
240.004057854	0.01631515267
244.464017326	0.0155632137795
233.437807731	0.0176007668529
239.077857311	0.0165356449649
240.607031265	0.0162602346495
239.154666864	0.0164974138093
238.628490261	0.0165970124575
229.250799807	0.0184278582259
226.624349501	0.0189822539832
230.235717462	0.0182467722507
224.728198811	0.0193901456364
239.064359488	0.0164986850868
240.169465865	0.0163056745426
230.177382982	0.0182414179334
238.609908523	0.0165581787046
234.102045783	0.0174496095883
229.902060262	0.0183011441578
240.249680685	0.0162794511334
225.726708523	0.0191923079286
224.451912383	0.0194492682269
240.576655698	0.0162609645514
239.499829039	0.0164152763871
234.946882386	0.0172936769462
233.317352427	0.0175894380957
234.047995195	0.0174779854048
240.069416703	0.0163423248575
236.509077099	0.0169867852217
237.921141514	0.016730488747
227.852970842	0.0187163180453
230.959829778	0.0180846009961
229.836480791	0.0183012826351
234.77784797	0.0173430777451
231.631115913	0.0179498863429
227.488778279	0.0187856393272
241.312660285	0.016125141423
236.872638139	0.0169290819169
221.213493704	0.0202065571072
241.3480571	0.0161052209096
227.850297633	0.0187402398093
242.638883977	0.0158747701951
225.086948687	0.0193303540081
233.696896188	0.017536156547
240.033042471	0.0163433886219
232.333428455	0.0177900761213
238.214497117	0.0166930460445
230.420486369	0.0181787243279
239.316846816	0.0164703584449
240.482132454	0.0162582029895
229.70038047	0.0183414270502
246.024821211	0.0152567762968
238.213797496	0.0166582386908
239.984431235	0.0163442235152
231.547696736	0.0179588699043
234.319941066	0.0174155274013
239.079763859	0.0165068664862
238.364220467	0.0166594763119
245.43142194	0.0153602670058
236.882030523	0.0169361343843
244.174772707	0.0155971428277
228.561532478	0.0185805086266
233.625268664	0.0175401579606
224.657332042	0.0194186933012
230.944167041	0.0180826141016
239.652991424	0.0164088093824
236.206472304	0.0170425357907
229.243613301	0.0184550500514
240.380985497	0.0162601869607
236.924723305	0.0169454521861
233.952685427	0.0174811808015
239.651409535	0.0164247279942
240.970188081	0.016171360865
233.252925174	0.0176586333353
239.544463025	0.0164234360951
243.023426038	0.0157766506544
247.242405302	0.0150919908359
235.412076838	0.0172069832281
247.805369819	0.0149987299351
232.488933666	0.017789121741
244.19666468	0.0155642886883
239.648256914	0.0164316639592
242.742510252	0.0158592681681
239.939546369	0.0163883592578
244.112313837	0.0156267737466
243.662682711	0.0156901541126
236.929225203	0.0169063597792
239.132204618	0.0164898369802
246.747951555	0.0151763213192
241.160970475	0.0161216171073
248.336061947	0.0148683496428
247.300384917	0.0150568516971
246.217827598	0.0152481159701
248.118755745	0.0149139866377
243.910720486	0.0156386442029
242.208976837	0.0159305185361
247.8788832	0.0149797888726
246.320998226	0.0152439966783
234.798473286	0.0173233066595
243.153275817	0.0157444466708
246.543176246	0.0151915791672
240.933635992	0.0161803781535
243.985972636	0.015608904922
245.639187122	0.0153445340982
236.21858089	0.017045080941
237.104826161	0.0168662385214
242.005208466	0.0159825068486
242.875289803	0.0158096773557
236.251367053	0.017049433009
244.377248217	0.0155377355117
237.389012521	0.0168481368331
248.310027403	0.0149059728963
243.742580202	0.01565841587
246.619360706	0.0151736079128
236.28828867	0.0170288804022
244.198649454	0.0155772709223
244.043619538	0.0155921211573
239.385339504	0.0164562646969
234.981376747	0.0173085080385
240.552618808	0.0162264159919
240.973083676	0.0161728154768
246.838225763	0.0151419482959
247.469006522	0.0150453577505
242.151882479	0.0159494068561
245.866086413	0.0152764364638
240.621007844	0.0162265050249
241.067366267	0.0161403715382
236.924336137	0.0168859161369
247.611858448	0.0150134021875
240.450214941	0.0162757469638
241.976745103	0.015974782429
233.313222273	0.0176166727154
236.234396391	0.0170398614577
242.630088323	0.0158456382494
243.913009976	0.0156292572189
233.68241996	0.017557367743
240.246987176	0.0162929410854
242.727114879	0.0158737615056
236.625515191	0.0169687534938
244.115191456	0.0155934110123
242.803918114	0.0158539695075
243.799873212	0.0157006861584
239.873992254	0.0163596910204
245.944192829	0.0153076200947
249.385393552	0.0147323596158
242.258103552	0.0159292312125
245.525827945	0.0153415520334
249.650421473	0.0146768715841
247.59826651	0.0150277066778
248.757010662	0.0148373429529
245.669032904	0.015340192259
249.543635624	0.0146963349532
240.699255186	0.0162067589749
248.158161883	0.0149181353086
250.204161842	0.0145880387442
249.834647741	0.0146444901274
244.084917402	0.0156119874636
244.898383701	0.0154560217167
248.827471269	0.0147759816337
246.521753384	0.0152043212628
245.988235691	0.0152901560929
242.136005272	0.0159579694447
241.027815961	0.0161575863812
249.636189015	0.0146853516506
247.846948198	0.0149638713423
249.963770222	0.014621225282
247.869530259	0.0149727426563
245.722164462	0.0153154588993
244.751419744	0.0154979206917
247.447895037	0.0150160539923
242.921590406	0.0158265330506
251.110974274	0.0144377800161
247.714426072	0.0150083456383
247.548670105	0.0150148100568
250.510807991	0.0145036424536
247.261270653	0.0150827895235
244.310108728	0.0155763732085
251.754924856	0.0143235591926
249.399011397	0.0147115352373
251.276480172	0.0144163326927
247.361577161	0.0150459739565
249.81252361	0.0146514368061
252.658462266	0.0141804749028
252.934530107	0.0141679393621
246.946953613	0.0151166618606
251.875032572	0.0143357433708
251.742953612	0.0143331872643
251.365104703	0.0144092924696
252.204609333	0.0142588500325
248.044091851	0.0149501492545
252.252796375	0.0142523283969
246.35198949	0.0152267780036
252.304212374	0.014250290829
252.766439419	0.0141546093855
253.932775939	0.0139665044198
254.236470844	0.0139510482428
248.885892719	0.0147911008542
248.452511549	0.0148596343381
251.120698695	0.0144130376284
255.018146873	0.0138330644881
251.88178327	0.0143061482353
256.419438486	0.0135861299102
255.404332405	0.0137819802589
254.280090323	0.0139296950586
253.963978355	0.0139828542757
253.909970684	0.0139920275242
254.185798661	0.0139470479181
249.799037525	0.0146415948881
248.509197841	0.0148515856069
249.81226238	0.0146390253657
254.5575537	0.0138892266867
252.389010752	0.014228703814
254.29141883	0.0139327037144
256.319729191	0.0136284093152
254.936737246	0.0138357716066
251.981530234	0.0142932711624
256.067017703	0.0136741028031
255.844469202	0.0136978607089
250.601590951	0.0145120898211
254.336462688	0.0139130267408
253.255859475	0.0141066538065
254.046339519	0.0139730789453
251.043129274	0.0144408262136
250.997672081	0.0144509181195
256.251398894	0.0136375344782
256.512767044	0.0135993341209
252.516004722	0.0142071961547
256.759994912	0.0135514725894
257.639916197	0.0134423660516
255.328561519	0.0137865929033
254.22886552	0.0139392800858
253.715669854	0.0140332259725
257.572033363	0.013456294849
256.616455046	0.0135967684291
252.552675239	0.0142064761195
257.957209973	0.0133997661916
256.081105097	0.0136617782286
258.850038136	0.0132434065857
257.726830276	0.0134139645992
258.310714773	0.0133344177337
253.119139543	0.0141252194294
259.205264773	0.0132123628536
258.050168005	0.0133883860917
259.724197197	0.0131081559615
259.208664582	0.0132048570431
255.277655034	0.0137803939321
256.374229484	0.0136159754966
256.09246974	0.0136543027169
257.344606553	0.0134701633915
259.546421851	0.013150858682
260.196840478	0.0130677271977
256.3226786	0.013616406039
258.188190006	0.0133354791911
259.343921389	0.0131803832801
255.28778521	0.0137884033008
259.980054835	0.0130680065491
254.507245601	0.0139178944343
259.784356289	0.013105522037
258.022942355	0.0133987193847
258.114675848	0.0133545946948
257.534831958	0.0134492160612
256.305836231	0.0136170045574
258.103282595	0.0133660776908
260.182436904	0.0130650852171
257.877045242	0.0134005349425
259.927532807	0.0130991290553
258.28615158	0.0133649483185
260.580626438	0.0129942836729
255.671248469	0.0137414062778
259.339873742	0.013192765001
255.927059019	0.0137106906208
258.825032678	0.0132578472361
254.306570822	0.013952491878
258.774556586	0.0132510274344
253.838504379	0.0140142683288
257.304063738	0.0134564602486
254.895402304	0.0138793658053
258.850861476	0.01323726777
253.007588894	0.014155571872
257.98994415	0.0133752250676
258.578674465	0.0133026562513
260.415080335	0.0130171272295
259.963491343	0.013086597992
259.641563502	0.0131336718781
255.294659149	0.0137880084133
259.038585348	0.0131883914299
255.121116985	0.0138161150047
258.81801607	0.0132222755239
254.928280754	0.013848075751
235.370683668	0.0172332280434
252.260239561	0.0142450192131
256.149054663	0.013650147205
253.247555236	0.0141072881301
255.758974623	0.013697035311
248.416488319	0.0148763779944
253.770169497	0.0139907027682
251.805818334	0.0143370013484
258.209249901	0.0133374269356
244.716487711	0.0154945951659
255.875347439	0.0136895106427
245.236842667	0.0154159565466
252.731641628	0.01418195185
247.688164783	0.0150252192947
258.133911825	0.013338099623
246.860845517	0.0151552501202
254.973730037	0.0138344686797
249.540690763	0.0147277264539
258.630512201	0.0132610156172
251.116906284	0.0144487164675
258.469959717	0.0132947290282
250.840098041	0.0145238440848
255.126485282	0.0138118920113
253.097216566	0.0141544774038
255.86169868	0.0136900983391
249.853186185	0.0146559973485
258.605878051	0.0132771392411
253.430376227	0.0140904450009
258.095234019	0.0133349405095
249.729120462	0.0146766075753
255.020640918	0.0137994399547
255.200127915	0.0138032406894
254.257493078	0.0139574909406
253.985744935	0.0140039783832
254.187451886	0.0139720013447
250.660360465	0.0145550660123
253.672436735	0.0140555799519
251.860398814	0.0143283149536
259.855116645	0.0131016226064
256.260336007	0.0136576162
254.338610183	0.0139473447723
253.353137157	0.014123501496
257.239572726	0.0135023562984
256.138912845	0.0136783551646
256.345583341	0.013644489115
255.908311959	0.0136979621683
261.978884476	0.0127955855906
259.102274271	0.0132196818981
263.249793334	0.0126220208873
258.395975141	0.0133270258983
260.783885868	0.0129517465337
261.314192882	0.0128899251115
262.70068199	0.0127032627508
259.398306977	0.0131631938455
263.55304536	0.0125789509036
261.406164731	0.012886551056
265.262876487	0.012335543411
259.095046825	0.013223428565
262.835797993	0.0126850281653
260.445980238	0.0130161214261
264.422308412	0.0124498148263
259.285580837	0.013189562662
261.982712771	0.0127963864412
259.491878655	0.0131777634073
262.254859225	0.0127665700728
258.108451607	0.0133757189423
261.149810747	0.0129269048422
259.238047984	0.0131855579271
261.346633098	0.0128962917505
258.649214367	0.0132694231113
260.94069412	0.0129517545728
258.507108495	0.0132897573412
262.757898836	0.0126953415125
262.190688015	0.0127621322283
265.525059143	0.0122920960646
261.802581807	0.0128099519696
265.282307312	0.0123222324482
263.92357084	0.0125230994941
266.351255575	0.0121834995552
263.207117872	0.012617433689
266.515940027	0.0121537529577
263.699473662	0.012538587631
264.825593022	0.0124037684024
263.899265265	0.0125203646905
264.598222283	0.0124258890075
262.442612416	0.0127350782341
263.862613334	0.0125246829355
261.259297136	0.012885236256
264.835827926	0.0123956126539
263.754761757	0.012532783215
265.712496319	0.012278646525
263.712238826	0.0125483077295
265.634168957	0.0122661265179
262.788360475	0.0126530146121
264.509747728	0.012432746737
262.686151021	0.0126666404321
264.185278823	0.0124963622633
263.248670044	0.0126086636342
263.83341788	0.0125431745198
264.487091288	0.0124442097727
266.655211106	0.0121288729728
264.532168201	0.0124227488744
266.289145193	0.0122088834588
264.722504412	0.0124207802791
267.32648829	0.0120453170117
265.721588518	0.0122752800649
267.182413084	0.0120849970088
264.419968298	0.0124554161206
266.917336657	0.0121204906299
263.540041298	0.0125776277352
267.430814481	0.0120421561452
265.694445557	0.0122730586449
266.840556623	0.0121322389811
265.283701456	0.0123495537321
267.624072361	0.012030004199
265.900663813	0.0122585309045
268.241818435	0.0119244098781
266.626304612	0.0121450791336
267.76781696	0.0120070646115
266.180969487	0.0122295381829
267.198652988	0.0120745124845
264.519272584	0.0124455380146
268.290880924	0.0119257918498
264.890490268	0.0123927524739
268.436617044	0.01189341423
266.248976986	0.0122154502003
268.565942703	0.0118940925485
265.431263563	0.012321165168
268.954792808	0.0118283454375
265.566215059	0.0123014795617
268.001905066	0.0119654073293
267.215465917	0.012089137063
267.589976716	0.0120209893713
266.236735746	0.0122250773998
267.747245631	0.012000298303
265.25003607	0.0123577763804
268.482443318	0.0119047106292
264.657812773	0.0124338633084
269.025585294	0.0118246793861
266.453752894	0.0121704579486
268.515834316	0.0118920664928
266.298398689	0.0122089766236
268.843246606	0.011856737978
266.3761277	0.0122049535297
268.854877451	0.0118410395905
267.261809076	0.0120822520985
269.522342155	0.0117696490294
265.113842065	0.0123659496922
268.766146644	0.0118717968558
266.329773879	0.0122033740209
269.138600989	0.0118255028502
265.006122457	0.0123850899418
269.331261014	0.0117810000854
265.848444661	0.0122572902002
268.401795734	0.0119102128722
267.056107844	0.0121114462953
268.403903988	0.0119129885272
266.407250719	0.0121992451283
268.703935882	0.0118729271304
265.61484503	0.012297391953
269.073918694	0.01182520294
265.439832955	0.0123346760357
268.552451883	0.0118935689078
266.303659671	0.0122107137872
268.841403619	0.0118460858585
267.417492653	0.0120582705586
269.391554505	0.0117824994184
265.124500251	0.0123678230548
269.324956816	0.0117930373229
266.402988591	0.0121914291702
269.035278353	0.011817322376
267.155202239	0.012094033164
269.825258936	0.0117307472087
265.168907479	0.0123679853464
269.608967913	0.0117587721127
264.924292934	0.0123970270847
269.17085273	0.0117977892539
266.191694479	0.0122061168894
268.306637122	0.0119248357008
266.654002106	0.0121568542753
269.23612095	0.0118030266535
266.310461551	0.0122084877607
269.422181122	0.011784272588
264.845483197	0.0124028777908
269.458483492	0.0117822282796
265.56276427	0.0123152288829
269.100876025	0.0118060804626
266.41602707	0.0121787304852
269.113708503	0.0118279114781
266.364140105	0.0121942991569
269.449660346	0.0117751152616
265.263186559	0.0123489748893
269.618305708	0.01173703443
265.949762556	0.0122402819751
269.02088365	0.0118223956816
266.508735031	0.0121842666338
269.500722016	0.0117687035944
265.5706941	0.0123057746369
269.315218779	0.0117798399953
266.304870457	0.0121917814355
268.664531277	0.0118773549211
265.873289715	0.0122568400923
269.383825742	0.0117907363114
266.092168745	0.0122403693691
269.525531562	0.0117664609584
266.056546137	0.0122344078128
269.268970788	0.0117943380794
267.008372323	0.0121056787593
269.337287695	0.0117884122032
266.663553318	0.0121504853219
269.729148211	0.0117427790829
266.242626511	0.0122166631462
269.731061419	0.0117198062068
267.474371229	0.0120509637534
269.937074947	0.0117185565666
266.361206266	0.0121946937731
269.589188937	0.0117639458949
267.384726928	0.012060358141
269.944369887	0.0117139347898
266.999219329	0.0121169093503
269.786297137	0.0117319573992
266.608125163	0.0121624359692
269.79439488	0.0117361438055
266.871541646	0.0121222260033
269.779567109	0.0117231082847
267.68056174	0.012022716589
269.870329191	0.0117033923026
267.666905157	0.0120065300401
270.249758408	0.0116512250508
267.423864191	0.0120418942413
270.355149367	0.0116424492372
267.70264699	0.0120036307454
269.500660702	0.0117517036677
267.91523089	0.0119891726494
270.4577374	0.011623389194
268.13894259	0.0119515714101
269.831871502	0.0117318682002
268.207944834	0.0119320211061
270.117963368	0.0116735726349
268.960767974	0.0118302423548
269.534247649	0.0117525425417
269.373635014	0.0117745266338
270.978224637	0.0115577027787
271.099705495	0.0115437253384
269.58804842	0.0117428050904
270.437846694	0.0116304535729
268.110014993	0.0119468271113
269.993026747	0.0116914817851
268.403041352	0.0118964757021
269.504670658	0.0117571155921
268.566894854	0.0118830881451
269.526178471	0.0117559606503
268.520236585	0.0118820749642
269.326145719	0.011772816159
270.093432352	0.0116737628426
269.367115818	0.0117699901496
268.711862776	0.0118652340768
270.017749571	0.0116851103722
271.094756571	0.0115449148513
269.824514859	0.0117148832087
269.996791577	0.0116885832966
270.779178081	0.011593726533
268.785065405	0.0118436883034
270.618407736	0.011602921573
269.603698073	0.0117410009345
270.04181163	0.0116824500339
270.611181424	0.0116090721947
271.144519067	0.0115420674727
270.707208679	0.0115952482351
270.260740187	0.01165855382
270.282463431	0.0116565664569
269.622852779	0.0117319002405
270.450491742	0.0116339293358
269.825279153	0.0117159418375
270.075611548	0.0116832438992
269.668032246	0.011727154649
269.605432778	0.0117344219247
270.108346535	0.0116801803328
270.009940089	0.0116876461423
270.16941783	0.0116652497348
269.947381316	0.0116985383497
270.304886776	0.0116496934946
269.573243029	0.0117486665359
270.113967315	0.0116739573801
269.928757419	0.0116968953237
270.283250381	0.0116539378043
269.636713189	0.011733280135
269.611799444	0.0117342325168
269.610751474	0.0117425472554
269.758851347	0.0117239591699
269.730700738	0.011726095856
270.12272105	0.0116706146037
269.870421603	0.0117082769487
270.356416106	0.0116434180205
269.399405499	0.0117637170008
270.327753027	0.0116464668368
270.060647421	0.0116828623819
269.994140909	0.0116922108906
269.852346197	0.0117124003899
269.871586444	0.0117008840027
269.772936579	0.0117168033715
270.45085757	0.0116323886198
269.57173586	0.0117415364827
269.898193921	0.0116974935086
269.822891924	0.0117159438932
270.577579572	0.0116143223906
269.956765259	0.0116923679915
270.055163477	0.011676828052
270.10688334	0.0116778053495
270.152911967	0.0116648701067
269.773870469	0.0117149144929
270.696858544	0.0115996088011
270.061243489	0.0116850779817
270.68919277	0.011601554414
269.978027309	0.0116889171555
270.711882845	0.0115987528783
270.461837341	0.0116316515995
270.546828786	0.0116203313896
270.536364564	0.011620308457
270.557904752	0.0116194275587
270.54022513	0.0116217571938
270.641644396	0.0116035523048
270.36341659	0.0116454317118
270.986412805	0.011561592977
270.254688493	0.0116519788935
270.974144732	0.0115627526153
270.662912764	0.0116034012981
270.892602055	0.0115759590215
270.77619179	0.0115875711271
270.694907237	0.0115946102513
270.466855662	0.0116242912656
271.14649112	0.011542132723
270.783236106	0.0115844677699
270.902838394	0.011568062188
270.979702366	0.0115638437052
270.958765922	0.0115602196304
271.114373493	0.0115452349809
271.459333502	0.0114998734839
270.892954599	0.0115670708062
271.515963812	0.0114931062
271.137676929	0.0115369028569
271.548102865	0.0114892864854
271.292611036	0.0115178864259
271.277922166	0.0115176074413
271.47577375	0.0114968735014
271.609048933	0.0114811752917
271.467025489	0.0115001824686
271.445289106	0.0115015062137
271.351488936	0.0115085997845
271.531028486	0.0114864736758
271.48917248	0.0114970259482
271.597621416	0.0114825108676
271.584571501	0.0114835984628
271.505670137	0.0114899254187
271.612777433	0.0114756968506
271.61349651	0.0114754238279
271.542137814	0.011483434658
271.631550157	0.0114722287607
271.649606734	0.0114703662876
271.749609106	0.0114589465531
271.792347418	0.0114531320276
271.696022915	0.0114679497715
271.783264632	0.0114528287212
271.733474364	0.011460649148
271.79174275	0.0114519110937
271.767931095	0.0114583989382
271.849917771	0.0114451092934
271.747259713	0.0114614791449
271.711545751	0.0114604691002
271.649928064	0.0114687410958
271.896101085	0.0114417737308
271.655537617	0.011467328594
271.875331686	0.0114454787494
271.726417466	0.0114592944773
271.89924976	0.0114414353396
271.818912614	0.0114514909919
271.915886246	0.0114390207053
271.696481302	0.0114626792089
271.926966529	0.0114373360234
271.78643545	0.0114524731611
271.921885149	0.0114385901634
271.84692082	0.0114480055314
271.923296065	0.0114355316134
271.78931577	0.011451840742
273.31162851	0.0112566340817
274.538785864	0.0111041358159
275.38917341	0.0109969984557
276.167560897	0.0109023199115
276.935592249	0.0108077213226
277.590326258	0.010726094825
278.424481102	0.0106278266465
279.295199168	0.0105280604404
279.748998473	0.0104732618475
280.286174274	0.0104130299706
280.851397328	0.0103506455723
281.415352322	0.0102854307197
282.000764623	0.0102187617856
282.486761268	0.010162875441
282.957487089	0.0101094637178
283.591680996	0.010039945544
284.341421243	0.00995284768147
284.952745851	0.00988497915305
285.154039685	0.00986556136169
285.527061659	0.00981848729988
286.015394549	0.00976475500257
286.896903837	0.00967443416036
287.230868966	0.00963864943469
287.580761855	0.00960452342582
287.978045177	0.00956273181942
288.346219498	0.00951994434322
288.296545614	0.00952280720991
288.421339632	0.00951151635871
288.943745007	0.00945713749972
289.004980132	0.00945042245409
288.876711854	0.00946402401178
288.834868918	0.00946975647957
288.522234445	0.00950066903228
288.214523353	0.00953645508718
287.783839766	0.00958151037252
287.178904883	0.00964590930272
286.398456574	0.00972865651324
285.706556467	0.00980471916357
284.873732905	0.00989591781668
284.073156392	0.00998684547193
283.095864649	0.0100926845336
282.357877726	0.0101779371592
281.557469933	0.0102692307678
280.773797413	0.0103576698174
280.069918607	0.010438541782
279.500503464	0.0105047565669
279.112541611	0.010552899322
278.701941017	0.010600381864
278.287520607	0.0106481256503
277.894262632	0.0106943764466
277.588514786	0.0107317312829
277.192418729	0.0107803015733
277.197485558	0.0107795225097
292.443595714	0.00909442056542